iMOD/TUTORIALS/TUT_MetaswapAnalyser/model_MetaSWAP/meteo/Evaporation/Evaporation_20050725_L1.ASC
NCOLS                30
NROWS                30
XLLCORNER     160000.00
YLLCORNER     340000.00
CELLSIZE        1000.00
NODATA_VALUE   -9999.00
   2.075110       2.078340       2.081560       2.084770       2.087970       2.091160       2.094330       2.097490       2.100620       2.103730       2.106820       2.109880       2.112910       2.115920       2.118890       2.121830       2.124730       2.127600       2.130430       2.133230       2.135980       2.138700       2.141370       2.144010       2.146600       2.149160       2.151670       2.154140       2.156560       2.158950    
   2.080830       2.084030       2.087230       2.090420       2.093600       2.096760       2.099910       2.103050       2.106160       2.109250       2.112310       2.115350       2.118360       2.121350       2.124300       2.127220       2.130110       2.132960       2.135770       2.138550       2.141290       2.143990       2.146650       2.149270       2.151850       2.154390       2.156890       2.159350       2.161760       2.164130    
   2.086560       2.089740       2.092910       2.096080       2.099230       2.102380       2.105500       2.108610       2.111700       2.114770       2.117820       2.120840       2.123830       2.126790       2.129730       2.132630       2.135500       2.138330       2.141130       2.143890       2.146610       2.149300       2.151940       2.154550       2.157120       2.159640       2.162130       2.164570       2.166970       2.169330    
   2.092290       2.095450       2.098600       2.101750       2.104880       2.108000       2.111110       2.114200       2.117260       2.120310       2.123340       2.126340       2.129310       2.132250       2.135170       2.138050       2.140900       2.143720       2.146500       2.149240       2.151950       2.154620       2.157250       2.159840       2.162390       2.164900       2.167370       2.169800       2.172190       2.174540    
   2.098040       2.101180       2.104310       2.107430       2.110540       2.113640       2.116720       2.119790       2.122840       2.125860       2.128870       2.131850       2.134800       2.137720       2.140620       2.143480       2.146320       2.149110       2.151880       2.154610       2.157300       2.159950       2.162570       2.165140       2.167680       2.170180       2.172630       2.175050       2.177420       2.179760    
   2.103800       2.106910       2.110020       2.113120       2.116210       2.119280       2.122340       2.125390       2.128420       2.131420       2.134410       2.137370       2.140300       2.143210       2.146080       2.148930       2.151740       2.154520       2.157270       2.159980       2.162660       2.165300       2.167890       2.170460       2.172980       2.175460       2.177900       2.180310       2.182670       2.184990    
   2.109560       2.112650       2.115740       2.118810       2.121880       2.124940       2.127980       2.131000       2.134010       2.136990       2.139960       2.142900       2.145810       2.148700       2.151560       2.154390       2.157180       2.159950       2.162680       2.165370       2.168030       2.170650       2.173240       2.175780       2.178290       2.180760       2.183180       2.185570       2.187920       2.190230    
   2.115330       2.118400       2.121460       2.124520       2.127560       2.130600       2.133620       2.136620       2.139610       2.142580       2.145520       2.148440       2.151340       2.154210       2.157050       2.159860       2.162630       2.165380       2.168090       2.170770       2.173410       2.176020       2.178590       2.181120       2.183610       2.186060       2.188480       2.190850       2.193190       2.195480    
   2.121110       2.124150       2.127200       2.130230       2.133260       2.136270       2.139270       2.142250       2.145220       2.148170       2.151090       2.153990       2.156870       2.159720       2.162540       2.165330       2.168100       2.170820       2.173520       2.176180       2.178810       2.181400       2.183950       2.186460       2.188940       2.191380       2.193780       2.196140       2.198460       2.200740    
   2.126890       2.129910       2.132940       2.135950       2.138950       2.141950       2.144930       2.147890       2.150840       2.153760       2.156670       2.159550       2.162410       2.165240       2.168050       2.170820       2.173570       2.176280       2.178960       2.181600       2.184210       2.186780       2.189320       2.191820       2.194280       2.196710       2.199090       2.201440       2.203740       2.206010    
   2.126890       2.129910       2.135120       2.141670       2.144660       2.147630       2.150590       2.153540       2.156460       2.159370       2.162260       2.165120       2.167960       2.170780       2.173560       2.176320       2.179050       2.181740       2.184400       2.187030       2.189620       2.192180       2.194700       2.197190       2.199630       2.202040       2.204410       2.206740       2.209030       2.211290    
   2.126890       2.133400       2.141670       2.148200       2.150370       2.153320       2.156260       2.159190       2.162100       2.164980       2.167850       2.170700       2.173520       2.176320       2.179090       2.181820       2.184530       2.187210       2.189860       2.192470       2.195050       2.197590       2.200090       2.202560       2.204990       2.207390       2.209740       2.212060       2.214330       2.216570    
   2.131450       2.141670       2.149790       2.153220       2.156080       2.159020       2.161940       2.164840       2.167730       2.170600       2.173450       2.176280       2.179090       2.181860       2.184620       2.187340       2.190030       2.192690       2.195320       2.197920       2.200480       2.203000       2.205490       2.207940       2.210360       2.212740       2.215080       2.217380       2.219640       2.221870    
   2.141670       2.150550       2.154650       2.156080       2.159940       2.164710       2.167620       2.170500       2.173380       2.176230       2.179060       2.181870       2.184660       2.187420       2.190150       2.192860       2.195530       2.198180       2.200790       2.203370       2.205910       2.208420       2.210900       2.213330       2.215730       2.218100       2.220420       2.222710       2.224960       2.227170    
   2.150920       2.155370       2.156080       2.160240       2.164710       2.168540       2.173300       2.176170       2.179020       2.181860       2.184670       2.187470       2.190240       2.192980       2.195700       2.198380       2.201040       2.203670       2.206270       2.208830       2.211360       2.213850       2.216310       2.218730       2.221120       2.223460       2.225770       2.228040       2.230280       2.232470    
   2.155720       2.156080       2.160340       2.164710       2.168850       2.173300       2.174740       2.176160       2.181130       2.187490       2.190290       2.193070       2.195820       2.198540       2.201240       2.203920       2.206560       2.209170       2.211750       2.214300       2.216810       2.219290       2.221730       2.224130       2.226500       2.228830       2.231130       2.233380       2.235600       2.237780    
   2.156080       2.160380       2.164710       2.168950       2.173300       2.174020       2.174730       2.179880       2.187490       2.188890       2.194760       2.198670       2.201400       2.204110       2.206800       2.209450       2.212080       2.214680       2.217240       2.219770       2.222270       2.224730       2.227150       2.229540       2.231900       2.234210       2.236490       2.238730       2.240930       2.243100    
   2.160390       2.164710       2.168990       2.173300       2.173660       2.174020       2.179030       2.187490       2.188190       2.195380       2.201470       2.204270       2.206990       2.209690       2.212350       2.214990       2.217600       2.220180       2.222730       2.225250       2.227730       2.230170       2.232580       2.234960       2.237290       2.239590       2.241860       2.244080       2.246270       2.248420    
   2.164710       2.169000       2.173300       2.173480       2.173660       2.178550       2.187490       2.187840       2.195640       2.202870       2.204270       2.205630       2.209050       2.215260       2.217910       2.220540       2.223130       2.225700       2.228230       2.230730       2.233190       2.235620       2.238020       2.240370       2.242700       2.244980       2.247230       2.249440       2.251610       2.253740    
   2.169000       2.173300       2.173390       2.173480       2.178290       2.187490       2.187660       2.195760       2.203570       2.204270       2.204950       2.208550       2.215260       2.216590       2.217900       2.220530       2.223120       2.225690       2.232510       2.236210       2.238660       2.241070       2.243450       2.245800       2.248100       2.250370       2.252600       2.254790       2.256950       2.259070    
   2.173300       2.173350       2.173390       2.178160       2.187490       2.187580       2.195820       2.203920       2.204270       2.204610       2.208260       2.215260       2.215920       2.216580       2.218340       2.220520       2.223110       2.232400       2.238960       2.241700       2.244130       2.246530       2.248890       2.251220       2.253510       2.255760       2.257980       2.260150       2.262290       2.264390    
   2.173320       2.173340       2.178100       2.187490       2.187530       2.195850       2.204090       2.204270       2.204440       2.208100       2.215260       2.215590       2.215920       2.216950       2.218480       2.220660       2.231610       2.240330       2.241700       2.245140       2.249600       2.251990       2.254330       2.256650       2.258920       2.261150       2.263350       2.265510       2.267640       2.269720    
   2.173320       2.178060       2.187490       2.187510       2.195870       2.204180       2.204270       2.204350       2.208020       2.215260       2.215430       2.215590       2.216150       2.217120       2.218690       2.233980       2.241010       2.241700       2.251300       2.255070       2.256500       2.257450       2.259780       2.262070       2.264330       2.266550       2.268730       2.270880       2.272980       2.275050    
   2.178050       2.187490       2.187500       2.195870       2.204230       2.204270       2.204310       2.207980       2.215260       2.215340       2.215430       2.215720       2.216290       2.233800       2.247490       2.258160       2.258160       2.259630       2.261460       2.263290       2.260550       2.262900       2.265220       2.267500       2.269740       2.271940       2.274110       2.276240       2.278330       2.280380    
   2.187490       2.187500       2.195880       2.204250       2.204270       2.204290       2.207950       2.215260       2.215300       2.215340       2.215500       2.215810       2.246560       2.283400       2.283230       2.273730       2.275320       2.274630       2.269060       2.266030       2.266030       2.268360       2.270660       2.272930       2.275150       2.277340       2.279490       2.281600       2.283680       2.285710    
   2.187490       2.195880       2.204260       2.204270       2.204280       2.207940       2.215260       2.215280       2.215300       2.215380       2.248260       2.297320       2.288180       2.283570       2.283570       2.283230       2.278220       2.276000       2.274630       2.272280       2.271500       2.273820       2.276100       2.278350       2.280560       2.282730       2.284870       2.286960       2.289020       2.291040    
   2.195880       2.204260       2.204270       2.204280       2.207940       2.215260       2.215270       2.215280       2.215320       2.254720       2.297320       2.297320       2.297320       2.288440       2.283920       2.283920       2.283230       2.279030       2.277370       2.274630       2.276970       2.279270       2.281540       2.283780       2.285970       2.288120       2.290240       2.292320       2.294360       2.296360    
   2.204270       2.204270       2.204270       2.207940       2.215260       2.215270       2.215270       2.242030       2.268430       2.297330       2.297320       2.297320       2.297320       2.297320       2.288940       2.284600       2.284600       2.283230       2.280890       2.280110       2.282430       2.284730       2.286980       2.289200       2.291370       2.293510       2.295610       2.297670       2.299700       2.301680    
   2.204270       2.204270       2.207930       2.215260       2.215260       2.259290       2.325310       2.323780       2.322240       2.305670       2.297360       2.297320       2.297320       2.297320       2.297320       2.289910       2.285970       2.285970       2.283230       2.285580       2.287900       2.290170       2.292410       2.294610       2.296770       2.298900       2.300980       2.303020       2.305030       2.307000    
   2.204270       2.207930       2.215260       2.215260       2.268090       2.325320       2.325320       2.325310       2.323780       2.322240       2.305740       2.297450       2.297320       2.297320       2.297320       2.297320       2.291750       2.288720       2.288720       2.291050       2.293350       2.295620       2.297840       2.300020       2.302170       2.304270       2.306340       2.308370       2.310360       2.312310    
