iMOD/TUTORIALS/TUT_MetaswapAnalyser/model_MetaSWAP/meteo/Evaporation/Evaporation_20060915_L1.ASC
NCOLS                30
NROWS                30
XLLCORNER     160000.00
YLLCORNER     340000.00
CELLSIZE        1000.00
NODATA_VALUE   -9999.00
   2.671410       2.670570       2.669730       2.668900       2.668080       2.667270       2.666460       2.665650       2.664850       2.664060       2.663270       2.662480       2.661690       2.660900       2.660120       2.659340       2.658560       2.657790       2.657010       2.656230       2.655460       2.654680       2.653900       2.653130       2.652350       2.651580       2.650800       2.650020       2.649250       2.648470    
   2.667920       2.667080       2.666230       2.665400       2.664570       2.663750       2.662930       2.662120       2.661310       2.660510       2.659710       2.658920       2.658130       2.657340       2.656550       2.655770       2.654990       2.654210       2.653430       2.652650       2.651880       2.651100       2.650330       2.649560       2.648780       2.648010       2.647240       2.646470       2.645690       2.644920    
   2.664440       2.663580       2.662730       2.661890       2.661050       2.660220       2.659400       2.658580       2.657770       2.656960       2.656160       2.655360       2.654560       2.653770       2.652980       2.652190       2.651410       2.650630       2.649850       2.649070       2.648290       2.647520       2.646750       2.645980       2.645210       2.644440       2.643670       2.642910       2.642140       2.641370    
   2.660950       2.660080       2.659230       2.658380       2.657530       2.656700       2.655870       2.655040       2.654220       2.653410       2.652600       2.651790       2.650990       2.650190       2.649400       2.648610       2.647830       2.647040       2.646260       2.645480       2.644710       2.643940       2.643170       2.642400       2.641630       2.640870       2.640100       2.639340       2.638580       2.637820    
   2.657450       2.656580       2.655720       2.654860       2.654010       2.653170       2.652330       2.651500       2.650670       2.649850       2.649040       2.648230       2.647420       2.646620       2.645820       2.645030       2.644240       2.643460       2.642680       2.641900       2.641120       2.640350       2.639580       2.638820       2.638050       2.637290       2.636530       2.635780       2.635020       2.634270    
   2.653960       2.653080       2.652210       2.651340       2.650490       2.649640       2.648790       2.647950       2.647120       2.646290       2.645470       2.644660       2.643850       2.643040       2.642240       2.641450       2.640660       2.639870       2.639090       2.638310       2.637530       2.636760       2.636000       2.635230       2.634470       2.633710       2.632960       2.632210       2.631460       2.630710    
   2.650460       2.649570       2.648700       2.647820       2.646960       2.646100       2.645250       2.644410       2.643570       2.642740       2.641910       2.641090       2.640270       2.639470       2.638660       2.637860       2.637070       2.636280       2.635500       2.634720       2.633940       2.633170       2.632410       2.631650       2.630890       2.630130       2.629380       2.628640       2.627890       2.627150    
   2.646960       2.646070       2.645180       2.644300       2.643430       2.642570       2.641710       2.640860       2.640010       2.639180       2.638340       2.637520       2.636700       2.635890       2.635080       2.634280       2.633480       2.632690       2.631910       2.631130       2.630350       2.629580       2.628820       2.628060       2.627310       2.626560       2.625810       2.625070       2.624330       2.623590    
   2.643460       2.642560       2.641670       2.640780       2.639900       2.639030       2.638170       2.637310       2.636460       2.635620       2.634780       2.633950       2.633130       2.632310       2.631500       2.630690       2.629900       2.629100       2.628320       2.627540       2.626760       2.625990       2.625230       2.624470       2.623720       2.622970       2.622230       2.621490       2.620760       2.620030    
   2.639950       2.639050       2.638150       2.637260       2.636380       2.635500       2.634630       2.633760       2.632910       2.632060       2.631210       2.630380       2.629550       2.628730       2.627920       2.627110       2.626310       2.625510       2.624730       2.623950       2.623170       2.622400       2.621640       2.620890       2.620140       2.619390       2.618660       2.617920       2.617190       2.616470    
   2.639960       2.639050       2.637050       2.633740       2.632850       2.631960       2.631080       2.630220       2.629350       2.628500       2.627650       2.626810       2.625980       2.625150       2.624330       2.623520       2.622720       2.621920       2.621140       2.620360       2.619580       2.618810       2.618050       2.617300       2.616550       2.615810       2.615080       2.614350       2.613630       2.612910    
   2.639960       2.637450       2.633740       2.630420       2.629320       2.628430       2.627540       2.626670       2.625800       2.624940       2.624090       2.623240       2.622400       2.621570       2.620750       2.619940       2.619130       2.618340       2.617550       2.616770       2.615990       2.615230       2.614470       2.613720       2.612970       2.612240       2.611500       2.610780       2.610060       2.609350    
   2.638000       2.633740       2.629380       2.627550       2.625790       2.624890       2.624000       2.623120       2.622250       2.621380       2.620520       2.619670       2.618830       2.618000       2.617170       2.616360       2.615550       2.614750       2.613960       2.613180       2.612400       2.611640       2.610880       2.610130       2.609390       2.608660       2.607930       2.607210       2.606500       2.605800    
   2.633740       2.628900       2.626670       2.625790       2.624010       2.621360       2.620470       2.619580       2.618700       2.617830       2.616960       2.616110       2.615260       2.614420       2.613600       2.612780       2.611970       2.611160       2.610370       2.609590       2.608820       2.608050       2.607300       2.606550       2.605810       2.605080       2.604360       2.603650       2.602940       2.602240    
   2.628660       2.626230       2.625790       2.623720       2.621360       2.619590       2.616930       2.616040       2.615150       2.614270       2.613400       2.612540       2.611690       2.610850       2.610020       2.609200       2.608380       2.607580       2.606790       2.606010       2.605230       2.604470       2.603710       2.602970       2.602230       2.601510       2.600790       2.600080       2.599380       2.598690    
   2.626010       2.625790       2.623620       2.621360       2.619290       2.616930       2.616490       2.616040       2.614040       2.610720       2.609850       2.608980       2.608130       2.607280       2.606450       2.605620       2.604810       2.604000       2.603210       2.602420       2.601650       2.600890       2.600140       2.599390       2.598660       2.597940       2.597220       2.596520       2.595830       2.595140    
   2.625790       2.623590       2.621360       2.619190       2.616930       2.616710       2.616490       2.614320       2.610720       2.610280       2.607370       2.605430       2.604570       2.603720       2.602880       2.602050       2.601230       2.600430       2.599630       2.598850       2.598070       2.597310       2.596560       2.595820       2.595090       2.594370       2.593660       2.592960       2.592270       2.591590    
   2.623580       2.621360       2.619160       2.616930       2.616820       2.616710       2.614560       2.610720       2.610500       2.606780       2.603650       2.601870       2.601010       2.600150       2.599310       2.598480       2.597660       2.596850       2.596060       2.595270       2.594500       2.593740       2.592990       2.592250       2.591520       2.590810       2.590100       2.589410       2.588730       2.588050    
   2.621360       2.619150       2.616930       2.616870       2.616820       2.614700       2.610720       2.610610       2.606530       2.602760       2.601870       2.601440       2.599910       2.596600       2.595750       2.594920       2.594090       2.593280       2.592490       2.591700       2.590930       2.590170       2.589420       2.588680       2.587960       2.587250       2.586550       2.585860       2.585180       2.584510    
   2.619150       2.616930       2.616900       2.616870       2.614780       2.610720       2.610670       2.606410       2.602310       2.601870       2.601660       2.599950       2.596600       2.596180       2.595760       2.594920       2.594100       2.593290       2.590040       2.588140       2.587360       2.586600       2.585860       2.585120       2.584400       2.583700       2.583000       2.582320       2.581640       2.580980    
   2.616930       2.616920       2.616900       2.614820       2.610720       2.610690       2.606350       2.602090       2.601870       2.601760       2.600020       2.596600       2.596390       2.596180       2.595620       2.594920       2.594100       2.589670       2.586360       2.584580       2.583800       2.583050       2.582300       2.581570       2.580850       2.580150       2.579460       2.578780       2.578110       2.577460    
   2.616920       2.616920       2.614840       2.610720       2.610710       2.606320       2.601980       2.601870       2.601820       2.600060       2.596600       2.596490       2.596390       2.596060       2.595570       2.594880       2.589750       2.585470       2.584580       2.582880       2.580250       2.579490       2.578750       2.578020       2.577310       2.576610       2.575920       2.575250       2.574590       2.573940    
   2.616920       2.614850       2.610720       2.610710       2.606310       2.601930       2.601870       2.601840       2.600090       2.596600       2.596550       2.596490       2.596310       2.596010       2.595500       2.587840       2.585020       2.584580       2.578890       2.576700       2.576250       2.575950       2.575210       2.574480       2.573770       2.573070       2.572390       2.571720       2.571070       2.570430    
   2.614850       2.610720       2.610720       2.606300       2.601900       2.601870       2.601860       2.600100       2.596600       2.596570       2.596550       2.596450       2.596270       2.586250       2.579040       2.573980       2.573980       2.573370       2.572580       2.571390       2.573160       2.572410       2.571670       2.570950       2.570240       2.569550       2.568870       2.568210       2.567560       2.566930    
   2.610720       2.610720       2.606300       2.601880       2.601870       2.601860       2.600110       2.596600       2.596590       2.596570       2.596520       2.596420       2.578590       2.557050       2.557160       2.563730       2.562930       2.563370       2.567460       2.569630       2.569630       2.568880       2.568140       2.567420       2.566720       2.566030       2.565360       2.564700       2.564060       2.563430    
   2.610720       2.606300       2.601880       2.601870       2.601870       2.600110       2.596600       2.596590       2.596590       2.596560       2.576940       2.547580       2.553800       2.556940       2.556940       2.557160       2.560840       2.562490       2.563370       2.565430       2.566110       2.565360       2.564620       2.563900       2.563200       2.562520       2.561850       2.561200       2.560570       2.559950    
   2.606300       2.601870       2.601870       2.601870       2.600110       2.596600       2.596600       2.596590       2.596580       2.573050       2.547580       2.547580       2.547580       2.553640       2.556730       2.556730       2.557160       2.560330       2.561610       2.563370       2.562600       2.561840       2.561110       2.560390       2.559700       2.559020       2.558360       2.557710       2.557090       2.556470    
   2.601870       2.601870       2.601870       2.600110       2.596600       2.596600       2.596600       2.580300       2.564560       2.547570       2.547580       2.547580       2.547580       2.547580       2.553330       2.556290       2.556290       2.557160       2.559190       2.559860       2.559090       2.558340       2.557610       2.556900       2.556200       2.555530       2.554870       2.554240       2.553610       2.553010    
   2.601870       2.601870       2.600110       2.596600       2.596600       2.569550       2.528970       2.530190       2.531420       2.542170       2.547550       2.547580       2.547580       2.547580       2.547580       2.552710       2.555420       2.555420       2.557160       2.556370       2.555600       2.554850       2.554120       2.553410       2.552720       2.552050       2.551400       2.550770       2.550160       2.549560    
   2.601870       2.600110       2.596600       2.596600       2.564130       2.528960       2.528960       2.528970       2.530190       2.531420       2.542120       2.547500       2.547580       2.547580       2.547580       2.547580       2.551560       2.553680       2.553680       2.552890       2.552120       2.551370       2.550640       2.549930       2.549250       2.548580       2.547940       2.547310       2.546710       2.546120    
