iMOD/TUTORIALS/TUT_MetaswapAnalyser/model_MetaSWAP/meteo/Evaporation/Evaporation_20051106_L1.ASC
NCOLS                30
NROWS                30
XLLCORNER     160000.00
YLLCORNER     340000.00
CELLSIZE        1000.00
NODATA_VALUE   -9999.00
   1.010560       1.011410       1.012270       1.013140       1.014010       1.014890       1.015780       1.016670       1.017560       1.018460       1.019360       1.020260       1.021160       1.022070       1.022980       1.023880       1.024790       1.025700       1.026610       1.027510       1.028420       1.029320       1.030230       1.031130       1.032040       1.032940       1.033840       1.034730       1.035630       1.036530    
   1.011220       1.012070       1.012920       1.013780       1.014650       1.015530       1.016410       1.017290       1.018180       1.019070       1.019960       1.020860       1.021760       1.022660       1.023560       1.024470       1.025370       1.026280       1.027180       1.028090       1.028990       1.029900       1.030800       1.031700       1.032610       1.033510       1.034410       1.035310       1.036200       1.037100    
   1.011890       1.012730       1.013580       1.014430       1.015300       1.016160       1.017040       1.017910       1.018800       1.019680       1.020570       1.021470       1.022360       1.023260       1.024160       1.025060       1.025960       1.026860       1.027760       1.028670       1.029570       1.030470       1.031370       1.032280       1.033180       1.034080       1.034980       1.035880       1.036780       1.037680    
   1.012570       1.013400       1.014240       1.015090       1.015940       1.016810       1.017670       1.018540       1.019420       1.020300       1.021190       1.022070       1.022960       1.023860       1.024750       1.025650       1.026550       1.027450       1.028350       1.029250       1.030150       1.031050       1.031950       1.032850       1.033750       1.034660       1.035560       1.036460       1.037360       1.038260    
   1.013240       1.014070       1.014900       1.015750       1.016600       1.017450       1.018310       1.019180       1.020050       1.020920       1.021800       1.022690       1.023570       1.024460       1.025350       1.026240       1.027140       1.028040       1.028930       1.029830       1.030730       1.031630       1.032530       1.033430       1.034330       1.035230       1.036130       1.037040       1.037940       1.038840    
   1.013920       1.014740       1.015570       1.016410       1.017250       1.018100       1.018950       1.019810       1.020680       1.021550       1.022420       1.023300       1.024180       1.025070       1.025950       1.026840       1.027740       1.028630       1.029520       1.030420       1.031320       1.032220       1.033110       1.034010       1.034910       1.035820       1.036720       1.037620       1.038520       1.039420    
   1.014610       1.015420       1.016250       1.017070       1.017910       1.018750       1.019600       1.020460       1.021320       1.022180       1.023050       1.023920       1.024800       1.025680       1.026560       1.027450       1.028340       1.029230       1.030120       1.031010       1.031910       1.032800       1.033700       1.034600       1.035500       1.036400       1.037300       1.038200       1.039100       1.040010    
   1.015300       1.016110       1.016920       1.017740       1.018570       1.019410       1.020250       1.021100       1.021960       1.022810       1.023680       1.024550       1.025420       1.026290       1.027170       1.028050       1.028940       1.029830       1.030720       1.031610       1.032500       1.033400       1.034290       1.035190       1.036090       1.036990       1.037890       1.038790       1.039690       1.040590    
   1.015990       1.016790       1.017600       1.018420       1.019240       1.020070       1.020910       1.021750       1.022600       1.023450       1.024310       1.025180       1.026040       1.026910       1.027790       1.028670       1.029550       1.030430       1.031320       1.032210       1.033100       1.033990       1.034890       1.035780       1.036680       1.037580       1.038480       1.039380       1.040280       1.041190    
   1.016690       1.017480       1.018290       1.019100       1.019910       1.020740       1.021570       1.022410       1.023250       1.024100       1.024950       1.025810       1.026670       1.027540       1.028410       1.029280       1.030160       1.031040       1.031920       1.032810       1.033700       1.034590       1.035480       1.036380       1.037270       1.038170       1.039070       1.039970       1.040880       1.041780    
   1.016690       1.017490       1.018660       1.019780       1.020590       1.021410       1.022230       1.023060       1.023900       1.024740       1.025590       1.026440       1.027300       1.028160       1.029030       1.029900       1.030780       1.031650       1.032530       1.033420       1.034300       1.035190       1.036080       1.036980       1.037870       1.038770       1.039670       1.040570       1.041470       1.042380    
   1.016690       1.018150       1.019780       1.020900       1.021270       1.022080       1.022900       1.023730       1.024560       1.025400       1.026240       1.027090       1.027940       1.028800       1.029660       1.030530       1.031400       1.032270       1.033150       1.034030       1.034910       1.035800       1.036690       1.037580       1.038480       1.039370       1.040270       1.041170       1.042080       1.042980    
   1.017630       1.019780       1.021060       1.021610       1.021950       1.022760       1.023570       1.024390       1.025220       1.026050       1.026890       1.027730       1.028580       1.029430       1.030290       1.031150       1.032020       1.032890       1.033770       1.034640       1.035530       1.036410       1.037300       1.038190       1.039080       1.039980       1.040880       1.041780       1.042680       1.043580    
   1.019780       1.021140       1.021780       1.021950       1.022720       1.023440       1.024250       1.025060       1.025880       1.026710       1.027540       1.028380       1.029230       1.030070       1.030930       1.031790       1.032650       1.033520       1.034390       1.035260       1.036140       1.037030       1.037910       1.038800       1.039690       1.040590       1.041490       1.042390       1.043290       1.044190    
   1.021180       1.021870       1.021950       1.022700       1.023440       1.024210       1.024930       1.025740       1.026550       1.027380       1.028200       1.029040       1.029880       1.030720       1.031570       1.032420       1.033280       1.034150       1.035020       1.035890       1.036760       1.037640       1.038530       1.039420       1.040310       1.041200       1.042100       1.043000       1.043900       1.044810    
   1.021910       1.021950       1.022700       1.023440       1.024190       1.024930       1.025340       1.025740       1.026930       1.028050       1.028870       1.029700       1.030530       1.031370       1.032210       1.033070       1.033920       1.034780       1.035650       1.036520       1.037390       1.038270       1.039150       1.040040       1.040930       1.041820       1.042710       1.043610       1.044520       1.045420    
   1.021950       1.022700       1.023440       1.024190       1.024930       1.025130       1.025340       1.026510       1.028050       1.028460       1.029600       1.030360       1.031190       1.032020       1.032860       1.033710       1.034560       1.035420       1.036280       1.037150       1.038020       1.038900       1.039780       1.040660       1.041550       1.042440       1.043340       1.044230       1.045140       1.046040    
   1.022700       1.023440       1.024190       1.024930       1.025030       1.025130       1.026260       1.028050       1.028250       1.029570       1.030690       1.031030       1.031850       1.032680       1.033520       1.034360       1.035210       1.036060       1.036920       1.037790       1.038650       1.039530       1.040410       1.041290       1.042180       1.043070       1.043960       1.044860       1.045760       1.046670    
   1.023440       1.024190       1.024930       1.024980       1.025030       1.026120       1.028050       1.028150       1.029550       1.030860       1.031030       1.031440       1.032230       1.033350       1.034180       1.035020       1.035860       1.036710       1.037570       1.038430       1.039290       1.040170       1.041040       1.041920       1.042810       1.043700       1.044590       1.045490       1.046390       1.047300    
   1.024190       1.024930       1.024960       1.024980       1.026040       1.028050       1.028100       1.029550       1.030950       1.031030       1.031230       1.032010       1.033350       1.033770       1.034180       1.035020       1.035860       1.036710       1.038300       1.039070       1.039940       1.040810       1.041680       1.042560       1.043440       1.044330       1.045220       1.046120       1.047020       1.047930    
   1.024930       1.024940       1.024960       1.026010       1.028050       1.028080       1.029540       1.030990       1.031030       1.031130       1.031910       1.033350       1.033560       1.033770       1.034320       1.035020       1.035870       1.038000       1.039400       1.039730       1.040590       1.041450       1.042320       1.043200       1.044080       1.044970       1.045860       1.046760       1.047660       1.048570    
   1.024940       1.024940       1.025990       1.028050       1.028060       1.029540       1.031010       1.031030       1.031080       1.031850       1.033350       1.033450       1.033560       1.033880       1.034370       1.035070       1.037640       1.039560       1.039730       1.040520       1.041240       1.042100       1.042970       1.043850       1.044730       1.045620       1.046510       1.047400       1.048300       1.049210    
   1.024940       1.025980       1.028050       1.028060       1.029540       1.031020       1.031030       1.031060       1.031830       1.033350       1.033400       1.033450       1.033630       1.033940       1.034440       1.037690       1.039650       1.039730       1.041260       1.041900       1.042420       1.042760       1.043630       1.044500       1.045380       1.046270       1.047160       1.048050       1.048950       1.049860    
   1.025970       1.028050       1.028050       1.029540       1.031020       1.031030       1.031040       1.031820       1.033350       1.033380       1.033400       1.033500       1.033670       1.036570       1.039260       1.041740       1.041730       1.042170       1.042680       1.042900       1.042560       1.043420       1.044290       1.045160       1.046040       1.046920       1.047810       1.048700       1.049600       1.050510    
   1.028050       1.028050       1.029540       1.031030       1.031030       1.031040       1.031810       1.033350       1.033360       1.033380       1.033420       1.033520       1.038480       1.044310       1.044290       1.043470       1.043830       1.043740       1.043430       1.043230       1.043230       1.044090       1.044950       1.045820       1.046700       1.047580       1.048470       1.049360       1.050260       1.051170    
   1.028050       1.029540       1.031030       1.031030       1.031030       1.031810       1.033350       1.033360       1.033360       1.033390       1.038310       1.045610       1.044760       1.044330       1.044330       1.044290       1.044020       1.043910       1.043740       1.043870       1.043910       1.044760       1.045620       1.046490       1.047360       1.048250       1.049130       1.050030       1.050930       1.051830    
   1.029540       1.031030       1.031030       1.031030       1.031810       1.033350       1.033350       1.033360       1.033370       1.039260       1.045610       1.045610       1.045610       1.044800       1.044380       1.044380       1.044290       1.044130       1.044090       1.043740       1.044590       1.045440       1.046300       1.047160       1.048040       1.048920       1.049800       1.050700       1.051590       1.052500    
   1.031030       1.031030       1.031030       1.031800       1.033350       1.033350       1.033350       1.037150       1.041120       1.045610       1.045610       1.045610       1.045610       1.045610       1.044860       1.044470       1.044470       1.044290       1.044390       1.044430       1.045270       1.046120       1.046980       1.047840       1.048710       1.049590       1.050480       1.051370       1.052270       1.053170    
   1.031030       1.031030       1.031800       1.033350       1.033350       1.039420       1.048520       1.048520       1.048530       1.046590       1.045620       1.045610       1.045610       1.045610       1.045610       1.044990       1.044640       1.044640       1.044290       1.045120       1.045960       1.046810       1.047660       1.048530       1.049400       1.050270       1.051160       1.052050       1.052950       1.053850    
   1.031030       1.031800       1.033350       1.033350       1.040630       1.048520       1.048520       1.048520       1.048530       1.048530       1.046600       1.045630       1.045610       1.045610       1.045610       1.045610       1.045230       1.045000       1.045000       1.045820       1.046660       1.047500       1.048360       1.049220       1.050090       1.050960       1.051850       1.052740       1.053630       1.054540    
