iMOD/TUTORIALS/TUT_MetaswapAnalyser/model_MetaSWAP/meteo/Evaporation/Evaporation_20050705_L1.ASC
NCOLS                30
NROWS                30
XLLCORNER     160000.00
YLLCORNER     340000.00
CELLSIZE        1000.00
NODATA_VALUE   -9999.00
   2.612740       2.618980       2.625420       2.632060       2.638880       2.645870       2.653000       2.660260       2.667640       2.675130       2.682700       2.690350       2.698060       2.705820       2.713620       2.721440       2.729290       2.737140       2.744990       2.752830       2.760660       2.768470       2.776240       2.783980       2.791680       2.799340       2.806940       2.814490       2.821990       2.829420    
   2.616760       2.622990       2.629420       2.636040       2.642830       2.649780       2.656870       2.664100       2.671440       2.678890       2.686420       2.694030       2.701700       2.709420       2.717180       2.724980       2.732780       2.740600       2.748420       2.756230       2.764030       2.771800       2.779550       2.787260       2.794930       2.802560       2.810140       2.817670       2.825140       2.832550    
   2.620890       2.627110       2.633520       2.640120       2.646880       2.653800       2.660870       2.668060       2.675360       2.682770       2.690270       2.697840       2.705470       2.713150       2.720880       2.728630       2.736400       2.744180       2.751970       2.759740       2.767510       2.775250       2.782960       2.790650       2.798290       2.805890       2.813440       2.820940       2.828390       2.835770    
   2.625120       2.631330       2.637720       2.644300       2.651040       2.657940       2.664970       2.672130       2.679400       2.686770       2.694220       2.701760       2.709350       2.717000       2.724680       2.732400       2.740130       2.747880       2.755630       2.763370       2.771100       2.778810       2.786490       2.794140       2.801750       2.809320       2.816840       2.824310       2.831720       2.839080    
   2.629430       2.635640       2.642020       2.648580       2.655300       2.662170       2.669170       2.676300       2.683540       2.690870       2.698290       2.705790       2.713340       2.720950       2.728600       2.736270       2.743970       2.751680       2.759390       2.767100       2.774790       2.782460       2.790110       2.797730       2.805310       2.812840       2.820330       2.827770       2.835150       2.842480    
   2.633830       2.640030       2.646410       2.652950       2.659650       2.666500       2.673470       2.680570       2.687780       2.695080       2.702460       2.709920       2.717440       2.725010       2.732620       2.740260       2.747920       2.755590       2.763260       2.770930       2.778590       2.786220       2.793830       2.801410       2.808960       2.816460       2.823910       2.831320       2.838670       2.845970    
   2.638310       2.644510       2.650880       2.657410       2.664090       2.670920       2.677870       2.684940       2.692110       2.699380       2.706730       2.714150       2.721630       2.729170       2.736740       2.744340       2.751960       2.759590       2.767230       2.774860       2.782480       2.790080       2.797650       2.805200       2.812700       2.820170       2.827590       2.834960       2.842270       2.849530    
   2.642860       2.649060       2.655420       2.661940       2.668610       2.675420       2.682340       2.689390       2.696530       2.703770       2.711090       2.718480       2.725920       2.733420       2.740950       2.748520       2.756100       2.763690       2.771290       2.778880       2.786460       2.794020       2.801560       2.809070       2.816530       2.823960       2.831340       2.838680       2.845960       2.853180    
   2.647480       2.653680       2.660040       2.666550       2.673210       2.679990       2.686900       2.693920       2.701040       2.708240       2.715530       2.722890       2.730300       2.737760       2.745260       2.752780       2.760330       2.767880       2.775440       2.783000       2.790540       2.798060       2.805560       2.813020       2.820450       2.827840       2.835180       2.842480       2.849720       2.856900    
   2.652170       2.658370       2.664730       2.671230       2.677870       2.684640       2.691530       2.698530       2.705620       2.712800       2.720060       2.727380       2.734760       2.742180       2.749640       2.757130       2.764640       2.772160       2.779680       2.787190       2.794700       2.802180       2.809640       2.817060       2.824450       2.831800       2.839100       2.846350       2.853560       2.860700    
   2.652220       2.658420       2.667580       2.675970       2.682600       2.689360       2.696230       2.703200       2.710270       2.717430       2.724660       2.731950       2.739290       2.746690       2.754110       2.761570       2.769040       2.776520       2.784000       2.791470       2.798930       2.806380       2.813790       2.821180       2.828530       2.835830       2.843090       2.850310       2.857460       2.864570    
   2.652280       2.663550       2.675970       2.684550       2.687390       2.694140       2.700990       2.707950       2.715000       2.722120       2.729330       2.736590       2.743900       2.751260       2.758660       2.766070       2.773510       2.780950       2.788390       2.795830       2.803250       2.810650       2.818030       2.825370       2.832680       2.839940       2.847160       2.854330       2.861440       2.868500    
   2.659510       2.675970       2.685640       2.689820       2.692240       2.698970       2.705810       2.712750       2.719780       2.726880       2.734060       2.741300       2.748580       2.755910       2.763270       2.770650       2.778050       2.785450       2.792860       2.800250       2.807640       2.815000       2.822330       2.829630       2.836900       2.844120       2.851290       2.858420       2.865490       2.872500    
   2.675970       2.686220       2.691030       2.692240       2.698360       2.703860       2.710690       2.717610       2.724620       2.731700       2.738860       2.746060       2.753320       2.760620       2.767950       2.775290       2.782660       2.790030       2.797390       2.804750       2.812090       2.819410       2.826700       2.833960       2.841180       2.848360       2.855490       2.862570       2.869590       2.876560    
   2.686520       2.691630       2.692240       2.698150       2.703860       2.710050       2.715610       2.722520       2.729510       2.736580       2.743710       2.750890       2.758120       2.765390       2.772680       2.780000       2.787330       2.794660       2.801990       2.809310       2.816610       2.823890       2.831140       2.838350       2.845530       2.852660       2.859740       2.866780       2.873750       2.880680    
   2.691940       2.692240       2.698080       2.703860       2.709840       2.715610       2.719070       2.722550       2.732530       2.741500       2.748610       2.755770       2.762970       2.770210       2.777480       2.784760       2.792060       2.799350       2.806640       2.813930       2.821190       2.828420       2.835630       2.842800       2.849930       2.857020       2.864060       2.871040       2.877970       2.884850    
   2.692240       2.698060       2.703860       2.709770       2.715610       2.717340       2.719070       2.728910       2.741500       2.745050       2.754450       2.760690       2.767870       2.775080       2.782320       2.789580       2.796840       2.804100       2.811360       2.818600       2.825820       2.833020       2.840180       2.847310       2.854390       2.861430       2.868420       2.875360       2.882240       2.889070    
   2.698050       2.703860       2.709750       2.715610       2.716470       2.717340       2.726710       2.741500       2.743280       2.753970       2.763180       2.765660       2.772820       2.780000       2.787210       2.794440       2.801670       2.808900       2.816120       2.823320       2.830500       2.837660       2.844780       2.851860       2.858900       2.865900       2.872840       2.879730       2.886560       2.893330    
   2.703860       2.709740       2.715610       2.716040       2.716470       2.725500       2.741500       2.742390       2.753760       2.764420       2.765660       2.769240       2.775860       2.784960       2.792150       2.799340       2.806540       2.813740       2.820920       2.828090       2.835230       2.842350       2.849420       2.856460       2.863460       2.870400       2.877300       2.884140       2.890920       2.897640    
   2.709740       2.715610       2.715830       2.716040       2.724880       2.741500       2.741940       2.753670       2.765040       2.765660       2.767450       2.773930       2.784960       2.788560       2.792150       2.799340       2.806540       2.813730       2.826680       2.832900       2.840000       2.847080       2.854110       2.861110       2.868060       2.874950       2.881800       2.888590       2.895320       2.901990    
   2.715610       2.715720       2.715830       2.724560       2.741500       2.741720       2.753620       2.765350       2.765660       2.766550       2.773000       2.784960       2.786760       2.788560       2.793350       2.799340       2.806540       2.824010       2.835330       2.837750       2.844810       2.851850       2.858840       2.865790       2.872690       2.879540       2.886340       2.893070       2.899750       2.906370    
   2.715660       2.715720       2.724400       2.741500       2.741610       2.753600       2.765500       2.765660       2.766110       2.772540       2.784960       2.785860       2.786760       2.789550       2.793750       2.799740       2.820840       2.836540       2.837750       2.844070       2.849660       2.856650       2.863600       2.870510       2.877360       2.884160       2.890910       2.897590       2.904220       2.910780    
   2.715660       2.724320       2.741500       2.741560       2.753590       2.765580       2.765660       2.765880       2.772320       2.784960       2.785410       2.785860       2.787390       2.790020       2.794350       2.820810       2.837140       2.837750       2.849560       2.854550       2.858710       2.861480       2.868390       2.875250       2.882060       2.888810       2.895510       2.902140       2.908710       2.915220    
   2.724280       2.741500       2.741530       2.753590       2.765620       2.765660       2.765770       2.772210       2.784960       2.785180       2.785410       2.786220       2.787760       2.810570       2.832220       2.852570       2.852560       2.856110       2.860260       2.861890       2.859430       2.866340       2.873210       2.880020       2.886790       2.893490       2.900130       2.906710       2.913230       2.919680    
   2.741500       2.741510       2.753580       2.765640       2.765660       2.765720       2.772150       2.784960       2.785070       2.785180       2.785600       2.786460       2.825210       2.870680       2.870520       2.865050       2.868000       2.867380       2.865610       2.864350       2.864350       2.871220       2.878050       2.884820       2.891530       2.898180       2.904780       2.911300       2.917760       2.924150    
   2.741510       2.753580       2.765650       2.765660       2.765690       2.772120       2.784960       2.785020       2.785070       2.785290       2.822930       2.878710       2.873480       2.870830       2.870830       2.870520       2.869110       2.868620       2.867380       2.868810       2.869280       2.876120       2.882900       2.889630       2.896290       2.902900       2.909440       2.915910       2.922310       2.928650    
   2.753580       2.765660       2.765660       2.765670       2.772110       2.784960       2.784990       2.785020       2.785130       2.830140       2.878710       2.878710       2.878710       2.873720       2.871150       2.871150       2.870520       2.869920       2.869870       2.867380       2.874230       2.881020       2.887770       2.894450       2.901070       2.907620       2.914110       2.920520       2.926870       2.933150    
   2.765660       2.765660       2.765670       2.772100       2.784960       2.784970       2.784990       2.812910       2.843370       2.878720       2.878710       2.878710       2.878710       2.878710       2.874180       2.871770       2.871770       2.870520       2.871900       2.872360       2.879180       2.885940       2.892640       2.899280       2.905850       2.912350       2.918790       2.925150       2.931440       2.937650    
   2.765660       2.765660       2.772100       2.784960       2.784970       2.828770       2.894470       2.895500       2.896530       2.884690       2.878750       2.878710       2.878710       2.878710       2.878710       2.875090       2.873020       2.873020       2.870520       2.877350       2.884140       2.890860       2.897520       2.904110       2.910640       2.917090       2.923470       2.929770       2.936000       2.942160    
   2.765660       2.772100       2.784960       2.784960       2.837540       2.894480       2.894480       2.894470       2.895500       2.896530       2.884760       2.878830       2.878710       2.878710       2.878710       2.878710       2.876830       2.875530       2.875530       2.882340       2.889090       2.895780       2.902400       2.908940       2.915420       2.921820       2.928140       2.934390       2.940560       2.946660    
