iMOD/TUTORIALS/TUT_MetaswapAnalyser/model_MetaSWAP/meteo/Evaporation/MEAN_Evaporation.ASC
NCOLS                30
NROWS                30
XLLCORNER     160000.00
YLLCORNER     340000.00
CELLSIZE        1000.00
NODATA_VALUE   -9999.00
   1.615660       1.615390       1.615120       1.614850       1.614580       1.614300       1.614030       1.613750       1.613470       1.613180       1.612890       1.612610       1.612310       1.612020       1.611720       1.611420       1.611120       1.610810       1.610500       1.610180       1.609870       1.609550       1.609230       1.608900       1.608570       1.608240       1.607900       1.607560       1.607220       1.606880    
   1.616270       1.616000       1.615720       1.615450       1.615180       1.614900       1.614620       1.614330       1.614050       1.613770       1.613480       1.613190       1.612900       1.612600       1.612300       1.612000       1.611690       1.611390       1.611070       1.610760       1.610440       1.610120       1.609800       1.609470       1.609150       1.608810       1.608480       1.608130       1.607790       1.607450    
   1.616860       1.616590       1.616320       1.616050       1.615770       1.615490       1.615210       1.614930       1.614640       1.614350       1.614060       1.613770       1.613490       1.613190       1.612880       1.612580       1.612280       1.611970       1.611660       1.611340       1.611020       1.610700       1.610380       1.610050       1.609720       1.609390       1.609050       1.608710       1.608370       1.608020    
   1.617470       1.617200       1.616920       1.616640       1.616360       1.616080       1.615800       1.615520       1.615230       1.614950       1.614650       1.614360       1.614070       1.613770       1.613460       1.613160       1.612860       1.612550       1.612240       1.611920       1.611600       1.611270       1.610950       1.610620       1.610290       1.609960       1.609620       1.609280       1.608940       1.608590    
   1.618070       1.617800       1.617520       1.617240       1.616960       1.616680       1.616390       1.616110       1.615820       1.615530       1.615240       1.614950       1.614650       1.614350       1.614050       1.613740       1.613430       1.613120       1.612810       1.612500       1.612170       1.611850       1.611520       1.611190       1.610860       1.610530       1.610190       1.609850       1.609500       1.609160    
   1.618670       1.618390       1.618110       1.617840       1.617550       1.617270       1.616990       1.616700       1.616410       1.616120       1.615830       1.615530       1.615230       1.614930       1.614630       1.614320       1.614010       1.613700       1.613380       1.613070       1.612750       1.612430       1.612100       1.611770       1.611430       1.611090       1.610760       1.610420       1.610070       1.609730    
   1.619270       1.618990       1.618710       1.618430       1.618150       1.617860       1.617570       1.617290       1.617000       1.616710       1.616410       1.616120       1.615820       1.615510       1.615210       1.614900       1.614590       1.614280       1.613960       1.613650       1.613320       1.613000       1.612670       1.612340       1.612010       1.611670       1.611330       1.610990       1.610640       1.610290    
   1.619870       1.619590       1.619310       1.619030       1.618740       1.618460       1.618170       1.617880       1.617590       1.617290       1.617000       1.616700       1.616400       1.616100       1.615790       1.615480       1.615170       1.614860       1.614540       1.614220       1.613900       1.613570       1.613240       1.612910       1.612580       1.612240       1.611900       1.611550       1.611210       1.610860    
   1.620480       1.620190       1.619910       1.619620       1.619340       1.619050       1.618760       1.618470       1.618180       1.617880       1.617580       1.617280       1.616980       1.616680       1.616370       1.616060       1.615750       1.615440       1.615110       1.614790       1.614470       1.614140       1.613810       1.613480       1.613140       1.612800       1.612460       1.612120       1.611770       1.611420    
   1.621080       1.620790       1.620510       1.620210       1.619930       1.619640       1.619350       1.619060       1.618760       1.618470       1.618170       1.617870       1.617570       1.617260       1.616950       1.616640       1.616330       1.616010       1.615690       1.615370       1.615050       1.614720       1.614390       1.614050       1.613710       1.613380       1.613030       1.612680       1.612340       1.611980    
   1.621080       1.620790       1.620580       1.620810       1.620520       1.620230       1.619940       1.619650       1.619350       1.619050       1.618750       1.618450       1.618140       1.617840       1.617530       1.617220       1.616910       1.616590       1.616270       1.615940       1.615620       1.615290       1.614960       1.614620       1.614280       1.613940       1.613600       1.613250       1.612900       1.612550    
   1.621080       1.620820       1.620810       1.621040       1.621120       1.620820       1.620530       1.620230       1.619940       1.619640       1.619340       1.619030       1.618730       1.618410       1.618110       1.617800       1.617480       1.617160       1.616840       1.616520       1.616190       1.615860       1.615530       1.615190       1.614850       1.614510       1.614160       1.613810       1.613460       1.613110    
   1.621010       1.620810       1.621240       1.621420       1.621710       1.621410       1.621120       1.620820       1.620530       1.620220       1.619920       1.619610       1.619310       1.619000       1.618700       1.618370       1.618060       1.617740       1.617410       1.617100       1.616760       1.616430       1.616090       1.615760       1.615420       1.615080       1.614730       1.614380       1.614020       1.613670    
   1.620810       1.621330       1.621560       1.621710       1.621710       1.622010       1.621710       1.621410       1.621110       1.620810       1.620500       1.620200       1.619890       1.619580       1.619270       1.618950       1.618630       1.618310       1.617990       1.617670       1.617330       1.617000       1.616660       1.616320       1.615980       1.615640       1.615290       1.614940       1.614580       1.614230    
   1.621370       1.621640       1.621710       1.621810       1.622010       1.622010       1.622300       1.621990       1.621700       1.621390       1.621090       1.620780       1.620470       1.620160       1.619850       1.619520       1.619210       1.618890       1.618560       1.618240       1.617910       1.617570       1.617230       1.616890       1.616550       1.616210       1.615860       1.615500       1.615140       1.614790    
   1.621670       1.621710       1.621840       1.622010       1.622100       1.622300       1.622140       1.621990       1.621760       1.621980       1.621670       1.621360       1.621050       1.620740       1.620420       1.620110       1.619780       1.619460       1.619140       1.618810       1.618470       1.618140       1.617800       1.617460       1.617110       1.616770       1.616410       1.616060       1.615710       1.615350    
   1.621710       1.621850       1.622010       1.622140       1.622300       1.622220       1.622140       1.621970       1.621980       1.621820       1.621890       1.621950       1.621630       1.621310       1.621000       1.620680       1.620360       1.620030       1.619710       1.619380       1.619040       1.618710       1.618360       1.618020       1.617680       1.617330       1.616980       1.616620       1.616270       1.615900    
   1.621860       1.622010       1.622150       1.622300       1.622260       1.622220       1.622080       1.621980       1.621900       1.622090       1.622230       1.622520       1.622210       1.621900       1.621580       1.621260       1.620930       1.620610       1.620280       1.619940       1.619610       1.619270       1.618930       1.618590       1.618240       1.617890       1.617540       1.617180       1.616820       1.616460    
   1.622010       1.622150       1.622300       1.622280       1.622260       1.622130       1.621980       1.621940       1.622180       1.622380       1.622520       1.622370       1.622270       1.622470       1.622150       1.621830       1.621510       1.621180       1.620850       1.620520       1.620180       1.619840       1.619500       1.619150       1.618800       1.618450       1.618100       1.617740       1.617380       1.617010    
   1.622150       1.622300       1.622290       1.622280       1.622160       1.621980       1.621950       1.622210       1.622450       1.622520       1.622440       1.622410       1.622470       1.622320       1.622150       1.621830       1.621500       1.621180       1.621060       1.621080       1.620750       1.620410       1.620060       1.619720       1.619370       1.619010       1.618660       1.618300       1.617940       1.617570    
   1.622300       1.622290       1.622290       1.622180       1.621980       1.621960       1.622230       1.622490       1.622520       1.622480       1.622460       1.622470       1.622390       1.622310       1.622100       1.621830       1.621500       1.621350       1.621370       1.621650       1.621310       1.620970       1.620630       1.620280       1.619920       1.619570       1.619210       1.618860       1.618490       1.618120    
   1.622290       1.622290       1.622180       1.621980       1.621970       1.622240       1.622500       1.622520       1.622500       1.622480       1.622470       1.622430       1.622390       1.622270       1.622080       1.621810       1.621560       1.621510       1.621650       1.621610       1.621880       1.621530       1.621190       1.620840       1.620480       1.620130       1.619770       1.619410       1.619040       1.618680    
   1.622290       1.622190       1.621980       1.621970       1.622240       1.622510       1.622520       1.622510       1.622490       1.622470       1.622450       1.622430       1.622370       1.622240       1.622050       1.622070       1.621580       1.621650       1.622250       1.622440       1.622230       1.622100       1.621750       1.621400       1.621040       1.620690       1.620330       1.619960       1.619590       1.619220    
   1.622190       1.621980       1.621970       1.622250       1.622520       1.622520       1.622520       1.622500       1.622470       1.622460       1.622450       1.622410       1.622350       1.623290       1.623560       1.623340       1.623340       1.623220       1.623100       1.623290       1.623010       1.622660       1.622310       1.621960       1.621600       1.621240       1.620880       1.620510       1.620140       1.619780    
   1.621980       1.621970       1.622250       1.622520       1.622520       1.622520       1.622500       1.622470       1.622460       1.622460       1.622440       1.622400       1.624220       1.626520       1.626510       1.625130       1.625100       1.625030       1.624060       1.623560       1.623560       1.623220       1.622870       1.622510       1.622160       1.621800       1.621430       1.621070       1.620690       1.620320    
   1.621970       1.622250       1.622520       1.622520       1.622520       1.622500       1.622470       1.622470       1.622460       1.622450       1.624870       1.628520       1.627200       1.626540       1.626540       1.626510       1.625600       1.625180       1.625030       1.624360       1.624130       1.623780       1.623430       1.623070       1.622720       1.622350       1.621980       1.621620       1.621240       1.620870    
   1.622250       1.622520       1.622520       1.622520       1.622500       1.622470       1.622470       1.622470       1.622460       1.625370       1.628520       1.628520       1.628520       1.627220       1.626570       1.626570       1.626510       1.625670       1.625320       1.625030       1.624690       1.624340       1.623990       1.623630       1.623270       1.622900       1.622540       1.622160       1.621790       1.621410    
   1.622520       1.622520       1.622520       1.622500       1.622470       1.622470       1.622470       1.624760       1.626670       1.628520       1.628520       1.628520       1.628520       1.628520       1.627280       1.626650       1.626650       1.626510       1.625820       1.625600       1.625250       1.624900       1.624540       1.624180       1.623820       1.623450       1.623080       1.622710       1.622330       1.621960    
   1.622520       1.622520       1.622500       1.622470       1.622470       1.626490       1.632530       1.632080       1.631630       1.629570       1.628530       1.628520       1.628520       1.628520       1.628520       1.627370       1.626780       1.626780       1.626510       1.626150       1.625810       1.625450       1.625100       1.624740       1.624370       1.624010       1.623630       1.623260       1.622880       1.622500    
   1.622520       1.622500       1.622470       1.622470       1.627300       1.632530       1.632530       1.632530       1.632080       1.631630       1.629570       1.628540       1.628520       1.628520       1.628520       1.628520       1.627550       1.627060       1.627060       1.626710       1.626360       1.626010       1.625650       1.625290       1.624920       1.624550       1.624180       1.623800       1.623420       1.623040    
