iMOD/TUTORIALS/TUT_MetaswapAnalyser/model_MetaSWAP/meteo/Precipitation/MEAN_Precipitation.ASC
NCOLS                30
NROWS                30
XLLCORNER     160000.00
YLLCORNER     340000.00
CELLSIZE        1000.00
NODATA_VALUE   -9999.00
   2.211760       2.208110       2.204020       2.198480       2.188700       2.170960       2.145130       2.118380       2.097090       2.086210       2.085700       2.087800       2.090740       2.094030       2.097560       2.102360       2.106430       2.108420       2.110870       2.112390       2.113260       2.113680       2.113650       2.112930       2.113020       2.113060       2.113610       2.114700       2.115950       2.118040    
   2.206280       2.200600       2.193580       2.184510       2.171470       2.152740       2.129680       2.106360       2.084710       2.074760       2.077960       2.081990       2.086450       2.091550       2.096540       2.101760       2.105040       2.107500       2.109520       2.111290       2.112250       2.112530       2.111980       2.110800       2.110780       2.111080       2.111850       2.112830       2.114410       2.117210    
   2.201110       2.193540       2.184850       2.174100       2.159280       2.141680       2.121940       2.102590       2.085980       2.077560       2.078070       2.081190       2.086010       2.091050       2.095960       2.101250       2.105610       2.108240       2.110010       2.111140       2.111710       2.111680       2.109540       2.109300       2.109200       2.109290       2.108490       2.110730       2.113360       2.116470    
   2.196870       2.188410       2.178050       2.166930       2.152860       2.136740       2.120610       2.104260       2.091760       2.084600       2.082580       2.084670       2.088680       2.092800       2.097610       2.103550       2.107670       2.110140       2.111490       2.111650       2.111690       2.110150       2.109330       2.107940       2.106990       2.106610       2.106620       2.108060       2.110750       2.113390    
   2.193660       2.185020       2.174660       2.162950       2.149910       2.135530       2.121730       2.108780       2.098310       2.092160       2.089300       2.090420       2.092430       2.096840       2.101900       2.107820       2.111790       2.114290       2.114300       2.113260       2.110890       2.109560       2.107770       2.106670       2.105320       2.104680       2.104070       2.105080       2.106570       2.108260    
   2.192390       2.182970       2.172970       2.161620       2.149750       2.136840       2.124470       2.113640       2.102450       2.097820       2.095950       2.096410       2.097790       2.102030       2.108130       2.113890       2.118500       2.119740       2.118440       2.116190       2.112000       2.109330       2.107610       2.105840       2.103900       2.102820       2.101420       2.101190       2.101680       2.102650    
   2.192690       2.182900       2.172880       2.162490       2.151040       2.139360       2.128670       2.114770       2.109070       2.104450       2.102470       2.102240       2.103680       2.108230       2.113750       2.120900       2.126970       2.126740       2.122410       2.117220       2.113340       2.110100       2.107240       2.104920       2.102270       2.100360       2.098930       2.097630       2.096830       2.096710    
   2.192920       2.184030       2.173750       2.164260       2.153830       2.135280       2.127410       2.121020       2.115250       2.111140       2.108940       2.108080       2.109630       2.113640       2.118530       2.125120       2.133530       2.130980       2.124690       2.118500       2.113990       2.110010       2.106740       2.103530       2.100370       2.097730       2.095520       2.093710       2.093090       2.092200    
   2.195270       2.187000       2.177490       2.167320       2.146420       2.138100       2.132210       2.127080       2.121070       2.117400       2.114870       2.113670       2.114270       2.116750       2.121070       2.125840       2.130010       2.128820       2.124260       2.118770       2.114070       2.109730       2.105750       2.101850       2.098580       2.095020       2.092090       2.090170       2.088110       2.086740    
   2.198990       2.190880       2.181530       2.157550       2.149270       2.141420       2.137790       2.131840       2.126780       2.123230       2.120380       2.118790       2.118840       2.119870       2.122700       2.125380       2.127590       2.126280       2.123310       2.118600       2.114430       2.109290       2.104440       2.100310       2.096320       2.092130       2.088880       2.085560       2.082980       2.081120    
   2.199020       2.190470       2.172520       2.160140       2.152550       2.149200       2.141570       2.136340       2.131830       2.127940       2.125430       2.123250       2.122000       2.125740       2.128810       2.128810       2.127920       2.126080       2.123000       2.118390       2.113230       2.107720       2.102090       2.097060       2.092290       2.087420       2.083080       2.079310       2.076200       2.075310    
   2.198910       2.180540       2.160140       2.158050       2.155910       2.153320       2.146850       2.140410       2.136200       2.132690       2.134920       2.131810       2.129860       2.132810       2.132440       2.131890       2.130750       2.129120       2.125560       2.120840       2.114740       2.108120       2.102330       2.095950       2.089760       2.083630       2.078550       2.074380       2.070210       2.067450    
   2.186700       2.160140       2.160380       2.159760       2.163600       2.156440       2.150510       2.145150       2.147480       2.143200       2.139510       2.140740       2.138460       2.136900       2.136250       2.135900       2.135470       2.134150       2.131010       2.124820       2.117610       2.109140       2.101610       2.093980       2.086680       2.079720       2.074260       2.069150       2.064820       2.060850    
   2.160140       2.161450       2.161670       2.163600       2.160020       2.160030       2.163060       2.157250       2.151480       2.146940       2.143560       2.145440       2.142180       2.140590       2.139810       2.140230       2.141310       2.142330       2.138960       2.129360       2.119190       2.109110       2.098050       2.089440       2.080850       2.073550       2.066950       2.061150       2.056000       2.051790    
   2.161950       2.162630       2.163600       2.161210       2.160030       2.163240       2.166630       2.160690       2.155430       2.150880       2.153720       2.150260       2.146820       2.144590       2.143460       2.143080       2.145030       2.149440       2.146420       2.130980       2.117610       2.106060       2.095830       2.086040       2.076970       2.068760       2.061600       2.055170       2.049770       2.044860    
   2.163110       2.163600       2.161610       2.160030       2.163300       2.166630       2.163660       2.160920       2.157450       2.162790       2.157380       2.153120       2.149880       2.147040       2.145360       2.145000       2.143680       2.144670       2.139650       2.127490       2.114650       2.102470       2.092010       2.081760       2.071730       2.063160       2.055450       2.048510       2.042620       2.037890    
   2.163600       2.161750       2.160030       2.163320       2.166630       2.165150       2.163740       2.161210       2.162790       2.160080       2.157600       2.155640       2.152310       2.149270       2.143570       2.142120       2.139600       2.136770       2.130600       2.120680       2.109300       2.097920       2.087090       2.076620       2.066830       2.057330       2.049180       2.041460       2.034920       2.031320    
   2.161790       2.160030       2.163330       2.166630       2.165890       2.165170       2.163220       2.162790       2.161440       2.159370       2.157340       2.159050       2.154430       2.146300       2.142910       2.139430       2.135270       2.130290       2.123220       2.114270       2.103710       2.092950       2.081920       2.070960       2.060820       2.051210       2.042500       2.034180       2.027710       2.023360    
   2.160030       2.163330       2.166630       2.166270       2.165900       2.164270       2.162790       2.162110       2.160170       2.158200       2.159050       2.156740       2.151590       2.146580       2.141740       2.137230       2.132060       2.124890       2.117270       2.108200       2.097930       2.087490       2.076410       2.065290       2.054970       2.045020       2.035740       2.027630       2.021450       2.016140    
   2.163330       2.166630       2.166450       2.166270       2.164800       2.162790       2.162450       2.160550       2.158620       2.159050       2.157890       2.153490       2.146580       2.144160       2.141850       2.137010       2.131400       2.124740       2.110430       2.102570       2.092840       2.082300       2.071250       2.060060       2.049680       2.039030       2.029170       2.021140       2.016500       2.010890    
   2.166630       2.166540       2.166450       2.165080       2.162790       2.162620       2.160740       2.158840       2.159050       2.158470       2.154250       2.146580       2.145370       2.144190       2.141010       2.136750       2.131050       2.113320       2.100880       2.099180       2.088410       2.077460       2.066610       2.055840       2.044590       2.033460       2.026970       2.017490       2.009830       2.003490    
   2.166590       2.166540       2.165220       2.162790       2.162710       2.160830       2.158940       2.159050       2.158760       2.154590       2.146580       2.145970       2.145380       2.143520       2.140650       2.136270       2.116070       2.100030       2.099180       2.091070       2.085620       2.074530       2.063580       2.052420       2.043440       2.033530       2.022600       2.012470       2.004030       1.996200    
   2.166590       2.165280       2.162790       2.162760       2.160880       2.159000       2.159050       2.158910       2.154750       2.146580       2.146280       2.145980       2.144960       2.143180       2.140150       2.118610       2.099600       2.099180       2.090550       2.085360       2.078700       2.073260       2.064650       2.052920       2.041760       2.030070       2.018760       2.008030       1.998720       1.990610    
   2.165320       2.162790       2.162770       2.160900       2.159020       2.159050       2.158980       2.154820       2.146580       2.146420       2.146280       2.145740       2.144710       2.135450       2.120290       2.100760       2.100430       2.093960       2.086380       2.086570       2.085110       2.074970       2.063280       2.051790       2.040270       2.028500       2.016760       2.005550       1.995240       1.985930    
   2.162790       2.162780       2.160910       2.159040       2.159050       2.159010       2.154860       2.146580       2.146500       2.146420       2.146140       2.145570       2.130690       2.113680       2.113500       2.105560       2.102240       2.101680       2.091970       2.087210       2.088040       2.076170       2.063380       2.052160       2.040380       2.028510       2.017310       2.005230       1.994430       1.983990    
   2.162790       2.160920       2.159040       2.159050       2.159030       2.154870       2.146580       2.146540       2.146500       2.146360       2.146500       2.147180       2.125020       2.113890       2.113860       2.113500       2.106100       2.102780       2.101680       2.092410       2.088480       2.077820       2.066820       2.054120       2.042770       2.031190       2.020020       2.008160       1.997540       1.987150    
   2.160920       2.159040       2.159050       2.159040       2.154880       2.146580       2.146560       2.146540       2.146470       2.146750       2.147180       2.147180       2.147180       2.125330       2.114310       2.114230       2.113500       2.106440       2.103880       2.101680       2.091440       2.081110       2.070280       2.059080       2.047030       2.036250       2.025170       2.015170       2.005260       1.996360    
   2.159040       2.159050       2.159040       2.154890       2.146580       2.146570       2.146560       2.159270       2.158080       2.147210       2.147180       2.147180       2.147180       2.147180       2.125990       2.115210       2.114970       2.113500       2.106680       2.106060       2.095780       2.085490       2.075130       2.064630       2.054650       2.043410       2.033710       2.024640       2.016620       2.010110    
   2.159050       2.159050       2.154890       2.146580       2.146570       2.171440       2.208730       2.203120       2.197510       2.164030       2.147270       2.147180       2.147180       2.147180       2.147180       2.127320       2.117160       2.116450       2.113500       2.105490       2.097110       2.088630       2.080790       2.073010       2.063130       2.053830       2.044630       2.036520       2.030520       2.025990    
   2.159050       2.154890       2.146580       2.146580       2.176420       2.208740       2.208740       2.208730       2.203120       2.197510       2.164180       2.147440       2.147180       2.147180       2.147180       2.147180       2.129980       2.121560       2.119400       2.111860       2.107130       2.097960       2.089510       2.081050       2.073150       2.065620       2.059180       2.051380       2.046580       2.043340    
