iMOD/TUTORIALS/TUT_MetaswapAnalyser/model_MetaSWAP/meteo/Precipitation/Precipitation_20060708_L1.ASC
NCOLS                30
NROWS                30
XLLCORNER     160000.00
YLLCORNER     340000.00
CELLSIZE        1000.00
NODATA_VALUE   -9999.00
  0.4441800      0.4701100      0.4948900      0.5201300      0.5519100      0.6008600      0.6709500      0.7528700      0.8536500       1.046160       1.367090       1.749740       2.148640       2.545870       2.900550       3.210010       3.394360       3.500650       3.501040       3.405700       3.231360       3.014760       2.743830       2.446290       2.149330       1.858800       1.586280       1.344170       1.148480       1.020710    
  0.5130400      0.5484700      0.5838600      0.6247500      0.6743500      0.7353900      0.8084600      0.8866300      0.9612200       1.161990       1.598060       2.068990       2.552110       3.042940       3.473130       3.800790       4.031010       4.129530       4.087230       3.921390       3.661080       3.351660       2.989770       2.606260       2.229250       1.864630       1.522560       1.213160      0.9475600      0.7612100    
  0.5923000      0.6396300      0.6915000      0.7518700      0.8181100      0.8997300      0.9957000       1.107960       1.254710       1.526140       1.966450       2.498060       3.065720       3.632890       4.151130       4.552190       4.813600       4.889690       4.781080       4.519170       4.151360       3.732420       3.262270       2.794660       2.338230       1.904250       1.495960       1.130010      0.8070500      0.5457900    
  0.6816600      0.7426700      0.8114000      0.8930600      0.9858700       1.096580       1.230850       1.397310       1.627450       1.965970       2.435580       3.019690       3.658600       4.324090       4.951050       5.451880       5.757960       5.805050       5.600070       5.205340       4.696620       4.128010       3.571330       3.004870       2.474840       1.982130       1.532330       1.129430      0.7771100      0.4848200    
  0.7791100      0.8550100      0.9457800       1.047180       1.167430       1.312570       1.491560       1.720540       2.020420       2.420580       2.918630       3.558440       4.304510       5.083160       5.855820       6.507530       6.887180       6.887320       6.529930       5.948520       5.254950       4.552320       3.886320       3.242000       2.646590       2.106870       1.626690       1.209680      0.8658000      0.6164100    
  0.8821400      0.9785500       1.084380       1.208810       1.357320       1.537470       1.764010       2.041890       2.348330       2.816220       3.395760       4.096460       4.947680       5.846440       6.812570       7.687050       8.234500       8.153760       7.538940       6.703110       5.814050       4.967690       4.197660       3.478270       2.831560       2.259790       1.763510       1.346160       1.016710      0.7869900    
  0.9838400       1.100930       1.225010       1.371500       1.552180       1.764320       2.024440       2.269370       2.682640       3.191690       3.816730       4.568980       5.454030       6.507090       7.659690       8.846760       9.797370       9.521640       8.460070       7.326730       6.272210       5.310310       4.444420       3.690780       3.010700       2.420120       1.917090       1.504550       1.183830      0.9568200    
   1.103720       1.216040       1.369650       1.535900       1.734100       1.866740       2.158120       2.520360       2.960860       3.498650       4.148960       4.924700       5.836040       6.900190       8.166690       9.495610       10.93500       10.32570       8.936780       7.677720       6.544850       5.531090       4.629960       3.854000       3.161530       2.565620       2.066030       1.659020       1.340190       1.111070    
   1.223280       1.331720       1.486750       1.683920       1.769030       2.027760       2.338280       2.719520       3.175330       3.722240       4.372550       5.136030       6.018070       7.081950       8.195570       9.260610       9.998630       9.750260       8.778280       7.664760       6.590710       5.603160       4.715530       3.949280       3.264400       2.679620       2.189850       1.787940       1.476400       1.243950    
   1.328840       1.439220       1.605150       1.647270       1.888160       2.157770       2.480960       2.864940       3.320480       3.857340       4.483360       5.202190       6.009620       6.946370       7.837190       8.630110       9.051130       8.893140       8.247090       7.366380       6.430040       5.532010       4.697330       3.949050       3.310880       2.748000       2.271580       1.886200       1.580900       1.347940    
   1.327510       1.457740       1.606170       1.733050       1.965480       2.256140       2.576940       2.955470       3.397120       3.907930       4.490930       5.143560       5.936120       6.593250       7.334500       7.892010       8.184480       8.081520       7.630750       6.951110       6.168460       5.371330       4.611710       3.915710       3.293870       2.786340       2.335810       1.964260       1.666100       1.418670    
   1.334910       1.531120       1.733050       1.947120       2.029010       2.299470       2.613590       2.993920       3.411070       3.884400       4.325080       4.908460       5.599020       6.239820       6.800420       7.216840       7.425470       7.354600       7.009330       6.462170       5.801890       5.105820       4.420000       3.788640       3.221910       2.746080       2.324670       1.974280       1.690230       1.466010    
   1.455300       1.733050       1.946520       2.044970       2.060930       2.325170       2.625800       2.968150       3.249360       3.695710       4.169970       4.820810       5.322540       5.810440       6.259810       6.583970       6.749940       6.714140       6.429910       5.966420       5.392320       4.781610       4.178220       3.610930       3.096410       2.643090       2.272220       1.945870       1.678830       1.465790    
   1.733050       1.948360       2.052950       2.060930       2.236120       2.322250       2.484470       2.800370       3.152380       3.549680       3.965000       4.550140       4.967380       5.364270       5.711440       5.987400       6.131750       6.126120       5.917650       5.476170       4.966440       4.427380       3.903340       3.398660       2.936560       2.525600       2.185210       1.884070       1.635430       1.435220    
   1.949820       2.056940       2.060930       2.206430       2.322250       2.414450       2.436630       2.722470       3.036110       3.374770       3.889790       4.239600       4.584570       4.906700       5.184730       5.415470       5.535870       5.561090       5.398180       5.010280       4.529460       4.058000       3.590140       3.143770       2.731760       2.362280       2.039540       1.778640       1.549890       1.360970    
   2.058940       2.060930       2.196540       2.322250       2.391110       2.436630       2.579550       2.731740       3.120780       3.349790       3.637740       3.927550       4.207660       4.463790       4.678640       4.838950       4.942270       4.930010       4.773720       4.472860       4.107040       3.663240       3.255340       2.862750       2.497270       2.166820       1.876000       1.626610       1.430390       1.260260    
   2.060930       2.193240       2.322250       2.383330       2.436630       2.508090       2.582640       2.945470       3.349790       3.493760       3.568530       3.612410       3.833780       4.033900       4.206830       4.316720       4.371660       4.326990       4.181600       3.941940       3.640850       3.308880       2.967410       2.574640       2.251690       1.957110       1.695790       1.470150       1.280580       1.132450    
   2.192140       2.322250       2.380740       2.436630       2.472360       2.509120       2.846500       3.349790       3.421780       3.438200       3.463780       3.315140       3.489360       3.640450       3.755800       3.825320       3.848680       3.787560       3.652910       3.450760       3.198580       2.916630       2.622410       2.329730       2.000350       1.737690       1.502830       1.298700       1.126360      0.9830700    
   2.322250       2.379870       2.436630       2.454490       2.472700       2.794440       3.349790       3.385780       3.382870       3.389460       3.315140       3.402250       3.426560       3.261290       3.339600       3.377670       3.367650       3.309120       3.183580       3.007220       2.791030       2.548690       2.293560       2.037200       1.789010       1.556350       1.305440       1.120310      0.9613600      0.8295400    
   2.379580       2.436630       2.445560       2.454610       2.767860       3.349790       3.367790       3.357180       3.352300       3.315140       3.358700       3.351310       3.261290       3.300450       3.326190       3.361640       3.351480       3.286780       2.874240       2.611170       2.422180       2.211020       1.987750       1.761710       1.541020       1.332350       1.140180      0.9677800      0.8271700      0.6843600    
   2.436630       2.441100       2.445600       2.754450       3.349790       3.358790       3.344720       3.333720       3.315140       3.336920       3.321610       3.261290       3.280870       3.295970       3.329420       3.346440       3.333300       2.841650       2.435650       2.260120       2.092550       1.906370       1.709210       1.507840       1.310490       1.122410      0.9531900      0.7970700      0.6625200      0.5518100    
   2.438860       2.441110       2.747740       3.349790       3.354290       3.338570       3.324430       3.315140       3.326030       3.308740       3.261290       3.271080       3.279380       3.302090       3.323940       3.336390       2.825880       2.347880       2.260120       2.051030       1.800410       1.634840       1.459560       1.280500       1.108840      0.9376500      0.7786800      0.6354200      0.5114800      0.4102900    
   2.438870       2.744370       3.349790       3.352040       3.335520       3.319780       3.315140       3.320580       3.302800       3.261290       3.266180       3.270580       3.284180       3.301800       3.320810       2.674840       2.304000       2.260120       1.774030       1.560520       1.468160       1.394360       1.242940       1.083810      0.9261800      0.7716900      0.6268000      0.4952300      0.3806600      0.2868600    
   2.742690       3.349790       3.350910       3.333990       3.317460       3.315140       3.317860       3.299950       3.261290       3.263740       3.266020       3.273650       3.285520       2.652850       2.099230       1.592940       1.583970       1.461380       1.307970       1.224430       1.320640       1.190570       1.056430      0.9129500      0.7698800      0.6309900      0.4999000      0.3800600      0.2748200       0.000000    
   3.349790       3.350350       3.333230       3.316300       3.315140       3.316500       3.298560       3.261290       3.262510       3.263680       3.267800       3.275060       2.122240      0.7011650      0.7045900       1.000400      0.8908610      0.9078200       1.056980       1.138970       1.128220       1.020030      0.8932800      0.7660000      0.6389600      0.5154400      0.3986800      0.2917400       0.000000       0.000000    
   3.350070       3.332850       3.315720       3.315140       3.315820       3.297870       3.261290       3.261900       3.262500       3.264670       2.171860      0.5263700      0.6403110      0.6980180      0.6977390      0.7045900      0.8221840      0.8739020      0.9078200      0.9567170      0.9680400      0.8651300      0.7571000      0.6425600      0.5311200      0.4230500      0.3213900      0.2259000       0.000000       0.000000    
   3.332660       3.315430       3.315140       3.315480       3.297530       3.261290       3.261600       3.261900       3.263020       1.950350      0.5263700      0.5263700      0.5263700      0.6356920      0.6917240      0.6908890      0.7045900      0.8024230      0.8399850      0.9078200      0.8227900      0.7323400      0.6380200      0.5417200      0.4429000      0.3501500      0.2623000       0.000000       0.000000       0.000000    
   3.315290       3.315140       3.315310       3.297360       3.261290       3.261440       3.261590       2.505130       1.610640      0.5261720      0.5263700      0.5263700      0.5263700      0.5263700      0.6269350      0.6796930      0.6771880      0.7045900      0.7572950      0.7721500      0.6970700      0.6181600      0.5365700      0.4538000      0.3753700      0.2925200      0.2200300       0.000000       0.000000       0.000000    
   3.315140       3.315230       3.297280       3.261290       3.261370       1.956870       0.000000      0.1170040      0.2340200      0.4283780      0.5257750      0.5263700      0.5263700      0.5263700      0.5263700      0.6107900      0.6573010      0.6497850      0.7045900      0.6446200      0.5811200      0.5147600      0.4611100      0.3868400      0.3124700      0.2454300       0.000000       0.000000       0.000000       0.000000    
   3.315180       3.297230       3.261290       3.261330       1.695900       0.000000       0.000000       0.000000      0.1169920      0.2340200      0.4273450      0.5245860      0.5263700      0.5263700      0.5263700      0.5263700      0.5823000      0.6175270      0.5949800      0.5416900      0.5192800      0.4510000      0.3835300      0.3175700      0.2559500       0.000000       0.000000       0.000000       0.000000       0.000000    
