iMOD/TUTORIALS/TUT_MetaswapAnalyser/model_MetaSWAP/meteo/Precipitation/Precipitation_20060526_L1.ASC
NCOLS                30
NROWS                30
XLLCORNER     160000.00
YLLCORNER     340000.00
CELLSIZE        1000.00
NODATA_VALUE   -9999.00
   16.98580       17.00050       17.01330       17.01770       17.00340       16.94780       16.84600       16.71170       16.57100       16.47570       16.43860       16.41190       16.38380       16.34650       16.30440       16.29920       16.31340       16.29980       16.27850       16.26450       16.25730       16.21750       16.21670       16.19210       16.20260       16.21700       16.23620       16.26170       16.29780       16.33350    
   16.85110       16.85220       16.87480       16.85200       16.81000       16.73500       16.62470       16.48210       16.31220       16.20680       16.21150       16.20190       16.17930       16.17560       16.14500       16.15730       16.13090       16.11810       16.12270       16.11830       16.11920       16.08930       16.09280       16.07200       16.08140       16.09180       16.10350       16.11750       16.10160       16.12710    
   16.75830       16.74160       16.71850       16.68510       16.64540       16.56030       16.44960       16.31710       16.17860       16.08580       16.05970       16.03570       16.02610       15.99950       15.97460       15.98150       15.96250       15.95080       15.94710       15.95020       15.97780       15.95830       15.93960       15.95060       15.96070       15.96970       15.93890       15.95160       15.94560       15.97230    
   16.66960       16.63880       16.60120       16.55420       16.48950       16.40650       16.30570       16.20080       16.08850       16.01500       15.95460       15.91320       15.88010       15.84800       15.81490       15.80970       15.79390       15.78930       15.79600       15.81040       15.82840       15.83740       15.82570       15.79910       15.81400       15.82770       15.84000       15.85090       15.84420       15.86210    
   16.58700       16.54570       16.49990       16.44240       16.37310       16.29100       16.19770       16.12420       16.02240       15.93470       15.84040       15.79200       15.74430       15.70000       15.67210       15.64870       15.61180       15.61130       15.62750       15.65280       15.64430       15.67040       15.66770       15.70940       15.72720       15.74340       15.75850       15.75130       15.77680       15.81390    
   16.51150       16.46430       16.40970       16.34760       16.27670       16.19710       16.15000       16.05190       15.87150       15.81790       15.75650       15.70130       15.64210       15.59080       15.52780       15.48790       15.46320       15.47060       15.50420       15.54570       15.55390       15.58730       15.59140       15.61460       15.63600       15.67150       15.69120       15.69190       15.72720       15.77640    
   16.40350       16.39030       16.33180       16.26740       16.25840       16.17290       16.08350       15.85970       15.81090       15.74450       15.68320       15.62520       15.56760       15.50220       15.41870       15.36460       15.32000       15.34120       15.40190       15.43620       15.48180       15.51960       15.55110       15.55200       15.57480       15.59790       15.59680       15.63250       15.68290       15.73820    
   16.29520       16.37170       16.34760       16.27390       16.19570       15.95400       15.84350       15.80460       15.73990       15.67830       15.61980       15.56310       15.50620       15.44440       15.34260       15.28620       15.21870       15.26100       15.32610       15.38450       15.43110       15.46820       15.49840       15.49830       15.52030       15.51460       15.54590       15.58420       15.66150       15.70870    
   16.33220       16.31270       16.24650       16.21960       15.93370       15.87300       15.76190       15.73310       15.67450       15.61840       15.56500       15.51330       15.46210       15.34100       15.30490       15.27020       15.24780       15.26930       15.31670       15.36320       15.40140       15.43140       15.45570       15.45080       15.43950       15.46360       15.49430       15.56980       15.60920       15.66060    
   16.27800       16.26070       16.19500       15.86560       15.85320       15.79680       15.72020       15.66560       15.61310       15.56340       15.51670       15.47270       15.43100       15.31170       15.29640       15.28290       15.29490       15.30750       15.33460       15.36280       15.38550       15.40530       15.41920       15.43280       15.39030       15.41000       15.47670       15.50780       15.55010       15.60480    
   16.29270       16.24460       16.02580       15.78200       15.73190       15.76410       15.64970       15.60040       15.55400       15.51090       15.47180       15.43680       15.28520       15.36620       15.38520       15.36430       15.34890       15.34620       15.34670       15.34460       15.33820       15.32950       15.32220       15.29510       15.34370       15.32300       15.34310       15.37600       15.42290       15.53860    
   16.29200       16.08630       15.78200       15.69850       15.65340       15.65350       15.54230       15.53600       15.49520       15.45850       15.55890       15.51370       15.36380       15.41660       15.39770       15.39190       15.39280       15.38910       15.38100       15.36070       15.33240       15.30330       15.29110       15.27570       15.27010       15.23960       15.25540       15.28650       15.33380       15.39770    
   16.12590       15.78200       15.68670       15.63990       15.62650       15.51050       15.47010       15.43300       15.59630       15.57730       15.53150       15.44610       15.42310       15.40910       15.40120       15.40920       15.42370       15.43360       15.41520       15.37660       15.32350       15.27300       15.23140       15.20150       15.18480       15.18290       15.15630       15.18440       15.23090       15.29640    
   15.78200       15.68210       15.63320       15.62650       15.52370       15.43410       15.66080       15.60680       15.55670       15.45730       15.42500       15.41520       15.39730       15.38950       15.39360       15.40690       15.45360       15.47320       15.45220       15.37150       15.28780       15.21440       15.13420       15.08680       15.05630       15.04380       15.01340       15.03700       15.08190       15.14880    
   15.68010       15.62990       15.62650       15.52810       15.43410       15.62140       15.76940       15.70380       15.64170       15.58410       15.50120       15.46160       15.43070       15.41030       15.40240       15.40450       15.42830       15.46660       15.45030       15.32250       15.20220       15.10680       15.02960       14.97070       14.93060       14.90980       14.90940       14.89220       14.93400       14.99450    
   15.62820       15.62650       15.52960       15.43410       15.60830       15.76940       15.73660       15.70500       15.60770       15.50120       15.45450       15.41420       15.38180       15.35850       15.32800       15.32850       15.33080       15.34240       15.30430       15.20330       15.09530       14.98310       14.89830       14.83100       14.78250       14.75380       14.74600       14.76020       14.76060       14.82270    
   15.62650       15.53010       15.43410       15.60390       15.76940       15.75300       15.73700       15.63760       15.50120       15.47780       15.39870       15.35780       15.29580       15.26610       15.23750       15.22260       15.20160       15.17860       15.12610       15.04150       14.94380       14.84900       14.76480       14.67470       14.61970       14.58370       14.56830       14.57500       14.60500       14.63260    
   15.53020       15.43410       15.60250       15.76940       15.76120       15.75310       15.65720       15.50120       15.48950       15.39110       15.31180       15.26580       15.22080       15.17130       15.13630       15.10350       15.05700       15.01140       14.94760       14.86530       14.77270       14.67980       14.59390       14.51980       14.43980       14.39660       14.37310       14.37110       14.39210       14.44300    
   15.43410       15.60200       15.76940       15.76530       15.76120       15.66820       15.50120       15.49540       15.38730       15.28880       15.26580       15.24330       15.18330       15.07550       15.02630       14.97650       14.92270       14.84620       14.77170       14.68560       14.59270       14.49900       14.41040       14.33150       14.26560       14.21550       14.16330       14.15140       14.16730       14.20710    
   15.60180       15.76940       15.76730       15.76530       15.67400       15.50120       15.49830       15.38540       15.27730       15.26580       15.25460       15.19200       15.07550       15.05090       15.02610       14.97520       14.91510       14.84690       14.62880       14.50740       14.41010       14.31270       14.21970       14.13500       14.06180       14.00300       13.97130       13.95720       13.99510       13.98600    
   15.76940       15.76840       15.76740       15.67700       15.50120       15.49970       15.38440       15.27160       15.26580       15.26020       15.19700       15.07550       15.06320       15.05080       15.01740       14.97210       14.91240       14.62890       14.42030       14.33330       14.22930       14.12590       14.02670       13.94770       13.86550       13.79640       13.79750       13.75900       13.73860       13.73930    
   15.76890       15.76840       15.67850       15.50120       15.50050       15.38400       15.26870       15.26580       15.26300       15.19960       15.07550       15.06930       15.06320       15.04380       15.01350       14.96730       14.64470       14.37680       14.33330       14.21160       14.07210       13.95860       13.84980       13.74880       13.70580       13.63230       13.56670       13.51510       13.47980       13.46500    
   15.76890       15.67920       15.50120       15.50080       15.38370       15.26720       15.26580       15.26440       15.20100       15.07550       15.07240       15.06930       15.05880       15.04010       15.00820       14.58760       14.35510       14.33330       14.04880       13.92370       13.85000       13.78370       13.71130       13.60200       13.50510       13.41720       13.34080       13.27630       13.22530       13.19230    
   15.67960       15.50120       15.50100       15.38360       15.26650       15.26580       15.26510       15.20170       15.07550       15.07400       15.07240       15.06680       15.05610       14.68490       14.31950       13.96140       13.95750       13.87280       13.77040       13.72660       13.77540       13.66020       13.53000       13.41420       13.30840       13.21340       13.12910       13.05420       12.98840       12.93980    
   15.50120       15.50110       15.38360       15.26620       15.26580       15.26540       15.20200       15.07550       15.07470       15.07400       15.07110       15.06510       14.41430       13.63190       13.63230       13.68730       13.57170       13.58170       13.62990       13.66090       13.67780       13.52410       13.36090       13.23640       13.12410       13.02480       12.93710       12.85760       12.78760       12.71420    
   15.50120       15.38350       15.26600       15.26580       15.26560       15.20220       15.07550       15.07510       15.07470       15.07330       14.57490       13.83220       13.69840       13.63160       13.63150       13.63230       13.58750       13.56180       13.58170       13.55050       13.52950       13.37640       13.23020       13.07110       12.95430       12.85490       12.77050       12.69980       12.62810       12.55390    
   15.38350       15.26590       15.26580       15.26570       15.20230       15.07550       15.07530       15.07510       15.07440       14.47750       13.83220       13.83220       13.83220       13.69790       13.63090       13.63080       13.63230       13.57420       13.54190       13.58170       13.41300       13.24520       13.08500       12.94070       12.79970       12.70540       12.63560       12.57680       12.52370       12.47320    
   15.26580       15.26580       15.26580       15.20230       15.07550       15.07540       15.07530       14.90410       14.47840       13.83240       13.83220       13.83220       13.83220       13.83220       13.69690       13.62950       13.62930       13.63230       13.54100       13.50200       13.31940       13.13520       12.95770       12.79960       12.67520       12.57790       12.52720       12.49420       12.46970       12.45280    
   15.26580       15.26580       15.20230       15.07550       15.07550       14.90430       14.64750       14.51950       14.39150       14.01930       13.83290       13.83220       13.83220       13.83220       13.83220       13.69490       13.62690       13.62630       13.63230       13.44790       13.25340       13.05250       12.84730       12.67170       12.54340       12.47930       12.45180       12.45220       12.45930       12.47290    
   15.26580       15.20240       15.07550       15.07550       14.87020       14.64770       14.64770       14.64750       14.51950       14.39150       14.02060       13.83440       13.83220       13.83220       13.83220       13.83220       13.69130       13.62220       13.62030       13.43080       13.21240       13.00210       12.78310       12.57100       12.42250       12.39610       12.42400       12.45810       12.49060       12.52660    
