iMOD/TUTORIALS/TUT_MetaswapAnalyser/model_MetaSWAP/meteo/Precipitation/Precipitation_20051125_L1.ASC
NCOLS                30
NROWS                30
XLLCORNER     160000.00
YLLCORNER     340000.00
CELLSIZE        1000.00
NODATA_VALUE   -9999.00
   16.62980       15.94900       15.26690       14.58760       13.93970       13.33070       12.78440       12.26190       11.79520       11.55990       11.60340       11.69220       11.74310       11.72720       11.65170       11.59140       11.62930       11.34160       10.99600       10.59390       10.14330       9.597060       9.072730       8.471870       7.926850       7.383640       6.855930       6.363230       5.936560       5.629960    
   16.59170       15.88550       15.14960       14.46550       13.81250       13.17050       12.55320       11.93750       11.29770       10.98110       11.14740       11.25700       11.30520       11.34030       11.26700       11.34060       11.14480       10.81560       10.48690       10.11310       9.692900       9.183120       8.685970       8.110910       7.579880       7.040710       6.503300       5.981980       5.510840       5.143830    
   16.53750       15.82840       15.12650       14.45530       13.75800       13.10900       12.47990       11.87130       11.31590       11.01190       10.98840       11.01850       11.05600       11.00970       10.88800       10.88280       10.68570       10.43630       10.13810       9.792980       9.394830       8.918030       8.388180       7.892760       7.374700       6.840400       6.303950       5.755040       5.219770       4.720610    
   16.51720       15.81420       15.12160       14.46040       13.79600       13.15590       12.54710       11.97800       11.49520       11.17980       11.01770       10.94760       10.89360       10.78680       10.64460       10.57030       10.37160       10.13380       9.858000       9.541310       9.181340       8.712750       8.232590       7.770340       7.272680       6.755710       6.225280       5.686910       5.151870       4.623820    
   16.52650       15.83640       15.17750       14.51360       13.87180       13.25870       12.68480       12.14330       11.70690       11.37890       11.17400       10.99440       10.85290       10.69000       10.49270       10.33720       10.14390       9.917970       9.669050       9.385380       8.994090       8.624360       8.167850       7.723350       7.255290       6.770940       6.279310       5.800140       5.339400       4.971080    
   16.56070       15.90270       15.24390       14.60410       13.98890       13.40550       12.85550       12.34760       11.86060       11.59660       11.32870       11.10690       10.89650       10.66680       10.39250       10.18550       9.961440       9.747900       9.533260       9.286200       8.936660       8.596010       8.171930       7.758760       7.325550       6.882570       6.443710       6.034430       5.668800       5.409850    
   16.58610       15.96970       15.33520       14.72140       14.12000       13.56700       13.05470       12.46590       12.15890       11.80990       11.51160       11.24770       10.99710       10.73310       10.34470       10.10090       9.835610       9.646230       9.483600       9.230510       8.961180       8.645460       8.292290       7.866160       7.468710       7.070260       6.695660       6.344130       6.054510       5.862040    
   15.96610       15.99130       15.42510       14.83980       14.28080       13.76250       13.10750       12.78870       12.38840       12.03370       11.71800       11.42900       11.15090       10.86270       10.40100       10.14040       9.824680       9.673820       9.522530       9.321960       9.067010       8.767320       8.434320       8.033940       7.668830       7.321930       6.985660       6.690740       6.457080       6.310380    
   15.95010       16.08180       15.50370       14.98500       14.46210       13.95780       13.29820       13.01420       12.62180       12.26690       11.94400       11.64370       11.35450       10.73990       10.54440       10.31840       10.08520       9.899820       9.717920       9.504900       9.247460       8.952150       8.630500       8.247900       7.920260       7.595270       7.299960       7.048030       6.860000       6.747300    
   15.98240       16.17950       15.62630       15.11050       14.63780       14.15520       13.65690       13.23990       12.85700       12.50660       12.18430       11.88340       11.59590       10.92750       10.75800       10.57680       10.40790       10.20830       10.00300       9.769340       9.499910       9.186080       8.866210       8.541870       8.182310       7.883130       7.617340       7.402620       7.248200       7.163290    
   16.24290       15.92940       15.54420       15.26060       14.77470       14.57410       13.86540       13.46290       13.09100       12.74850       12.43230       12.13800       11.26070       11.29580       11.18850       10.98370       10.77060       10.54550       10.29610       10.01420       9.702490       9.372180       9.037080       8.719600       8.414250       8.053430       7.815620       7.631470       7.509600       7.548220    
   16.24770       15.74430       15.26060       15.09080       14.94380       14.75060       14.03360       13.68020       13.32010       12.98750       12.92360       12.60210       11.69360       11.66990       11.48740       11.31430       11.12970       10.91580       10.65580       10.34550       10.00100       9.643910       9.301430       8.968270       8.664190       8.327850       8.104720       7.938670       7.836720       7.803780    
   15.97810       15.26060       15.22480       15.16390       15.38400       14.62350       14.22590       13.85420       13.87930       13.54450       13.20610       12.26410       12.09700       11.94010       11.78140       11.64050       11.49120       11.30430       11.03750       10.68810       10.30630       9.915710       9.542060       9.197050       8.889400       8.626890       8.337720       8.182600       8.094240       8.077300    
   15.26060       15.28580       15.27400       15.38400       14.93280       14.79090       14.92130       14.51790       14.13880       13.63580       13.32620       12.49040       12.33490       12.19250       12.06370       11.93800       11.82870       11.69650       11.43280       11.01960       10.57490       10.14760       9.694900       9.327440       9.005920       8.736270       8.452590       8.301040       8.220470       8.215940    
   15.31490       15.32900       15.38400       15.03590       14.79090       14.86060       14.86960       14.50310       14.15850       13.83620       12.79990       12.64540       12.50380       12.37600       12.26300       12.17240       12.08920       12.03610       11.79760       11.25250       10.75550       10.29580       9.875400       9.497950       9.168060       8.891000       8.672590       8.444360       8.359790       8.339090    
   15.35650       15.38400       15.07030       14.79090       14.84040       14.86960       14.68630       14.51040       13.91270       13.15280       12.98830       12.83440       12.69150       12.55970       12.52880       12.40580       12.13560       12.03020       11.76730       11.31960       10.83980       10.38690       9.960890       9.574940       9.234990       8.946970       8.717040       8.551590       8.384640       8.368510    
   15.38400       15.08170       14.79090       14.83360       14.86960       14.77800       14.68880       14.06550       13.15280       13.07050       13.05100       13.00420       12.98220       12.83490       12.39750       12.28840       12.14660       11.96560       11.68260       11.29520       10.85810       10.41660       9.994090       9.613450       9.263970       8.962230       8.715360       8.530470       8.414490       8.313650    
   15.08550       14.79090       14.83140       14.86960       14.82380       14.77880       14.17130       13.15280       13.11170       13.13790       13.13970       13.27530       13.12190       12.59290       12.46360       12.31940       12.12740       11.90270       11.60720       11.24260       10.83400       10.41060       9.994110       9.599470       9.247710       8.927920       8.657910       8.445770       8.299330       8.229780    
   14.79090       14.83060       14.86960       14.84670       14.82410       14.23170       13.15280       13.13220       13.17700       13.20750       13.27530       13.19860       12.91410       12.66640       12.51220       12.33690       12.12950       11.85370       11.54710       11.18920       10.79420       10.38060       9.965970       9.564320       9.187080       8.844080       8.554130       8.307170       8.125930       8.059310    
   14.83040       14.86960       14.85810       14.84680       14.26380       13.15280       13.14250       13.19580       13.24140       13.27530       13.23690       13.01360       12.66640       12.58930       12.50520       12.32620       12.10670       11.84340       11.37140       11.14640       10.75470       10.34290       9.924430       9.511340       9.114430       8.743600       8.486470       8.214680       8.008400       7.806680    
   14.86960       14.86390       14.85820       14.28040       13.15280       13.14770       13.20490       13.25840       13.27530       13.25610       13.04810       12.66640       12.62780       12.58700       12.47360       12.31270       12.09210       11.51520       11.13360       11.12070       10.72630       10.31040       9.883210       9.554420       9.123640       8.711710       8.385070       8.037190       7.739140       7.506860    
   14.86670       14.86390       14.28880       13.15280       13.15020       13.20950       13.26680       13.27530       13.26570       13.06150       12.66640       12.64710       12.62710       12.56280       12.45770       12.29280       11.63360       11.12710       11.12070       10.90700       10.87390       10.42760       9.970050       9.508240       9.089500       8.635210       8.208110       7.807000       7.447410       7.158110    
   14.86670       14.29310       13.15280       13.15150       13.21180       13.27110       13.27530       13.27050       13.06720       12.66640       12.65680       12.64690       12.61230       12.54920       12.43780       11.78420       11.12390       11.12070       11.00760       10.95400       10.65150       10.46040       9.964500       9.491390       9.018840       8.540470       8.067310       7.607730       7.176560       6.799770    
   14.29520       13.15280       13.15220       13.21290       13.27320       13.27530       13.27290       13.06990       12.66640       12.66160       12.65670       12.63870       12.60280       12.44320       12.02790       11.42250       11.41320       11.22890       11.02700       11.04900       11.03400       10.46140       9.979030       9.496690       8.999710       8.492470       7.979180       7.465250       6.960490       6.497910    
   13.15280       13.15250       13.21350       13.27420       13.27530       13.27410       13.07110       12.66640       12.66400       12.66160       12.65230       12.63270       12.41110       12.18150       12.17360       11.80030       11.73040       11.70580       11.28310       11.07820       11.06390       10.57910       10.04070       9.546960       9.034980       8.507790       7.967060       7.413830       6.860000       6.290910    
   13.15260       13.21380       13.27480       13.27530       13.27470       13.07170       12.66640       12.66520       12.66400       12.65930       12.72090       12.82890       12.40360       12.18910       12.18930       12.17360       11.88380       11.75500       11.70580       11.29970       11.13660       10.68750       10.20930       9.651210       9.133540       8.600080       8.051150       7.494270       6.909500       6.305500    
   13.21390       13.27500       13.27530       13.27500       13.07200       12.66640       12.66580       12.66520       12.66280       12.74040       12.82890       12.82890       12.82890       12.41480       12.20440       12.20510       12.17360       11.90080       11.80430       11.70580       11.29240       10.84280       10.36310       9.860970       9.299570       8.775180       8.246960       7.701010       7.145000       6.592860    
   13.27520       13.27530       13.27520       13.07220       12.66640       12.66610       12.66580       12.93870       12.96680       12.82970       12.82890       12.82890       12.82890       12.82890       12.43650       12.23460       12.23650       12.17360       11.91970       11.90270       11.49510       11.04810       10.56950       10.07100       9.565610       9.033950       8.535690       8.034680       7.538960       7.073950    
   13.27530       13.27520       13.07230       12.66640       12.66630       12.99290       13.48340       13.62210       13.76080       13.14170       12.83130       12.82890       12.82890       12.82890       12.82890       12.47750       12.29380       12.29940       12.17360       11.89680       11.56370       11.17710       10.72590       10.32680       9.844060       9.381540       8.913660       8.472090       8.045100       7.659320    
   13.27530       13.07230       12.66640       12.66630       13.05810       13.48300       13.48300       13.48340       13.62210       13.76080       13.14570       12.83600       12.82890       12.82890       12.82890       12.82890       12.55070       12.40830       12.42530       12.17720       11.81740       11.46360       11.05220       10.60050       10.15940       9.781130       9.420840       8.996780       8.627800       8.302680    
