iMOD/TUTORIALS/TUT_MetaswapAnalyser/model_MetaSWAP/meteo/Precipitation/Precipitation_20060501_L1.ASC
NCOLS                30
NROWS                30
XLLCORNER     160000.00
YLLCORNER     340000.00
CELLSIZE        1000.00
NODATA_VALUE   -9999.00
   1.507400       1.532580       1.557620       1.586130       1.634100       1.705830       1.818450       1.952910       2.089800       2.197420       2.270320       2.327370       2.377700       2.410210       2.441270       2.474490       2.472630       2.479920       2.472200       2.455440       2.431280       2.391190       2.356490       2.311620       2.274140       2.236850       2.201480       2.170830       2.149890       2.147640    
   1.497370       1.526760       1.556310       1.597410       1.660670       1.738190       1.843420       1.970550       2.111270       2.221110       2.274220       2.328410       2.377790       2.421660       2.457340       2.470440       2.483370       2.469340       2.461920       2.439390       2.409280       2.365020       2.326010       2.278220       2.238290       2.198900       2.161000       2.126250       2.106100       2.095480    
   1.488810       1.522980       1.562270       1.620710       1.678820       1.757400       1.855810       1.970430       2.088300       2.187420       2.256910       2.316530       2.376220       2.420440       2.455340       2.472730       2.485590       2.482730       2.465070       2.435760       2.404950       2.355970       2.304960       2.262370       2.220530       2.179780       2.148440       2.108710       2.071780       2.041350    
   1.484360       1.521920       1.565430       1.627120       1.688860       1.764760       1.854900       1.955730       2.053420       2.147870       2.224060       2.294310       2.360340       2.411700       2.459730       2.487630       2.503860       2.499320       2.475680       2.438650       2.394550       2.345830       2.292480       2.257880       2.215960       2.176250       2.138460       2.102240       2.068130       2.036200    
   1.481830       1.521200       1.576170       1.627850       1.689180       1.761270       1.843640       1.934060       2.022910       2.108600       2.198110       2.269080       2.340320       2.403060       2.459180       2.502120       2.530230       2.524210       2.492130       2.445270       2.385490       2.334700       2.280130       2.242330       2.204030       2.170180       2.140670       2.117050       2.099760       2.100250    
   1.479790       1.527130       1.571720       1.623030       1.682170       1.749600       1.834640       1.906330       1.990830       2.080360       2.156840       2.231900       2.307990       2.377800       2.453710       2.515290       2.551530       2.541090       2.492940       2.432040       2.365220       2.311420       2.258390       2.219610       2.188310       2.167720       2.150440       2.142830       2.146720       2.171810    
   1.483240       1.519880       1.563730       1.613260       1.683720       1.744160       1.810640       1.881220       1.965790       2.037140       2.109080       2.182020       2.257220       2.336230       2.424760       2.507390       2.573260       2.550240       2.473430       2.392590       2.327500       2.274730       2.233530       2.195590       2.174020       2.161770       2.160350       2.168960       2.194020       2.236960    
   1.464250       1.533970       1.571040       1.616110       1.666220       1.763630       1.786790       1.863590       1.925440       1.989010       2.054030       2.121010       2.191220       2.265900       2.360700       2.448620       2.546960       2.501860       2.404810       2.326840       2.266080       2.220860       2.189310       2.162660       2.153500       2.156210       2.168640       2.193530       2.236640       2.293310    
   1.477210       1.522190       1.560210       1.598710       1.698650       1.744760       1.756860       1.828120       1.881490       1.936220       1.992150       2.049600       2.109370       2.192510       2.254760       2.316930       2.360810       2.343450       2.282840       2.224590       2.179450       2.148870       2.131790       2.119670       2.126330       2.142650       2.170410       2.214810       2.268690       2.338860    
   1.465210       1.508410       1.543650       1.648800       1.682990       1.723400       1.746710       1.790350       1.834960       1.880050       1.925300       1.970630       2.016120       2.085090       2.122390       2.155960       2.173490       2.160820       2.129900       2.098330       2.076250       2.061360       2.062410       2.074380       2.089730       2.121460       2.168460       2.222810       2.290730       2.373550    
   1.469780       1.505760       1.584360       1.636590       1.669830       1.720980       1.715670       1.751590       1.787420       1.822550       1.856420       1.888480       1.952600       1.986000       2.001990       2.002740       1.996410       1.979490       1.960800       1.948870       1.948070       1.958600       1.979260       2.010080       2.054210       2.084570       2.141050       2.209140       2.290260       2.396800    
   1.470670       1.549120       1.636590       1.654310       1.652380       1.703290       1.687880       1.713300       1.740690       1.766160       1.818550       1.833520       1.881950       1.887380       1.872100       1.851160       1.825390       1.804780       1.794180       1.801230       1.823680       1.856840       1.902640       1.950270       2.004360       2.055080       2.124390       2.204360       2.296650       2.402580    
   1.523710       1.636590       1.651190       1.655410       1.658440       1.635440       1.658400       1.680030       1.741850       1.751360       1.759780       1.832030       1.814340       1.789660       1.755670       1.715210       1.670860       1.634910       1.630260       1.657490       1.707060       1.763150       1.823020       1.886030       1.953140       2.025980       2.094490       2.183670       2.284650       2.399150    
   1.636590       1.650790       1.656920       1.658440       1.635830       1.613620       1.686600       1.698560       1.707380       1.707820       1.707800       1.774650       1.745690       1.708410       1.661470       1.603210       1.539630       1.479680       1.469830       1.529280       1.603280       1.678490       1.747090       1.820380       1.895880       1.975820       2.051760       2.146740       2.253330       2.373660    
   1.650870       1.657680       1.658440       1.635960       1.613620       1.659960       1.679660       1.685620       1.687870       1.685450       1.770780       1.739830       1.701710       1.655030       1.598520       1.527230       1.450120       1.362940       1.341850       1.434550       1.527920       1.612020       1.692620       1.771910       1.852220       1.935960       2.025610       2.112370       2.220820       2.348520    
   1.658060       1.658440       1.636010       1.613620       1.651080       1.679660       1.682640       1.684380       1.707970       1.772940       1.743410       1.708210       1.666370       1.617020       1.563980       1.498420       1.415110       1.355670       1.349680       1.411090       1.489230       1.576510       1.656660       1.736220       1.816800       1.900400       1.989320       2.085970       2.181220       2.300700    
   1.658440       1.636020       1.613620       1.648120       1.679660       1.681150       1.682230       1.711980       1.772940       1.758180       1.718360       1.690100       1.653950       1.605960       1.530250       1.478330       1.424110       1.389740       1.389260       1.426650       1.485780       1.553360       1.623940       1.707480       1.783240       1.862160       1.946070       2.037170       2.137800       2.233590    
   1.636030       1.613620       1.647130       1.679660       1.680400       1.681010       1.712080       1.772940       1.765560       1.722040       1.683610       1.677120       1.639850       1.576240       1.534350       1.493070       1.450620       1.429270       1.430560       1.456210       1.500120       1.554650       1.614790       1.678270       1.756250       1.827130       1.902680       1.984790       2.075650       2.171900    
   1.613620       1.646800       1.679660       1.680030       1.680360       1.711610       1.772940       1.769250       1.723600       1.680360       1.677120       1.658480       1.619930       1.586520       1.551770       1.519630       1.494500       1.470490       1.472210       1.490860       1.523700       1.566470       1.615510       1.668600       1.724860       1.784480       1.860200       1.930460       2.003400       2.094540    
   1.646690       1.679660       1.679850       1.680020       1.711230       1.772940       1.771090       1.724330       1.678740       1.677120       1.667800       1.635510       1.586520       1.569140       1.552640       1.521970       1.494870       1.479070       1.505800       1.528080       1.552570       1.585280       1.623660       1.665840       1.710820       1.758510       1.813020       1.862770       1.928090       2.010970    
   1.679660       1.679750       1.679840       1.711010       1.772940       1.772020       1.724680       1.677930       1.677120       1.672460       1.641740       1.586520       1.577830       1.569440       1.547920       1.523160       1.498640       1.518970       1.547720       1.567370       1.585240       1.609400       1.637980       1.673210       1.706270       1.740900       1.774880       1.814770       1.860550       1.915400    
   1.679710       1.679750       1.710890       1.772940       1.772480       1.724860       1.677530       1.677120       1.674790       1.644460       1.586520       1.582180       1.577930       1.565060       1.546840       1.523240       1.533140       1.557550       1.567370       1.593090       1.626670       1.643020       1.662380       1.683320       1.706890       1.727420       1.748190       1.770670       1.797150       1.830610    
   1.679710       1.710820       1.772940       1.772710       1.724940       1.677320       1.677120       1.675960       1.645720       1.586520       1.584350       1.582210       1.575060       1.563280       1.545050       1.581820       1.562460       1.567370       1.651200       1.680270       1.680960       1.674440       1.696600       1.707220       1.715120       1.722170       1.727880       1.732790       1.738980       1.750910    
   1.710790       1.772940       1.772820       1.724990       1.677220       1.677120       1.676540       1.646330       1.586520       1.585430       1.584360       1.580540       1.573510       1.676900       1.728840       1.744370       1.743420       1.744330       1.746310       1.764060       1.733870       1.726810       1.732780       1.733520       1.732180       1.727710       1.719560       1.707770       1.693540       1.678340    
   1.772940       1.772880       1.725010       1.677170       1.677120       1.676830       1.646630       1.586520       1.585980       1.585440       1.583440       1.579470       1.777050       2.026160       2.024220       1.914300       1.927240       1.919460       1.837280       1.794610       1.794250       1.799170       1.775230       1.769580       1.760310       1.746240       1.726520       1.700750       1.666990       1.630580    
   1.772910       1.725020       1.677150       1.677120       1.676970       1.646770       1.586520       1.586250       1.585980       1.584950       1.825690       2.190040       2.082410       2.028130       2.028100       2.024220       1.962320       1.935010       1.919460       1.871010       1.855700       1.851050       1.844660       1.815730       1.800760       1.779610       1.751580       1.714690       1.672440       1.623160    
   1.725020       1.677130       1.677120       1.677050       1.646850       1.586520       1.586380       1.586250       1.585730       1.875340       2.190040       2.190040       2.190040       2.085320       2.032070       2.031980       2.024220       1.970580       1.950570       1.919460       1.914640       1.909050       1.901010       1.888580       1.854180       1.828590       1.794310       1.754630       1.710080       1.663550    
   1.677130       1.677120       1.677080       1.646880       1.586520       1.586450       1.586380       1.803110       1.995020       2.190200       2.190040       2.190040       2.190040       2.190040       2.091070       2.040020       2.039750       2.024220       1.988080       1.981670       1.977650       1.972720       1.965160       1.952640       1.932540       1.891830       1.855920       1.815360       1.773610       1.736100    
   1.677120       1.677100       1.646900       1.586520       1.586490       1.946250       2.485910       2.470000       2.454080       2.278500       2.190530       2.190040       2.190040       2.190040       2.190040       2.102240       2.056090       2.055270       2.024220       2.026950       2.029420       2.030670       2.030770       2.026960       2.007240       1.976520       1.931040       1.890880       1.853140       1.823410    
   1.677110       1.646910       1.586520       1.586500       2.018260       2.485970       2.485970       2.485910       2.470000       2.454080       2.279330       2.191510       2.190040       2.190040       2.190040       2.190040       2.123070       2.088770       2.086330       2.091520       2.100670       2.103760       2.105570       2.103930       2.091450       2.060700       2.021620       1.976770       1.940110       1.915710    
