iMOD/TUTORIALS/TUT_MetaswapAnalyser/model_MetaSWAP/meteo/Precipitation/Precipitation_20061114_L1.ASC
NCOLS                30
NROWS                30
XLLCORNER     160000.00
YLLCORNER     340000.00
CELLSIZE        1000.00
NODATA_VALUE   -9999.00
   3.281580       3.395030       3.514000       3.630600       3.723180       3.757130       3.715960       3.631550       3.527080       3.402300       3.258610       3.117520       2.983380       2.869640       2.760250       2.670430       2.597390       2.543150       2.496150       2.463650       2.443980       2.427940       2.427960       2.428970       2.444210       2.465020       2.490490       2.519870       2.552680       2.581520    
   3.354080       3.453990       3.552420       3.642280       3.705490       3.728200       3.702530       3.640030       3.556080       3.440710       3.292770       3.145750       3.007560       2.892590       2.779750       2.688020       2.608070       2.553840       2.519820       2.493130       2.479240       2.468540       2.471740       2.474460       2.488550       2.505890       2.525500       2.546580       2.575900       2.592380    
   3.402970       3.488850       3.569680       3.635680       3.682490       3.696320       3.674450       3.620830       3.540750       3.430970       3.296630       3.154300       3.018940       2.896200       2.783450       2.689450       2.610650       2.553450       2.516760       2.497140       2.500370       2.496800       2.497930       2.510000       2.524260       2.539610       2.563010       2.576280       2.581180       2.593600    
   3.436310       3.508960       3.574220       3.624340       3.656290       3.662130       3.639180       3.589430       3.511530       3.408190       3.285070       3.150850       3.014370       2.889670       2.770460       2.671340       2.592560       2.540650       2.513750       2.505680       2.509540       2.522620       2.530850       2.554700       2.569160       2.582340       2.593530       2.602000       2.601560       2.605610    
   3.458430       3.519460       3.570530       3.610190       3.631740       3.631090       3.605940       3.555960       3.481680       3.385310       3.261010       3.137610       3.006070       2.878280       2.750390       2.642540       2.565960       2.521870       2.510380       2.519100       2.529770       2.550370       2.565840       2.592430       2.607680       2.619840       2.628680       2.626260       2.630760       2.633220    
   3.472720       3.523250       3.565800       3.595810       3.609580       3.604070       3.577510       3.528630       3.431570       3.347010       3.244240       3.127320       2.998070       2.867190       2.732320       2.611180       2.521770       2.488140       2.500300       2.530750       2.557660       2.587770       2.608770       2.629000       2.644650       2.662390       2.669040       2.664230       2.666090       2.665980    
   3.483690       3.525530       3.560020       3.582820       3.591430       3.582690       3.555380       3.467820       3.408760       3.330710       3.236000       3.126580       3.004500       2.871030       2.727490       2.586830       2.469030       2.455580       2.506810       2.556200       2.601840       2.638380       2.666380       2.682160       2.696150       2.705000       2.699850       2.702360       2.705390       2.701840    
   3.496320       3.527260       3.555030       3.572610       3.577220       3.512880       3.483360       3.447330       3.393750       3.324050       3.239120       3.140060       3.027950       2.903420       2.760950       2.616500       2.464000       2.481930       2.558070       2.621180       2.670160       2.706550       2.732300       2.744600       2.754490       2.748330       2.749850       2.748170       2.742510       2.735810    
   3.501920       3.528580       3.551890       3.564820       3.496820       3.492220       3.464100       3.433210       3.387110       3.327240       3.254240       3.169010       3.072510       2.952390       2.842520       2.730400       2.643510       2.633980       2.678100       2.726610       2.765830       2.793710       2.811470       2.816160       2.808000       2.806970       2.802800       2.794690       2.786260       2.775680    
   3.507570       3.530210       3.550270       3.468080       3.478850       3.475700       3.451350       3.425320       3.387730       3.338970       3.279810       3.211290       3.134870       3.037080       2.957830       2.884390       2.836440       2.822370       2.838250       2.862530       2.882300       2.897380       2.901750       2.899980       2.877400       2.868120       2.855520       2.843540       2.830520       2.816300    
   3.504040       3.529350       3.500250       3.452440       3.459700       3.459380       3.441510       3.422100       3.393650       3.356780       3.312490       3.262220       3.183670       3.192550       3.137420       3.080930       3.037060       3.014660       3.005060       2.998060       2.987540       2.972470       2.954140       2.924290       2.901350       2.883640       2.865660       2.849130       2.833860       2.856010    
   3.502120       3.496520       3.452440       3.447310       3.446190       3.445060       3.431580       3.421620       3.402410       3.377440       3.458070       3.410050       3.346500       3.318320       3.277600       3.248100       3.229980       3.210860       3.192120       3.163610       3.127230       3.087750       3.037590       3.000300       2.966640       2.933050       2.906750       2.884020       2.864450       2.847440    
   3.480520       3.452440       3.442310       3.438560       3.430920       3.427260       3.425810       3.419250       3.566470       3.543010       3.510530       3.482920       3.451260       3.425500       3.408350       3.403720       3.408750       3.411930       3.382420       3.329750       3.255210       3.187620       3.126110       3.071970       3.025130       2.985100       2.947160       2.918700       2.895240       2.876100    
   3.452440       3.440100       3.434740       3.430920       3.424970       3.416740       3.630700       3.615240       3.596170       3.567160       3.546220       3.544640       3.527530       3.518360       3.520560       3.536570       3.568040       3.599150       3.579980       3.476580       3.373470       3.280340       3.193450       3.123610       3.064540       3.015060       2.970530       2.937050       2.910480       2.890060    
   3.439070       3.432830       3.430920       3.424210       3.416740       3.561850       3.638110       3.627830       3.615180       3.601480       3.608250       3.594820       3.587210       3.588410       3.601690       3.633570       3.679360       3.742680       3.733530       3.590130       3.446820       3.334700       3.239470       3.158950       3.091320       3.035100       2.989040       2.948690       2.919900       2.881450    
   3.431870       3.430920       3.423960       3.416740       3.538900       3.638110       3.632970       3.627040       3.624600       3.653900       3.642480       3.634430       3.631870       3.637110       3.637730       3.665260       3.722320       3.750540       3.716780       3.605240       3.483810       3.352230       3.250730       3.163540       3.089730       3.028230       2.978030       2.938220       2.905550       2.884160    
   3.430920       3.423870       3.416740       3.531250       3.638110       3.635540       3.632710       3.634630       3.653900       3.648190       3.660240       3.661250       3.640040       3.642630       3.693960       3.700070       3.708670       3.701800       3.657430       3.572370       3.469480       3.367010       3.272720       3.162050       3.087080       3.023970       2.972170       2.931010       2.899750       2.878940    
   3.423840       3.416740       3.528700       3.638110       3.636830       3.635450       3.639190       3.653900       3.651040       3.671330       3.685190       3.709140       3.691890       3.702600       3.692250       3.682750       3.672110       3.644880       3.593990       3.518950       3.429350       3.336340       3.247370       3.166310       3.068000       3.005150       2.953180       2.911710       2.880130       2.860920    
   3.416740       3.527850       3.638110       3.637470       3.636800       3.641340       3.653900       3.652470       3.676520       3.697170       3.709140       3.700520       3.700220       3.697260       3.675600       3.651650       3.620980       3.585790       3.529360       3.457480       3.375190       3.289290       3.205560       3.127870       3.058440       2.998310       2.922050       2.881140       2.853070       2.821410    
   3.527570       3.638110       3.637790       3.637460       3.642380       3.653900       3.653190       3.679040       3.703150       3.709140       3.704830       3.701780       3.697260       3.686430       3.674840       3.649410       3.619470       3.578710       3.458370       3.392610       3.313440       3.231750       3.151910       3.077320       3.010210       2.951850       2.892940       2.855920       2.784820       2.750900    
   3.638110       3.637950       3.637790       3.642880       3.653900       3.653540       3.680280       3.706150       3.709140       3.706980       3.703250       3.697260       3.691840       3.686180       3.670230       3.647910       3.615860       3.468560       3.359620       3.326630       3.247720       3.167710       3.090060       3.006650       2.942350       2.886610       2.795640       2.760470       2.735840       2.721780    
   3.638030       3.637950       3.643130       3.653900       3.653720       3.680900       3.707640       3.709140       3.708060       3.704160       3.697260       3.694550       3.691760       3.682750       3.668100       3.644670       3.480420       3.343130       3.326630       3.246680       3.165700       3.086800       3.010910       2.940740       2.831990       2.778390       2.735700       2.703320       2.681260       2.670140    
   3.638030       3.643250       3.653900       3.653810       3.681210       3.708390       3.709140       3.708600       3.704660       3.697260       3.695910       3.694520       3.689690       3.680870       3.665170       3.450510       3.334880       3.326630       3.156570       3.090650       3.037450       3.017190       2.893530       2.823330       2.762950       2.713030       2.673540       2.644360       2.625060       2.615720    
   3.643310       3.653900       3.653860       3.681370       3.708770       3.709140       3.708870       3.704910       3.697260       3.696580       3.695900       3.693370       3.688360       3.488800       3.302130       3.126400       3.124470       3.063970       2.993080       2.962300       3.015610       2.901960       2.821850       2.751950       2.692930       2.645770       2.610310       2.585460       2.569820       2.568450    
   3.653900       3.653880       3.681440       3.708950       3.709140       3.709010       3.705050       3.697260       3.696920       3.696580       3.695280       3.692540       3.342340       2.920220       2.919470       2.970350       2.919860       2.922310       2.921270       2.926290       2.908990       2.815930       2.751600       2.680150       2.622160       2.578610       2.548710       2.530260       2.525610       2.521000    
   3.653890       3.681480       3.709050       3.709140       3.709070       3.705110       3.697260       3.697090       3.696920       3.696260       3.460430       3.108870       2.983710       2.920950       2.920970       2.919470       2.917610       2.917420       2.922310       2.874160       2.854280       2.756350       2.667400       2.609160       2.551770       2.512890       2.490900       2.486450       2.486180       2.490310    
   3.681500       3.709090       3.709140       3.709110       3.705150       3.697260       3.697180       3.697090       3.696760       3.414270       3.108870       3.108870       3.108870       2.984780       2.922400       2.922470       2.919470       2.911260       2.912530       2.922310       2.811070       2.703820       2.606490       2.526030       2.482200       2.449530       2.441890       2.447270       2.461900       2.481800    
   3.709120       3.709140       3.709120       3.705160       3.697260       3.697220       3.697180       3.700870       3.490130       3.109200       3.108870       3.108870       3.108870       3.108870       2.986900       2.925270       2.925470       2.919470       2.890750       2.902740       2.781230       2.662010       2.552260       2.462290       2.403360       2.390890       2.396990       2.420850       2.454120       2.492840    
   3.709140       3.709130       3.705170       3.697260       3.697240       3.743250       3.812200       3.762340       3.712460       3.310980       3.109870       3.108870       3.108870       3.108870       3.108870       2.990980       2.930860       2.931470       2.919470       2.818460       2.708960       2.594590       2.476230       2.400580       2.338060       2.329100       2.364680       2.411390       2.464770       2.521370    
   3.709140       3.705180       3.697260       3.697250       3.752580       3.812390       3.812390       3.812200       3.762350       3.712460       3.312700       3.111870       3.108870       3.108870       3.108870       3.108870       2.998700       2.941650       2.943460       2.839620       2.706900       2.586740       2.459880       2.339600       2.270270       2.297000       2.367840       2.424450       2.498240       2.569100    
