iMOD/TUTORIALS/TUT_MetaswapAnalyser/model_MetaSWAP/meteo/Precipitation/Precipitation_20060228_L1.ASC
NCOLS                30
NROWS                30
XLLCORNER     160000.00
YLLCORNER     340000.00
CELLSIZE        1000.00
NODATA_VALUE   -9999.00
   8.066190       7.980710       7.896880       7.802210       7.664540       7.427300       7.076910       6.682660       6.323980       6.132290       6.138400       6.205880       6.288570       6.380650       6.463880       6.549070       6.666540       6.696380       6.719300       6.725100       6.715900       6.683710       6.651350       6.601710       6.557160       6.507790       6.454070       6.395840       6.332120       6.265630    
   8.157660       8.058600       7.980330       7.851050       7.676800       7.431360       7.110670       6.738480       6.341610       6.151660       6.276340       6.396760       6.512560       6.635750       6.737790       6.875390       6.945460       6.999680       7.012560       7.016100       7.002450       6.965460       6.927460       6.873150       6.823840       6.770630       6.714190       6.654540       6.641060       6.565120    
   8.239650       8.130430       8.009250       7.866630       7.721850       7.488660       7.207950       6.899320       6.612290       6.479720       6.537180       6.650150       6.779980       6.907690       7.026410       7.165500       7.245840       7.297660       7.321210       7.320230       7.285880       7.241450       7.186090       7.135780       7.081660       7.025080       7.023960       6.953560       6.885120       6.804010    
   8.306710       8.193000       8.066990       7.925230       7.752920       7.551110       7.326700       7.130510       6.939640       6.847520       6.864830       6.951270       7.069690       7.202920       7.329460       7.467210       7.556810       7.609730       7.626740       7.614870       7.582760       7.513260       7.451060       7.458730       7.394640       7.327780       7.258670       7.187400       7.118380       7.038750    
   8.364550       8.252140       8.136180       7.998910       7.844810       7.675670       7.500680       7.340090       7.216940       7.162910       7.169590       7.257520       7.378950       7.521980       7.644480       7.782350       7.920870       7.979070       7.989160       7.965200       7.912790       7.856320       7.778070       7.696230       7.626840       7.556610       7.485690       7.420520       7.344220       7.263610    
   8.416300       8.320680       8.206250       8.082870       7.950850       7.814040       7.680580       7.568940       7.442930       7.425290       7.460270       7.544960       7.663020       7.810460       7.949440       8.119470       8.247580       8.299870       8.285150       8.236180       8.165320       8.094720       8.007090       7.932200       7.857730       7.773670       7.701880       7.636900       7.561800       7.482880    
   8.484890       8.381040       8.278290       8.171240       8.060510       7.952700       7.854400       7.711530       7.674560       7.674150       7.718530       7.805290       7.927960       8.073460       8.206440       8.410800       8.583570       8.617930       8.558240       8.474880       8.392690       8.310570       8.229840       8.136000       8.059000       7.984640       7.921240       7.848700       7.769940       7.695730    
   8.532820       8.442840       8.347490       8.257060       8.168280       8.018650       7.929890       7.889060       7.871040       7.887020       7.939970       8.029220       8.151320       8.296070       8.407730       8.629760       8.857280       8.859460       8.764890       8.672950       8.583180       8.496090       8.412250       8.316810       8.239740       8.176800       8.106660       8.039150       7.944240       7.886740    
   8.573630       8.496330       8.419390       8.338880       8.181750       8.126390       8.056340       8.036830       8.036080       8.064080       8.123010       8.212580       8.330270       8.346910       8.540700       8.737350       8.893890       8.937270       8.888850       8.813460       8.730510       8.646530       8.564640       8.470950       8.406720       8.337140       8.272560       8.176660       8.127420       8.078570    
   8.610330       8.544120       8.479790       8.308030       8.256530       8.218210       8.168740       8.158840       8.170440       8.206480       8.268330       8.355450       8.465160       8.453730       8.621000       8.784250       8.912710       8.966480       8.956250       8.907590       8.840380       8.761210       8.685120       8.612030       8.536330       8.472780       8.376860       8.331640       8.291670       8.254500    
   8.610610       8.544750       8.422030       8.356190       8.321090       8.291250       8.254400       8.255580       8.275530       8.316200       8.378270       8.460790       8.354290       8.575640       8.721400       8.845710       8.937600       8.983480       8.981240       8.942530       8.882000       8.811600       8.739440       8.679350       8.576630       8.504920       8.460620       8.425810       8.399250       8.409890    
   8.610930       8.483390       8.356190       8.360880       8.367800       8.351610       8.323180       8.328190       8.353270       8.395830       8.551730       8.615760       8.486860       8.637520       8.749290       8.860170       8.944460       8.994220       9.002290       8.974460       8.922870       8.859750       8.769450       8.705400       8.649420       8.587040       8.550900       8.526110       8.512120       8.507600    
   8.532010       8.356190       8.374650       8.383110       8.398430       8.368390       8.368880       8.382040       8.545000       8.572310       8.616110       8.432360       8.543650       8.657390       8.756980       8.860140       8.943280       8.995450       9.011410       8.980250       8.923620       8.860970       8.797690       8.739410       8.689680       8.650790       8.606390       8.591580       8.590100       8.601500    
   8.356190       8.380010       8.390770       8.398430       8.386080       8.391410       8.573990       8.578390       8.593860       8.626210       8.663400       8.450240       8.552160       8.655670       8.756780       8.842650       8.925900       8.989040       9.003690       8.969940       8.914100       8.853220       8.776870       8.721020       8.674990       8.641090       8.605520       8.599520       8.609620       8.636270    
   8.382310       8.394600       8.398430       8.391970       8.391410       8.519290       8.592480       8.597310       8.611700       8.635680       8.372590       8.459540       8.549910       8.641360       8.731090       8.801250       8.885490       8.960620       8.981570       8.916520       8.859440       8.796930       8.738560       8.687570       8.646710       8.618270       8.604170       8.590450       8.609010       8.636030    
   8.396510       8.398430       8.393940       8.391410       8.501060       8.592480       8.594890       8.600500       8.535450       8.297120       8.370760       8.447790       8.526760       8.605750       8.681580       8.753130       8.815030       8.864160       8.869250       8.823610       8.762370       8.717720       8.663420       8.616080       8.578630       8.553550       8.542950       8.548680       8.557820       8.600900    
   8.398430       8.394590       8.391410       8.494980       8.592480       8.593690       8.595960       8.506990       8.297120       8.333940       8.394760       8.422060       8.488650       8.553190       8.632300       8.681040       8.712120       8.739080       8.736820       8.704660       8.655410       8.600670       8.547500       8.524550       8.490330       8.467700       8.458930       8.465930       8.490260       8.532380    
   8.394810       8.391410       8.492960       8.592480       8.593080       8.594040       8.498440       8.297120       8.315530       8.378190       8.429060       8.436060       8.481090       8.514760       8.553260       8.584630       8.598340       8.609830       8.600920       8.572130       8.529590       8.480860       8.432200       8.388310       8.376440       8.354300       8.344970       8.350320       8.371780       8.421340    
   8.391410       8.492280       8.592480       8.592780       8.593200       8.495670       8.297120       8.306330       8.371890       8.432560       8.436060       8.458570       8.468820       8.443360       8.466610       8.482010       8.486540       8.479700       8.463550       8.433170       8.392300       8.346020       8.299330       8.256470       8.220870       8.195340       8.205330       8.206510       8.232940       8.253690    
   8.492060       8.592480       8.592630       8.592820       8.494690       8.297120       8.301720       8.369140       8.434310       8.436060       8.447320       8.451700       8.443360       8.454980       8.463990       8.478390       8.482750       8.476600       8.363140       8.291100       8.248180       8.201010       8.153560       8.109470       8.071820       8.043120       8.006230       8.011890       7.975670       8.030490    
   8.592480       8.592560       8.592640       8.494320       8.297120       8.299420       8.367850       8.435180       8.436060       8.441690       8.444610       8.443360       8.449170       8.454110       8.465790       8.475040       8.479240       8.338060       8.219640       8.148190       8.100500       8.049680       7.999020       7.933360       7.892040       7.858940       7.793310       7.783480       7.788210       7.809510    
   8.592520       8.592560       8.494160       8.297120       8.298270       8.367210       8.435620       8.436060       8.438870       8.441430       8.443360       8.446270       8.448880       8.456360       8.464980       8.473360       8.324890       8.183920       8.148190       8.060590       7.933090       7.877110       7.821700       7.769790       7.677840       7.652770       7.621850       7.602440       7.596060       7.600480    
   8.592520       8.494090       8.297120       8.297700       8.366900       8.435840       8.436060       8.437470       8.439930       8.443360       8.444810       8.446170       8.450500       8.456740       8.464900       8.239540       8.166050       8.148190       7.893150       7.789790       7.753060       7.736200       7.647630       7.581270       7.523550       7.474130       7.437540       7.410600       7.394030       7.390710    
   8.494060       8.297120       8.297410       8.366740       8.435950       8.436060       8.436760       8.439210       8.443360       8.444090       8.444780       8.447160       8.451140       8.198480       7.974020       7.771330       7.768410       7.703020       7.623060       7.574030       7.646480       7.572410       7.480370       7.411050       7.350840       7.300670       7.260020       7.227420       7.201520       7.167530    
   8.297120       8.297260       8.366670       8.436000       8.436060       8.436410       8.438850       8.443360       8.443720       8.444080       8.445340       8.447690       7.987960       7.421430       7.421780       7.489850       7.379510       7.388640       7.462040       7.505350       7.501590       7.389030       7.326970       7.250440       7.185870       7.134000       7.093210       7.060040       7.016250       6.988890    
   8.297190       8.366630       8.436030       8.436060       8.436240       8.438670       8.443360       8.443540       8.443720       8.444380       8.159400       7.729940       7.524400       7.421570       7.421080       7.421780       7.389710       7.370390       7.388640       7.380150       7.367990       7.258140       7.156060       7.095270       7.027370       6.977240       6.942160       6.905470       6.883440       6.859800    
   8.366610       8.436050       8.436060       8.436150       8.438580       8.443360       8.443450       8.443540       8.443880       8.101480       7.729940       7.729940       7.729940       7.524640       7.421860       7.420380       7.421780       7.378040       7.352130       7.388640       7.262380       7.138100       7.022800       6.924920       6.876050       6.831830       6.802470       6.792880       6.791050       6.792470    
   8.436050       8.436060       8.436100       8.438540       8.443360       8.443410       8.443450       8.435070       8.180950       7.730220       7.729940       7.729940       7.729940       7.729940       7.525700       7.423410       7.418990       7.421780       7.349610       7.315620       7.174370       7.033150       6.900540       6.789360       6.715990       6.695500       6.691450       6.708370       6.735920       6.771250    
   8.436060       8.436080       8.438520       8.443360       8.443380       8.532360       8.665650       8.537520       8.409390       7.957200       7.730790       7.729940       7.729940       7.729940       7.729940       7.529060       7.429470       7.416190       7.421780       7.272400       7.115010       6.953800       6.819580       6.674030       6.582560       6.560810       6.602450       6.653210       6.713270       6.780560    
   8.436070       8.438500       8.443360       8.443370       8.550320       8.665950       8.665950       8.665650       8.537530       8.409390       7.958680       7.732480       7.729940       7.729940       7.729940       7.729940       7.537850       7.450450       7.410600       7.252650       7.135990       6.941180       6.744730       6.562500       6.450020       6.464390       6.539270       6.628460       6.722990       6.815800    
