iMOD/TUTORIALS/TUT_MetaswapAnalyser/model_MetaSWAP/meteo/Precipitation/Precipitation_20050201_L1.ASC
NCOLS                30
NROWS                30
XLLCORNER     160000.00
YLLCORNER     340000.00
CELLSIZE        1000.00
NODATA_VALUE   -9999.00
   1.743070       1.817210       1.895900       1.977590       2.052120       2.122240       2.174830       2.213730       2.236740       2.209790       2.127940       2.034590       1.944520       1.861720       1.786950       1.720710       1.663180       1.615690       1.577380       1.547300       1.524650       1.508600       1.498460       1.494030       1.493210       1.495750       1.500520       1.505760       1.508470       1.503990    
   1.753900       1.824460       1.900200       1.975220       2.040090       2.108270       2.167680       2.220450       2.269710       2.254890       2.147000       2.046500       1.954130       1.870080       1.795130       1.728600       1.672360       1.625500       1.587410       1.557880       1.535770       1.520220       1.510620       1.506790       1.507080       1.511400       1.519090       1.528970       1.539380       1.541680    
   1.758810       1.824230       1.891680       1.945920       2.016220       2.078710       2.134440       2.181660       2.209690       2.189780       2.115360       2.027550       1.941110       1.861240       1.788070       1.724260       1.669680       1.624440       1.588220       1.560210       1.539160       1.524650       1.516300       1.512650       1.513650       1.519030       1.529440       1.542670       1.559030       1.574850    
   1.757190       1.816660       1.877090       1.920270       1.979390       2.033670       2.080280       2.116900       2.125960       2.107810       2.054360       1.983370       1.906590       1.834650       1.767700       1.707640       1.655500       1.612770       1.579200       1.553660       1.534830       1.521740       1.513730       1.511170       1.511920       1.516790       1.525710       1.538610       1.555430       1.574590    
   1.750400       1.803520       1.835170       1.888550       1.938810       1.983590       2.019830       2.034970       2.042050       2.025640       1.974520       1.920500       1.860120       1.796830       1.736010       1.679900       1.630840       1.591630       1.562060       1.540060       1.523880       1.512270       1.504710       1.500580       1.500170       1.503060       1.508950       1.517340       1.525830       1.528250    
   1.739700       1.760250       1.807700       1.853200       1.894990       1.930880       1.959270       1.963290       1.942600       1.930790       1.902250       1.860230       1.808820       1.751850       1.697870       1.643140       1.595690       1.560660       1.536770       1.519350       1.505980       1.495650       1.488170       1.483260       1.480810       1.480220       1.481450       1.483280       1.482280       1.473570    
   1.712010       1.737360       1.778050       1.816280       1.852040       1.880120       1.900020       1.863820       1.866830       1.856700       1.833330       1.798720       1.755640       1.705160       1.655480       1.601600       1.552230       1.523130       1.507710       1.495220       1.484190       1.474530       1.466380       1.459960       1.454840       1.450760       1.447380       1.442450       1.433660       1.418540    
   1.685670       1.733700       1.749660       1.781280       1.808730       1.771150       1.784540       1.795760       1.797530       1.788490       1.768890       1.739910       1.703270       1.658630       1.616020       1.564820       1.511600       1.490210       1.480920       1.470780       1.460400       1.450320       1.440850       1.432300       1.424190       1.416680       1.408210       1.397870       1.383390       1.363600    
   1.670110       1.710820       1.738710       1.745670       1.695910       1.716900       1.725250       1.733390       1.733980       1.725860       1.709210       1.684810       1.653830       1.621660       1.580390       1.537720       1.499010       1.474550       1.459760       1.447550       1.435710       1.424010       1.412540       1.401510       1.390720       1.379240       1.366620       1.351460       1.333090       1.310550    
   1.651310       1.688230       1.711250       1.641350       1.649350       1.666010       1.669420       1.675950       1.675680       1.668330       1.654070       1.633480       1.607490       1.585640       1.547690       1.513320       1.483540       1.458760       1.440150       1.424600       1.410170       1.396020       1.382140       1.368230       1.354830       1.340080       1.323530       1.305000       1.283680       1.259020    
   1.654440       1.683600       1.660810       1.602400       1.618500       1.614040       1.618340       1.623010       1.622050       1.615310       1.602970       1.585510       1.575800       1.544460       1.516260       1.487660       1.461100       1.437960       1.418000       1.400090       1.383220       1.366810       1.350540       1.334650       1.317510       1.299760       1.280540       1.259370       1.235750       1.209210    
   1.653870       1.650310       1.602400       1.583240       1.578150       1.581750       1.581760       1.574090       1.572510       1.566200       1.550250       1.535900       1.529790       1.511840       1.482990       1.458500       1.434970       1.412920       1.392320       1.372740       1.353830       1.335310       1.317020       1.298390       1.279220       1.259350       1.238000       1.214850       1.189480       1.161630    
   1.632770       1.602400       1.568890       1.556030       1.533900       1.533910       1.538490       1.539270       1.527790       1.514090       1.504860       1.515710       1.496130       1.474650       1.448370       1.426580       1.405000       1.383840       1.362980       1.342200       1.321950       1.301820       1.281730       1.261430       1.240630       1.218940       1.196250       1.171760       1.145240       1.116430    
   1.602400       1.562540       1.544960       1.533900       1.521100       1.495490       1.487830       1.487940       1.484760       1.482770       1.472690       1.474940       1.456940       1.437270       1.416500       1.392260       1.369440       1.350140       1.329910       1.308840       1.287620       1.266460       1.242840       1.221060       1.198890       1.176010       1.152120       1.126950       1.100040       1.071060    
   1.559570       1.539430       1.533900       1.516830       1.495490       1.473100       1.435990       1.435790       1.432800       1.427030       1.443640       1.429210       1.412900       1.395080       1.376170       1.351580       1.333160       1.316080       1.293550       1.271650       1.249570       1.227430       1.205260       1.182930       1.160260       1.137010       1.112880       1.087570       1.060900       1.032340    
   1.536670       1.533900       1.515410       1.495490       1.468190       1.435990       1.435890       1.434860       1.428080       1.416690       1.404500       1.390340       1.374460       1.357130       1.353260       1.329590       1.304720       1.280520       1.256900       1.234340       1.211900       1.189400       1.166900       1.144280       1.121430       1.098170       1.074300       1.049560       1.023600      0.9964500    
   1.533900       1.514930       1.495490       1.466560       1.435990       1.435940       1.435580       1.428880       1.416690       1.410590       1.384610       1.352750       1.360820       1.338970       1.322540       1.297580       1.267630       1.243560       1.219770       1.196520       1.173570       1.150730       1.127970       1.105250       1.082590       1.059780       1.036690       1.013140      0.9889600      0.9635400    
   1.514770       1.495490       1.466010       1.435990       1.435970       1.435840       1.429270       1.416690       1.413640       1.385290       1.355760       1.358780       1.336150       1.310950       1.286540       1.261380       1.230460       1.206210       1.182090       1.158310       1.134870       1.111740       1.088900       1.066330       1.043960       1.021910      0.9999600      0.9780100      0.9560000      0.9336500    
   1.495490       1.465830       1.435990       1.435980       1.435930       1.429440       1.416690       1.415170       1.386330       1.357270       1.358780       1.347470       1.320450       1.275910       1.251040       1.225460       1.199450       1.168700       1.144100       1.119790       1.095900       1.072510       1.049650       1.027360       1.005640      0.9844800      0.9638000      0.9437100      0.9238000      0.9055700    
   1.465770       1.435990       1.435980       1.435970       1.429510       1.416690       1.415930       1.387000       1.358030       1.358780       1.353120       1.325650       1.275910       1.263470       1.250800       1.225320       1.197870       1.170750       1.111210       1.081090       1.056730       1.033060       1.010210      0.9882700      0.9672700      0.9472000      0.9290700      0.9103800      0.8929500      0.8772000    
   1.435990       1.435990       1.435980       1.429540       1.416690       1.416310       1.387360       1.358400       1.358780       1.355950       1.328370       1.275910       1.269690       1.263400       1.246530       1.224660       1.197980       1.116780       1.061720       1.042350       1.017410      0.9934100      0.9705600      0.9508900      0.9303600      0.9112000      0.8927300      0.8762600      0.8614300      0.8487000    
   1.435990       1.435990       1.429550       1.416690       1.416500       1.387550       1.358590       1.358780       1.357370       1.329750       1.275910       1.272800       1.269670       1.259870       1.244860       1.223060       1.126760       1.052040       1.042350       1.013730      0.9814200      0.9564700      0.9330900      0.9114900      0.8920100      0.8745500      0.8580600      0.8432900      0.8304000      0.8191500    
   1.435990       1.429550       1.416690       1.416590       1.387640       1.358690       1.358780       1.358070       1.330450       1.275910       1.274360       1.272790       1.267450       1.258130       1.242600       1.115230       1.047190       1.042350      0.9727590      0.9462250      0.9298800      0.9198200      0.8960900      0.8740300      0.8539300      0.8337600      0.8195700      0.8071600      0.7964100      0.7878000    
   1.429560       1.416690       1.416640       1.387690       1.358730       1.358780       1.358430       1.330800       1.275910       1.275130       1.274350       1.271530       1.266120       1.135740       1.026550      0.9345790      0.9342650      0.9189920      0.9010320      0.8887350      0.9110300      0.8806600      0.8493900      0.8285700      0.8109800      0.7964900      0.7845900      0.7745500      0.7657200      0.7581100    
   1.416690       1.416670       1.387710       1.358760       1.358780       1.358600       1.330980       1.275910       1.275520       1.275130       1.273670       1.270670       1.044190      0.7741370      0.7747700      0.8339670      0.8222800      0.8261800      0.8526370      0.8681370      0.8664400      0.8359900      0.8086200      0.7879500      0.7716000      0.7594400      0.7506500      0.7439700      0.7376500      0.7315900    
   1.416680       1.387720       1.358770       1.358780       1.358690       1.331070       1.275910       1.275720       1.275520       1.274780       1.055250      0.7284000      0.7583080      0.7734350      0.7735040      0.7747700      0.8045530      0.8183800      0.8261800      0.8274950      0.8269400      0.7962900      0.7694900      0.7466700      0.7317100      0.7226000      0.7181600      0.7154200      0.7149100      0.7130300    
   1.387730       1.358770       1.358780       1.358740       1.331110       1.275910       1.275810       1.275720       1.275340       1.012470      0.7284000      0.7284000      0.7284000      0.7572590      0.7720290      0.7722390      0.7747700      0.7988810      0.8105800      0.8261800      0.7904200      0.7571800      0.7282300      0.7057500      0.6909500      0.6858000      0.6855600      0.6916000      0.6985300      0.7047400    
   1.358780       1.358780       1.358760       1.331130       1.275910       1.275860       1.275810       1.151020      0.9689730      0.7284120      0.7284000      0.7284000      0.7284000      0.7284000      0.7551010      0.7690790      0.7697080      0.7747700      0.7839930      0.7949800      0.7563100      0.7196500      0.6872400      0.6625400      0.6457800      0.6464600      0.6569200      0.6719800      0.6881800      0.7040900    
   1.358780       1.358770       1.331150       1.275910       1.275890       1.089960      0.8110900      0.7941440      0.7772000      0.7447000      0.7284360      0.7284000      0.7284000      0.7284000      0.7284000      0.7506840      0.7627610      0.7646450      0.7747700      0.7400400      0.7047100      0.6696200      0.6292200      0.6138600      0.6023200      0.6104500      0.6315800      0.6575700      0.6837400      0.7088600    
   1.358770       1.331150       1.275910       1.275900       1.052810      0.8111200      0.8111200      0.8110900      0.7941430      0.7772000      0.7447640      0.7285080      0.7284000      0.7284000      0.7284000      0.7284000      0.7418680      0.7488670      0.7545200      0.7189400      0.6679000      0.6338200      0.5988900      0.5669400      0.5537000      0.5757600      0.6129400      0.6515900      0.6864000      0.7191900    
