iMOD/TUTORIALS/TUT_MetaswapAnalyser/model_MetaSWAP/meteo/Precipitation/Precipitation_20061211_L1.ASC
NCOLS                30
NROWS                30
XLLCORNER     160000.00
YLLCORNER     340000.00
CELLSIZE        1000.00
NODATA_VALUE   -9999.00
   12.14110       12.03380       11.92150       11.80340       11.67480       11.53990       11.39300       11.24060       11.08500       10.92910       10.77800       10.63290       10.49320       10.34790       10.22780       10.13740       10.08910       10.01850       9.948500       9.886900       9.831310       9.769820       9.718700       9.655550       9.606220       9.557470       9.511200       9.471350       9.445190       9.449890    
   12.13290       12.02420       11.91230       11.79270       11.66290       11.52990       11.38850       11.24110       11.09080       10.94070       10.79470       10.65170       10.51700       10.38740       10.26950       10.20200       10.10750       10.00760       9.943560       9.877600       9.817700       9.753500       9.699090       9.633860       9.582170       9.530960       9.481190       9.435380       9.398630       9.392500    
   12.12310       12.01330       11.89900       11.77460       11.65040       11.51950       11.38240       11.24040       11.09450       10.94980       10.80600       10.66790       10.54370       10.40770       10.28370       10.20320       10.10700       10.02110       9.944660       9.876120       9.825950       9.760680       9.691950       9.638020       9.584570       9.531290       9.477220       9.425400       9.381250       9.341810    
   12.10910       11.99890       11.88450       11.76120       11.63830       11.51000       11.37670       11.23850       11.09650       10.95190       10.81530       10.68300       10.55730       10.42230       10.30230       10.21230       10.11680       10.03170       9.956390       9.888990       9.827230       9.767860       9.705920       9.651090       9.598370       9.546310       9.494960       9.444670       9.400220       9.355050    
   12.09150       11.98180       11.86400       11.74720       11.62590       11.50010       11.37030       11.22530       11.09130       10.95550       10.82770       10.69980       10.57090       10.43880       10.31830       10.21760       10.12240       10.03940       9.967500       9.903550       9.829730       9.773990       9.715760       9.675270       9.625550       9.577880       9.533150       9.498980       9.467260       9.460310    
   12.07110       11.95980       11.84830       11.73290       11.61370       11.49080       11.35010       11.22120       11.08440       10.96960       10.83820       10.70760       10.58080       10.45570       10.32560       10.22050       10.12520       10.04580       9.980290       9.922100       9.854480       9.801820       9.746850       9.698890       9.654240       9.621820       9.586680       9.566640       9.555940       9.574280    
   12.05360       11.94180       11.83200       11.71860       11.57980       11.46350       11.34380       11.20790       11.10370       10.97690       10.84950       10.72240       10.59630       10.47210       10.33230       10.22540       10.12540       10.05250       9.997640       9.936320       9.884970       9.835520       9.788490       9.739760       9.700170       9.666890       9.649150       9.636380       9.646430       9.678720    
   12.01470       11.89760       11.78620       11.67900       11.56850       11.45460       11.32270       11.22950       11.10830       10.98570       10.86260       10.73950       10.61690       10.49570       10.34630       10.24160       10.13650       10.07300       10.02050       9.970790       9.921850       9.874610       9.830150       9.784840       9.749840       9.730140       9.712950       9.710000       9.724340       9.765050    
   11.95740       11.87930       11.77740       11.66600       11.55760       11.44740       11.31690       11.23130       11.11440       10.99630       10.87780       10.75930       10.64150       10.46690       10.37220       10.27750       10.18960       10.11930       10.06530       10.01390       9.964660       9.917950       9.874850       9.831820       9.807800       9.784990       9.773840       9.775510       9.798130       9.842580    
   11.93610       11.86110       11.76180       11.66500       11.54840       11.44150       11.34600       11.23460       11.12200       11.00850       10.89490       10.78160       10.66940       10.48640       10.40340       10.32100       10.24790       10.17600       10.11310       10.05580       10.00210       9.963740       9.920580       9.883530       9.855970       9.836150       9.826510       9.834440       9.860160       9.905950    
   11.94270       11.85300       11.73540       11.65360       11.55240       11.48760       11.34640       11.23910       11.13090       11.02220       10.91360       10.80570       10.58860       10.64270       10.54890       10.43260       10.32760       10.22840       10.13810       10.05580       9.981270       9.914890       9.857640       9.816120       9.776180       9.769970       9.765180       9.777840       9.809790       9.954770    
   11.94190       11.79620       11.65360       11.58670       11.54500       11.49910       11.35780       11.24470       11.14080       11.03680       11.17250       11.03500       10.80670       10.72340       10.60710       10.49290       10.38390       10.28760       10.19370       10.10660       10.02700       9.956050       9.895500       9.845540       9.808370       9.784760       9.778230       9.789680       9.820620       9.872150    
   11.85580       11.65360       11.60160       11.57040       11.59580       11.45760       11.35960       11.26070       11.51710       11.36800       11.23160       11.02050       10.90050       10.78190       10.66690       10.55390       10.44530       10.34070       10.24870       10.15560       10.07200       9.995700       9.929620       9.875280       9.834250       9.808150       9.797660       9.806350       9.834710       9.883780    
   11.65360       11.60850       11.58310       11.59580       11.50310       11.45600       11.84180       11.71080       11.57770       11.42250       11.28940       11.07950       10.96060       10.84270       10.72700       10.61490       10.50440       10.40060       10.29630       10.20510       10.11360       10.03120       9.966910       9.908330       9.863030       9.832630       9.817560       9.821820       9.845720       9.890350    
   11.61180       11.58950       11.59580       11.51830       11.45600       11.72100       11.86520       11.73950       11.61130       11.48130       11.26260       11.14540       11.02740       10.90960       10.79300       10.67200       10.56320       10.46190       10.35570       10.24500       10.16060       10.07450       9.998340       9.933550       9.881770       9.844710       9.824120       9.820210       9.837500       9.893370    
   11.59260       11.59580       11.52340       11.45600       11.68070       11.86520       11.80240       11.73870       11.56910       11.44430       11.32960       11.21280       11.09470       10.97610       10.87540       10.75690       10.62300       10.51270       10.40310       10.29480       10.19190       10.11470       10.03340       9.962710       9.904390       9.860190       9.831950       9.821450       9.827960       9.857730    
   11.59580       11.52510       11.45600       11.66730       11.86520       11.83380       11.80210       11.63860       11.44430       11.38690       11.32840       11.28520       11.19040       11.07100       10.91970       10.80430       10.68180       10.56570       10.45040       10.33720       10.22830       10.12600       10.03240       9.972970       9.904900       9.850560       9.811950       9.791020       9.789680       9.812520    
   11.52560       11.45600       11.66280       11.86520       11.84950       11.83370       11.67970       11.44430       11.41560       11.37140       11.32750       11.36990       11.25640       11.11040       10.99350       10.87530       10.74410       10.62220       10.50070       10.38110       10.26500       10.15460       10.05180       9.958630       9.901040       9.834980       9.784240       9.751040       9.737550       9.750560    
   11.45600       11.66130       11.86520       11.85730       11.84950       11.70180       11.44430       11.43000       11.39000       11.34870       11.36990       11.31320       11.23220       11.19190       11.07280       10.95150       10.82880       10.68360       10.55540       10.42830       10.30390       10.18420       10.07110       9.966800       9.873280       9.792790       9.750830       9.703480       9.680610       9.671660    
   11.66080       11.86520       11.86130       11.85730       11.71320       11.44430       11.43710       11.39870       11.35930       11.36990       11.34150       11.27680       11.19190       11.13230       11.07210       10.95100       10.82130       10.68930       10.53750       10.48050       10.34690       10.21690       10.09260       9.975920       9.869100       9.774330       9.682820       9.624080       9.598180       9.599980    
   11.86520       11.86320       11.86130       11.71900       11.44430       11.44070       11.40290       11.36460       11.36990       11.35570       11.29500       11.19190       11.16210       11.13210       11.05180       10.94810       10.82050       10.61950       10.51000       10.53960       10.39600       10.25490       10.11840       9.975710       9.855490       9.746120       9.671920       9.591060       9.529070       9.490360    
   11.86420       11.86320       11.72200       11.44430       11.44250       11.40500       11.36730       11.36990       11.36280       11.30310       11.19190       11.17700       11.16200       11.11530       11.04400       10.94020       10.69050       10.52480       10.53960       10.45710       10.43580       10.28480       10.13700       9.994750       9.879450       9.760250       9.646000       9.545530       9.462420       9.400890    
   11.86420       11.72340       11.44430       11.44340       11.40610       11.36860       11.36990       11.36640       11.30690       11.19190       11.18450       11.17700       11.15150       11.10710       11.03320       10.81640       10.53220       10.53960       10.55450       10.53130       10.42480       10.33730       10.20700       10.04940       9.899940       9.758440       9.626900       9.506800       9.401100       9.315930    
   11.72420       11.44430       11.44390       11.40660       11.36920       11.36990       11.36810       11.30880       11.19190       11.18820       11.18440       11.17100       11.14520       11.25660       11.14720       10.87980       10.87500       10.77220       10.65610       10.69010       10.62680       10.43910       10.26120       10.09040       9.926480       9.770750       9.623740       9.485570       9.357190       9.245920    
   11.44430       11.44410       11.40680       11.36960       11.36990       11.36900       11.30970       11.19190       11.19000       11.18820       11.18120       11.16690       11.41310       11.74250       11.73470       11.31220       11.23230       11.21030       10.90060       10.74700       10.75330       10.55950       10.33050       10.14560       9.968810       9.801340       9.642820       9.491490       9.347940       9.205760    
   11.44420       11.40700       11.36970       11.36990       11.36950       11.31010       11.19190       11.19100       11.19000       11.18650       11.78780       12.70150       12.06860       11.75030       11.75020       11.73470       11.40670       11.25440       11.21030       10.95490       10.86080       10.65620       10.45210       10.21710       10.02890       9.853420       9.689480       9.535880       9.383720       9.231550    
   11.40700       11.36980       11.36990       11.36970       11.31030       11.19190       11.19140       11.19100       11.18920       11.91350       12.70150       12.70150       12.70150       12.08010       11.76590       11.76570       11.73470       11.42730       11.29850       11.21030       10.99520       10.77310       10.55080       10.33640       10.10740       9.928370       9.768220       9.618350       9.475290       9.338520    
   11.36990       11.36990       11.36980       11.31050       11.19190       11.19170       11.19140       12.01490       12.46400       12.70250       12.70150       12.70150       12.70150       12.70150       12.10290       11.79730       11.79670       11.73470       11.46560       11.38660       11.15620       10.91470       10.67060       10.43660       10.22690       10.02670       9.875700       9.741010       9.616910       9.505470    
   11.36990       11.36980       11.31050       11.19190       11.19180       12.58020       14.66270       14.57530       14.48790       13.29980       12.70460       12.70150       12.70150       12.70150       12.70150       12.14720       11.86040       11.85870       11.73470       11.53090       11.30300       11.05490       10.79060       10.55370       10.33080       10.16100       10.01500       9.901980       9.799250       9.709710    
   11.36990       11.31050       11.19190       11.19180       12.85810       14.66310       14.66310       14.66270       14.57530       14.48790       13.30510       12.71070       12.70150       12.70150       12.70150       12.70150       12.23010       11.98780       11.98280       11.77630       11.52590       11.26430       10.97910       10.68770       10.44480       10.30640       10.21340       10.10890       10.01770       9.941700    
