iMOD/TUTORIALS/TUT_MetaswapAnalyser/model_MetaSWAP/meteo/Precipitation/Precipitation_20060919_L1.ASC
NCOLS                30
NROWS                30
XLLCORNER     160000.00
YLLCORNER     340000.00
CELLSIZE        1000.00
NODATA_VALUE   -9999.00
  0.9107400      0.8944000      0.8732000      0.8466500      0.8153200      0.7747400      0.7263400      0.6714100      0.6163600      0.5828300      0.5757400      0.5742300      0.5719700      0.5662000      0.5598700      0.5575900      0.5545700      0.5493400      0.5444500      0.5405300      0.5373300      0.5358800      0.5332100      0.5265000      0.5235300      0.5200100      0.5160100      0.5117900      0.5080600      0.5075300    
  0.8711500      0.8510400      0.8260800      0.7961100      0.7615400      0.7182100      0.6674700      0.6090200      0.5430500      0.5051300      0.5136100      0.5170000      0.5159400      0.5140400      0.5083000      0.5049000      0.4992800      0.4975100      0.4957600      0.4948400      0.4947300      0.4959500      0.4957600      0.4914500      0.4898100      0.4869900      0.4829900      0.4780000      0.4739900      0.4711800    
  0.8341500      0.8113200      0.7839900      0.7536200      0.7159200      0.6722500      0.6228800      0.5688300      0.5160500      0.4836400      0.4766400      0.4740500      0.4717400      0.4647800      0.4582000      0.4532700      0.4478600      0.4450600      0.4450000      0.4469900      0.4506200      0.4546600      0.4536400      0.4550300      0.4549200      0.4531200      0.4509600      0.4453900      0.4394900      0.4311100    
  0.8010200      0.7762600      0.7474500      0.7157500      0.6778000      0.6356800      0.5901500      0.5439300      0.5022500      0.4720100      0.4542800      0.4432800      0.4331400      0.4221200      0.4109700      0.4024300      0.3958500      0.3938600      0.3963000      0.4016400      0.4080400      0.4113100      0.4173300      0.4221500      0.4234700      0.4226800      0.4197700      0.4147500      0.4087500      0.3994800    
  0.7718200      0.7458400      0.7174600      0.6840400      0.6472200      0.6075200      0.5660700      0.5267200      0.4896400      0.4596000      0.4333800      0.4165600      0.4011400      0.3848600      0.3679500      0.3541000      0.3459800      0.3448300      0.3507400      0.3603500      0.3671800      0.3762800      0.3846900      0.3901300      0.3928800      0.3933400      0.3916800      0.3896300      0.3845900      0.3805300    
  0.7464500      0.7201700      0.6903800      0.6576700      0.6223800      0.5851500      0.5482400      0.5116600      0.4653200      0.4393200      0.4157300      0.3946700      0.3741500      0.3523700      0.3295000      0.3090700      0.2953900      0.2954100      0.3066400      0.3214200      0.3326400      0.3443200      0.3544300      0.3609000      0.3648100      0.3666700      0.3663100      0.3659500      0.3635400      0.3626100    
  0.7241700      0.6969200      0.6675400      0.6358000      0.6039700      0.5685400      0.5327100      0.4800500      0.4524200      0.4251000      0.3999700      0.3760600      0.3520400      0.3266100      0.2974600      0.2690300      0.2453000      0.2489100      0.2692000      0.2872000      0.3037800      0.3170200      0.3270400      0.3352100      0.3397900      0.3421700      0.3444000      0.3437600      0.3431300      0.3435200    
  0.7035200      0.6803700      0.6508600      0.6197900      0.5872000      0.5214600      0.4938400      0.4670400      0.4388400      0.4119900      0.3863100      0.3611100      0.3354400      0.3084200      0.2766400      0.2447900      0.2099100      0.2197900      0.2442500      0.2649700      0.2816700      0.2947400      0.3045700      0.3125800      0.3172300      0.3214900      0.3224400      0.3224800      0.3227200      0.3232800    
  0.6895600      0.6634700      0.6350000      0.6046200      0.5311400      0.5035900      0.4780500      0.4532400      0.4263500      0.4002600      0.3748200      0.3496100      0.3240600      0.2938200      0.2677700      0.2417400      0.2223300      0.2228800      0.2366000      0.2521900      0.2659100      0.2770300      0.2855400      0.2926300      0.2983200      0.3005800      0.3014900      0.3019500      0.3017300      0.3019100    
  0.6748900      0.6493000      0.6216200      0.5388800      0.5134500      0.4874700      0.4666500      0.4405900      0.4149600      0.3898600      0.3652300      0.3408800      0.3166300      0.2874800      0.2660400      0.2464800      0.2342800      0.2310500      0.2366200      0.2458300      0.2553100      0.2626700      0.2691000      0.2737700      0.2792700      0.2808500      0.2816400      0.2812200      0.2804600      0.2798000    
  0.6744970      0.6486030      0.5828570      0.5216300      0.4973200      0.4790500      0.4536700      0.4289400      0.4045300      0.3805500      0.3570200      0.3339500      0.3038600      0.2815100      0.2669900      0.2511100      0.2402900      0.2358900      0.2370900      0.2416200      0.2473200      0.2528000      0.2573500      0.2618900      0.2643700      0.2645100      0.2640800      0.2628400      0.2610900      0.2573000    
  0.6739320      0.6068970      0.5216300      0.4944650      0.4827100      0.4658200      0.4416200      0.4181200      0.3948600      0.3719900      0.3436300      0.3228600      0.2947400      0.2822400      0.2660000      0.2520300      0.2418300      0.2359100      0.2340200      0.2350400      0.2375900      0.2405200      0.2445400      0.2463200      0.2470300      0.2473800      0.2460700      0.2439300      0.2411400      0.2378900    
  0.6251540      0.5216300      0.4929380      0.4794550      0.4762000      0.4531000      0.4304600      0.4079200      0.3763000      0.3558900      0.3356800      0.3133400      0.2950500      0.2779500      0.2628200      0.2493700      0.2386300      0.2310600      0.2269200      0.2258200      0.2275100      0.2289200      0.2300700      0.2305400      0.2301200      0.2287700      0.2272300      0.2241400      0.2202900      0.2157500    
  0.5216300      0.4921490      0.4778270      0.4762000      0.4570000      0.4417000      0.4069400      0.3865600      0.3664300      0.3444800      0.3255200      0.3062200      0.2887600      0.2723200      0.2571400      0.2436400      0.2313900      0.2213400      0.2154100      0.2145100      0.2148400      0.2153400      0.2071800      0.2054700      0.2032800      0.2005400      0.1981000      0.1942300      0.1898000      0.1847800    
  0.4917480      0.4770140      0.4762000      0.4583000      0.4417000      0.4132100      0.3909900      0.3719000      0.3530400      0.3345100      0.3157600      0.2981600      0.2812600      0.2651800      0.2499700      0.2359800      0.2222300      0.2084300      0.2002400      0.1974200      0.1953800      0.1934700      0.1914200      0.1890700      0.1862700      0.1829700      0.1791200      0.1755300       0.000000       0.000000    
  0.4766070      0.4762000      0.4587330      0.4417000      0.4153000      0.3909900      0.3814450      0.3719770      0.3461700      0.3252300      0.3075400      0.2903900      0.2738200      0.2578800      0.2396700      0.2252000      0.2076700      0.1961500      0.1878900      0.1836600      0.1807400      0.1783500      0.1757000      0.1727700       0.000000       0.000000       0.000000       0.000000       0.000000       0.000000    
  0.4762000      0.4588780      0.4417000      0.4159970      0.3909900      0.3862170      0.3814710      0.3562050      0.3252300      0.3163850      0.2942440      0.2824300      0.2623700      0.2464200      0.2235400      0.2101700      0.1975100      0.1863700      0.1777800      0.1719600       0.000000       0.000000       0.000000       0.000000       0.000000       0.000000       0.000000       0.000000       0.000000       0.000000    
  0.4589260      0.4417000      0.4162290      0.3909900      0.3886040      0.3862260      0.3622810      0.3252300      0.3208080      0.2951040      0.2740300      0.2656300      0.2500700      0.2279500      0.2139200      0.2006400      0.1880400      0.1771000       0.000000       0.000000       0.000000       0.000000       0.000000       0.000000       0.000000       0.000000       0.000000       0.000000       0.000000       0.000000    
  0.4417000      0.4163060      0.3909900      0.3897970      0.3886070      0.3655850      0.3252300      0.3230190      0.2953200      0.2698300      0.2656300      0.2578500      0.2405620      0.2186000      0.2047000      0.1916000      0.1795700       0.000000       0.000000       0.000000       0.000000       0.000000       0.000000       0.000000       0.000000       0.000000       0.000000       0.000000       0.000000       0.000000    
  0.4163320      0.3909900      0.3903930      0.3897980      0.3673050      0.3252300      0.3241240      0.2953860      0.2677300      0.2656300      0.2617400      0.2456610      0.2186000      0.2116500      0.2049670      0.1919570      0.1237230      0.5985670E-01   0.000000       0.000000       0.000000       0.000000       0.000000       0.000000       0.000000       0.000000       0.000000       0.000000       0.000000       0.000000    
  0.3909900      0.3906920      0.3903940      0.3681810      0.3252300      0.3246770      0.2954100      0.2666800      0.2656300      0.2636850      0.2479080      0.2186000      0.2151250      0.2117390      0.2028580      0.1735490      0.1251790      0.3671600E-01   0.000000       0.000000       0.000000       0.000000       0.000000       0.000000       0.000000       0.000000       0.000000       0.000000       0.000000       0.000000    
  0.3908410      0.3906920      0.3686240      0.3252300      0.3249540      0.2954200      0.2661550      0.2656300      0.2646570      0.2489560      0.2186000      0.2168620      0.2151550      0.2099070      0.1960490      0.1671950      0.6708880E-01   0.000000       0.000000       0.000000       0.000000       0.000000       0.000000       0.000000       0.000000       0.000000       0.000000       0.000000       0.000000       0.000000    
  0.3908410      0.3688470      0.3252300      0.3250920      0.2954250      0.2658930      0.2656300      0.2651440      0.2494610      0.2186000      0.2177310      0.2168720      0.2139750      0.2070370      0.1910500      0.8606650E-01   0.000000       0.000000       0.000000       0.000000       0.000000       0.000000       0.000000       0.000000       0.000000       0.000000       0.000000       0.000000       0.000000       0.000000    
  0.3689580      0.3252300      0.3251610      0.2954280      0.2657610      0.2656300      0.2653870      0.2497090      0.2186000      0.2181660      0.2177350      0.2161930      0.2126280      0.1530150      0.8069230E-01   0.000000       0.000000       0.000000       0.000000       0.000000       0.000000       0.000000       0.000000       0.000000       0.000000       0.000000       0.000000       0.000000       0.000000       0.000000    
  0.3252300      0.3251950      0.2954290      0.2656960      0.2656300      0.2655080      0.2498310      0.2186000      0.2183830      0.2181670      0.2173640      0.2155180      0.1163670       0.000000       0.000000       0.000000       0.000000       0.000000       0.000000       0.000000       0.000000       0.000000       0.000000       0.000000       0.000000       0.000000       0.000000       0.000000       0.000000       0.000000    
  0.3252130      0.2954290      0.2656630      0.2656300      0.2655690      0.2498920      0.2186000      0.2184910      0.2183830      0.2179710      0.1302100       0.000000       0.000000       0.000000       0.000000       0.000000       0.000000       0.000000       0.000000       0.000000       0.000000       0.000000       0.000000       0.000000       0.000000       0.000000       0.000000       0.000000       0.000000       0.000000    
  0.2954300      0.2656460      0.2656300      0.2656000      0.2499230      0.2186000      0.2185460      0.2184920      0.2182820      0.1133130       0.000000       0.000000       0.000000       0.000000       0.000000       0.000000       0.000000       0.000000       0.000000       0.000000       0.000000       0.000000       0.000000       0.000000       0.000000       0.000000       0.000000       0.000000       0.000000       0.000000    
  0.2656380      0.2656300      0.2656150      0.2499380      0.2186000      0.2185730      0.2185460      0.1638300      0.9168110E-01   0.000000       0.000000       0.000000       0.000000       0.000000       0.000000       0.000000       0.000000       0.000000       0.000000       0.000000       0.000000       0.000000       0.000000       0.000000       0.000000       0.000000       0.000000       0.000000       0.000000       0.000000    
  0.2656300      0.2656220      0.2499460      0.2186000      0.2185860      0.1311440       0.000000       0.000000       0.000000       0.000000       0.000000       0.000000       0.000000       0.000000       0.000000       0.000000       0.000000       0.000000       0.000000       0.000000       0.000000       0.000000       0.000000       0.000000       0.000000       0.000000       0.000000       0.000000       0.000000       0.000000    
  0.2656260      0.2499500      0.2186000      0.2185930      0.1136660       0.000000       0.000000       0.000000       0.000000       0.000000       0.000000       0.000000       0.000000       0.000000       0.000000       0.000000       0.000000       0.000000       0.000000       0.000000       0.000000       0.000000       0.000000       0.000000       0.000000       0.000000       0.000000       0.000000       0.000000       0.000000    
