iMOD/TUTORIALS/TUT_MetaswapAnalyser/model_MetaSWAP/meteo/Precipitation/Precipitation_20050428_L1.ASC
NCOLS                30
NROWS                30
XLLCORNER     160000.00
YLLCORNER     340000.00
CELLSIZE        1000.00
NODATA_VALUE   -9999.00
   12.59600       12.53270       12.46950       12.41160       12.37450       12.37500       12.42340       12.49480       12.55570       12.54190       12.43830       12.30860       12.17390       12.03290       11.90070       11.75770       11.62160       11.50210       11.38410       11.27050       11.16130       11.07100       10.97240       10.88850       10.79820       10.71310       10.63370       10.56140       10.49860       10.45460    
   12.58220       12.53010       12.47880       12.44160       12.42690       12.43870       12.48390       12.55510       12.64260       12.63650       12.48290       12.33500       12.19250       12.03700       11.89980       11.75850       11.62920       11.53990       11.42420       11.30960       11.19860       11.10390       11.00150       10.91280       10.81660       10.72420       10.63620       10.55350       10.48740       10.43030    
   12.56510       12.52340       12.48740       12.46630       12.45540       12.46840       12.50350       12.55330       12.59690       12.57020       12.45710       12.32180       12.17710       12.03360       11.91400       11.78340       11.65850       11.53650       11.41740       11.30150       11.19210       11.09510       11.00180       10.90040       10.80250       10.70790       10.62650       10.53750       10.45870       10.37980    
   12.54720       12.51290       12.48450       12.46930       12.46190       12.46870       12.48730       12.50810       12.51440       12.47490       12.38980       12.27440       12.14380       12.01620       11.89220       11.76730       11.64560       11.52550       11.40730       11.29160       11.17900       11.08360       10.98930       10.89840       10.79940       10.70340       10.61050       10.52080       10.43960       10.35620    
   12.52630       12.49650       12.47590       12.45750       12.44750       12.44560       12.44810       12.44520       12.42970       12.38620       12.28320       12.19260       12.08850       11.97430       11.85710       11.74060       11.62830       11.51210       11.39630       11.28220       11.18400       11.07590       10.98380       10.88340       10.78580       10.69150       10.60080       10.52160       10.44010       10.37240    
   12.50160       12.47730       12.45310       12.43350       12.41880       12.40770       12.39150       12.37770       12.31500       12.25130       12.18990       12.11030       12.01890       11.91710       11.81390       11.70690       11.59790       11.48590       11.37240       11.26020       11.16220       11.05650       10.96600       10.86790       10.77320       10.68230       10.59570       10.52190       10.44880       10.39090    
   12.47540       12.44750       12.42260       12.40030       12.37210       12.35390       12.33340       12.25640       12.19700       12.15460       12.09650       12.02440       11.94160       11.85120       11.75880       11.66120       11.56140       11.45360       11.34200       11.24100       11.13580       11.03370       10.93490       10.85200       10.76120       10.67440       10.60080       10.52420       10.45730       10.40390    
   12.40410       12.40160       12.37550       12.35100       12.32680       12.22570       12.20100       12.13760       12.10430       12.05990       12.00370       11.93650       11.86050       11.77720       11.69500       11.60530       11.51530       11.41120       11.30810       11.20500       11.10470       11.00750       10.91340       10.83500       10.74900       10.67600       10.59780       10.52600       10.46390       10.41190    
   12.35100       12.36340       12.33550       12.30680       12.17830       12.15530       12.12420       12.04990       12.01270       11.96670       11.91160       11.84780       11.77660       11.70490       11.62360       11.53830       11.44960       11.35510       11.25870       11.16290       11.06910       10.97790       10.88960       10.81680       10.74550       10.66790       10.59440       10.52760       10.46650       10.41470    
   12.31030       12.32280       12.29240       12.13580       12.10980       12.08220       11.99640       11.96230       11.92210       11.87490       11.82030       11.75870       11.69090       11.62490       11.54560       11.46500       11.37640       11.29110       11.20350       11.11580       11.02970       10.94540       10.86380       10.78490       10.73170       10.65950       10.59190       10.52690       10.46730       10.41440    
   12.32470       12.30850       12.20490       12.06840       12.03940       11.91250       11.91250       11.87520       11.83270       11.78440       11.73010       11.66990       11.61500       11.54750       11.45670       11.38130       11.30450       11.22410       11.14300       11.06260       10.98380       10.90710       10.83260       10.76780       10.69900       10.64580       10.58150       10.51990       10.46170       10.41360    
   12.32460       12.22660       12.06840       11.96420       11.96700       11.82930       11.82920       11.78870       11.74440       11.69520       11.65100       11.59040       11.53740       11.44590       11.37510       11.30300       11.22860       11.15550       11.08130       11.00910       10.93900       10.87080       10.81220       10.74790       10.68480       10.63910       10.57980       10.52170       10.46470       10.40940    
   12.24130       12.06840       11.92220       11.87440       11.78180       11.78460       11.74590       11.70380       11.67250       11.62060       11.56490       11.48590       11.42620       11.36260       11.29380       11.22480       11.15410       11.08330       11.01760       10.95350       10.89830       10.84030       10.78330       10.72730       10.67200       10.61710       10.58000       10.52610       10.47140       10.41550    
   12.06840       11.90010       11.82810       11.78180       11.75690       11.70420       11.68280       11.63760       11.58890       11.55210       11.49440       11.40100       11.34260       11.28090       11.21640       11.14770       11.07900       11.01210       10.94990       10.90130       10.85160       10.80300       10.75900       10.71250       10.66620       10.61970       10.58860       10.54040       10.48930       10.43440    
   11.88880       11.80500       11.78180       11.74760       11.70420       11.66620       11.61150       11.56390       11.51340       11.45990       11.36490       11.31190       11.25590       11.19710       11.13610       11.07090       11.00740       10.94390       10.88760       10.84600       10.81000       10.77150       10.73380       10.69670       10.65980       10.62240       10.58360       10.55880       10.51360       10.46410    
   11.79340       11.78180       11.74450       11.70420       11.66060       11.61150       11.58770       11.56290       11.46760       11.33320       11.28350       11.23110       11.17640       11.11980       11.06720       11.00750       10.93710       10.88280       10.83560       10.79740       10.76290       10.73810       10.70950       10.68220       10.65560       10.62880       10.60040       10.56900       10.54900       10.50540    
   11.78180       11.74350       11.70420       11.65880       11.61150       11.59960       11.58740       11.48790       11.33320       11.30830       11.21100       11.15250       11.10700       11.05240       10.97940       10.92860       10.87280       10.82610       10.78520       10.75090       10.72200       10.69710       10.67560       10.66700       10.65160       10.63670       10.62090       10.60200       10.57800       10.55900    
   11.74320       11.70420       11.65820       11.61150       11.60550       11.59950       11.50200       11.33320       11.32080       11.20220       11.10370       11.05480       11.00870       10.95550       10.90820       10.86180       10.80860       10.76770       10.73220       10.70290       10.67970       10.66210       10.64960       10.64170       10.64760       10.64620       10.64500       10.64160       10.63310       10.61490    
   11.70420       11.65800       11.61150       11.60850       11.60550       11.51010       11.33320       11.32700       11.19800       11.07920       11.05480       11.03170       10.97530       10.88230       10.83770       10.79470       10.75490       10.70680       10.67580       10.65140       10.63400       10.62370       10.62030       10.62340       10.63230       10.64550       10.67080       10.68550       10.69390       10.69490    
   11.65790       11.61150       11.61000       11.60850       11.51430       11.33320       11.33010       11.19600       11.06700       11.05480       11.04330       10.98600       10.88230       10.86000       10.83820       10.79580       10.75210       10.71250       10.63260       10.59530       10.58320       10.57980       10.58530       10.59980       10.62250       10.65210       10.68260       10.71490       10.75320       10.78890    
   11.61150       11.61080       11.61000       11.51650       11.33320       11.33160       11.19500       11.06090       11.05480       11.04900       10.99160       10.88230       10.87120       10.86020       10.83130       10.79540       10.75350       10.63910       10.56440       10.53360       10.52590       10.52860       10.54240       10.56340       10.60050       10.64790       10.70590       10.76540       10.82400       10.87500    
   11.61110       11.61080       11.51760       11.33320       11.33240       11.19450       11.05790       11.05480       11.05190       10.99440       10.88230       10.87670       10.87120       10.85420       10.82900       10.79340       10.65410       10.54900       10.53360       10.50460       10.45440       10.46250       10.48410       10.52010       10.57680       10.64740       10.72320       10.80800       10.89540       10.97300    
   11.61110       11.51820       11.33320       11.33280       11.19430       11.05630       11.05480       11.05340       10.99590       10.88230       10.87950       10.87670       10.86740       10.85150       10.82550       10.62720       10.54130       10.53360       10.42820       10.38470       10.39030       10.38270       10.44060       10.48160       10.54090       10.61900       10.71630       10.82870       10.94980       11.06860    
   11.51850       11.33320       11.33300       11.19410       11.05560       11.05480       11.05410       10.99660       10.88230       10.88090       10.87950       10.87450       10.86520       10.61940       10.44140       10.31700       10.31830       10.31430       10.30810       10.28990       10.31490       10.33680       10.36380       10.40770       10.47600       10.56950       10.68750       10.82730       10.98390       11.15850    
   11.33320       11.33310       11.19410       11.05520       11.05480       11.05440       10.99690       10.88230       10.88160       10.88090       10.87830       10.87310       10.44390       9.931200       9.933240       10.09420       10.09150       10.10310       10.19830       10.24980       10.26490       10.26800       10.26830       10.31360       10.38780       10.49260       10.62770       10.79100       10.98920       11.19540    
   11.33320       11.19400       11.05500       11.05480       11.05460       10.99710       10.88230       10.88200       10.88160       10.88030       10.44310       9.791570       9.882850       9.929020       9.929160       9.933240       10.03360       10.07990       10.10310       10.15030       10.16970       10.15980       10.17290       10.19730       10.27290       10.38480       10.53210       10.72010       10.92740       11.15830    
   11.19400       11.05490       11.05480       11.05470       10.99720       10.88230       10.88210       10.88200       10.88130       10.35760       9.791570       9.791570       9.791570       9.879620       9.924660       9.925090       9.933240       10.01820       10.05660       10.10310       10.06360       10.04070       10.04120       10.07350       10.13090       10.24580       10.40710       10.59620       10.80890       11.03480    
   11.05480       11.05480       11.05480       10.99730       10.88230       10.88220       10.88210       10.62930       10.26710       9.791580       9.791570       9.791570       9.791570       9.791570       9.873080       9.915660       9.916930       9.933240       9.979720       10.01010       9.955770       9.915240       9.896530       9.911600       9.974270       10.08190       10.24580       10.44010       10.65030       10.86030    
   11.05480       11.05480       10.99730       10.88230       10.88230       10.47620       9.867250       9.869460       9.871670       9.818310       9.791610       9.791570       9.791570       9.791570       9.791570       9.859990       9.896810       9.900630       9.933240       9.872460       9.814890       9.764330       9.717220       9.728710       9.779000       9.900640       10.06860       10.26940       10.47620       10.67330    
   11.05480       10.99730       10.88230       10.88230       10.39510       9.867310       9.867310       9.867250       9.869460       9.871670       9.818380       9.791680       9.791570       9.791570       9.791570       9.791570       9.834650       9.856560       9.868010       9.797630       9.697990       9.636700       9.578630       9.537430       9.562960       9.707570       9.909600       10.10720       10.30860       10.49600    
