iMOD/TUTORIALS/TUT_MetaswapAnalyser/model_MetaSWAP/meteo/Precipitation/Precipitation_20051117_L1.ASC
NCOLS                30
NROWS                30
XLLCORNER     160000.00
YLLCORNER     340000.00
CELLSIZE        1000.00
NODATA_VALUE   -9999.00
  0.2141900      0.2158200      0.2184700      0.2268100      0.2575900      0.3307700      0.4752700      0.6789800      0.9001900       1.018120      0.9821600      0.9016400      0.8176200      0.7401400      0.6720100      0.6138300      0.5510200      0.5159200      0.4908800      0.4731500      0.4605300      0.4433100      0.4340300      0.4247100      0.4134500      0.3997700      0.3830700      0.3628800      0.3387600      0.3116300    
  0.2480300      0.2579000      0.2691100      0.2970200      0.3545100      0.4486100      0.6021500      0.8203000       1.101630       1.237930       1.096820      0.9741800      0.8649700      0.7692300      0.6881400      0.6056400      0.5535400      0.5085700      0.4801900      0.4615300      0.4489100      0.4329900      0.4245000      0.4160200      0.4059000      0.3936300      0.3786800      0.3606700      0.3460000      0.3196400    
  0.2818500      0.3005100      0.3274700      0.3766100      0.4381700      0.5399800      0.6866200      0.8763200       1.079740       1.167140       1.095590      0.9852000      0.8733400      0.7721500      0.6802100      0.5937900      0.5363800      0.4953000      0.4681000      0.4511700      0.4397300      0.4263500      0.4196500      0.4120100      0.4026800      0.3910400      0.3844900      0.3660800      0.3462300      0.3205400    
  0.3180000      0.3438800      0.3793200      0.4367700      0.5068800      0.6038200      0.7287300      0.8684500      0.9998900       1.057680       1.027360      0.9479400      0.8501100      0.7497000      0.6579400      0.5714700      0.5111300      0.4705700      0.4467900      0.4344500      0.4283100      0.4237600      0.4136100      0.4158300      0.4065200      0.3941800      0.3787000      0.3601600      0.3400600      0.3150400    
  0.3544200      0.3852800      0.4326400      0.4850500      0.5535700      0.6397700      0.7403500      0.8512400      0.9350600      0.9728900      0.9652300      0.8999300      0.8148000      0.7194800      0.6219600      0.5357800      0.4779900      0.4409000      0.4250500      0.4212900      0.4233900      0.4241400      0.4156300      0.4096400      0.4005400      0.3877200      0.3712500      0.3531300      0.3290200      0.3008100    
  0.3897400      0.4287000      0.4704600      0.5223000      0.5854600      0.6590300      0.7424300      0.8222500      0.8976300      0.9216700      0.9026800      0.8489400      0.7738300      0.6799600      0.5879200      0.4953500      0.4267600      0.3956800      0.3933400      0.4014000      0.4111100      0.4163700      0.4105100      0.4055300      0.3958100      0.3812800      0.3629900      0.3425500      0.3160900      0.2859800    
  0.4352500      0.4601300      0.5016900      0.5507400      0.6128600      0.6740900      0.7358400      0.8219800      0.8633700      0.8743100      0.8550100      0.8070800      0.7360100      0.6508000      0.5596000      0.4544500      0.3679800      0.3492000      0.3696100      0.3915800      0.4067200      0.4147500      0.4158700      0.4038700      0.3924200      0.3760000      0.3573000      0.3320800      0.3033100      0.2720100    
  0.4591800      0.5081200      0.5344500      0.5793800      0.6285900      0.6791900      0.7650400      0.8112400      0.8371300      0.8420500      0.8229600      0.7800800      0.7162800      0.6364600      0.5567900      0.4475700      0.3376900      0.3368900      0.3729100      0.3987600      0.4148100      0.4218600      0.4209000      0.4062100      0.3916500      0.3744100      0.3501100      0.3221800      0.2902300      0.2583300    
  0.4950300      0.5341000      0.5715500      0.5975700      0.6395600      0.6829100      0.7642700      0.8020600      0.8210200      0.8229300      0.8055100      0.7685800      0.7138600      0.6729900      0.5842100      0.4930800      0.4208900      0.4002200      0.4126700      0.4282000      0.4374400      0.4388300      0.4326900      0.4130200      0.3964100      0.3723400      0.3443900      0.3118800      0.2794400      0.2460800    
  0.5194200      0.5574500      0.5924100      0.6261200      0.6494100      0.6865800      0.7723800      0.7985000      0.8135600      0.8147900      0.8005700      0.7707600      0.7267500      0.7050300      0.6328300      0.5644200      0.5100900      0.4832900      0.4770000      0.4770900      0.4748200      0.4649300      0.4508300      0.4312300      0.4014700      0.3724100      0.3385600      0.3047200      0.2696700      0.2345400    
  0.5224230      0.5564270      0.6041650      0.6406800      0.6745500      0.7247900      0.7773800      0.7998400      0.8131300      0.8153300      0.8054000      0.7834100      0.8051700      0.7119300      0.6652500      0.6228300      0.5911200      0.5701900      0.5585600      0.5494500      0.5377600      0.5212600      0.4995300      0.4752700      0.4422100      0.3952600      0.3573000      0.3176200      0.2772200      0.2238100    
  0.5233900      0.5809240      0.6406800      0.6835500      0.6847800      0.7501300      0.8007100      0.8051500      0.8180600      0.8222200      0.7505000      0.7459900      0.7823200      0.7494100      0.7222300      0.6948400      0.6719300      0.6549700      0.6365700      0.6151000      0.5895600      0.5603100      0.5284500      0.4927500      0.4542300      0.4031300      0.3601300      0.3163000      0.2725000      0.2297800    
  0.5594770      0.6406800      0.6919760      0.7094850      0.7341900      0.7878400      0.8112000      0.8296000      0.7437700      0.7460200      0.7551100      0.8179100      0.8047000      0.7892900      0.7761300      0.7622000      0.7505800      0.7371700      0.7165900      0.6823800      0.6433000      0.6009800      0.5574900      0.5129100      0.4671300      0.4202400      0.3620000      0.3142900      0.2673400      0.2220300    
  0.6406800      0.6971710      0.7218380      0.7341900      0.7743600      0.8010500      0.6964100      0.7210900      0.7421800      0.7663000      0.7781000      0.8343100      0.8294700      0.8239900      0.8197000      0.8202000      0.8196200      0.8191600      0.7954200      0.7476400      0.6921700      0.6377400      0.5859700      0.5336900      0.4815100      0.4292400      0.3671100      0.3157000      0.2656700      0.2177200    
  0.7000140      0.7280140      0.7341900      0.7698670      0.8010500      0.7310130      0.6955800      0.7199900      0.7418800      0.7608800      0.8538600      0.8554700      0.8559800      0.8566100      0.8588000      0.8601100      0.8708600      0.8862500      0.8678100      0.7941700      0.7309600      0.6687600      0.6091200      0.5509600      0.4936700      0.4370000      0.3810500      0.3168300      0.2644400      0.2175900    
  0.7311020      0.7341900      0.7683690      0.8010500      0.7425480      0.6955800      0.7077850      0.7191500      0.7688930      0.8528200      0.8591800      0.8643900      0.8690500      0.8739100      0.8800100      0.8872600      0.8962600      0.8994000      0.8750800      0.8181000      0.7540500      0.6934600      0.6314200      0.5702100      0.5096100      0.4496400      0.3905500      0.3328500      0.2686100      0.2170300    
  0.7341900      0.7678700      0.8010500      0.7463930      0.6955800      0.7016830      0.7075050      0.7621620      0.8528200      0.8560000      0.8596940      0.8679000      0.8752000      0.8819600      0.8860100      0.8926500      0.8983600      0.8913100      0.8656200      0.8201800      0.7636700      0.7028600      0.6405800      0.5816000      0.5190900      0.4569600      0.3958000      0.3363200      0.2793600      0.2145200    
  0.7677030      0.8010500      0.7476740      0.6955800      0.6986310      0.7015890      0.7560420      0.8528200      0.8544100      0.8567470      0.8610400      0.8541800      0.8642500      0.8776000      0.8847700      0.8889300      0.8912700      0.8799500      0.8549200      0.8157100      0.7658200      0.7093800      0.6492200      0.5870000      0.5273700      0.4640700      0.4015400      0.3408200      0.2830200      0.2250200    
  0.8010500      0.7481010      0.6955800      0.6971060      0.6986000      0.7522710      0.8528200      0.8536150      0.8551530      0.8576100      0.8541800      0.8592150      0.8666520      0.8705800      0.8767400      0.8790200      0.8751300      0.8673400      0.8438400      0.8090100      0.7643800      0.7123500      0.6551100      0.5943700      0.5315200      0.4678600      0.4076000      0.3459300      0.2826800      0.2283300    
  0.7482440      0.6955800      0.6963430      0.6970950      0.7501990      0.8528200      0.8532170      0.8543330      0.8558950      0.8541800      0.8566970      0.8626570      0.8705800      0.8736600      0.8754470      0.8769630      0.8738300      0.8621030      0.8229860      0.8014100      0.7613200      0.7134900      0.6594700      0.6007400      0.5387800      0.4750800      0.4101500      0.3401100      0.2672700      0.2215600    
  0.6955800      0.6959610      0.6963390      0.7491140      0.8528200      0.8530190      0.8539170      0.8550370      0.8541800      0.8554390      0.8610290      0.8705800      0.8721200      0.8732290      0.8753570      0.8754130      0.8709660      0.8299240      0.7973700      0.7933300      0.7575100      0.7138100      0.6631900      0.6052000      0.5446700      0.4813200      0.3874600      0.3277900      0.2721300      0.2223200    
  0.6957710      0.6959600      0.7485590      0.8528200      0.8529190      0.8537090      0.8546090      0.8541800      0.8548090      0.8603070      0.8705800      0.8713500      0.8719760      0.8735690      0.8746660      0.8739120      0.8329970      0.7953500      0.7933300      0.7671500      0.7506100      0.7115800      0.6649500      0.6115200      0.5253400      0.4590900      0.3961400      0.3345600      0.2765400      0.2242800    
  0.6957700      0.7482770      0.8528200      0.8528700      0.8536040      0.8543940      0.8541800      0.8544950      0.8599690      0.8705800      0.8709650      0.8713020      0.8722980      0.8734040      0.8740490      0.8251860      0.7943400      0.7933300      0.7538560      0.7410050      0.7171420      0.7093900      0.6406000      0.5909200      0.5319200      0.4695500      0.4053700      0.3414200      0.2801600      0.2244200    
  0.7481360      0.8528200      0.8528450      0.8535520      0.8542870      0.8541800      0.8543370      0.8598060      0.8705800      0.8707720      0.8709490      0.8715220      0.8723350      0.8168480      0.7776540      0.7493510      0.7500150      0.7369700      0.7222750      0.7139400      0.7314000      0.6827300      0.6505000      0.6006500      0.5442200      0.4823800      0.4169700      0.3503100      0.2849500      0.2278300    
  0.8528200      0.8528320      0.8535260      0.8542340      0.8541800      0.8542590      0.8597260      0.8705800      0.8706760      0.8707670      0.8710810      0.8716020      0.7702930      0.6461850      0.6476400      0.6962980      0.7036980      0.7067000      0.7086870      0.7118800      0.6964800      0.6842400      0.6579800      0.6126700      0.5590200      0.4979800      0.4315600      0.3623500      0.2971000      0.2287100    
  0.8528260      0.8535130      0.8542070      0.8541800      0.8542190      0.8596860      0.8705800      0.8706280      0.8706740      0.8708420      0.7071060      0.4610400      0.5831380      0.6445780      0.6447290      0.6476400      0.6838380      0.7006950      0.7067000      0.7022300      0.7077600      0.6857600      0.6562500      0.6264000      0.5764800      0.5167500      0.4496700      0.3826700      0.3100300      0.2385500    
  0.8535070      0.8541930      0.8541800      0.8542000      0.8596660      0.8705800      0.8706040      0.8706280      0.8707150      0.6741400      0.4610400      0.4610400      0.4610400      0.5807470      0.6413660      0.6418190      0.6476400      0.6803150      0.6946900      0.7067000      0.6979800      0.6849800      0.6647000      0.6337000      0.5966200      0.5385600      0.4742900      0.4020800      0.3292200      0.2595800    
  0.8541870      0.8541800      0.8541900      0.8596570      0.8705800      0.8705920      0.8706040      0.7030540      0.5750490      0.4608760      0.4610400      0.4610400      0.4610400      0.4610400      0.5758540      0.6346390      0.6359970      0.6476400      0.6722300      0.6826800      0.6822000      0.6795600      0.6710000      0.6508700      0.6134000      0.5643300      0.4962100      0.4228300      0.3509100      0.2851500    
  0.8541800      0.8541850      0.8596520      0.8705800      0.8705860      0.5223550       0.000000      0.1001300      0.2002700      0.3736670      0.4605480      0.4610400      0.4610400      0.4610400      0.4610400      0.5659200      0.6202780      0.6243550      0.6476400      0.6519000      0.6587700      0.6667900      0.6645800      0.6631600      0.6389400      0.5848200      0.5155100      0.4399400      0.3692700      0.3074500    
  0.8541820      0.8596490      0.8705800      0.8705830      0.4527040       0.000000       0.000000       0.000000      0.1001200      0.2002700      0.3728080      0.4595630      0.4610400      0.4610400      0.4610400      0.4610400      0.5463640      0.5888400      0.6010700      0.6085100      0.6031700      0.6260600      0.6518700      0.6739100      0.6663700      0.6041700      0.5226300      0.4461900      0.3786400      0.3214100    
