iMOD/TUTORIALS/TUT_MetaswapAnalyser/model_MetaSWAP/meteo/Precipitation/Precipitation_20061230_L1.ASC
NCOLS                30
NROWS                30
XLLCORNER     160000.00
YLLCORNER     340000.00
CELLSIZE        1000.00
NODATA_VALUE   -9999.00
   10.62900       10.24810       9.872660       9.507080       9.155820       8.856400       8.601020       8.371680       8.163190       8.015580       7.929730       7.864200       7.802410       7.751800       7.700260       7.669440       7.716660       7.677160       7.642740       7.612710       7.587000       7.529480       7.508780       7.487780       7.475110       7.465300       7.456880       7.447000       7.430040       7.402330    
   10.61570       10.24030       9.868870       9.520170       9.184950       8.889840       8.623070       8.376050       8.139460       7.979040       7.927110       7.874380       7.823190       7.790720       7.745790       7.780600       7.742170       7.675910       7.637600       7.602710       7.571300       7.512140       7.486390       7.461160       7.446050       7.436050       7.430610       7.427960       7.471090       7.446660    
   10.58910       10.22810       9.876930       9.529940       9.223920       8.936040       8.671110       8.427420       8.215680       8.063160       7.978960       7.918830       7.874040       7.830710       7.774800       7.785850       7.745390       7.704190       7.663020       7.622920       7.584300       7.520220       7.482120       7.454250       7.432130       7.416280       7.460010       7.448140       7.447130       7.434060    
   10.56940       10.22390       9.889030       9.560060       9.260630       8.982340       8.727180       8.506620       8.319210       8.167190       8.063200       7.989700       7.933730       7.880120       7.827980       7.818930       7.777630       7.733330       7.686800       7.639580       7.593280       7.544150       7.474330       7.494950       7.459080       7.427740       7.401550       7.381090       7.372270       7.358810    
   10.55390       10.22440       9.897940       9.595140       9.309350       9.043400       8.800020       8.591550       8.411040       8.266940       8.178280       8.091070       8.021350       7.963420       7.887680       7.855470       7.843900       7.799620       7.750540       7.698560       7.645830       7.592960       7.507760       7.455450       7.406990       7.362170       7.321080       7.290890       7.249970       7.197040    
   10.54090       10.22340       9.921270       9.632590       9.360020       9.106230       8.870800       8.676550       8.520970       8.392490       8.271860       8.174460       8.093990       8.025100       7.946390       7.910200       7.868430       7.817580       7.758920       7.696270       7.632280       7.567650       7.472020       7.406740       7.343600       7.282160       7.222740       7.170630       7.103560       7.022030    
   10.53220       10.23370       9.945630       9.670320       9.405200       9.163470       8.941520       8.782470       8.634950       8.485500       8.359470       8.253650       8.163860       8.086090       7.974350       7.936800       7.893950       7.834580       7.763610       7.689340       7.613250       7.536260       7.458880       7.348970       7.270060       7.191770       7.122590       7.039760       6.950170       6.849220    
   10.51430       10.23700       9.963090       9.701160       9.453250       9.179780       9.049450       8.890560       8.719580       8.569500       8.439240       8.326530       8.228380       8.141200       7.996990       7.956160       7.912940       7.843320       7.761090       7.675970       7.588510       7.499210       7.408550       7.284530       7.189610       7.104480       7.006250       6.904590       6.806550       6.687710    
   10.50230       10.24800       9.986520       9.735960       9.442940       9.224830       9.112590       8.963660       8.795090       8.644330       8.510450       8.391680       8.285700       8.057860       8.011940       7.963540       7.907520       7.835730       7.749230       7.656160       7.558460       7.457360       7.353660       7.215390       7.115500       7.002880       6.887890       6.780990       6.655540       6.524900    
   10.50010       10.25840       10.00840       9.697740       9.474430       9.264370       9.210500       9.028470       8.861790       8.710280       8.573110       8.448820       8.335410       8.074160       8.020900       7.964640       7.899710       7.822620       7.733010       7.633620       7.527070       7.411970       7.295670       7.176330       7.028270       6.900510       6.782500       6.647460       6.509140       6.367800    
   10.50820       10.25560       9.920160       9.716100       9.501310       9.420820       9.263680       9.085380       8.920220       8.767940       8.627750       8.498380       8.140090       7.988730       7.955130       7.918870       7.871630       7.811060       7.734980       7.644190       7.541020       7.428070       7.307410       7.190480       7.073170       6.887100       6.740420       6.589520       6.435000       6.217170    
   10.51050       10.10000       9.716100       9.606370       9.524000       9.459600       9.310120       9.135020       8.971130       8.818100       8.470440       8.366420       8.005090       7.973400       7.941680       7.904490       7.857230       7.794190       7.714370       7.616940       7.504910       7.381840       7.271390       7.134230       6.990270       6.796530       6.638240       6.476000       6.310720       6.143690    
   10.27450       9.716100       9.652630       9.604020       9.684050       9.531800       9.350300       9.178190       8.713630       8.591050       8.478060       8.009090       7.982810       7.955030       7.923250       7.886400       7.840090       7.778980       7.694800       7.590330       7.481220       7.351090       7.211620       7.064240       6.909900       6.749410       6.536970       6.364610       6.189690       6.013580    
   9.716100       9.674210       9.644040       9.684050       9.592710       9.562280       8.976350       8.838560       8.709780       8.579620       8.468590       7.984440       7.958440       7.930660       7.899560       7.862950       7.820580       7.762930       7.678540       7.568620       7.440010       7.300760       7.140230       6.982100       6.817250       6.646540       6.428640       6.247530       6.064720       5.881610    
   9.684600       9.664040       9.684050       9.613010       9.562280       9.166430       8.960650       8.826920       8.701020       8.582540       7.989000       7.962920       7.935690       7.906240       7.873280       7.834240       7.790380       7.740900       7.660210       7.530170       7.389990       7.242770       7.086570       6.921960       6.749770       6.571050       6.387080       6.156860       5.966630       5.780290    
   9.674050       9.684050       9.619780       9.562280       9.229790       8.960650       8.893790       8.829530       8.521990       7.977470       7.952660       7.927080       7.899820       7.869760       7.850490       7.809250       7.725640       7.674400       7.593470       7.478380       7.345180       7.190850       7.031750       6.862710       6.684880       6.499670       6.308780       6.114170       5.877350       5.683180    
   9.684050       9.622040       9.562280       9.250910       8.960650       8.927220       8.894660       8.555690       7.977470       7.965070       7.907670       7.886600       7.879110       7.849280       7.739800       7.709500       7.667880       7.609150       7.526730       7.418860       7.290420       7.145780       6.987280       6.805620       6.623040       6.431980       6.234700       6.033840       5.832290       5.604980    
   9.622790       9.562280       9.257950       8.960650       8.943930       8.927510       8.588760       7.977470       7.971270       7.897060       7.840560       7.794520       7.782820       7.708570       7.686180       7.654120       7.610080       7.548880       7.467230       7.363720       7.239750       7.097560       6.939140       6.766210       6.569910       6.373470       6.169980       5.962880       5.756080       5.560750    
   9.562280       9.260290       8.960650       8.952290       8.944030       8.609420       7.977470       7.974370       7.891570       7.817540       7.794520       7.788670       7.734860       7.653540       7.631470       7.599390       7.554460       7.495100       7.415970       7.316640       7.197010       7.057880       6.900440       6.726170       6.537050       6.335720       6.115530       5.901360       5.695280       5.486160    
   9.261070       8.960650       8.956470       8.952320       8.620800       7.977470       7.975920       7.888790       7.806030       7.794520       7.791590       7.742900       7.653540       7.642510       7.628130       7.595110       7.549650       7.488510       7.351730       7.279120       7.164540       7.029300       6.873740       6.698850       6.506430       6.299320       6.077700       5.863830       5.630580       5.410390    
   8.960650       8.958560       8.956480       8.626770       7.977470       7.976700       7.887400       7.800270       7.794520       7.793060       7.745640       7.653540       7.648020       7.641390       7.621910       7.590960       7.544420       7.381430       7.265460       7.251800       7.143730       7.013780       6.861360       6.682330       6.487260       6.274160       6.042300       5.808860       5.575990       5.353350    
   8.959610       8.958560       8.629820       7.977470       7.977080       7.886700       7.797400       7.794520       7.793790       7.746690       7.653540       7.650780       7.647650       7.637110       7.618090       7.585770       7.405450       7.258630       7.251800       7.174990       7.129440       7.007470       6.860580       6.688160       6.478530       6.266320       6.029390       5.781430       5.531800       5.291810    
   8.959610       8.631360       7.977470       7.977280       7.886350       7.795960       7.794520       7.794150       7.747130       7.653540       7.652160       7.650660       7.645180       7.634280       7.613660       7.420720       7.255210       7.251800       7.180740       7.137570       7.070330       7.020080       6.876710       6.706820       6.510120       6.285060       6.036440       5.771400       5.500100       5.236740    
   8.632140       7.977470       7.977370       7.886170       7.795240       7.794520       7.794340       7.747340       7.653540       7.652850       7.652120       7.649330       7.643370       7.510370       7.376680       7.239930       7.239060       7.200890       7.155500       7.158610       7.145700       7.048940       6.916070       6.756200       6.560760       6.330790       6.070480       5.786920       5.490020       5.195940    
   7.977470       7.977420       7.886080       7.794880       7.794520       7.794430       7.747430       7.653540       7.653200       7.652840       7.651430       7.648280       7.418340       7.145720       7.148340       7.203160       7.225500       7.226320       7.190070       7.170320       7.171520       7.083210       6.978230       6.830510       6.640400       6.407960       6.137500       5.836730       5.516980       5.185080    
   7.977450       7.886040       7.794700       7.794520       7.794470       7.747480       7.653540       7.653370       7.653190       7.652490       7.280490       6.724940       7.003140       7.142920       7.143100       7.148340       7.199730       7.224680       7.226320       7.205020       7.193750       7.142200       7.056610       6.931350       6.751460       6.519580       6.241420       5.929130       5.591050       5.239320    
   7.886020       7.794610       7.794520       7.794500       7.747500       7.653540       7.653450       7.653370       7.653020       7.207210       6.724940       6.724940       6.724940       6.998970       7.137320       7.137870       7.148340       7.199580       7.223040       7.226320       7.228510       7.209490       7.156700       7.055020       6.894820       6.665970       6.382490       6.059380       5.715930       5.369710    
   7.794570       7.794520       7.794510       7.747520       7.653540       7.653500       7.653450       7.154390       6.877200       6.724340       6.724940       6.724940       6.724940       6.724940       6.990510       7.125750       7.127400       7.148340       7.200620       7.219770       7.254870       7.275890       7.267450       7.206260       7.067230       6.844250       6.549700       6.216770       5.873000       5.541400    
   7.794520       7.794510       7.747520       7.653540       7.653520       6.793020       5.502460       5.580080       5.657710       6.367560       6.723140       6.724940       6.724940       6.724940       6.724940       6.973470       7.101500       7.106450       7.148340       7.208060       7.272460       7.335050       7.379080       7.373100       7.272080       7.042040       6.726250       6.377880       6.033320       5.714040    
   7.794520       7.747520       7.653540       7.653530       6.620740       5.502130       5.502130       5.502460       5.580060       5.657710       6.364450       6.719530       6.724940       6.724940       6.724940       6.724940       6.940040       7.049710       7.064570       7.143080       7.231470       7.338320       7.450440       7.540060       7.503960       7.237390       6.872700       6.510080       6.167830       5.860820    
