iMOD/TUTORIALS/TUT_MetaswapAnalyser/model_MetaSWAP/meteo/Precipitation/Precipitation_20060529_L1.ASC
NCOLS                30
NROWS                30
XLLCORNER     160000.00
YLLCORNER     340000.00
CELLSIZE        1000.00
NODATA_VALUE   -9999.00
   1.155770       1.285590       1.415810       1.542840       1.687920       1.781290       1.854260       1.905040       1.947760       2.041750       2.208730       2.386510       2.550100       2.666800       2.781780       2.851610       2.868860       2.898920       2.909430       2.898650       2.869720       2.813120       2.757730       2.633640       2.570970       2.507390       2.446450       2.392780       2.353400       2.331010    
   1.149670       1.266690       1.383210       1.496620       1.635280       1.715070       1.774230       1.807560       1.811970       1.888900       2.099740       2.292310       2.465970       2.577810       2.696470       2.752900       2.817720       2.840180       2.850970       2.843460       2.818030       2.766830       2.715310       2.599810       2.539880       2.478070       2.417150       2.360700       2.330670       2.300150    
   1.143410       1.250720       1.356850       1.508810       1.599850       1.673210       1.730410       1.771160       1.805900       1.898900       2.063790       2.243260       2.401840       2.527150       2.639500       2.703660       2.768700       2.808480       2.824280       2.818870       2.792430       2.744460       2.637360       2.584000       2.525990       2.465450       2.422990       2.359780       2.294210       2.249670    
   1.143380       1.242690       1.341030       1.490710       1.572260       1.645170       1.709150       1.774910       1.836490       1.933150       2.070890       2.221640       2.374440       2.494180       2.611430       2.684780       2.750280       2.790050       2.805270       2.799410       2.776650       2.672410       2.624880       2.595360       2.538810       2.479310       2.418510       2.358080       2.294620       2.245980    
   1.149150       1.241930       1.397850       1.482910       1.563430       1.638960       1.710910       1.772990       1.857250       1.962140       2.100600       2.235180       2.374440       2.492110       2.597330       2.680200       2.761910       2.802620       2.817510       2.811640       2.721810       2.685600       2.638360       2.586940       2.534490       2.480420       2.426740       2.368360       2.329050       2.312700    
   1.160070       1.314970       1.399960       1.483050       1.563700       1.642240       1.718240       1.788620       1.922190       2.012030       2.123810       2.245880       2.372760       2.485170       2.603850       2.694510       2.763020       2.799800       2.807770       2.796950       2.711960       2.675030       2.629730       2.584320       2.537110       2.488080       2.443760       2.397610       2.375560       2.379490    
   1.245460       1.324680       1.407030       1.488720       1.566630       1.647630       1.730060       1.868000       1.944330       2.039790       2.144350       2.256040       2.371280       2.480240       2.605360       2.697450       2.772700       2.801860       2.797280       2.733350       2.700310       2.663890       2.625020       2.581140       2.540270       2.500910       2.455230       2.429920       2.418550       2.432060    
   1.238370       1.337200       1.414090       1.494610       1.575540       1.733940       1.816730       1.885590       1.971830       2.063720       2.161430       2.263770       2.368580       2.469630       2.598530       2.686720       2.770300       2.787640       2.746310       2.715050       2.682730       2.649560       2.615680       2.578030       2.544200       2.500850       2.474730       2.457470       2.456900       2.473030    
   1.250610       1.353560       1.430880       1.505740       1.686330       1.764330       1.847350       1.913510       1.997430       2.084760       2.175400       2.268480       2.362490       2.506730       2.578600       2.650750       2.708610       2.724950       2.707610       2.683090       2.656980       2.630610       2.604090       2.574070       2.535730       2.511590       2.491950       2.483230       2.482380       2.497580    
   1.270460       1.371440       1.446270       1.646440       1.720250       1.797170       1.862510       1.941540       2.022030       2.104080       2.187340       2.270950       2.353630       2.480340       2.553090       2.603140       2.650780       2.660860       2.654980       2.641870       2.626750       2.607410       2.590570       2.573030       2.539160       2.521670       2.510740       2.501420       2.500590       2.511750    
   1.280990       1.362720       1.537510       1.685890       1.760180       1.806570       1.894050       1.970250       2.046700       2.123100       2.198830       2.272900       2.413190       2.498380       2.571460       2.585150       2.594040       2.593110       2.586660       2.579220       2.572680       2.566510       2.559470       2.539100       2.531030       2.514910       2.504660       2.497470       2.495690       2.519580    
   1.281850       1.466780       1.685890       1.764880       1.800660       1.844340       1.929360       2.000420       2.072620       2.143370       2.275570       2.332900       2.465030       2.533320       2.549760       2.544380       2.532780       2.526610       2.522020       2.525340       2.533640       2.542270       2.539810       2.540840       2.538240       2.531220       2.524120       2.517060       2.511820       2.510410    
   1.410100       1.685890       1.767570       1.806720       1.812780       1.896260       1.966180       2.035030       2.185980       2.249580       2.303920       2.536910       2.538300       2.534490       2.535320       2.511260       2.481190       2.453780       2.454550       2.473160       2.493910       2.517840       2.535980       2.547370       2.552410       2.552040       2.545800       2.538250       2.529120       2.519750    
   1.685890       1.769000       1.809750       1.812780       1.882490       1.938440       2.113600       2.175000       2.232960       2.194210       2.251040       2.571890       2.562920       2.546940       2.521750       2.493640       2.445930       2.392670       2.378810       2.425540       2.474180       2.514790       2.522780       2.539160       2.547620       2.549370       2.544960       2.536690       2.524850       2.510130    
   1.769730       1.811260       1.812780       1.877900       1.938440       2.037960       2.061840       2.126820       2.188470       2.245680       2.635790       2.623090       2.604900       2.579130       2.543530       2.509300       2.441590       2.355930       2.329980       2.395170       2.466000       2.511370       2.544520       2.566980       2.580150       2.585260       2.583360       2.574840       2.561170       2.536330    
   1.812020       1.812780       1.876370       1.938440       2.012750       2.061840       2.094330       2.125710       2.317220       2.707930       2.695270       2.678640       2.656510       2.627240       2.569540       2.525550       2.463560       2.410920       2.397800       2.434530       2.477300       2.547630       2.582250       2.606930       2.622450       2.629660       2.629350       2.622170       2.608080       2.588310    
   1.812780       1.875860       1.938440       2.004340       2.061840       2.078080       2.093960       2.311300       2.707930       2.701600       2.723190       2.745580       2.692810       2.666450       2.613460       2.578560       2.539760       2.507380       2.499400       2.517990       2.548310       2.578500       2.603660       2.668800       2.685560       2.694510       2.696090       2.690790       2.679080       2.654450    
   1.875690       1.938440       2.001540       2.061840       2.069960       2.077960       2.297820       2.707930       2.704770       2.737670       2.767070       2.788550       2.766080       2.717160       2.691510       2.665470       2.634010       2.612770       2.607390       2.618330       2.639410       2.663410       2.685600       2.703590       2.763780       2.774030       2.777660       2.775060       2.766790       2.747020    
   1.938440       2.000610       2.061840       2.065900       2.069920       2.288420       2.707930       2.706350       2.743340       2.777810       2.788550       2.777310       2.768420       2.801910       2.782340       2.764520       2.751720       2.723430       2.720050       2.727750       2.743390       2.762700       2.782050       2.799060       2.812460       2.821680       2.873340       2.874040       2.863300       2.874660    
   2.000300       2.061840       2.063870       2.065890       2.283040       2.707930       2.707140       2.745870       2.783180       2.788550       2.782930       2.784050       2.801910       2.792120       2.782920       2.766190       2.746560       2.731730       2.795740       2.843420       2.856300       2.872760       2.890220       2.906670       2.920790       2.931890       2.955890       2.955820       2.914980       2.956940    
   2.061840       2.062860       2.063870       2.280180       2.707930       2.707530       2.747070       2.785860       2.788550       2.785740       2.789360       2.801910       2.797020       2.792320       2.780410       2.765220       2.748160       2.828360       2.903730       2.964030       2.975890       2.991110       3.007820       3.045040       3.058680       3.070480       3.026630       3.036780       3.047390       3.060220    
   2.062350       2.062850       2.278710       2.707930       2.707730       2.747660       2.787210       2.788550       2.787150       2.791390       2.801910       2.799460       2.797080       2.789920       2.779320       2.764600       2.847930       2.933880       2.964030       3.023760       3.131360       3.143010       3.157060       3.172120       3.134730       3.145690       3.159820       3.174040       3.189280       3.207760    
   2.062350       2.277960       2.707930       2.707830       2.747950       2.787880       2.788550       2.787850       2.792250       2.801910       2.800690       2.799490       2.795490       2.788770       2.777950       2.941910       2.948950       2.964030       3.192350       3.291540       3.269120       3.264330       3.235990       3.252430       3.266940       3.284490       3.302440       3.320790       3.340230       3.362470    
   2.277580       2.707930       2.707880       2.748100       2.788210       2.788550       2.788200       2.792640       2.801910       2.801300       2.800690       2.798550       2.794580       3.092970       3.274500       3.369220       3.368730       3.399600       3.443010       3.490090       3.451720       3.355190       3.370780       3.389010       3.409220       3.430740       3.453010       3.475740       3.499140       3.504020    
   2.707930       2.707910       2.748170       2.788380       2.788550       2.788370       2.792820       2.801910       2.801600       2.801300       2.800180       2.797940       3.343600       4.013770       4.009660       3.759470       3.789990       3.773430       3.625190       3.547420       3.528450       3.551610       3.511310       3.532850       3.557080       3.583280       3.610630       3.638430       3.646850       3.678710    
   2.707920       2.748200       2.788470       2.788550       2.788460       2.792910       2.801910       2.801760       2.801600       2.801030       3.451010       4.427810       4.155370       4.018110       4.017880       4.009660       3.869510       3.806550       3.773430       3.689820       3.662080       3.685420       3.711810       3.680300       3.709190       3.740880       3.774290       3.790230       3.825770       3.862450    
   2.748220       2.788510       2.788550       2.788510       2.792960       2.801910       2.801830       2.801760       2.801460       3.581850       4.427810       4.427810       4.427810       4.161810       4.026790       4.026090       4.009660       3.888420       3.839670       3.773430       3.795310       3.820430       3.848900       3.880980       3.864160       3.902160       3.927610       3.968340       4.010880       4.054890    
   2.788530       2.788550       2.788530       2.792980       2.801910       2.801870       2.801830       3.335800       3.858350       4.428110       4.427810       4.427810       4.427810       4.427810       4.174750       4.044620       4.042520       4.009660       3.930920       3.905910       3.929670       3.956440       3.986660       4.021350       4.055970       4.055680       4.101070       4.149640       4.200020       4.252190    
   2.788550       2.788540       2.792990       2.801910       2.801890       3.669180       4.970030       4.954100       4.938160       4.598740       4.428710       4.427810       4.427810       4.427810       4.427810       4.200490       4.081680       4.075390       4.009660       4.034670       4.062030       4.091610       4.134260       4.164610       4.202250       4.250620       4.275780       4.332810       4.391210       4.451120    
   2.788540       2.793000       2.801910       2.801900       3.842780       4.970250       4.970250       4.970030       4.954110       4.938160       4.600290       4.430510       4.427810       4.427810       4.427810       4.427810       4.249960       4.159980       4.141110       4.169340       4.230530       4.251750       4.276050       4.304820       4.346020       4.407170       4.475070       4.536230       4.583450       4.650370    
