iMOD/TUTORIALS/TUT_MetaswapAnalyser/model_MetaSWAP/meteo/Precipitation/Precipitation_20050506_L1.ASC
NCOLS                30
NROWS                30
XLLCORNER     160000.00
YLLCORNER     340000.00
CELLSIZE        1000.00
NODATA_VALUE   -9999.00
   8.967440       8.931240       8.873560       8.771610       8.579370       8.167810       7.544220       6.844230       6.216300       5.918500       5.998990       6.191590       6.403480       6.611740       6.809180       7.022940       7.201800       7.339760       7.438860       7.510740       7.558960       7.589990       7.604020       7.602360       7.597780       7.587950       7.574990       7.560790       7.547390       7.544960    
   8.940960       8.865320       8.750460       8.574850       8.307890       7.877310       7.302950       6.634770       5.928080       5.627230       5.932260       6.220540       6.494430       6.773880       7.012780       7.244910       7.425310       7.510660       7.627810       7.704240       7.755730       7.790830       7.809700       7.813870       7.817880       7.818380       7.817060       7.815100       7.824920       7.829650    
   8.902440       8.794830       8.643570       8.447640       8.139470       7.730880       7.229730       6.678430       6.171570       5.974380       6.134400       6.400610       6.699420       6.977080       7.212190       7.447450       7.637220       7.786200       7.895220       7.969880       8.031530       8.064600       8.076980       8.087560       8.093560       8.097190       8.112520       8.112520       8.119440       8.115770    
   8.870310       8.742200       8.572060       8.364700       8.070250       7.709980       7.301850       6.892040       6.557540       6.416510       6.495570       6.704140       6.973050       7.238690       7.499580       7.744590       7.944680       8.096040       8.199520       8.264620       8.303190       8.332080       8.348300       8.371170       8.376950       8.381900       8.386920       8.392240       8.403920       8.405410    
   8.853380       8.716230       8.561170       8.342130       8.078520       7.777070       7.458800       7.141720       6.923830       6.834550       6.926390       7.088710       7.313580       7.569500       7.830320       8.083680       8.298940       8.445870       8.532380       8.577240       8.593140       8.603100       8.614350       8.629170       8.635100       8.642940       8.653070       8.674650       8.686240       8.700900    
   8.855110       8.732920       8.565520       8.367490       8.141520       7.897380       7.637310       7.416580       7.298570       7.282800       7.325060       7.458860       7.664830       7.915100       8.182850       8.454820       8.680360       8.812640       8.862290       8.872840       8.865160       8.859860       8.862440       8.864300       8.871260       8.890520       8.906900       8.936930       8.959580       8.986690    
   8.865580       8.751740       8.599630       8.427040       8.211330       8.022000       7.843110       7.728300       7.683320       7.649170       7.695620       7.818340       8.005650       8.246280       8.516690       8.817530       9.089580       9.188110       9.171100       9.136250       9.109430       9.091130       9.082030       9.087890       9.096980       9.114170       9.150000       9.179440       9.218060       9.257450    
   8.914450       8.726960       8.618000       8.475680       8.326330       8.298740       8.104440       8.065310       7.993330       7.979730       8.030520       8.144870       8.316980       8.539190       8.793340       9.098400       9.427760       9.470580       9.400560       9.347350       9.309840       9.286750       9.276800       9.284770       9.298410       9.334600       9.366430       9.406490       9.436450       9.494950    
   8.901210       8.777340       8.666780       8.569340       8.609510       8.482690       8.316070       8.321800       8.274830       8.275100       8.327250       8.431440       8.584100       8.755570       8.993080       9.243080       9.457260       9.537970       9.522350       9.486960       9.458050       9.441120       9.436990       9.451350       9.484980       9.516350       9.558120       9.588540       9.653750       9.725410    
   8.948890       8.837100       8.743680       8.848860       8.764410       8.664530       8.620970       8.558960       8.529090       8.537400       8.587080       8.678050       8.806940       8.938720       9.126830       9.316260       9.468680       9.548670       9.568060       9.560880       9.550290       9.554940       9.562210       9.580320       9.628860       9.669890       9.699490       9.766500       9.844200       9.930520    
   8.938060       8.843220       8.852850       8.981740       8.895370       9.005180       8.822430       8.777240       8.758460       8.770130       8.814090       8.889540       8.949780       9.037250       9.198820       9.344690       9.468380       9.549590       9.595410       9.620830       9.639400       9.658950       9.683390       9.725680       9.739550       9.814870       9.879010       9.955190       10.04330       10.10530    
   8.935540       8.903970       8.981740       9.078950       9.046260       9.167020       8.990590       8.978140       8.966040       8.977740       8.923800       8.995630       9.032360       9.157830       9.273820       9.380900       9.469310       9.541400       9.592890       9.635830       9.675030       9.713140       9.741410       9.783630       9.832850       9.902820       9.974120       10.05870       10.15760       10.27110    
   8.960260       8.981740       9.168110       9.219340       9.392410       9.205570       9.166970       9.142790       9.001560       9.045570       9.086980       9.087850       9.168830       9.255520       9.340560       9.415420       9.475440       9.523540       9.578650       9.633600       9.689050       9.742220       9.792850       9.844060       9.899460       9.962660       10.04960       10.13910       10.24540       10.37020    
   8.981740       9.212030       9.305870       9.392410       9.320360       9.363090       9.151710       9.146600       9.155150       9.166760       9.204360       9.217630       9.281700       9.347000       9.407100       9.455780       9.480280       9.506200       9.550040       9.630620       9.705910       9.771780       9.784970       9.832280       9.882690       9.940850       10.02470       10.11280       10.22150       10.35440    
   9.233830       9.349140       9.392410       9.358620       9.363090       9.218970       9.142100       9.153560       9.176060       9.209500       9.200110       9.259130       9.321620       9.382890       9.437410       9.497300       9.515260       9.506800       9.535770       9.617040       9.695890       9.753120       9.801530       9.845990       9.891550       9.943380       10.00680       10.10130       10.20460       10.31550    
   9.370780       9.392410       9.371370       9.363090       9.241390       9.142100       9.147830       9.157240       9.202830       9.272200       9.319870       9.371880       9.425120       9.475760       9.486700       9.523440       9.551080       9.565790       9.595350       9.646900       9.694540       9.766950       9.805060       9.838070       9.870630       9.908020       9.956070       10.02100       10.12410       10.24150    
   9.392410       9.375620       9.363090       9.248860       9.142100       9.144970       9.149060       9.195020       9.272200       9.296030       9.401400       9.481320       9.483040       9.527660       9.568960       9.599290       9.629130       9.649640       9.675730       9.708810       9.740490       9.765040       9.781820       9.839770       9.854850       9.872380       9.898370       9.939550       10.00300       10.14680    
   9.377040       9.363090       9.251350       9.142100       9.143530       9.145370       9.190310       9.272200       9.284120       9.410570       9.521510       9.561710       9.599010       9.621660       9.655080       9.683390       9.716570       9.737670       9.758590       9.779060       9.795410       9.804080       9.803870       9.796020       9.830780       9.821790       9.818030       9.826740       9.855820       9.947320    
   9.363090       9.252180       9.142100       9.142820       9.143670       9.187850       9.272200       9.278160       9.414040       9.541610       9.561710       9.580360       9.623990       9.713570       9.745460       9.773090       9.795800       9.828870       9.844700       9.855280       9.858070       9.850470       9.831180       9.800700       9.761490       9.717970       9.722130       9.690120       9.708780       9.721310    
   9.252460       9.142100       9.142460       9.142860       9.186640       9.272200       9.275180       9.415550       9.551660       9.561710       9.571040       9.619910       9.713570       9.729520       9.744040       9.771450       9.799250       9.823120       9.899660       9.938530       9.929750       9.906780       9.867900       9.812900       9.743480       9.663550       9.560390       9.522810       9.483320       9.481390    
   9.142100       9.142280       9.142470       9.186040       9.272200       9.273690       9.416270       9.556690       9.561710       9.566370       9.616560       9.713570       9.721540       9.729040       9.748330       9.771580       9.797940       9.907530       9.984710       10.03090       10.01310       9.976790       9.919330       9.817060       9.717410       9.599210       9.532470       9.397740       9.270480       9.166980    
   9.142190       9.142280       9.185750       9.272200       9.272940       9.416610       9.559200       9.561710       9.564040       9.614550       9.713570       9.717560       9.721380       9.732970       9.749650       9.772620       9.903150       10.00780       10.03090       10.04120       10.07950       10.03680       9.966540       9.866220       9.767440       9.627590       9.448490       9.253500       9.058050       8.885360    
   9.142190       9.185610       9.272200       9.272570       9.416780       9.560450       9.561710       9.562880       9.613470       9.713570       9.715560       9.717500       9.723970       9.734670       9.751750       9.962840       10.01940       10.03090       10.16200       10.18920       10.17430       10.15420       10.08720       9.970680       9.825590       9.632380       9.401130       9.141110       8.868430       8.609180    
   9.185540       9.272200       9.272390       9.416870       9.561080       9.561710       9.562290       9.612910       9.713570       9.714570       9.715550       9.719010       9.725380       10.00220       10.21390       10.37200       10.36940       10.35870       10.34440       10.38690       10.29890       10.30200       10.20670       10.08930       9.916870       9.688660       9.408240       9.083880       8.729690       8.335980    
   9.272200       9.272290       9.416910       9.561400       9.561710       9.562000       9.612620       9.713570       9.714070       9.714560       9.716370       9.719980       10.21020       10.80080       10.79850       10.66350       10.72730       10.70800       10.54840       10.45710       10.47480       10.41110       10.37360       10.25310       10.06620       9.810160       9.488170       9.107950       8.649380       8.196800    
   9.272250       9.416930       9.561550       9.561710       9.561860       9.612480       9.713570       9.713820       9.714070       9.715000       10.16560       10.83860       10.81570       10.80360       10.80310       10.79850       10.75870       10.74660       10.70800       10.64160       10.59750       10.60600       10.56190       10.47230       10.28190       10.00810       9.655680       9.208200       8.737510       8.228670    
   9.416940       9.561630       9.561710       9.561780       9.612400       9.713570       9.713690       9.713820       9.714300       10.25440       10.83860       10.83860       10.83860       10.81990       10.80930       10.80770       10.79850       10.78160       10.78520       10.70800       10.78610       10.82870       10.81770       10.73150       10.56930       10.28760       9.893540       9.449660       8.964460       8.464690    
   9.561670       9.561710       9.561750       9.612370       9.713570       9.713630       9.713690       9.834800       10.22370       10.83830       10.83860       10.83860       10.83860       10.83860       10.82880       10.82160       10.81690       10.79850       10.83460       10.86240       10.97940       11.06920       11.11000       11.07020       10.91330       10.63410       10.23730       9.778790       9.297230       8.831310    
   9.561710       9.561730       9.612350       9.713570       9.713600       9.889860       10.15430       10.17580       10.19740       10.62410       10.83770       10.83860       10.83860       10.83860       10.83860       10.84730       10.84940       10.83540       10.79850       10.96940       11.13710       11.29120       11.44920       11.47710       11.35080       11.04890       10.63340       10.15760       9.681880       9.243690    
   9.561720       9.612340       9.713570       9.713580       9.924990       10.15410       10.15410       10.15430       10.17580       10.19740       10.62250       10.83590       10.83860       10.83860       10.83860       10.83860       10.88410       10.91430       10.87230       11.07160       11.37690       11.55990       11.74080       11.88200       11.85080       11.51260       11.03550       10.53280       10.06700       9.649450    
