iMOD/TUTORIALS/TUT_MetaswapAnalyser/model_MetaSWAP/meteo/Precipitation/Precipitation_20061120_L1.ASC
NCOLS                30
NROWS                30
XLLCORNER     160000.00
YLLCORNER     340000.00
CELLSIZE        1000.00
NODATA_VALUE   -9999.00
   11.71910       11.67090       11.61500       11.55000       11.47620       11.38480       11.27810       11.15940       11.03600       10.93850       10.86390       10.79540       10.72770       10.64650       10.56700       10.48500       10.42880       10.33780       10.24270       10.14730       10.05440       9.966550       9.885900       9.794850       9.734680       9.684250       9.642490       9.606500       9.570160       9.526670    
   11.57600       11.52120       11.45990       11.39010       11.31310       11.22130       11.11770       11.00290       10.87850       10.78410       10.74010       10.69200       10.63830       10.57360       10.50660       10.45970       10.37640       10.27860       10.17980       10.07560       9.971990       9.873010       9.781840       9.683050       9.615770       9.561020       9.518640       9.487010       9.460860       9.429160    
   11.43300       11.37230       11.30550       11.23570       11.15330       11.06240       10.96340       10.85790       10.76110       10.68060       10.63310       10.59000       10.54730       10.49430       10.43690       10.39100       10.31150       10.21610       10.10740       9.990970       9.875340       9.762570       9.639730       9.549050       9.472060       9.409870       9.363000       9.331900       9.319040       9.308010    
   11.29000       11.22400       11.15290       11.07960       10.99620       10.90710       10.81350       10.71830       10.64580       10.58050       10.52750       10.48560       10.44930       10.40670       10.36140       10.31870       10.24370       10.14380       10.02270       9.889700       9.754690       9.608020       9.490490       9.386190       9.297120       9.224010       9.167420       9.127730       9.107990       9.098190    
   11.14750       11.07670       11.00520       10.92510       10.84090       10.75320       10.66390       10.60740       10.52870       10.46270       10.41390       10.37280       10.33960       10.30740       10.27390       10.23740       10.17090       10.06390       9.924090       9.768610       9.591440       9.443940       9.310620       9.193570       9.090770       9.003780       8.932040       8.878280       8.828640       8.775040    
   11.00580       10.93350       10.85440       10.77180       10.68630       10.59890       10.52960       10.46440       10.39350       10.33130       10.27910       10.23900       10.20750       10.18430       10.16100       10.14290       10.08920       9.970140       9.799830       9.614840       9.417340       9.251330       9.102660       8.970140       8.853610       8.752860       8.663560       8.587820       8.510560       8.426010    
   10.86130       10.78730       10.70470       10.61930       10.55950       10.46670       10.37510       10.31570       10.24400       10.17840       10.12350       10.08010       10.04870       10.02730       10.00650       10.01570       9.999670       9.855770       9.635940       9.405570       9.205060       9.024830       8.863830       8.720880       8.592400       8.476630       8.375600       8.275120       8.176240       8.071480    
   10.73600       10.67780       10.59320       10.50020       10.40550       10.20940       10.23550       10.15610       10.07850       10.00800       9.946390       9.894870       9.854740       9.826420       9.792590       9.807250       9.834240       9.651790       9.390410       9.157680       8.949660       8.763950       8.597580       8.448120       8.311160       8.189610       8.069300       7.952710       7.846830       7.723680    
   10.64380       10.53420       10.44060       10.34980       10.11930       10.03150       10.06790       9.984500       9.900820       9.822210       9.749920       9.685050       9.628530       9.538450       9.513090       9.487990       9.432300       9.282250       9.067510       8.852010       8.652990       8.472380       8.308070       8.157620       8.021850       7.887390       7.757000       7.640790       7.508170       7.373830    
   10.50680       10.39290       10.29550       10.02880       9.943310       9.851130       9.899700       9.805900       9.713860       9.624460       9.538360       9.456000       9.377420       9.251880       9.191200       9.119670       9.025110       8.875340       8.693120       8.504660       8.325030       8.158380       8.002900       7.856110       7.720880       7.583010       7.459360       7.319280       7.177110       7.032990    
   10.49890       10.39840       10.14360       9.857100       9.761220       9.744520       9.724540       9.623000       9.521200       9.419410       9.317690       9.215700       9.037580       8.979540       8.893840       8.770040       8.627780       8.466690       8.295520       8.126660       7.966760       7.816140       7.672420       7.536880       7.413150       7.273770       7.132230       6.987400       6.839000       6.706180    
   10.49760       10.22450       9.857100       9.676600       9.586380       9.564270       9.544490       9.438930       9.326830       9.212240       9.143240       9.014430       8.808100       8.713560       8.566690       8.408910       8.239680       8.066550       7.902830       7.755210       7.620600       7.492330       7.380190       7.252410       7.120590       6.984190       6.841700       6.693240       6.539000       6.379940    
   10.29280       9.857100       9.644860       9.544040       9.501710       9.484510       9.370410       9.252640       9.201440       9.071530       8.931460       8.741960       8.593570       8.433330       8.257090       8.068590       7.869970       7.677330       7.515780       7.393330       7.296230       7.194370       7.086550       6.970580       6.845920       6.712560       6.571080       6.420760       6.262500       6.097200    
   9.857100       9.631640       9.522880       9.501710       9.435710       9.320910       9.295140       9.162500       9.024110       8.852440       8.703170       8.522960       8.357100       8.176890       7.979970       7.763010       7.535570       7.305640       7.140590       7.060330       6.991270       6.912170       6.841700       6.739440       6.623940       6.496050       6.356090       6.205420       6.044250       5.873320    
   9.625680       9.512290       9.501710       9.419440       9.320910       9.251620       9.138800       8.999900       8.854130       8.700570       8.503890       8.336390       8.156060       7.960760       7.748240       7.514050       7.262570       6.991960       6.810550       6.795170       6.754510       6.693520       6.613840       6.517500       6.406110       6.280980       6.143100       5.992850       5.831710       5.659370    
   9.507000       9.501710       9.414020       9.320910       9.237110       9.138800       9.069350       8.997610       8.762600       8.495800       8.332600       8.158390       7.971790       7.771420       7.567410       7.336030       7.089470       6.854030       6.693680       6.626170       6.572040       6.505340       6.424610       6.328730       6.218500       6.094890       5.958810       5.811090       5.652120       5.483380    
   9.501710       9.412210       9.320910       9.232270       9.138800       9.104070       9.068590       8.831340       8.495800       8.414200       8.167230       8.003180       7.831080       7.631700       7.418730       7.203790       6.980400       6.782540       6.629760       6.525780       6.444150       6.363680       6.275290       6.173950       6.062410       5.939220       5.804960       5.660410       5.506480       5.350250    
   9.411610       9.320910       9.230660       9.138800       9.121440       9.103820       8.874950       8.495800       8.455000       8.169620       7.924680       7.846190       7.669590       7.503480       7.307800       7.108950       6.903320       6.725180       6.575180       6.454370       6.352060       6.255680       6.156880       6.051300       5.935220       5.811700       5.679270       5.538620       5.390880       5.243320    
   9.320910       9.230120       9.138800       9.130120       9.121350       8.899000       8.495800       8.475400       8.170410       7.885440       7.846190       7.757890       7.606360       7.406180       7.221530       7.036750       6.858210       6.676040       6.527610       6.398100       6.282410       6.173370       6.064880       5.952950       5.835380       5.711300       5.578980       5.442600       5.307320       5.161270    
   9.229940       9.138800       9.134460       9.130090       8.911570       8.495800       8.485600       8.170720       7.865810       7.846190       7.802040       7.654150       7.406180       7.313860       7.221490       7.038830       6.857000       6.687290       6.453920       6.352400       6.228250       6.110090       5.993840       5.876380       5.755770       5.631100       5.497050       5.371890       5.273940       5.133220    
   9.138800       9.136630       9.134450       8.917980       8.495800       8.490700       8.170860       7.856000       7.846190       7.824110       7.677140       7.406180       7.360020       7.313840       7.191390       7.039110       6.861040       6.529510       6.333910       6.315430       6.185930       6.061500       5.939500       5.811390       5.688860       5.564300       5.485820       5.355470       5.223410       5.091540    
   9.137710       9.136630       8.921210       8.495800       8.493250       8.170930       7.851100       7.846190       7.835150       7.688410       7.406180       7.383100       7.360010       7.288420       7.181450       7.030510       6.613950       6.324670       6.315430       6.215210       6.144280       6.016760       5.891610       5.767470       5.687740       5.566830       5.440920       5.313870       5.186790       5.061380    
   9.137710       8.922840       8.495800       8.494520       8.170960       7.848640       7.846190       7.840670       7.693980       7.406180       7.394640       7.383100       7.343840       7.276620       7.166790       6.689060       6.320050       6.315430       6.204850       6.139000       6.060360       5.991470       5.906280       5.780220       5.656850       5.532730       5.408290       5.284090       5.161040       5.040660    
   8.923650       8.495800       8.495160       8.170980       7.847420       7.846190       7.843430       7.696760       7.406180       7.400410       7.394640       7.373860       7.334520       7.027900       6.676510       6.301180       6.299340       6.228450       6.146210       6.149740       6.133730       6.015540       5.883290       5.757350       5.632350       5.508220       5.385070       5.263220       5.143350       5.031510    
   8.495800       8.495480       8.170990       7.846800       7.846190       7.844810       7.698140       7.406180       7.403290       7.400410       7.389640       7.367670       6.877290       6.324860       6.324340       6.301080       6.284150       6.283250       6.192500       6.149890       6.165760       6.027400       5.868900       5.741270       5.615370       5.491380       5.369400       5.249570       5.136640       5.021590    
   8.495640       8.170990       7.846500       7.846190       7.845500       7.698830       7.406180       7.404740       7.403290       7.397780       7.026150       6.486510       6.379100       6.325290       6.325390       6.324340       6.296490       6.285050       6.283250       6.187110       6.150180       6.018220       5.887100       5.731190       5.604320       5.480440       5.359580       5.245430       5.129960       5.017220    
   8.170990       7.846340       7.846190       7.845850       7.699170       7.406180       7.405460       7.404740       7.401940       6.960050       6.486510       6.486510       6.486510       6.379720       6.326140       6.326440       6.324340       6.293300       6.286850       6.283250       6.149240       6.014510       5.880220       5.747890       5.597710       5.473880       5.357100       5.241260       5.128080       5.017830    
   7.846270       7.846190       7.846020       7.699350       7.406180       7.405820       7.405460       7.206050       6.898990       6.486590       6.486510       6.486510       6.486510       6.486510       6.380850       6.327650       6.328530       6.324340       6.278760       6.290460       6.154480       6.016490       5.878100       5.741840       5.610860       5.472030       5.354820       5.241070       5.129980       5.021840    
   7.846190       7.846100       7.699430       7.406180       7.406000       7.030660       6.467950       6.540000       6.612060       6.528560       6.486740       6.486510       6.486510       6.486510       6.486510       6.382820       6.330080       6.332720       6.324340       6.216990       6.101770       5.979320       5.844520       5.736430       5.603980       5.481360       5.356180       5.244640       5.135090       5.028040    
   7.846150       7.699480       7.406180       7.406090       6.955690       6.467880       6.467880       6.467950       6.540000       6.612060       6.528950       6.487190       6.486510       6.486510       6.486510       6.486510       6.386160       6.333180       6.341100       6.236560       6.104030       5.985530       5.857300       5.723140       5.595370       5.486560       5.383900       5.255980       5.143470       5.036030    
