iMOD/TUTORIALS/TUT_MetaswapAnalyser/model_MetaSWAP/meteo/Precipitation/Precipitation_20061010_L1.ASC
NCOLS                30
NROWS                30
XLLCORNER     160000.00
YLLCORNER     340000.00
CELLSIZE        1000.00
NODATA_VALUE   -9999.00
   1.277900       1.209670       1.153600       1.116910       1.116620       1.192490       1.358120       1.580760       1.814330       1.952380       1.952850       1.918410       1.888600       1.883390       1.890400       1.940800       2.021190       2.110950       2.241720       2.406310       2.602720       2.824730       3.074260       3.381800       3.664360       3.954890       4.243600       4.514540       4.739910       4.874110    
   1.275460       1.225950       1.207000       1.193440       1.217380       1.301050       1.450790       1.660880       1.920980       2.052590       1.949420       1.868270       1.804600       1.784130       1.770850       1.799850       1.850590       1.933960       2.052410       2.215280       2.412830       2.638670       2.893720       3.205930       3.501170       3.810890       4.129240       4.445850       4.670110       4.886810    
   1.300890       1.262640       1.242010       1.242860       1.287700       1.364980       1.488320       1.650040       1.824220       1.895810       1.841670       1.759420       1.691290       1.641940       1.608740       1.616340       1.653380       1.733000       1.856540       2.021430       2.213640       2.442860       2.734180       3.014490       3.314800       3.632960       3.899980       4.256850       4.621150       4.967840    
   1.323880       1.293460       1.279720       1.284530       1.319090       1.382800       1.473280       1.580030       1.680230       1.718130       1.681400       1.615290       1.541170       1.479050       1.431030       1.418630       1.442490       1.515650       1.639320       1.807790       2.012940       2.269450       2.524850       2.741510       3.037860       3.353180       3.686960       4.038820       4.404850       4.779860    
   1.342080       1.315980       1.301350       1.307280       1.332140       1.375450       1.432140       1.503160       1.546970       1.553700       1.515960       1.448570       1.371420       1.296430       1.247240       1.211980       1.197760       1.262560       1.386710       1.557640       1.787130       2.018750       2.266560       2.529770       2.811150       3.105210       3.409180       3.713690       4.009060       4.236530    
   1.354760       1.327720       1.315050       1.315200       1.328150       1.351750       1.381550       1.420400       1.410640       1.412820       1.374660       1.311580       1.232780       1.145570       1.060860      0.9978600      0.9813100       1.045420       1.184640       1.368540       1.598590       1.827450       2.065560       2.315670       2.572960       2.831360       3.091200       3.335240       3.546900       3.678390    
   1.364310       1.336050       1.320030       1.313140       1.315840       1.322380       1.329740       1.311650       1.322830       1.300940       1.257280       1.193340       1.113240       1.023430      0.9204500      0.8283300      0.7694200      0.8428900       1.012890       1.223380       1.435560       1.654920       1.879100       2.102940       2.329600       2.552280       2.760660       2.949590       3.094490       3.171490    
   1.490070       1.345400       1.321210       1.307120       1.297910       1.187530       1.244150       1.256150       1.240850       1.210930       1.164440       1.101710       1.024720      0.9372800      0.8330000      0.7313400      0.6280000      0.7225300      0.9140300       1.109490       1.308370       1.508730       1.708830       1.903720       2.095930       2.275310       2.441600       2.581120       2.679970       2.722700    
   1.505070       1.345880       1.321250       1.297130       1.145630       1.140040       1.192500       1.196820       1.174090       1.140330       1.094210       1.035900      0.9668500      0.8787500      0.8006000      0.7276600      0.6897500      0.7482300      0.8844600       1.047680       1.218630       1.390770       1.560670       1.722760       1.876030       2.019810       2.145110       2.244040       2.307340       2.326310    
   1.512130       1.344920       1.316720       1.123700       1.107450       1.095400       1.166940       1.146890       1.120440       1.086030       1.042970      0.9917400      0.9340200      0.8592500      0.8058000      0.7640400      0.7519000      0.8013900      0.8997500       1.025840       1.163290       1.297280       1.433460       1.563840       1.679160       1.786710       1.876210       1.941860       1.977710       1.978890    
   1.467390       1.391260       1.219130       1.091160       1.074410       1.122640       1.128160       1.105030       1.077420       1.044500       1.006190      0.9633500      0.8968200      0.8564000      0.8092500      0.7966300      0.8077200      0.8515600      0.9250600       1.018100       1.120520       1.225440       1.328370       1.423820       1.513800       1.575580       1.634320       1.672740       1.687000       1.675430    
   1.468340       1.292230       1.091160       1.072720       1.039770       1.093240       1.097780       1.069650       1.042450       1.012180      0.9743300      0.9406500      0.8852900      0.8356400      0.8288900      0.8325000      0.8542600      0.8945200      0.9511500       1.017000       1.087350       1.159050       1.228600       1.294380       1.352700       1.394960       1.428210       1.444660       1.441790       1.418130    
   1.346000       1.091160       1.078020       1.062650       1.085540       1.091280       1.067540       1.042680       1.009030      0.9792400      0.9522400      0.8494000      0.8413600      0.8374500      0.8439400      0.8592700      0.8889900      0.9304900      0.9735400       1.014770       1.054400       1.095520       1.136310       1.174230       1.206430       1.230110       1.237040       1.235820       1.219630       1.187650    
   1.091160       1.082200       1.074100       1.085540       1.080360       1.064270       1.029740       1.006140      0.9822300      0.9767100      0.9512200      0.8311500      0.8300500      0.8341700      0.8466200      0.8729700      0.9102300      0.9564800      0.9916400       1.003980       1.015730       1.030510       1.053190       1.069230       1.080980       1.085960       1.076940       1.062180       1.035850      0.9974900    
   1.084680       1.079820       1.085540       1.076720       1.064270       1.044800       1.040380       1.013720      0.9875700      0.9623800      0.8205900      0.8193800      0.8213500      0.8286400      0.8437600      0.8703100      0.9084600      0.9620500      0.9932100      0.9787400      0.9693200      0.9664900      0.9655900      0.9638900      0.9590200      0.9489600      0.9321300      0.9025900      0.8692600      0.8300200    
   1.082680       1.085540       1.075510       1.064270       1.049820       1.040380       1.027050       1.013890      0.9404050      0.7979500      0.7966400      0.7971200      0.8007000      0.8089200      0.8293800      0.8508500      0.8842100      0.9161100      0.9315000      0.9227200      0.9098400      0.8916900      0.8786600      0.8645200      0.8476500      0.8266900      0.8006400      0.7688800      0.7267800      0.6834600    
   1.085540       1.075110       1.064270       1.051490       1.040380       1.033720       1.027110      0.9448240      0.7979500      0.7972950      0.7835820      0.7718200      0.7829300      0.7895200      0.8009900      0.8153500      0.8387600      0.8535200      0.8582100      0.8502700      0.8351900      0.8171900      0.7974000      0.7678200      0.7423700      0.7136400      0.6812100      0.6449600      0.6050700      0.5524200    
   1.074970       1.064270       1.052050       1.040380       1.037050       1.033730      0.9508990      0.7979500      0.7976230      0.7792610      0.7631000      0.7543800      0.7557900      0.7595100      0.7650200      0.7719000      0.7876000      0.7912600      0.7881000      0.7768500      0.7591300      0.7370900      0.7119100      0.6839400      0.6461100      0.6121700      0.5756400      0.5368500      0.4963800      0.4499700    
   1.064270       1.052230       1.040380       1.038710       1.037050      0.9549080      0.7979500      0.7977860      0.7775910      0.7587400      0.7543800      0.7550850      0.7487050      0.7251400      0.7257200      0.7260200      0.7244800      0.7318200      0.7224800      0.7071400      0.6862700      0.6609000      0.6319000      0.5998200      0.5649900      0.5277800      0.4828500      0.4428700      0.3982800      0.3584400    
   1.052290       1.040380       1.039550       1.038720      0.9571560      0.7979500      0.7978680      0.7768530      0.7565600      0.7543800      0.7547320      0.7458270      0.7251400      0.7254300      0.7256270      0.7254070      0.7274400      0.7262600      0.6776020      0.6426600      0.6187400      0.5905700      0.5587600      0.5238600      0.4864400      0.4470900      0.4073600      0.3608300      0.3208400      0.2811800    
   1.040380       1.039960       1.039550      0.9583420      0.7979500      0.7979090      0.7765040      0.7554700      0.7543800      0.7545560      0.7450200      0.7251400      0.7252850      0.7253990      0.7254880      0.7261580      0.7263690      0.6656990      0.6132850      0.5839100      0.5573900      0.5269800      0.4931400      0.4574100      0.4183000      0.3776800      0.3308400      0.2906200      0.2526400      0.2183900    
   1.040170       1.039960      0.9589510      0.7979500      0.7979300      0.7763340      0.7549250      0.7543800      0.7544680      0.7447740      0.7251400      0.7252120      0.7252750      0.7253910      0.7256810      0.7260050      0.6601470      0.5985980      0.5839100      0.5483970      0.5038900      0.4716300      0.4362800      0.3983600      0.3572500      0.3131600      0.2720100      0.2322100      0.1951700       0.000000    
   1.040170      0.9592590      0.7979500      0.7979400      0.7762490      0.7546530      0.7543800      0.7544240      0.7446910      0.7251400      0.7251760      0.7252090      0.7252930      0.7254490      0.7256920      0.6332590      0.5912540      0.5839100      0.4900230      0.4498800      0.4339840      0.4217400      0.3843200      0.3461400      0.3048100      0.2637200      0.2231500      0.1841300       0.000000       0.000000    
  0.9594140      0.7979500      0.7979450      0.7762070      0.7545160      0.7543800      0.7544020      0.7446590      0.7251400      0.7251580      0.7251750      0.7252260      0.7253170      0.6245360      0.5391480      0.4646360      0.4632100      0.4337840      0.3972220      0.3779050      0.3958700      0.3767900      0.3426100      0.3031200      0.2630300      0.2229700      0.1836900       0.000000       0.000000       0.000000    
  0.7979500      0.7979470      0.7761860      0.7544480      0.7543800      0.7543910      0.7446450      0.7251400      0.7251490      0.7251580      0.7251860      0.7252390      0.5433140      0.3210850      0.3217100      0.3641440      0.3394440      0.3425100      0.3552530      0.3638800      0.3599400      0.3307100      0.3057900      0.2671700      0.2283900      0.1901000       0.000000       0.000000       0.000000       0.000000    
  0.7979490      0.7761750      0.7544140      0.7543800      0.7543850      0.7446390      0.7251400      0.7251450      0.7251490      0.7251640      0.5570930      0.3049400      0.3151460      0.3204090      0.3204590      0.3217100      0.3322110      0.3363780      0.3425100      0.3367170      0.3358300      0.3001800      0.2638100      0.2367800      0.1998300       0.000000       0.000000       0.000000       0.000000       0.000000    
  0.7761700      0.7543970      0.7543800      0.7543830      0.7446360      0.7251400      0.7251420      0.7251440      0.7251530      0.5234570      0.3049400      0.3049400      0.3049400      0.3141500      0.3190560      0.3192090      0.3217100      0.3282460      0.3302450      0.3425100      0.3085900      0.2737000      0.2383800      0.2033800      0.1760600       0.000000       0.000000       0.000000       0.000000       0.000000    
  0.7543890      0.7543800      0.7543810      0.7446350      0.7251400      0.7251410      0.7251420      0.6032220      0.4664020      0.3048920      0.3049400      0.3049400      0.3049400      0.3049400      0.3121450      0.3162500      0.3167070      0.3217100      0.3185200      0.3179800      0.2847200      0.2506200      0.2162600      0.1826100       0.000000       0.000000       0.000000       0.000000       0.000000       0.000000    
  0.7543800      0.7543810      0.7446340      0.7251400      0.7251410      0.5350690      0.2499800      0.2437140      0.2374500      0.2823130      0.3047960      0.3049400      0.3049400      0.3049400      0.3049400      0.3081800      0.3103330      0.3117050      0.3217100      0.2918800      0.2606900      0.2283900      0.1926600       0.000000       0.000000       0.000000       0.000000       0.000000       0.000000       0.000000    
  0.7543800      0.7446340      0.7251400      0.7251400      0.4970330      0.2499440      0.2499440      0.2499800      0.2437120      0.2374500      0.2820670      0.3045090      0.3049400      0.3049400      0.3049400      0.3049400      0.3007400      0.2975830      0.3017000      0.2728400      0.2347500      0.2061200      0.1759500       0.000000       0.000000       0.000000       0.000000       0.000000       0.000000       0.000000    
