iMOD/TUTORIALS/TUT_MetaswapAnalyser/model_MetaSWAP/meteo/Precipitation/Precipitation_20060707_L1.ASC
NCOLS                30
NROWS                30
XLLCORNER     160000.00
YLLCORNER     340000.00
CELLSIZE        1000.00
NODATA_VALUE   -9999.00
   1.180610       1.132100       1.089440       1.056920       1.046620       1.079850       1.163670       1.272680       1.373190       1.396550       1.331640       1.249060       1.173980       1.125630       1.095580       1.101320       1.150520       1.218440       1.314460       1.448070       1.620620       1.813790       2.062840       2.349670       2.674500       3.031120       3.409210       3.788040       4.127180       4.354320    
   1.248680       1.207570       1.169560       1.152600       1.158710       1.198870       1.276080       1.383410       1.513320       1.542550       1.414560       1.306820       1.221330       1.171400       1.137130       1.151690       1.179990       1.239200       1.351700       1.498050       1.687320       1.903220       2.178430       2.497800       2.864210       3.275230       3.726530       4.205720       4.651040       5.023230    
   1.310410       1.275700       1.251830       1.241320       1.244340       1.281450       1.343980       1.424790       1.501270       1.504250       1.417850       1.317610       1.236220       1.175450       1.135110       1.140840       1.169410       1.238620       1.351840       1.510560       1.726620       1.963470       2.260380       2.608000       3.007130       3.460000       3.940810       4.508460       5.123210       5.742250    
   1.365900       1.335440       1.315470       1.304960       1.313980       1.339940       1.379910       1.416760       1.446420       1.433330       1.372760       1.289040       1.211740       1.148100       1.104180       1.099960       1.127510       1.201480       1.325540       1.499200       1.720810       2.000160       2.300420       2.640990       3.058590       3.532700       4.066780       4.663950       5.322210       6.031980    
   1.413510       1.384990       1.359100       1.350300       1.352730       1.365310       1.383820       1.402750       1.402800       1.374530       1.315560       1.243310       1.164020       1.095620       1.047980       1.028890       1.042920       1.119310       1.254490       1.442640       1.675390       1.955600       2.265400       2.650540       3.070830       3.540960       4.059570       4.614650       5.186300       5.670300    
   1.452840       1.414060       1.393420       1.380410       1.374600       1.374050       1.379870       1.374600       1.339330       1.312400       1.258650       1.190290       1.111720       1.039090      0.9697800      0.9327600      0.9398600       1.021360       1.176380       1.384310       1.631820       1.920590       2.234100       2.600960       3.008800       3.467640       3.943830       4.426970       4.881940       5.218370    
   1.487120       1.440310       1.417090       1.398990       1.392350       1.380790       1.367500       1.321320       1.303390       1.263120       1.208260       1.141480       1.067080      0.9852000      0.9002200      0.8400800      0.8131000      0.9067200       1.094670       1.320140       1.578110       1.867790       2.190350       2.529410       2.914170       3.324840       3.744700       4.160180       4.534350       4.792440    
   1.546980       1.490450       1.443230       1.420380       1.399390       1.336420       1.316960       1.300990       1.267240       1.222700       1.167140       1.102040       1.029980      0.9490500      0.8546800      0.7866500      0.7213300      0.8368600       1.043090       1.272260       1.526200       1.806840       2.114930       2.433170       2.788140       3.154050       3.526890       3.880260       4.192820       4.404230    
   1.577150       1.511790       1.480360       1.430290       1.348920       1.324920       1.298110       1.276510       1.237900       1.191080       1.136050       1.073990       1.007010      0.9001200      0.8436400      0.7989300      0.7907000      0.8754800       1.039880       1.246150       1.481840       1.743880       2.030410       2.322470       2.640280       2.970810       3.297200       3.612520       3.868890       4.054960    
   1.591630       1.529420       1.494760       1.385190       1.342460       1.313300       1.292200       1.256400       1.215040       1.167580       1.114320       1.056520      0.9964700      0.9026000      0.8554500      0.8333600      0.8507200      0.9245100       1.057200       1.234850       1.446370       1.680530       1.941350       2.220530       2.489410       2.782350       3.079680       3.343410       3.568780       3.739040    
   1.578850       1.538600       1.448180       1.383370       1.350250       1.319930       1.278890       1.240580       1.198020       1.151090       1.100350       1.047240      0.9407600      0.8974700      0.8685300      0.8625900      0.8874800      0.9549700       1.067670       1.221350       1.408960       1.623780       1.859890       2.108820       2.381120       2.613360       2.864640       3.097130       3.298790       3.450600    
   1.577850       1.487250       1.383370       1.359200       1.345230       1.326200       1.281430       1.228710       1.186000       1.140280       1.072190       1.026540      0.9261700      0.9051400      0.8792000      0.8795300      0.9042400      0.9637300       1.061200       1.196310       1.363530       1.555850       1.772340       1.997050       2.228560       2.438340       2.660100       2.866640       3.049400       3.200310    
   1.515180       1.383370       1.363020       1.351580       1.357940       1.314710       1.275000       1.233100       1.155630       1.107400       1.065410      0.9561300      0.9301300      0.9078400      0.8845800      0.8852000      0.9044500      0.9505300       1.036380       1.160380       1.314290       1.488730       1.677900       1.876680       2.080220       2.283350       2.456770       2.639580       2.804970       2.947650    
   1.383370       1.364770       1.354760       1.357940       1.327950       1.311200       1.225890       1.187740       1.148240       1.109350       1.068390      0.9518300      0.9291500      0.9096500      0.8958200      0.8840500      0.8939100      0.9226100      0.9920500       1.114570       1.258830       1.417250       1.606990       1.786410       1.968060       2.147990       2.300390       2.462370       2.610910       2.742830    
   1.365610       1.356350       1.357940       1.332360       1.311200       1.253810       1.224340       1.186460       1.147730       1.108560      0.9803800      0.9573300      0.9355200      0.9163900      0.9015400      0.8833500      0.8845700      0.8924500      0.9448400       1.075680       1.219370       1.366030       1.518170       1.673550       1.829600       1.983560       2.132620       2.253050       2.383530       2.499500    
   1.357150       1.357940       1.333830       1.311200       1.263120       1.224340       1.205400       1.186180       1.110380      0.9987800      0.9776900      0.9568700      0.9372700      0.9200200      0.9055900      0.8963200      0.8989100      0.9115200      0.9624800       1.059640       1.174220       1.308090       1.437870       1.569320       1.700320       1.828830       1.953020       2.071380       2.163010       2.266770    
   1.357940       1.334320       1.311200       1.266220       1.224340       1.214870       1.205310       1.125180      0.9987800      0.9882350      0.9704740      0.9578000      0.9400900      0.9241000      0.9300500      0.9226500      0.9188900      0.9392600      0.9851400       1.058350       1.149060       1.248560       1.352060       1.473550       1.580300       1.684170       1.783950       1.878880       1.968670       2.034120    
   1.334490       1.311200       1.267250       1.224340       1.219600       1.214840       1.136040      0.9987800      0.9935080      0.9756470      0.9595150      0.9612300      0.9443800      0.9531600      0.9433600      0.9390600      0.9390700      0.9609600       1.000230       1.057210       1.127550       1.205740       1.287470       1.369720       1.467040       1.546880       1.622520       1.693760       1.760930       1.822730    
   1.311200       1.267600       1.224340       1.221970       1.219590       1.142310      0.9987800      0.9961440      0.9779070      0.9603720      0.9612300      0.9528050      0.9556900      0.9639900      0.9564300      0.9541700      0.9593500      0.9758900       1.008330       1.052600       1.106180       1.165470       1.227040       1.288160       1.346850       1.401900       1.469340       1.516990       1.559410       1.590710    
   1.267710       1.224340       1.223160       1.221970       1.145670      0.9987800      0.9974620      0.9789720      0.9608010      0.9612300      0.9570170      0.9584290      0.9639900      0.9602100      0.9581970      0.9566500      0.9631370      0.9811900       1.022830       1.044300       1.083840       1.126720       1.170210       1.211920       1.250040       1.283480       1.297330       1.316690       1.315230       1.359690    
   1.224340       1.223750       1.223160       1.147390      0.9987800      0.9981210      0.9794920      0.9610160      0.9612300      0.9591240      0.9601670      0.9639900      0.9621000      0.9607990      0.9583520      0.9593280      0.9669920       1.007770       1.038670       1.033040       1.060680       1.089440       1.117030       1.128300       1.147500       1.160870       1.139740       1.142930       1.145140       1.150080    
   1.224040       1.223750       1.148270      0.9987800      0.9984510      0.9797490      0.9611230      0.9612300      0.9601770      0.9611280      0.9639900      0.9630450      0.9622960      0.9604170      0.9594930      0.9615570       1.000600       1.035860       1.033040       1.039480       1.024730       1.041790       1.055820       1.064940       1.044720       1.035870       1.023700       1.006560      0.9873300      0.9716100    
   1.224040       1.148710      0.9987800      0.9986150      0.9798770      0.9611760      0.9612300      0.9607030      0.9616310      0.9639900      0.9635170      0.9631100      0.9619190      0.9607350      0.9604890      0.9877880       1.034450       1.033040       1.004170      0.9953950       1.000560       1.009370      0.9902900      0.9855600      0.9733300      0.9510600      0.9219900      0.8860200      0.8460100      0.8075800    
   1.148930      0.9987800      0.9986980      0.9799410      0.9612030      0.9612300      0.9609670      0.9618890      0.9639900      0.9637540      0.9635390      0.9628490      0.9619220      0.9533480      0.9609870      0.9829050      0.9828450      0.9738880      0.9619830      0.9487700      0.9660600      0.9608500      0.9552100      0.9390200      0.9145500      0.8808000      0.8375100      0.7853400      0.7263400      0.6681000    
  0.9987800      0.9987390      0.9799730      0.9612170      0.9612300      0.9610980      0.9620190      0.9639900      0.9638720      0.9637610      0.9633810      0.9627700      0.9474580      0.9298270      0.9302500      0.9437530      0.9314210      0.9326500      0.9375930      0.9417830      0.9314800      0.9260600      0.9251700      0.9014900      0.8685100      0.8252200      0.7713200      0.7072300      0.6363600      0.5556600    
  0.9987590      0.9799890      0.9612230      0.9612300      0.9611640      0.9620840      0.9639900      0.9639310      0.9638740      0.9636710      0.9345140      0.8913300      0.9165910      0.9293430      0.9294050      0.9302500      0.9304950      0.9301920      0.9326500      0.9271700      0.9278100      0.9098700      0.8863200      0.8728700      0.8341900      0.7845600      0.7240800      0.6555100      0.5760100      0.4886700    
  0.9799970      0.9612270      0.9612300      0.9611970      0.9621170      0.9639900      0.9639600      0.9639320      0.9638250      0.9289440      0.8913300      0.8913300      0.8913300      0.9158620      0.9283740      0.9285600      0.9302500      0.9288870      0.9277350      0.9326500      0.9167400      0.8972500      0.8720800      0.8389200      0.8109700      0.7578100      0.6955900      0.6240800      0.5469100      0.4680600    
  0.9612280      0.9612300      0.9612130      0.9621340      0.9639900      0.9639750      0.9639610      0.9254870      0.9037170      0.8912600      0.8913300      0.8913300      0.8913300      0.8913300      0.9143410      0.9263110      0.9268700      0.9302500      0.9249130      0.9228200      0.9064000      0.8870400      0.8625200      0.8298800      0.7860100      0.7431200      0.6792200      0.6096100      0.5390800      0.4734400    
  0.9612300      0.9612220      0.9621420      0.9639900      0.9639830      0.9166000      0.8455400      0.8278840      0.8102300      0.8641080      0.8911210      0.8913300      0.8913300      0.8913300      0.8913300      0.9111620      0.9218130      0.9234900      0.9302500      0.9139300      0.8971200      0.8786500      0.8534300      0.8246800      0.7840700      0.7285700      0.6712800      0.6041900      0.5406300      0.4859800    
  0.9612260      0.9621460      0.9639900      0.9639860      0.9071270      0.8455350      0.8455350      0.8455400      0.8278820      0.8102300      0.8637520      0.8907030      0.8913300      0.8913300      0.8913300      0.8913300      0.9046360      0.9117000      0.9167300      0.8995500      0.8759000      0.8612400      0.8450500      0.8241600      0.7881800      0.7282900      0.6607000      0.5975200      0.5425100      0.4959300    
