iMOD/TUTORIALS/TUT_MetaswapAnalyser/model_MetaSWAP/meteo/Precipitation/Precipitation_20061207_L1.ASC
NCOLS                30
NROWS                30
XLLCORNER     160000.00
YLLCORNER     340000.00
CELLSIZE        1000.00
NODATA_VALUE   -9999.00
   14.63530       14.46580       14.27870       14.08290       13.89860       13.76520       13.69020       13.63310       13.54010       13.30100       12.90040       12.45920       12.02300       11.62100       11.24380       10.91820       10.62410       10.37910       10.18020       10.02150       9.896510       9.829720       9.753090       9.694490       9.639250       9.588840       9.540440       9.492060       9.442490       9.402350    
   14.47610       14.32000       14.15690       13.99080       13.83870       13.71970       13.63650       13.57720       13.52770       13.29820       12.80380       12.32610       11.87030       11.46120       11.07540       10.73240       10.44400       10.27210       10.09240       9.958080       9.857760       9.808820       9.751050       9.707860       9.662860       9.618520       9.572360       9.522860       9.489510       9.440430    
   14.33100       14.18720       14.03660       13.88620       13.75390       13.63250       13.52810       13.42850       13.29770       13.02800       12.60260       12.13980       11.68920       11.26470       10.89960       10.56670       10.29000       10.07720       9.924140       9.819720       9.747850       9.724980       9.697490       9.668800       9.640480       9.609400       9.595590       9.549280       9.506060       9.440100    
   14.19710       14.06180       13.92050       13.77780       13.63900       13.50510       13.37120       13.22710       13.02820       12.73810       12.35460       11.92290       11.47040       11.05510       10.66480       10.32560       10.05330       9.860400       9.740780       9.675590       9.643920       9.633040       9.649730       9.667520       9.654910       9.635110       9.606810       9.569200       9.530920       9.468610    
   14.07150       13.94120       13.80440       13.66290       13.51800       13.36790       13.20580       13.01710       12.78330       12.48460       12.04590       11.65860       11.24540       10.83040       10.42220       10.06690       9.804610       9.638710       9.568110       9.556540       9.579920       9.602590       9.647860       9.656020       9.659880       9.653140       9.635790       9.621400       9.580560       9.534380    
   13.95320       13.82700       13.69090       13.54700       13.39450       13.23020       13.04610       12.83480       12.42210       12.13520       11.81050       11.44090       11.03840       10.62010       10.19960       9.812500       9.518690       9.386780       9.387950       9.443280       9.515540       9.573590       9.642270       9.674020       9.691080       9.690520       9.682610       9.677390       9.647570       9.613100    
   13.85400       13.71880       13.58240       13.43570       13.27510       13.10130       12.90610       12.43890       12.19560       11.92940       11.61940       11.26850       10.88230       10.46590       10.02830       9.590000       9.219920       9.148760       9.263950       9.396420       9.504710       9.588750       9.649810       9.715760       9.740890       9.751160       9.765320       9.750690       9.725950       9.699120    
   13.72330       13.62490       13.47960       13.33170       13.16980       12.64890       12.45090       12.23930       12.02000       11.76620       11.47610       11.15040       10.79130       10.39760       9.974280       9.528930       9.065410       9.085000       9.283290       9.443460       9.567080       9.658230       9.722030       9.788770       9.814620       9.844000       9.842510       9.832060       9.831430       9.804290    
   13.62950       13.53670       13.40010       13.24220       12.63500       12.49220       12.29300       12.08470       11.87710       11.64220       11.37870       11.08720       10.76920       10.41500       10.05990       9.707250       9.430990       9.378300       9.483050       9.606460       9.708820       9.783960       9.834590       9.891120       9.927850       9.933760       9.930670       9.941150       9.922060       9.899310    
   13.55070       13.45890       13.32380       12.61610       12.48640       12.34810       12.12450       11.95270       11.76200       11.55120       11.32010       11.07020       10.80460       10.52190       10.24290       9.997510       9.821300       9.763790       9.796220       9.858980       9.915850       9.957260       9.980400       9.990310       10.03740       10.03360       10.04670       10.03170       10.01410       9.994340    
   13.55940       13.44450       12.96770       12.47180       12.35060       12.14900       11.99610       11.83870       11.66810       11.48450       11.28910       11.08480       10.86600       10.72970       10.50770       10.33690       10.21780       10.15810       10.14090       10.13800       10.13150       10.11700       10.09650       10.08820       10.08660       10.09560       10.07750       10.06130       10.04700       10.08570    
   13.55630       13.11080       12.47180       12.26530       12.21840       12.02520       11.88290       11.73700       11.58770       11.43210       11.39950       11.22210       11.05180       10.88120       10.74300       10.64720       10.58700       10.55180       10.51580       10.46310       10.39670       10.32720       10.29230       10.23750       10.19110       10.18490       10.15760       10.13720       10.12260       10.11240    
   13.20120       12.47180       12.21920       12.11940       12.02030       11.89500       11.77270       11.64610       11.69910       11.55020       11.40480       11.24680       11.12690       11.02880       10.95370       10.92570       10.92960       10.93570       10.89320       10.78590       10.66900       10.54450       10.43720       10.34930       10.28000       10.22720       10.22320       10.19920       10.18500       10.17820    
   12.47180       12.19530       12.06980       12.02030       11.89720       11.77630       11.90770       11.77810       11.64850       11.52420       11.40500       11.27560       11.19380       11.13970       11.12240       11.14360       11.21780       11.30070       11.26240       11.07860       10.86990       10.68970       10.57660       10.46710       10.38370       10.32240       10.31040       10.28490       10.27140       10.26690    
   12.18310       12.04510       12.02030       11.89790       11.77630       11.84190       11.84170       11.72230       11.60560       11.49510       11.36660       11.28690       11.22950       11.20220       11.21340       11.26580       11.38110       11.55880       11.56160       11.25270       11.00110       10.79730       10.63600       10.51130       10.41790       10.35100       10.30650       10.31090       10.30040       10.30290    
   12.03270       12.02030       11.89820       11.77630       11.82000       11.84170       11.78200       11.72320       11.55760       11.40740       11.32520       11.25930       11.21530       11.19910       11.23260       11.28790       11.35620       11.46020       11.42600       11.21460       10.98480       10.78790       10.62600       10.49970       10.40560       10.34000       10.29870       10.27760       10.30210       10.30880    
   12.02030       11.89830       11.77630       11.81270       11.84170       11.81180       11.78230       11.61750       11.40740       11.36630       11.24240       11.19940       11.17600       11.15990       11.12050       11.16240       11.21120       11.23760       11.18390       11.04150       10.86340       10.69180       10.54480       10.43110       10.34490       10.28690       10.25380       10.24180       10.24630       10.29410    
   11.89830       11.77630       11.81020       11.84170       11.82680       11.81190       11.65480       11.40740       11.38690       11.22930       11.11000       11.02060       10.99670       10.99150       10.99330       11.00270       11.00860       10.99160       10.92710       10.81390       10.67400       10.53290       10.40780       10.30730       10.23790       10.19290       10.17290       10.17420       10.19170       10.22470    
   11.77630       11.80940       11.84170       11.83420       11.82680       11.67520       11.40740       11.39710       11.22190       11.06530       11.02060       11.00860       10.96480       10.85050       10.82870       10.80730       10.77740       10.73530       10.66160       10.56040       10.44320       10.32610       10.22210       10.14020       10.08450       10.05600       10.05630       10.07490       10.11410       10.16010    
   11.80910       11.84170       11.83800       11.83420       11.68590       11.40740       11.40230       11.21800       11.04290       11.02060       11.01460       10.96110       10.85050       10.83960       10.82880       10.80450       10.77330       10.72480       10.45140       10.29060       10.18520       10.08380       9.996810       9.932030       9.894100       9.884490       9.903170       9.949700       10.02510       10.08700    
   11.84170       11.83980       11.83800       11.69140       11.40740       11.40480       11.21600       11.03180       11.02060       11.01760       10.96170       10.85050       10.84500       10.83960       10.82430       10.80220       10.76750       10.42160       10.14970       10.00890       9.906900       9.813770       9.738230       9.688910       9.667610       9.677600       9.744520       9.809290       9.890530       9.977430    
   11.84080       11.83980       11.69410       11.40740       11.40610       11.21500       11.02620       11.02060       11.01910       10.96260       10.85050       10.84780       10.84510       10.83630       10.82210       10.79800       10.41590       10.07930       10.00890       9.843420       9.614460       9.522380       9.452190       9.411040       9.425490       9.457580       9.522420       9.616350       9.730360       9.851230    
   11.84080       11.69550       11.40740       11.40680       11.21450       11.02340       11.02060       11.01990       10.96320       10.85050       10.84910       10.84780       10.84310       10.83450       10.81880       10.24230       10.04410       10.00890       9.490720       9.291810       9.242450       9.209760       9.156240       9.120880       9.126630       9.174230       9.263860       9.389740       9.542270       9.705850    
   11.69620       11.40740       11.40710       11.21430       11.02200       11.02060       11.02020       10.96350       10.85050       10.84980       10.84910       10.84670       10.84180       10.13400       9.575710       9.133060       9.131340       9.038280       8.923530       8.818750       8.969150       8.896490       8.814560       8.779190       8.791180       8.854230       8.967660       9.126450       9.321260       9.568550    
   11.40740       11.40720       11.21410       11.02130       11.02060       11.02040       10.96370       10.85050       10.85020       10.84980       10.84850       10.84590       9.578130       8.036030       8.039590       8.386060       8.223710       8.253780       8.514480       8.660040       8.668350       8.530430       8.455350       8.410450       8.422510       8.496460       8.631350       8.821170       9.084280       9.349050    
   11.40730       11.21410       11.02100       11.02060       11.02050       10.96380       10.85050       10.85030       10.85020       10.84950       9.706090       7.993110       8.018550       8.032200       8.032470       8.039590       8.149600       8.193650       8.253780       8.325360       8.342610       8.183960       8.063680       8.015970       8.021310       8.102250       8.256060       8.495130       8.760930       9.061930    
   11.21400       11.02080       11.02060       11.02060       10.96390       10.85050       10.85040       10.85030       10.85000       9.478390       7.993110       7.993110       7.993110       8.012870       8.024530       8.025360       8.039590       8.111400       8.133520       8.253780       8.036700       7.839170       7.680950       7.585950       7.590440       7.675930       7.863950       8.107450       8.394800       8.705350    
   11.02070       11.02060       11.02060       10.96390       10.85050       10.85050       10.85040       10.30530       9.343760       7.993440       7.993110       7.993110       7.993110       7.993110       8.001380       8.008650       8.011120       8.039590       8.018710       8.013250       7.755450       7.509450       7.298610       7.157380       7.123270       7.232500       7.436650       7.708070       8.013270       8.324410    
   11.02060       11.02060       10.96390       10.85050       10.85050       10.03260       8.805890       8.738220       8.670540       8.219830       7.994110       7.993110       7.993110       7.993110       7.993110       7.978400       7.975250       7.982660       8.039590       7.768210       7.481710       7.191450       6.890930       6.709520       6.649150       6.766760       7.020320       7.328370       7.652580       7.966010    
   11.02060       10.96390       10.85050       10.85050       9.869140       8.805970       8.805970       8.805890       8.738230       8.670540       8.221570       7.996110       7.993110       7.993110       7.993110       7.993110       7.934130       7.903500       7.925720       7.631890       7.238260       6.921240       6.592540       6.292820       6.160480       6.338730       6.664440       7.006210       7.347090       7.660110    
