iMOD/TUTORIALS/TUT_MetaswapAnalyser/model_MetaSWAP/meteo/Precipitation/Precipitation_20060812_L1.ASC
NCOLS                30
NROWS                30
XLLCORNER     160000.00
YLLCORNER     340000.00
CELLSIZE        1000.00
NODATA_VALUE   -9999.00
   1.244170       1.170600       1.074410      0.9598800       0.000000       0.000000       0.000000       0.000000       0.000000       0.000000       0.000000       0.000000       1.016590       1.186610       1.335460       1.463730       1.564230       1.663610       1.746080       1.810840       1.856060       1.880940       1.881290       1.856620       1.806020       1.729760       1.630720       1.516650       1.404300       1.324190    
   1.246080       1.182650       1.126030       1.029010       0.000000       0.000000       0.000000       0.000000       0.000000       0.000000       0.000000       0.000000       1.041200       1.225310       1.386480       1.516070       1.639310       1.757880       1.849900       1.922380       1.973250       2.000530       2.000640       1.971860       1.912280       1.820570       1.697000       1.545640       1.390720       1.253420    
   1.284750       1.230340       1.162060       1.086760       1.021320       0.000000       0.000000       0.000000       0.000000       0.000000       0.000000       0.000000       1.116440       1.299190       1.462640       1.604250       1.735880       1.852940       1.954050       2.036320       2.096940       2.131970       2.137740       2.112220       2.052330       1.955180       1.829580       1.647990       1.426770       1.186220    
   1.333000       1.287790       1.231160       1.170000       1.094200       1.009890       0.000000       0.000000       0.000000       0.000000       0.000000       1.069470       1.226850       1.396740       1.556340       1.700720       1.834830       1.959390       2.071710       2.166800       2.239650       2.286630       2.304720       2.303860       2.252250       2.161460       2.027880       1.847920       1.619820       1.347880    
   1.388030       1.351840       1.313800       1.259800       1.199100       1.133560       1.067340       1.058030       1.020390       1.038820       1.092990       1.224960       1.368090       1.519150       1.667700       1.810470       1.950360       2.085070       2.213340       2.326120       2.416190       2.479950       2.515240       2.518870       2.488370       2.421860       2.317840       2.178890       2.013670       1.870260    
   1.447600       1.429560       1.394540       1.353740       1.308970       1.263190       1.237750       1.258490       1.187540       1.222600       1.292960       1.397510       1.517950       1.653880       1.804120       1.930520       2.061880       2.206790       2.354660       2.487870       2.597990       2.682820       2.741720       2.772330       2.774300       2.747340       2.692790       2.618600       2.541080       2.501770    
   1.520840       1.501800       1.477140       1.448960       1.443230       1.413940       1.391460       1.363900       1.380730       1.414310       1.478740       1.570130       1.680670       1.790770       1.943950       2.056010       2.173490       2.334890       2.510090       2.664980       2.796630       2.905700       2.992860       3.059200       3.103440       3.127600       3.136740       3.136530       3.145380       3.188720    
   1.587430       1.608250       1.590910       1.572990       1.555550       1.483400       1.516850       1.532570       1.547830       1.585800       1.647870       1.732160       1.834150       1.935570       2.088210       2.198950       2.306340       2.488370       2.681910       2.852760       3.004800       3.140660       3.261800       3.370000       3.464670       3.550440       3.628170       3.707890       3.798800       3.923440    
   1.696320       1.685490       1.677660       1.668650       1.588300       1.590830       1.643690       1.673400       1.696270       1.737730       1.799060       1.879620       1.977200       2.130030       2.238670       2.361720       2.501940       2.673360       2.858290       3.038000       3.210580       3.376700       3.537080       3.693460       3.847200       3.997750       4.151630       4.310770       4.494350       4.701840    
   1.766510       1.760950       1.760430       1.667990       1.675330       1.687580       1.783940       1.798610       1.826740       1.870570       1.931360       2.009300       2.103760       2.289050       2.375960       2.503500       2.654320       2.824970       3.009980       3.202950       3.401090       3.601560       3.807090       4.016550       4.234200       4.456940       4.686700       4.940720       5.216670       5.516500    
   1.764520       1.762630       1.732110       1.739050       1.752420       1.846850       1.888920       1.908620       1.939990       1.984810       2.044300       2.119070       2.316930       2.476030       2.541540       2.650240       2.778090       2.932770       3.112570       3.316450       3.540930       3.781750       4.036020       4.304340       4.579810       4.879090       5.200160       5.547190       5.923370       6.355310    
   1.764190       1.749580       1.739050       1.825890       1.821090       1.934560       1.987470       2.004100       2.036920       2.081270       2.259000       2.318740       2.517350       2.582760       2.624920       2.718520       2.832810       2.977220       3.164640       3.395590       3.661640       3.952680       4.260190       4.589860       4.941140       5.320430       5.728140       6.170800       6.651500       7.170010    
   1.754270       1.739050       1.865500       1.906050       1.991020       2.052500       2.068690       2.092260       2.283930       2.310840       2.354600       2.583720       2.617770       2.660650       2.680120       2.750140       2.836840       2.959980       3.153380       3.423140       3.743180       4.091470       4.461520       4.854640       5.275300       5.729150       6.224830       6.762640       7.348830       7.984630    
   1.739050       1.886030       1.948540       1.991020       2.055020       2.121550       2.332530       2.350300       2.374380       2.400910       2.439190       2.671280       2.694300       2.722570       2.754140       2.761520       2.814780       2.884750       3.073730       3.412880       3.800580       4.207870       4.622500       5.072710       5.556530       6.081460       6.657140       7.285080       7.972240       8.721700    
   1.896470       1.969780       1.991020       2.055860       2.121550       2.301790       2.451280       2.466120       2.486040       2.511330       2.802230       2.804100       2.810620       2.819870       2.829180       2.791180       2.805190       2.803240       2.973330       3.409710       3.850050       4.298530       4.767840       5.268390       5.809770       6.400580       7.048250       7.761090       8.539630       9.385130    
   1.980400       1.991020       2.056140       2.121550       2.291540       2.451280       2.458700       2.467810       2.588570       2.890790       2.881490       2.877170       2.876920       2.879590       2.854540       2.868990       2.863350       2.920310       3.117430       3.489990       3.921840       4.387140       4.883780       5.421890       6.010620       6.658260       7.371470       8.154800       9.012850       9.941220    
   1.991020       2.056240       2.121550       2.288120       2.451280       2.454990       2.459260       2.601470       2.890790       2.886140       2.906590       2.942290       2.889950       2.900600       2.929260       2.950620       2.960720       3.070750       3.280030       3.601310       4.001380       4.456380       4.962030       5.528060       6.153800       6.849270       7.619340       8.465520       9.385160       10.37360    
   2.056270       2.121550       2.286980       2.451280       2.453140       2.455180       2.601630       2.890790       2.888460       2.913300       2.941760       2.941230       2.945080       2.971940       2.987730       3.022170       3.048000       3.180330       3.389090       3.683150       4.054630       4.494040       4.999180       5.573930       6.229260       6.963750       7.782660       8.683500       9.656870       10.68560    
   2.121550       2.286600       2.451280       2.452210       2.453200       2.600180       2.890790       2.889630       2.915060       2.941490       2.941230       2.943160       2.968450       3.015560       3.034510       3.075910       3.151470       3.241540       3.441870       3.714270       4.060530       4.480760       4.977650       5.557020       6.226000       6.990210       7.856330       8.807920       9.831920       10.89870    
   2.286480       2.451280       2.451740       2.452230       2.599090       2.890790       2.890210       2.915610       2.941360       2.941230       2.942190       2.967100       3.015560       3.025030       3.041990       3.087300       3.156310       3.278290       3.538620       3.688810       4.008710       4.405680       4.887310       5.462900       6.141920       6.931350       7.831820       8.833590       9.946430       11.05810    
   2.451280       2.451510       2.451750       2.598460       2.890790       2.890500       2.915830       2.941300       2.941230       2.941710       2.966520       3.015560       3.020300       3.027530       3.051440       3.095200       3.173970       3.445500       3.647700       3.606590       3.895460       4.262980       4.721280       5.285860       5.965600       6.773310       7.742580       8.805430       9.954070       11.13030    
   2.451400       2.451510       2.598130       2.890790       2.890640       2.915920       2.941260       2.941230       2.941470       2.966260       3.015560       3.017930       3.021130       3.033090       3.058060       3.106870       3.389680       3.627150       3.606590       3.742630       3.725830       4.054830       4.479130       5.017140       5.704520       6.515300       7.497590       8.625500       9.864920       11.15590    
   2.451400       2.597960       2.890790       2.890720       2.915970       2.941250       2.941230       2.941350       2.966130       3.015560       3.016740       3.018210       3.024050       3.037430       3.066000       3.226140       3.616870       3.606590       3.468990       3.464610       3.628050       3.747300       4.136410       4.647090       5.301760       6.156090       7.164860       8.357220       9.705030       11.13290    
   2.597870       2.890790       2.890750       2.915990       2.941240       2.941230       2.941290       2.966070       3.015560       3.016150       3.016840       3.019670       3.026560       2.807060       2.795190       2.952750       2.959230       3.045830       3.143270       3.062140       3.203390       3.408900       3.768910       4.223300       4.837510       5.642900       6.664120       7.912490       9.375850       10.98370    
   2.890790       2.890770       2.916000       2.941230       2.941230       2.941260       2.966040       3.015560       3.015860       3.016180       3.017550       3.021020       2.609360       2.097880       2.100770       2.388080       2.282140       2.311870       2.698440       2.903060       2.920890       3.069380       3.306930       3.689140       4.242000       5.005870       6.014280       7.288850       8.828770       10.63050    
   2.890780       2.916000       2.941230       2.941230       2.941250       2.966020       3.015560       3.015710       3.015870       3.016530       2.777480       2.416320       2.202180       2.095600       2.095000       2.100770       2.210170       2.252410       2.311870       2.516690       2.584910       2.652930       2.808120       3.091240       3.561970       4.261280       5.227720       6.483310       8.032550       9.876510    
   2.916010       2.941230       2.941230       2.941240       2.966010       3.015560       3.015630       3.015710       3.016030       2.728500       2.416320       2.416320       2.416320       2.198890       2.091040       2.089230       2.100770       2.175640       2.192960       2.311870       2.249080       2.227750       2.281260       2.459170       2.826100       3.443640       4.352170       5.546430       7.018360       8.719080    
   2.941230       2.941230       2.941230       2.966010       3.015560       3.015600       3.015640       3.079110       2.857940       2.416700       2.416320       2.416320       2.416320       2.416320       2.193210       2.083130       2.077690       2.100770       2.096960       2.074040       1.937020       1.823080       1.765300       1.821100       2.086720       2.612090       3.447960       4.573010       5.932540       7.435950    
   2.941230       2.941230       2.966010       3.015560       3.015580       3.161270       3.379680       3.324380       3.269070       2.701620       2.417470       2.416320       2.416320       2.416320       2.416320       2.184150       2.070920       2.054610       2.100770       1.901140       1.691950       1.485650       1.332760       1.235850       1.357140       1.811200       2.610760       3.680680       4.935000       6.271620    
   2.941230       2.966010       3.015560       3.015570       3.190500       3.379860       3.379860       3.379680       3.324400       3.269070       2.703620       2.419770       2.416320       2.416320       2.416320       2.416320       2.171680       2.057400       2.008440       1.769820       1.555120       1.261770      0.9707400       0.000000       0.000000       1.138100       1.946060       2.979880       4.135600       5.335440    
