iMOD/TUTORIALS/TUT_MetaswapAnalyser/model_MetaSWAP/meteo/Precipitation/Precipitation_20060513_L1.ASC
NCOLS                30
NROWS                30
XLLCORNER     160000.00
YLLCORNER     340000.00
CELLSIZE        1000.00
NODATA_VALUE   -9999.00
  0.4484200      0.4950500      0.5446600      0.5953400      0.6416200      0.6723500      0.6816000      0.6789200      0.6796600      0.7259100      0.8342900      0.9655000       1.103000       1.237840       1.368980       1.474900       1.559350       1.658190       1.733350       1.790660       1.830370       1.830750       1.836740       1.829850       1.812600       1.787500       1.757860       1.728320       1.706130       1.697860    
  0.5074000      0.5563200      0.6081200      0.6563100      0.6979700      0.7265900      0.7382100      0.7338300      0.7164400      0.7602500      0.9133200       1.067590       1.222360       1.360870       1.501880       1.611400       1.723930       1.797180       1.877640       1.930780       1.964910       1.960700       1.960180       1.946110       1.921550       1.888070       1.848050       1.804870       1.764900       1.737880    
  0.5722000      0.6232200      0.6745100      0.7234000      0.7669400      0.7995700      0.8205500      0.8324200      0.8466900      0.9137800       1.049150       1.206810       1.363530       1.521920       1.664380       1.781930       1.897040       1.990380       2.060240       2.107330       2.143800       2.132930       2.123970       2.102220       2.068930       2.025740       1.974350       1.915930       1.848460       1.791980    
  0.6410300      0.6949000      0.7489200      0.8010300      0.8490800      0.8912800      0.9281700      0.9650700       1.011760       1.096860       1.225810       1.377920       1.544840       1.707900       1.866510       1.997910       2.118380       2.212140       2.277540       2.317050       2.334720       2.343620       2.307480       2.278150       2.237500       2.187150       2.128310       2.062120       1.985820       1.913690    
  0.7143400      0.7720600      0.8304000      0.8882700      0.9445100      0.9989800       1.053650       1.110690       1.184830       1.285020       1.438200       1.591140       1.754160       1.924990       2.094980       2.243950       2.370760       2.463340       2.520120       2.547980       2.553480       2.543200       2.498670       2.473490       2.427590       2.373560       2.313110       2.242560       2.181800       2.137510    
  0.7921800      0.8545900      0.9187300      0.9839600       1.050090       1.117910       1.191590       1.266450       1.420250       1.524420       1.654420       1.806560       1.975210       2.160360       2.349170       2.516820       2.656810       2.745850       2.786610       2.797790       2.790080       2.769940       2.718780       2.677580       2.629390       2.583820       2.526050       2.462580       2.415290       2.389010    
  0.8763500      0.9420500       1.012780       1.086270       1.165480       1.246230       1.333830       1.519590       1.617700       1.736360       1.875330       2.034130       2.210140       2.398810       2.615840       2.805950       2.974940       3.052760       3.063860       3.054730       3.035420       3.007530       2.972040       2.907800       2.859090       2.807380       2.746990       2.700570       2.668700       2.651160    
  0.9368300       1.039930       1.114430       1.196200       1.282980       1.522290       1.608400       1.705980       1.819810       1.949660       2.097210       2.262440       2.443920       2.638950       2.869930       3.073170       3.280120       3.336260       3.324280       3.305880       3.281300       3.250630       3.214200       3.149810       3.102870       3.044870       2.999260       2.959210       2.918060       2.908650    
   1.026660       1.134380       1.218940       1.305780       1.596880       1.692120       1.789250       1.898240       2.023310       2.162680       2.317460       2.487570       2.671710       2.916270       3.104160       3.291410       3.450680       3.529650       3.549090       3.541340       3.522110       3.495180       3.462250       3.400530       3.347050       3.304160       3.263650       3.213940       3.192200       3.183500    
   1.114210       1.230240       1.321580       1.667110       1.761810       1.867230       1.969510       2.092610       2.227120       2.374310       2.534700       2.707820       2.891860       3.144260       3.319830       3.485790       3.622870       3.708930       3.747240       3.755070       3.745380       3.739680       3.714200       3.683280       3.610200       3.572730       3.520730       3.493000       3.473300       3.464170    
   1.127010       1.222010       1.511880       1.828610       1.936220       2.034560       2.156170       2.288150       2.430570       2.584080       2.748660       2.923300       3.198920       3.308950       3.487620       3.652970       3.792770       3.896770       3.963470       3.999800       4.014180       4.012970       4.000490       3.970720       3.923130       3.889770       3.860590       3.834140       3.812770       3.750400    
   1.129100       1.422380       1.828610       2.036850       2.110280       2.219620       2.348890       2.484270       2.633350       2.792030       2.871420       3.057060       3.338100       3.514860       3.684530       3.843010       3.980510       4.089680       4.169120       4.221330       4.251390       4.264310       4.238160       4.226650       4.209280       4.158770       4.134080       4.110550       4.090150       4.074570    
   1.355940       1.828610       2.082250       2.191280       2.272280       2.400860       2.538870       2.685150       2.714520       2.881870       3.062650       3.375800       3.545830       3.716750       3.882320       4.037970       4.176120       4.291680       4.381740       4.446610       4.476040       4.499330       4.509270       4.508930       4.500900       4.487450       4.437060       4.416750       4.397210       4.379930    
   1.828610       2.103730       2.231780       2.272280       2.419380       2.584990       2.565910       2.725460       2.893900       3.075440       3.259250       3.578410       3.748350       3.918200       4.083400       4.237930       4.375300       4.499510       4.601530       4.670970       4.725210       4.762400       4.864780       4.889970       4.902610       4.904600       4.861920       4.845800       4.824680       4.799920    
   2.114160       2.252030       2.272280       2.425550       2.584990       2.618290       2.703970       2.870810       3.046260       3.229650       3.591980       3.762630       3.936160       4.109270       4.278020       4.435950       4.584100       4.721740       4.832800       4.950160       5.041210       5.113260       5.167140       5.204550       5.227200       5.236700       5.234600       5.184320       5.162430       5.131050    
   2.262160       2.272280       2.427610       2.584990       2.635750       2.703970       2.787390       2.873680       3.190960       3.617120       3.785770       3.959290       4.135330       4.310970       4.518910       4.679950       4.866770       4.988880       5.107680       5.225060       5.327880       5.411590       5.477420       5.525600       5.557220       5.573480       5.575590       5.564770       5.503930       5.471620    
   2.272280       2.428290       2.584990       2.641570       2.703970       2.745680       2.788350       3.117290       3.617120       3.701450       3.998080       4.153210       4.382250       4.562900       4.828430       4.983210       5.124030       5.261720       5.393120       5.517340       5.629020       5.724140       5.801080       5.858470       5.898580       5.921170       5.927080       5.917250       5.892650       5.816150    
   2.428520       2.584990       2.643510       2.703970       2.724820       2.746000       3.067110       3.617120       3.659280       4.021160       4.314120       4.475030       4.650460       4.901230       5.071490       5.237310       5.388450       5.540160       5.684190       5.818740       5.940460       6.046070       6.133410       6.201330       6.248360       6.276710       6.285860       6.276470       6.249360       6.202840    
   2.584990       2.644160       2.703970       2.714400       2.724930       3.038760       3.617120       3.638200       4.033430       4.394580       4.475030       4.562750       4.790480       5.135200       5.315930       5.493850       5.667310       5.821270       5.978620       6.125470       6.258830       6.375690       6.473580       6.550820       6.606440       6.640100       6.650840       6.641310       6.608460       6.554860    
   2.644370       2.703970       2.709180       2.714430       3.023800       3.617120       3.627660       4.039720       4.434800       4.475030       4.518890       4.740860       5.135200       5.225560       5.314990       5.492360       5.660810       5.822400       6.220900       6.434860       6.581370       6.710550       6.819570       6.906230       6.969100       7.007480       7.016870       7.001960       6.902850       6.858260    
   2.703970       2.706580       2.709200       3.016130       3.617120       3.622390       4.042890       4.454920       4.475030       4.496960       4.717500       5.135200       5.180380       5.225250       5.344310       5.489390       5.658520       6.207590       6.589570       6.744280       6.905460       7.048210       7.169140       7.260200       7.330410       7.373170       7.306660       7.298600       7.267600       7.214760    
   2.705270       2.706580       3.012260       3.617120       3.619760       4.044480       4.464970       4.475030       4.485990       4.706170       5.135200       5.157790       5.180280       5.249980       5.352980       5.497410       6.153340       6.666920       6.744280       6.956900       7.220950       7.379470       7.513940       7.620840       7.616720       7.661280       7.677340       7.666480       7.630470       7.569700    
   2.705270       3.010310       3.617120       3.618440       4.045280       4.470000       4.475030       4.480510       4.700600       5.135200       5.146500       5.157760       5.196020       5.261080       5.366790       6.250910       6.705600       6.744280       7.308880       7.548010       7.631040       7.708960       7.788040       7.902630       7.982250       8.027480       8.040900       8.024690       7.982070       7.914990    
   3.009330       3.617120       3.617780       4.045680       4.472520       4.475030       4.477770       4.697830       5.135200       5.140850       5.146480       5.166760       5.204950       6.068040       6.843170       7.539880       7.545240       7.697510       7.884230       7.986340       7.875060       7.970770       8.135080       8.259260       8.344460       8.389430       8.396440       8.370460       8.317500       8.196050    
   3.617120       3.617450       4.045880       4.473770       4.475030       4.476400       4.696460       5.135200       5.138020       5.140840       5.151360       5.172730       6.668330       8.449880       8.448280       8.192050       8.368800       8.346190       8.203970       8.118350       8.097630       8.314460       8.474880       8.612240       8.701920       8.741930       8.736050       8.692620       8.580120       8.499850    
   3.617280       4.045980       4.474400       4.475030       4.475720       4.695770       5.135200       5.136610       5.138020       5.143410       6.412840       8.299630       8.401580       8.452030       8.451480       8.448280       8.405890       8.391400       8.346190       8.364970       8.382370       8.619510       8.822000       8.958560       9.051710       9.081060       9.052750       8.943510       8.845840       8.738190    
   4.046030       4.474720       4.475030       4.475370       4.695430       5.135200       5.135910       5.136610       5.139350       6.658710       8.299630       8.299630       8.299630       8.404760       8.456330       8.454690       8.448280       8.437690       8.436610       8.346190       8.633710       8.902640       9.135470       9.310160       9.392280       9.403160       9.311030       9.191380       9.046420       8.891210    
   4.474870       4.475030       4.475200       4.695260       5.135200       5.135550       5.135910       5.662510       6.736050       8.299100       8.299630       8.299630       8.299630       8.299630       8.411590       8.466020       8.461090       8.448280       8.519680       8.527030       8.844930       9.151300       9.424830       9.631860       9.731200       9.689110       9.560990       9.378400       9.172930       8.961130    
   4.475030       4.475120       4.695170       5.135200       5.135380       5.886970       7.014280       7.126230       7.238190       7.944360       8.298030       8.299630       8.299630       8.299630       8.299630       8.426020       8.488690       8.473900       8.448280       8.757220       9.078040       9.402570       9.759590       9.955890       10.05210       9.966570       9.749690       9.487020       9.215420       8.950310    
   4.475070       4.695130       5.135200       5.135290       6.036920       7.013900       7.013900       7.014280       7.126220       7.238190       7.941590       8.294830       8.299630       8.299630       8.299630       8.299630       8.454660       8.543890       8.499520       8.814520       9.270820       9.588200       9.920800       10.23000       10.36460       10.16480       9.818500       9.489750       9.158010       8.852480    
