iMOD/TUTORIALS/TUT_MetaswapAnalyser/model_MetaSWAP/meteo/Precipitation/Precipitation_20050724_L1.ASC
NCOLS                30
NROWS                30
XLLCORNER     160000.00
YLLCORNER     340000.00
CELLSIZE        1000.00
NODATA_VALUE   -9999.00
   3.571670       3.515290       3.445720       3.369280       3.300590       3.276640       3.302220       3.346440       3.385860       3.419600       3.446080       3.465460       3.479920       3.492390       3.508620       3.533270       3.559350       3.596990       3.648100       3.710580       3.784150       3.865020       3.958230       4.058370       4.167920       4.282760       4.399470       4.511430       4.605770       4.662500    
   3.542900       3.494400       3.429480       3.375500       3.329850       3.314530       3.326810       3.354760       3.385120       3.414580       3.446960       3.472890       3.496390       3.519750       3.544250       3.569540       3.604960       3.652480       3.703430       3.766800       3.840410       3.921230       4.014720       4.116640       4.230300       4.353310       4.484450       4.620150       4.741890       4.838800    
   3.523700       3.484510       3.442400       3.396370       3.358790       3.348490       3.355430       3.374300       3.394870       3.426230       3.458970       3.486570       3.515740       3.543340       3.574070       3.605840       3.644990       3.691240       3.745690       3.809000       3.878440       3.957560       4.047170       4.149760       4.263610       4.389600       4.520410       4.674720       4.843970       5.007440    
   3.517660       3.486640       3.454840       3.417570       3.397980       3.389610       3.392900       3.398290       3.413090       3.444530       3.476480       3.501690       3.530980       3.563320       3.597010       3.632240       3.672720       3.719350       3.773090       3.834480       3.903920       3.976500       4.060970       4.149330       4.258060       4.379430       4.514960       4.666320       4.836460       5.016940    
   3.520700       3.496270       3.459950       3.439950       3.426020       3.420130       3.422700       3.425540       3.445970       3.470360       3.482580       3.517000       3.545390       3.578870       3.614190       3.651050       3.687620       3.732290       3.783320       3.840770       3.901500       3.972730       4.048440       4.133580       4.230490       4.337540       4.454770       4.582640       4.707950       4.804490    
   3.529930       3.494780       3.477200       3.462430       3.452350       3.448270       3.464500       3.449990       3.436320       3.464380       3.494980       3.527060       3.554670       3.591650       3.627930       3.661160       3.697800       3.740150       3.788260       3.840960       3.895150       3.957170       4.021620       4.095120       4.175020       4.259400       4.349560       4.440770       4.516400       4.555220    
   3.534620       3.509110       3.495630       3.484510       3.497260       3.492890       3.493380       3.424700       3.447830       3.474880       3.504490       3.535790       3.568050       3.597150       3.636340       3.666470       3.698230       3.737830       3.782820       3.827030       3.875130       3.925800       3.979600       4.033350       4.093270       4.154880       4.217670       4.270100       4.304450       4.307810    
   3.524080       3.567410       3.541430       3.531370       3.524110       3.409160       3.415260       3.433200       3.455900       3.481830       3.510280       3.540510       3.571790       3.604180       3.637240       3.665810       3.693050       3.729810       3.768300       3.806010       3.843260       3.880810       3.919130       3.954780       3.993520       4.033240       4.064750       4.086040       4.097590       4.072420    
   3.571930       3.590210       3.579140       3.556070       3.409730       3.416020       3.421070       3.438310       3.460020       3.484710       3.511820       3.540750       3.570810       3.613920       3.635360       3.663140       3.690760       3.721060       3.749670       3.776460       3.801260       3.824530       3.846560       3.863720       3.884390       3.897770       3.903980       3.908700       3.884900       3.841550    
   3.589640       3.613690       3.603840       3.418920       3.413630       3.419800       3.421950       3.439440       3.459940       3.483170       3.508710       3.536060       3.564650       3.607550       3.633330       3.654310       3.683090       3.704820       3.724100       3.739780       3.751800       3.759060       3.764760       3.767410       3.764800       3.757170       3.751640       3.722590       3.679660       3.621040    
   3.599220       3.602390       3.514410       3.421200       3.423610       3.413020       3.420210       3.436550       3.455550       3.477020       3.500650       3.526080       3.573050       3.583750       3.620720       3.642520       3.661000       3.679080       3.691330       3.697080       3.696910       3.691830       3.682510       3.671250       3.663370       3.628640       3.592680       3.546000       3.486960       3.412130    
   3.598620       3.534310       3.421200       3.418810       3.423280       3.417650       3.421130       3.429680       3.446820       3.466160       3.467870       3.493420       3.539320       3.578240       3.599240       3.618460       3.634840       3.645970       3.650250       3.645030       3.631910       3.612890       3.599730       3.571210       3.536700       3.489570       3.438820       3.378020       3.305970       3.222280    
   3.537870       3.421200       3.415590       3.415220       3.407150       3.402580       3.412880       3.425170       3.410810       3.425640       3.446720       3.519870       3.534930       3.551430       3.569500       3.585880       3.599440       3.606120       3.603010       3.587900       3.566920       3.535920       3.499700       3.458360       3.411220       3.357220       3.289410       3.217420       3.135100       3.042040    
   3.421200       3.413780       3.411180       3.407150       3.400910       3.392990       3.364640       3.376840       3.390840       3.416510       3.432740       3.492970       3.504260       3.516830       3.530100       3.543880       3.551700       3.559150       3.548890       3.523950       3.486320       3.443640       3.390800       3.338360       3.280740       3.216910       3.141190       3.061230       2.972000       2.872950    
   3.412820       3.409170       3.407150       3.400350       3.392990       3.362580       3.330120       3.340960       3.353160       3.366680       3.430470       3.438880       3.448550       3.459150       3.470270       3.484470       3.493490       3.500890       3.487040       3.438810       3.392140       3.339960       3.284310       3.224570       3.159990       3.089700       3.012770       2.923980       2.830970       2.731240    
   3.408160       3.407150       3.400160       3.392990       3.361900       3.330120       3.335540       3.341410       3.362830       3.390530       3.393640       3.397720       3.402490       3.407570       3.413940       3.417200       3.399080       3.401540       3.383620       3.341360       3.289440       3.236500       3.176940       3.113100       3.044560       2.970760       2.891050       2.804820       2.707490       2.606670    
   3.407150       3.400100       3.392990       3.361670       3.330120       3.332830       3.335690       3.357580       3.390530       3.392090       3.351000       3.352240       3.354340       3.352560       3.302800       3.307230       3.309600       3.299300       3.274780       3.234920       3.184330       3.126920       3.064430       3.002380       2.931940       2.856710       2.776440       2.690880       2.599890       2.500390    
   3.400080       3.392990       3.361590       3.330120       3.331480       3.332880       3.354160       3.390530       3.391310       3.328210       3.286570       3.220890       3.225650       3.228730       3.228480       3.224540       3.218050       3.199080       3.169470       3.128730       3.078630       3.021420       2.958700       2.891350       2.824270       2.749420       2.670450       2.587530       2.500980       2.411520    
   3.392990       3.361570       3.330120       3.330800       3.331490       3.352260       3.390530       3.390920       3.316930       3.253730       3.220890       3.223270       3.208840       3.160070       3.152860       3.141460       3.124430       3.102380       3.068450       3.025820       2.975330       2.918310       2.855970       2.789200       2.718620       2.644680       2.572160       2.493110       2.412300       2.329620    
   3.361560       3.330120       3.330460       3.330800       3.351270       3.390530       3.390720       3.311320       3.237310       3.220890       3.222080       3.203270       3.160070       3.156470       3.151460       3.139580       3.122760       3.098420       2.991390       2.927180       2.875860       2.818870       2.757130       2.691470       2.622560       2.550960       2.475540       2.400440       2.323620       2.254650    
   3.330120       3.330290       3.330460       3.350770       3.390530       3.390630       3.308510       3.229100       3.220890       3.221490       3.201580       3.160070       3.158270       3.156000       3.149170       3.137930       3.120250       2.985170       2.880150       2.833120       2.780770       2.723690       2.662650       2.597740       2.530520       2.461400       2.388800       2.318230       2.249090       2.183560    
   3.330200       3.330290       3.350510       3.390530       3.390580       3.307110       3.224990       3.220890       3.221190       3.201010       3.160070       3.159170       3.158110       3.154480       3.147700       3.135790       2.986620       2.856640       2.833120       2.768460       2.691500       2.633670       2.572800       2.509590       2.442800       2.378380       2.311110       2.244320       2.179510       2.118300    
   3.330200       3.350380       3.390530       3.390550       3.306410       3.222940       3.220890       3.221040       3.200790       3.160070       3.159620       3.159120       3.157250       3.153430       3.145990       2.944340       2.844880       2.833120       2.676020       2.610670       2.575310       2.551750       2.489780       2.427150       2.364360       2.301130       2.237500       2.174410       2.112990       2.055770    
   3.350320       3.390530       3.390540       3.306060       3.221920       3.220890       3.220960       3.200700       3.160070       3.159840       3.159600       3.158660       3.156600       2.954760       2.773570       2.608160       2.606730       2.567310       2.519370       2.491830       2.529850       2.469800       2.410560       2.349140       2.288390       2.228470       2.169180       2.110240       2.051810       1.995120    
   3.390530       3.390540       3.305890       3.221400       3.220890       3.220930       3.200660       3.160070       3.159960       3.159840       3.159370       3.158290       2.798170       2.361040       2.362370       2.427110       2.372880       2.380330       2.427720       2.455600       2.453800       2.394410       2.333260       2.273500       2.216030       2.160860       2.107270       2.054040       1.999660       1.944260    
   3.390530       3.305800       3.221150       3.220890       3.220910       3.200640       3.160070       3.160010       3.159960       3.159720       2.822930       2.318580       2.345830       2.359770       2.359710       2.362370       2.366480       2.365420       2.380330       2.383110       2.383150       2.320400       2.259210       2.200900       2.147190       2.098070       2.052280       2.007500       1.961740       1.913040    
   3.305750       3.221020       3.220890       3.220900       3.200630       3.160070       3.160040       3.160010       3.159900       2.755950       2.318580       2.318580       2.318580       2.343940       2.357220       2.357050       2.362370       2.357790       2.350510       2.380330       2.315140       2.250210       2.187810       2.130720       2.080850       2.039360       2.004040       1.971550       1.939190       1.905920    
   3.220950       3.220890       3.220890       3.200620       3.160070       3.160060       3.160040       2.954890       2.676590       2.318550       2.318580       2.318580       2.318580       2.318580       2.340250       2.352240       2.351730       2.362370       2.337950       2.320700       2.252620       2.184570       2.119400       2.061570       2.016290       1.983790       1.961940       1.945040       1.929440       1.914900    
   3.220890       3.220890       3.200620       3.160070       3.160060       2.866660       2.426540       2.383080       2.339620       2.325500       2.318480       2.318580       2.318580       2.318580       2.318580       2.333140       2.342620       2.341080       2.362370       2.288410       2.212810       2.136800       2.064920       1.994140       1.950270       1.930430       1.926080       1.927350       1.929400       1.932290    
   3.220890       3.200620       3.160070       3.160070       2.808000       2.426570       2.426570       2.426540       2.383070       2.339620       2.325340       2.318280       2.318580       2.318580       2.318580       2.318580       2.319630       2.324420       2.319800       2.244340       2.170430       2.089990       2.009140       1.933230       1.883340       1.881020       1.898900       1.920080       1.938290       1.955630    
