iMOD/TUTORIALS/TUT_MetaswapAnalyser/model_MetaSWAP/meteo/Precipitation/Precipitation_20050123_L1.ASC
NCOLS                30
NROWS                30
XLLCORNER     160000.00
YLLCORNER     340000.00
CELLSIZE        1000.00
NODATA_VALUE   -9999.00
   4.749410       4.895760       5.051030       5.207250       5.353440       5.405980       5.366620       5.280110       5.177870       5.067350       4.952120       4.843350       4.741940       4.647240       4.556790       4.474920       4.393750       4.307910       4.220360       4.132160       4.043730       3.962190       3.874840       3.796500       3.711160       3.627110       3.545010       3.466660       3.396390       3.335050    
   4.721900       4.850840       4.963100       5.089380       5.209630       5.257790       5.251900       5.207170       5.143210       5.058510       4.957230       4.859530       4.768590       4.687320       4.604480       4.527910       4.446210       4.372020       4.288170       4.202060       4.114480       4.031390       3.941900       3.859310       3.768010       3.675560       3.581950       3.488010       3.402450       3.321090    
   4.662340       4.775370       4.886590       5.021420       5.076900       5.123240       5.134160       5.115110       5.076090       5.015300       4.940070       4.861190       4.790060       4.716250       4.650350       4.582300       4.507120       4.429050       4.347740       4.263310       4.176680       4.092590       4.008620       3.915210       3.819440       3.720860       3.626230       3.518420       3.400980       3.291650    
   4.597660       4.696190       4.791290       4.916140       4.980640       5.022590       5.039700       5.019680       5.000680       4.960670       4.911380       4.858460       4.807850       4.748230       4.687520       4.629120       4.561400       4.488680       4.410770       4.328100       4.241380       4.158880       4.071120       3.985240       3.886330       3.783680       3.676570       3.563970       3.440230       3.317980    
   4.532060       4.618280       4.749480       4.819980       4.877740       4.919190       4.942700       4.954290       4.944300       4.921980       4.909380       4.869980       4.824400       4.778980       4.724730       4.677720       4.624810       4.558320       4.484630       4.404540       4.326490       4.237140       4.148490       4.051030       3.951090       3.848040       3.742000       3.626620       3.520770       3.428130    
   4.468250       4.601320       4.670750       4.733570       4.786860       4.828340       4.857320       4.879190       4.909370       4.902220       4.885530       4.863660       4.832870       4.802900       4.775920       4.734910       4.685500       4.625650       4.555680       4.477380       4.399190       4.309610       4.220110       4.122900       4.023110       3.920930       3.819000       3.711050       3.619170       3.544620    
   4.612750       4.537090       4.599330       4.656590       4.707660       4.749530       4.782210       4.848640       4.862490       4.866080       4.864080       4.857620       4.847310       4.827560       4.816060       4.788810       4.751410       4.698540       4.631910       4.560340       4.476760       4.386680       4.291890       4.198550       4.099300       4.000010       3.892640       3.800880       3.718460       3.652200    
   4.645850       4.635250       4.536030       4.589180       4.637540       4.735520       4.769820       4.799550       4.819510       4.834620       4.845770       4.853590       4.858240       4.856750       4.857940       4.844750       4.820900       4.775400       4.716080       4.642880       4.559380       4.468130       4.371830       4.277390       4.178220       4.069600       3.976100       3.889320       3.833840       3.770340    
   4.635320       4.591220       4.636650       4.528660       4.640120       4.680170       4.718130       4.754120       4.782230       4.807500       4.830540       4.851660       4.870670       4.896800       4.900930       4.901370       4.887770       4.856380       4.802130       4.731300       4.647090       4.553460       4.454390       4.357770       4.246330       4.149120       4.057380       3.997540       3.922850       3.860260    
   4.604300       4.551670       4.594080       4.688540       4.590530       4.631760       4.677740       4.714410       4.749610       4.783870       4.817680       4.851240       4.884160       4.931080       4.950050       4.961310       4.965970       4.942990       4.896170       4.827070       4.740470       4.641800       4.538080       4.433300       4.323820       4.225710       4.160560       4.077250       4.003340       3.940150    
   4.573300       4.583350       4.621720       4.652590       4.688720       4.596660       4.638080       4.679110       4.720400       4.762520       4.806000       4.851090       4.919410       4.972690       5.016570       5.044050       5.053470       5.043260       5.003110       4.933530       4.841570       4.736560       4.626520       4.505470       4.426900       4.329430       4.237730       4.154250       4.079850       4.010720    
   4.573480       4.607740       4.652590       4.656590       4.656760       4.693070       4.723630       4.646900       4.693260       4.742040       4.813380       4.866740       4.947080       5.019030       5.065240       5.113940       5.148690       5.153150       5.119940       5.044940       4.941200       4.824190       4.718260       4.603710       4.495190       4.398120       4.305350       4.221170       4.145810       4.079270    
   4.596810       4.652590       4.645000       4.642530       4.628300       4.658770       4.697020       4.736930       4.795430       4.744070       4.800850       4.917690       4.977780       5.043440       5.107320       5.180050       5.244300       5.278760       5.251380       5.171370       5.046670       4.915810       4.787650       4.666710       4.554600       4.451750       4.362220       4.277500       4.201360       4.133330    
   4.652590       4.640330       4.635420       4.628300       4.639820       4.632390       4.691070       4.732070       4.776160       4.849630       4.900210       4.910960       4.979230       5.055760       5.141130       5.229690       5.345260       5.419490       5.404120       5.276630       5.125420       4.978370       4.836090       4.710350       4.596050       4.492510       4.403490       4.319070       4.243030       4.174550    
   4.638270       4.631860       4.628300       4.633500       4.632390       4.713910       4.818260       4.852640       4.889990       4.931070       5.060240       5.102450       5.151030       5.207090       5.271860       5.272290       5.384560       5.505210       5.521010       5.330620       5.155540       4.999770       4.859610       4.733480       4.619960       4.517800       4.425890       4.348310       4.273560       4.242670    
   4.630080       4.628300       4.631400       4.632390       4.721520       4.818260       4.835450       4.853630       4.921310       5.011540       5.049640       5.093000       5.142440       5.198760       5.213060       5.294870       5.371380       5.449280       5.440150       5.323690       5.184990       5.038770       4.912430       4.796300       4.689910       4.592510       4.503310       4.421510       4.349040       4.279360    
   4.628300       4.630700       4.632390       4.724060       4.818260       4.826860       4.835780       4.905480       5.011540       5.030590       5.037450       5.075340       5.049310       5.110510       5.177340       5.245080       5.293140       5.333490       5.319620       5.246770       5.142920       5.030810       4.920440       4.800060       4.701670       4.610410       4.526000       4.447980       4.375780       4.298730    
   4.630460       4.632390       4.724900       4.818260       4.822560       4.826970       4.894910       5.011540       5.021060       5.010770       5.016540       4.957740       5.009240       5.071510       5.126710       5.179200       5.204060       5.225910       5.212220       5.161370       5.084430       4.994700       4.901260       4.809010       4.703670       4.620040       4.541570       4.468260       4.399900       4.322350    
   4.632390       4.725180       4.818260       4.820410       4.822590       4.888990       5.011540       5.016300       4.997650       4.987140       4.957740       4.983490       5.015940       5.025260       5.070170       5.109990       5.138730       5.131200       5.118960       5.081160       5.022910       4.951730       4.874180       4.794780       4.716260       4.640190       4.551360       4.483250       4.404230       4.350230    
   4.725280       4.818260       4.819330       4.820420       4.885880       5.011540       5.013920       4.991130       4.972440       4.957740       4.970610       4.995610       5.025260       5.047720       5.068470       5.106300       5.126640       5.129630       5.057750       5.009720       4.964720       4.908030       4.844090       4.776470       4.707720       4.639540       4.584780       4.501140       4.461450       4.388150    
   4.818260       4.818800       4.819340       4.884290       5.011540       5.012730       4.987880       4.965090       4.957740       4.964180       4.987310       5.025260       5.036490       5.047150       5.074160       5.100470       5.120860       5.048090       4.978710       4.947710       4.912500       4.867090       4.814380       4.770980       4.710240       4.648510       4.590150       4.529510       4.471170       4.416320    
   4.818530       4.818800       4.883490       5.011540       5.012140       4.986260       4.961410       4.957740       4.960960       4.983620       5.025260       5.030870       5.036300       5.052600       5.073930       5.098500       5.036070       4.963210       4.947710       4.914930       4.884570       4.846950       4.802370       4.752620       4.722940       4.615350       4.560960       4.506540       4.453190       4.423940    
   4.818530       4.883090       5.011540       5.011840       4.985450       4.959580       4.957740       4.959350       4.981890       5.025260       5.028070       5.030810       5.039920       5.054280       5.075010       4.997930       4.955460       4.947710       4.867830       4.832940       4.812220       4.769590       4.767670       4.725630       4.659120       4.595740       4.547360       4.497600       4.447510       4.398510    
   4.882890       5.011540       5.011690       4.985050       4.958660       4.957740       4.958540       4.981060       5.025260       5.026660       5.028050       5.032930       5.041670       4.941440       4.874800       4.827660       4.825700       4.809560       4.788470       4.775730       4.781310       4.778700       4.703670       4.672240       4.635600       4.594540       4.549900       4.502540       4.453370       4.394990    
   5.011540       5.011610       4.984840       4.958200       4.957740       4.958140       4.980650       5.025260       5.025960       5.026660       5.029210       5.034220       4.841560       4.596150       4.596550       4.697400       4.701820       4.703690       4.740100       4.756750       4.770160       4.723420       4.690270       4.664710       4.633230       4.596300       4.554630       4.509030       4.450860       4.401980    
   5.011580       4.984740       4.957970       4.957740       4.957940       4.980450       5.025260       5.025610       5.025960       5.027280       4.829740       4.529310       4.573410       4.595580       4.595750       4.596550       4.665540       4.699940       4.703690       4.724240       4.718770       4.709340       4.693880       4.662000       4.635020       4.601460       4.562070       4.507070       4.461100       4.412010    
   4.984690       4.957850       4.957740       4.957840       4.980350       5.025260       5.025440       5.025610       5.026280       4.788320       4.529310       4.529310       4.529310       4.572580       4.594460       4.594940       4.596550       4.661980       4.696200       4.703690       4.704350       4.700040       4.689950       4.673120       4.641010       4.610030       4.560420       4.518690       4.473310       4.425880    
   4.957800       4.957740       4.957790       4.980300       5.025260       5.025350       5.025430       4.881120       4.719760       4.529300       4.529310       4.529310       4.529310       4.529310       4.570820       4.591890       4.593330       4.596550       4.651480       4.688700       4.693600       4.694320       4.689740       4.678100       4.643540       4.610060       4.573260       4.530690       4.485430       4.439880    
   4.957740       4.957770       4.980270       5.025260       5.025300       4.769480       4.385730       4.416440       4.447150       4.501880       4.529270       4.529310       4.529310       4.529310       4.529310       4.567150       4.585780       4.590120       4.596550       4.616970       4.634870       4.649610       4.640240       4.672110       4.658530       4.629530       4.585530       4.540470       4.494500       4.450080    
   4.957750       4.980260       5.025260       5.025280       4.718220       4.385630       4.385630       4.385730       4.416440       4.447150       4.501800       4.529180       4.529310       4.529310       4.529310       4.529310       4.560180       4.570660       4.583680       4.607090       4.599470       4.625260       4.648590       4.666300       4.665390       4.632130       4.583760       4.548660       4.497520       4.454010    
