iMOD/TUTORIALS/TUT_MetaswapAnalyser/model_MetaSWAP/meteo/Precipitation/Precipitation_20050221_L1.ASC
NCOLS                30
NROWS                30
XLLCORNER     160000.00
YLLCORNER     340000.00
CELLSIZE        1000.00
NODATA_VALUE   -9999.00
   0.000000      0.1131600      0.1184800      0.1257700      0.1348200      0.1558500      0.1858900      0.2195500      0.2510100      0.2654800      0.2622800      0.2522600      0.2416500      0.2314100      0.2196700      0.2063000      0.1951800      0.1809400      0.1682000      0.1555900      0.1432600      0.1320100      0.1203900       0.000000       0.000000       0.000000       0.000000       0.000000       0.000000       0.000000    
  0.1174300      0.1232500      0.1294500      0.1398700      0.1510500      0.1732000      0.2021400      0.2364600      0.2748400      0.2923600      0.2749600      0.2645200      0.2513700      0.2387200      0.2257500      0.2138600      0.2003700      0.1879800      0.1726500      0.1589500      0.1455200      0.1330000      0.1201700       0.000000       0.000000       0.000000       0.000000       0.000000       0.000000       0.000000    
  0.1241000      0.1311100      0.1400700      0.1460700      0.1612800      0.1825800      0.2087700      0.2385000      0.2666700      0.2800400      0.2739900      0.2677300      0.2547100      0.2435700      0.2319200      0.2197700      0.2056600      0.1911200      0.1764300      0.1618200      0.1460900      0.1327100      0.1195100       0.000000       0.000000       0.000000       0.000000       0.000000       0.000000       0.000000    
  0.1297200      0.1373700      0.1469500      0.1521300      0.1677000      0.1867900      0.2088800      0.2311900      0.2504800      0.2628000      0.2630000      0.2626700      0.2554600      0.2462100      0.2342900      0.2225400      0.2082700      0.1932600      0.1779400      0.1626900      0.1477400      0.1324300      0.1187600       0.000000       0.000000       0.000000       0.000000       0.000000       0.000000       0.000000    
  0.1341300      0.1419500      0.1434200      0.1551200      0.1692600      0.1857800      0.2039700      0.2212800      0.2371000      0.2474600      0.2529200      0.2502500      0.2518100      0.2451300      0.2342500      0.2234600      0.2099500      0.1947500      0.1791100      0.1635400      0.1489400      0.1341600      0.1201700       0.000000       0.000000       0.000000       0.000000       0.000000       0.000000       0.000000    
  0.1373600      0.1361700      0.1451400      0.1558200      0.1682700      0.1822900      0.1990400      0.2107100      0.2280200      0.2351900      0.2401000      0.2410000      0.2471400      0.2409300      0.2342700      0.2230100      0.2095000      0.1943900      0.1787300      0.1632000      0.1486200      0.1339900      0.1202400       0.000000       0.000000       0.000000       0.000000       0.000000       0.000000       0.000000    
  0.1346800      0.1372300      0.1454200      0.1549300      0.1679100      0.1796600      0.1918700      0.2059200      0.2140500      0.2223200      0.2276900      0.2301100      0.2298500      0.2365000      0.2298900      0.2200000      0.2072800      0.1925200      0.1773100      0.1626300      0.1479300      0.1337400      0.1201300       0.000000       0.000000       0.000000       0.000000       0.000000       0.000000       0.000000    
  0.1437200      0.1451800      0.1471100      0.1554200      0.1646300      0.1806000      0.1870200      0.1941400      0.2031100      0.2104700      0.2158000      0.2189400      0.2199300      0.2228800      0.2251400      0.2158300      0.2031600      0.1892800      0.1751800      0.1608000      0.1467200      0.1331800      0.1203200       0.000000       0.000000       0.000000       0.000000       0.000000       0.000000       0.000000    
  0.1492300      0.1450500      0.1515600      0.1530400      0.1673600      0.1756300      0.1801500      0.1854600      0.1930700      0.1995300      0.2045000      0.2078000      0.2093300      0.2163100      0.2172000      0.2088600      0.1980200      0.1856900      0.1715900      0.1579900      0.1447200      0.1320500      0.1201000       0.000000       0.000000       0.000000       0.000000       0.000000       0.000000       0.000000    
  0.1497200      0.1444000      0.1500800      0.1626200      0.1637200      0.1706600      0.1704300      0.1774300      0.1838600      0.1894100      0.1938300      0.1969100      0.1984800      0.2010600      0.2024800      0.2003700      0.1911100      0.1795000      0.1671400      0.1547300      0.1427000      0.1300500      0.1192100       0.000000       0.000000       0.000000       0.000000       0.000000       0.000000       0.000000    
  0.1464200      0.1480670      0.1543150      0.1601600      0.1657700      0.1601700      0.1641900      0.1700300      0.1754200      0.1801000      0.1838500      0.1864600      0.1912300      0.1949400      0.1961500      0.1891000      0.1830700      0.1718200      0.1603400      0.1492600      0.1388100      0.1289600      0.1196000      0.1117200       0.000000       0.000000       0.000000       0.000000       0.000000       0.000000    
  0.1465930      0.1522400      0.1601600      0.1600770      0.1623400      0.1604200      0.1628900      0.1632800      0.1677300      0.1715800      0.1815800      0.1829400      0.1869500      0.1858700      0.1856800      0.1781600      0.1689200      0.1608100      0.1502000      0.1408700      0.1325500      0.1247100      0.1193900      0.1119000       0.000000       0.000000       0.000000       0.000000       0.000000       0.000000    
  0.1508210      0.1601600      0.1573670      0.1571900      0.1520400      0.1536100      0.1577000      0.1615400      0.1732700      0.1716600      0.1734800      0.1808900      0.1793000      0.1760300      0.1752900      0.1667400      0.1562600      0.1451200      0.1370400      0.1307400      0.1268700      0.1219100      0.1163700      0.1102700       0.000000       0.000000       0.000000       0.000000       0.000000       0.000000    
  0.1601600      0.1560450      0.1546150      0.1520400      0.1517600      0.1496300      0.1620400      0.1649800      0.1674200      0.1705000      0.1712500      0.1731900      0.1710100      0.1670800      0.1610300      0.1558700      0.1439100      0.1293900      0.1199800      0.1199000      0.1193300      0.1171800      0.1149700      0.1101400       0.000000       0.000000       0.000000       0.000000       0.000000       0.000000    
  0.1553930      0.1533270      0.1520400      0.1511430      0.1496300      0.1585570      0.1640000      0.1661300      0.1677200      0.1686100      0.1774200      0.1752400      0.1715600      0.1660200      0.1581700      0.1485000      0.1338900      0.1153000       0.000000      0.1109300      0.1153000      0.1152300      0.1128100       0.000000       0.000000       0.000000       0.000000       0.000000       0.000000       0.000000    
  0.1526840      0.1520400      0.1509380      0.1496300      0.1573960      0.1640000      0.1650650      0.1659500      0.1690500      0.1737400      0.1724500      0.1700000      0.1661500      0.1605500      0.1560400      0.1451000      0.1388200      0.1209800      0.1112500      0.1123400      0.1140000      0.1163900      0.1141400      0.1101900       0.000000       0.000000       0.000000       0.000000       0.000000       0.000000    
  0.1520400      0.1508690      0.1496300      0.1570090      0.1640000      0.1645330      0.1650050      0.1684510      0.1737400      0.1730950      0.1719940      0.1658600      0.1667900      0.1608800      0.1631200      0.1517500      0.1424400      0.1297300      0.1213800      0.1180400      0.1165500      0.1145800      0.1114200      0.1102200       0.000000       0.000000       0.000000       0.000000       0.000000       0.000000    
  0.1508460      0.1496300      0.1568790      0.1640000      0.1642660      0.1645130      0.1679320      0.1737400      0.1734180      0.1737280      0.1718900      0.1779200      0.1728700      0.1712800      0.1628700      0.1533200      0.1472900      0.1372500      0.1295000      0.1242800      0.1204500      0.1167300      0.1124100       0.000000       0.000000       0.000000       0.000000       0.000000       0.000000       0.000000    
  0.1496300      0.1568360      0.1640000      0.1641330      0.1642600      0.1676130      0.1737400      0.1735790      0.1747420      0.1749050      0.1779200      0.1753950      0.1732320      0.1708600      0.1635600      0.1555100      0.1471900      0.1432600      0.1358500      0.1297200      0.1244000      0.1192500      0.1137800       0.000000       0.000000       0.000000       0.000000       0.000000       0.000000       0.000000    
  0.1568220      0.1640000      0.1640670      0.1641310      0.1674360      0.1737400      0.1736590      0.1752790      0.1764120      0.1779200      0.1766570      0.1743520      0.1708600      0.1672100      0.1633100      0.1554200      0.1486530      0.1421000      0.1361640      0.1341800      0.1279200      0.1216800      0.1152100       0.000000       0.000000       0.000000       0.000000       0.000000       0.000000       0.000000    
  0.1640000      0.1640330      0.1640660      0.1673430      0.1737400      0.1737000      0.1755530      0.1771660      0.1779200      0.1772890      0.1749470      0.1708600      0.1690350      0.1671270      0.1619800      0.1557940      0.1487240      0.1401440      0.1359950      0.1378100      0.1309000      0.1238600      0.1165300       0.000000       0.000000       0.000000       0.000000       0.000000       0.000000       0.000000    
  0.1640170      0.1640330      0.1672960      0.1737400      0.1737200      0.1756910      0.1775430      0.1779200      0.1776040      0.1752540      0.1708600      0.1699480      0.1690070      0.1660470      0.1616340      0.1555000      0.1438750      0.1369030      0.1378100      0.1341970      0.1338800      0.1261500      0.1180700       0.000000       0.000000       0.000000       0.000000       0.000000       0.000000       0.000000    
  0.1640170      0.1672710      0.1737400      0.1737300      0.1757610      0.1777320      0.1779200      0.1777620      0.1754100      0.1708600      0.1704040      0.1699380      0.1683340      0.1655630      0.1610600      0.1492870      0.1373560      0.1378100      0.1359340      0.1338600      0.1306740      0.1276000      0.1212000      0.1117100       0.000000       0.000000       0.000000       0.000000       0.000000       0.000000    
  0.1672590      0.1737400      0.1737350      0.1757950      0.1778260      0.1779200      0.1778410      0.1754880      0.1708600      0.1706320      0.1704010      0.1695590      0.1679450      0.1674020      0.1599940      0.1480330      0.1480700      0.1432000      0.1374890      0.1378700      0.1338400      0.1319000      0.1258100      0.1151500       0.000000       0.000000       0.000000       0.000000       0.000000       0.000000    
  0.1737400      0.1737370      0.1758130      0.1778730      0.1779200      0.1778810      0.1755270      0.1708600      0.1707460      0.1706310      0.1701970      0.1693010      0.1709120      0.1747730      0.1746500      0.1613720      0.1586720      0.1583300      0.1464370      0.1407370      0.1419000      0.1348000      0.1269300      0.1157900       0.000000       0.000000       0.000000       0.000000       0.000000       0.000000    
  0.1737390      0.1758210      0.1778960      0.1779200      0.1779000      0.1755470      0.1708600      0.1708030      0.1707460      0.1705250      0.1812540      0.1980700      0.1826270      0.1748800      0.1748960      0.1746500      0.1640970      0.1590150      0.1583300      0.1488130      0.1464700      0.1363400      0.1256700      0.1165300       0.000000       0.000000       0.000000       0.000000       0.000000       0.000000    
  0.1758260      0.1779080      0.1779200      0.1779100      0.1755570      0.1708600      0.1708320      0.1708030      0.1706910      0.1837330      0.1980700      0.1980700      0.1980700      0.1827850      0.1750930      0.1751420      0.1746500      0.1643920      0.1597000      0.1583300      0.1485500      0.1379500      0.1267900      0.1154700       0.000000       0.000000       0.000000       0.000000       0.000000       0.000000    
  0.1779140      0.1779200      0.1779150      0.1755620      0.1708600      0.1708460      0.1708310      0.1869640      0.1949100      0.1980900      0.1980700      0.1980700      0.1980700      0.1980700      0.1830830      0.1754860      0.1756350      0.1746500      0.1648880      0.1610700      0.1509600      0.1397800      0.1278900      0.1160600       0.000000       0.000000       0.000000       0.000000       0.000000       0.000000    
  0.1779200      0.1779180      0.1755640      0.1708600      0.1708530      0.2047600      0.2556300      0.2455790      0.2355300      0.2106120      0.1981310      0.1980700      0.1980700      0.1980700      0.1980700      0.1836320      0.1761730      0.1766200      0.1746500      0.1655000      0.1549600      0.1429400      0.1278500      0.1146700       0.000000       0.000000       0.000000       0.000000       0.000000       0.000000    
  0.1779190      0.1755650      0.1708600      0.1708560      0.2115500      0.2556340      0.2556340      0.2556300      0.2455780      0.2355300      0.2107160      0.1982530      0.1980700      0.1980700      0.1980700      0.1980700      0.1846490      0.1772500      0.1785900      0.1697000      0.1559700      0.1442700      0.1304600      0.1153600       0.000000       0.000000       0.000000       0.000000       0.000000       0.000000    
