iMOD/TUTORIALS/TUT_MetaswapAnalyser/model_MetaSWAP/meteo/Precipitation/Precipitation_20051022_L1.ASC
NCOLS                30
NROWS                30
XLLCORNER     160000.00
YLLCORNER     340000.00
CELLSIZE        1000.00
NODATA_VALUE   -9999.00
   4.122050       4.241580       4.360600       4.476820       4.581440       4.671990       4.736070       4.781160       4.829720       4.936690       5.130830       5.346780       5.564690       5.760260       5.963270       6.086280       6.213990       6.383630       6.548140       6.703910       6.850060       6.981970       7.106460       7.209440       7.313370       7.408100       7.496390       7.583690       7.680210       7.795280    
   4.248300       4.367670       4.485700       4.597170       4.694410       4.779930       4.842800       4.882300       4.899620       5.000190       5.244590       5.482990       5.712280       5.865330       6.064480       6.210600       6.393760       6.534660       6.698380       6.857470       7.008290       7.146870       7.277950       7.387730       7.498200       7.598190       7.689100       7.774360       7.848810       7.956750    
   4.380720       4.500450       4.617180       4.722420       4.825370       4.914100       4.986590       5.045340       5.100240       5.225000       5.432650       5.662490       5.855150       6.052720       6.236090       6.385770       6.565360       6.741080       6.912350       7.077920       7.232830       7.379320       7.506950       7.635620       7.752600       7.857440       7.935100       8.019180       8.086970       8.170970    
   4.518300       4.639810       4.758550       4.867250       4.975180       5.074100       5.164710       5.253180       5.341930       5.482140       5.666940       5.868760       6.076130       6.263190       6.454470       6.613580       6.792180       6.970140       7.146580       7.319520       7.486660       7.631020       7.778210       7.900660       8.028770       8.145000       8.249040       8.341090       8.415160       8.494610    
   4.661330       4.786110       4.903930       5.024750       5.141420       5.253860       5.364420       5.464350       5.588660       5.738950       5.973190       6.144240       6.328600       6.508090       6.697020       6.864980       7.034630       7.213850       7.395690       7.576810       7.739480       7.909830       8.069020       8.220310       8.362680       8.494350       8.615840       8.719270       8.835540       8.973120    
   4.809490       4.934910       5.064280       5.192710       5.319970       5.446860       5.578170       5.693940       6.027530       6.124420       6.271050       6.433800       6.609360       6.781480       6.970690       7.135210       7.306490       7.488910       7.679800       7.872440       8.049490       8.233570       8.407950       8.577000       8.737180       8.887560       9.032040       9.163680       9.315870       9.494640    
   4.962310       5.095370       5.231310       5.368330       5.510040       5.650480       5.795740       6.223850       6.303300       6.435550       6.581590       6.739680       6.906400       7.078540       7.278250       7.433890       7.597350       7.785520       7.989620       8.185670       8.388490       8.588210       8.782980       8.968010       9.148800       9.322740       9.479180       9.651050       9.832080       10.03630    
   5.134570       5.266750       5.407160       5.552620       5.701550       6.336570       6.422130       6.492760       6.620690       6.758060       6.905460       7.061940       7.225480       7.393480       7.611680       7.762070       7.916760       8.113630       8.323610       8.539270       8.756660       8.973700       9.188050       9.394300       9.597650       9.780910       9.976230       10.17250       10.35930       10.58520    
   5.302740       5.433490       5.583200       5.735240       6.530700       6.652720       6.743640       6.815130       6.950820       7.093600       7.243830       7.400990       7.564030       7.824270       7.969420       8.122000       8.289710       8.483310       8.695100       8.920290       9.153130       9.389640       9.626040       9.855700       10.06820       10.29060       10.50900       10.70490       10.93070       11.16570    
   5.464980       5.600700       5.757340       6.724430       6.852210       6.983830       7.012920       7.151510       7.294880       7.443650       7.597970       7.757580       7.922050       8.202580       8.346390       8.503470       8.680030       8.872640       9.090000       9.327820       9.580190       9.835640       10.09730       10.35650       10.59130       10.83770       11.05460       11.29350       11.53120       11.77130    
   5.461170       5.607670       6.283420       7.051220       7.190650       7.187410       7.354940       7.502500       7.653950       7.809540       7.969210       8.132730       8.471410       8.575970       8.737930       8.892540       9.071670       9.272920       9.504530       9.764760       10.04610       10.33890       10.63420       10.91290       11.17210       11.43550       11.69840       11.95190       12.19750       12.40710    
   5.462780       6.100870       7.051220       7.378550       7.540520       7.533950       7.713570       7.868660       8.029010       8.192550       8.324680       8.498270       8.853090       9.013900       9.153370       9.303610       9.471980       9.678760       9.921700       10.20690       10.52180       10.85040       11.15040       11.47160       11.78280       12.07570       12.35890       12.62700       12.88010       13.11920    
   5.983560       7.051220       7.449440       7.636170       7.731810       7.920570       8.084970       8.252450       8.372780       8.547920       8.727920       9.196230       9.324280       9.456670       9.593300       9.736700       9.894150       10.08420       10.34640       10.66780       11.01110       11.37850       11.74370       12.09900       12.43980       12.76320       13.06090       13.34310       13.60310       13.84060    
   7.051220       7.479110       7.683990       7.731810       7.982490       8.295100       8.403380       8.586750       8.773400       8.959680       9.151390       9.657530       9.792610       9.929780       10.06770       10.20510       10.34350       10.50900       10.77020       11.15380       11.56880       11.98390       12.45530       12.85740       13.23830       13.59480       13.91550       14.21410       14.48050       14.71290    
   7.492510       7.707900       7.731810       8.003130       8.295100       8.485440       8.757840       8.956940       9.159940       9.366200       9.981550       10.12800       10.27760       10.42860       10.57870       10.72360       10.86430       11.00150       11.25740       11.74940       12.25180       12.72550       13.18130       13.61580       14.02560       14.40700       14.75640       15.06090       15.33500       15.56870    
   7.719850       7.731810       8.010020       8.295100       8.512790       8.757840       8.857390       8.958240       9.450170       10.31760       10.47540       10.63870       10.80640       10.97680       11.18760       11.35650       11.54820       11.73160       12.03350       12.48240       12.96820       13.49130       13.97250       14.43370       14.86970       15.27540       15.64590       15.97630       16.25200       16.48760    
   7.731810       8.012310       8.295100       8.521910       8.757840       8.807620       8.857820       9.395850       10.31760       10.39650       10.89670       11.17320       11.41840       11.61720       11.88150       12.08130       12.29030       12.55070       12.89220       13.32130       13.79930       14.29220       14.78140       15.31180       15.77180       16.20150       16.59440       16.94390       17.24360       17.46780    
   8.013070       8.295100       8.524950       8.757840       8.782730       8.807760       9.344720       10.31760       10.35700       11.00310       11.52600       11.87880       12.08680       12.33550       12.56630       12.81530       13.07590       13.39340       13.77030       14.20780       14.68870       15.19080       15.69640       16.19280       16.72890       17.18370       17.60130       17.97340       18.29190       18.53900    
   8.295100       8.525960       8.757840       8.770280       8.782780       9.313200       10.31760       10.33730       11.05180       11.70240       11.87880       11.98280       12.32600       13.00290       13.27690       13.57450       13.90380       14.24650       14.65890       15.11790       15.61340       16.13080       16.65540       17.17490       17.67860       18.15670       18.66050       19.05950       19.39140       19.66910    
   8.526300       8.757840       8.764060       8.770300       9.295970       10.31760       10.32750       11.07520       11.79060       11.87880       11.93080       12.29760       13.00290       13.13990       13.28480       13.58510       13.90830       14.26970       15.40470       16.03890       16.55760       17.09690       17.64500       18.19050       18.72290       19.23190       19.70050       20.11510       20.53900       20.89670    
   8.757840       8.760950       8.764070       9.286980       10.31760       10.32250       11.08680       11.83470       11.87880       11.90480       12.27750       13.00290       13.07140       13.14250       13.33660       13.59270       13.92100       15.40890       16.50020       16.96150       17.50910       18.07570       18.65150       19.21830       19.78220       20.32530       20.87960       21.34650       21.75420       22.08370    
   8.759400       8.760950       9.282400       10.31760       10.32010       11.09250       11.85680       11.87880       11.89180       12.26600       13.00290       13.03710       13.07230       13.18350       13.35730       13.61680       15.32300       16.73090       16.96150       17.63900       18.44650       19.04540       19.65270       20.25920       20.91190       21.46280       22.01520       22.52710       22.98250       23.36490    
   8.759400       9.280090       10.31760       10.31880       11.09530       11.86780       11.87880       11.88530       12.25990       13.00290       13.02000       13.03740       13.09760       13.20430       13.38580       15.72370       16.84620       16.96150       18.69440       19.40350       19.76660       20.03270       20.66280       21.31170       21.94400       22.56100       23.15130       23.70780       24.21650       24.65060    
   9.278920       10.31760       10.31820       11.09680       11.87330       11.87880       11.88200       12.25670       13.00290       13.01150       13.02010       13.05170       13.11310       15.50940       17.60840       19.46380       19.47550       19.91730       20.45520       20.77350       20.36040       20.94810       21.63920       22.31570       22.97830       23.62110       24.24090       24.83510       25.39770       25.85310    
   10.31760       10.31790       11.09750       11.87600       11.87880       11.88040       12.25510       13.00290       13.00720       13.01150       13.02780       13.06170       17.28290       22.36310       22.34960       21.52280       22.06980       21.98940       21.48600       21.18870       21.18660       21.92370       22.57690       23.28090       23.96420       24.62150       25.25320       25.86390       26.40960       27.00030    
   10.31780       11.09780       11.87740       11.87880       11.87960       12.25430       13.00290       13.00500       13.00720       13.01550       16.90870       22.72140       22.49410       22.37710       22.37670       22.34960       22.19650       22.15020       21.98940       21.99220       22.01920       22.77520       23.52620       24.19440       24.88830       25.54190       26.15800       26.70430       27.28410       27.87000    
   11.09800       11.87810       11.87880       11.87920       12.25390       13.00290       13.00400       13.00500       13.00920       17.67480       22.72140       22.72140       22.72140       22.51490       22.40510       22.40380       22.34960       22.29660       22.31110       21.98940       22.77370       23.56640       24.34930       25.09920       25.74120       26.36910       26.90370       27.42160       27.91450       28.38160    
   11.87850       11.87880       11.87900       12.25370       13.00290       13.00340       13.00400       15.21050       18.44270       22.72140       22.72140       22.72140       22.72140       22.72140       22.55640       22.46200       22.45800       22.34960       22.53640       22.63270       23.45210       24.28250       25.10150       25.87440       26.55740       27.08130       27.55160       27.95870       28.31840       28.61860    
   11.87880       11.87890       12.25360       13.00290       13.00320       16.20290       21.00230       21.41300       21.82360       22.42200       22.72130       22.72140       22.72140       22.72140       22.72140       22.63840       22.57830       22.56630       22.34960       23.17400       24.02640       24.89600       25.81100       26.60000       27.25590       27.73580       28.05610       28.32280       28.53440       28.67800    
   11.87890       12.25360       13.00290       13.00300       16.84220       21.00170       21.00170       21.00230       21.41300       21.82360       22.42170       22.72110       22.72140       22.72140       22.72140       22.72140       22.79580       22.81910       22.78300       23.62220       24.61730       25.47460       26.34980       27.20200       27.88440       28.23490       28.41130       28.51920       28.58550       28.60260    
