iMOD/TUTORIALS/TUT_MetaswapAnalyser/model_MetaSWAP/meteo/Precipitation/Precipitation_20050223_L1.ASC
NCOLS                30
NROWS                30
XLLCORNER     160000.00
YLLCORNER     340000.00
CELLSIZE        1000.00
NODATA_VALUE   -9999.00
   1.425940       1.285170       1.155830       1.039980      0.9415600      0.8727300      0.8316400      0.8058900      0.7893400      0.7856600      0.7941700      0.8077300      0.8231600      0.8446900      0.8608900      0.8733600      0.9130400      0.9242700      0.9323600      0.9385400      0.9434200      0.9432900      0.9468700      0.9612400      0.9642500      0.9674900      0.9706600      0.9732300      0.9742900      0.9754100    
   1.441980       1.308250       1.186370       1.079380      0.9887800      0.9212100      0.8733000      0.8393200      0.8131900      0.8047500      0.8184700      0.8334900      0.8496800      0.8700800      0.8866100      0.9250900      0.9379100      0.9505200      0.9573900      0.9604300      0.9614600      0.9574200      0.9565500      0.9657300      0.9641300      0.9626900      0.9611800      0.9591300      0.9576600      0.9536500    
   1.460480       1.334160       1.220120       1.117870       1.034390      0.9680500      0.9176100      0.8803600      0.8551200      0.8452100      0.8523700      0.8645300      0.8791800      0.9001800      0.9191800      0.9535000      0.9667500      0.9746200      0.9773400      0.9760500      0.9734100      0.9648900      0.9699500      0.9637300      0.9578500      0.9522700      0.9488000      0.9425700      0.9383300      0.9277900    
   1.480240       1.360970       1.253580       1.157230       1.077830       1.013020      0.9622800      0.9244600      0.9004700      0.8906800      0.8905400      0.8983700      0.9113700      0.9322500      0.9502200      0.9797800      0.9932500      0.9990000      0.9974700      0.9907900      0.9813900      0.9828000      0.9685400      0.9602500      0.9501700      0.9404800      0.9308700      0.9209200      0.9125400      0.8987700    
   1.499860       1.387040       1.283180       1.194210       1.118060       1.054970       1.004740      0.9721400      0.9459700      0.9320600      0.9250300      0.9298500      0.9414500      0.9614200      0.9806700       1.005890       1.020310       1.023230       1.015630       1.001910      0.9981100      0.9821300      0.9632900      0.9498600      0.9361900      0.9230900      0.9100800      0.8999900      0.8840700      0.8655300    
   1.518350       1.409470       1.313180       1.228080       1.154650       1.093090       1.049620       1.011630      0.9787600      0.9605000      0.9556700      0.9595400      0.9674700      0.9861900       1.002140       1.029840       1.047840       1.046730       1.029820       1.007190      0.9949300      0.9740600      0.9517000      0.9339900      0.9175700      0.9026000      0.8868400      0.8736500      0.8546900      0.8330500    
   1.530870       1.432400       1.340250       1.258380       1.197540       1.135460       1.084380       1.036940       1.004950      0.9875800      0.9796000      0.9801900      0.9884800       1.002320       1.011280       1.046270       1.074820       1.066080       1.034290       1.010390      0.9828400      0.9585700      0.9371000      0.9143700      0.8962100      0.8787800      0.8652300      0.8461500      0.8256800      0.8024000    
   1.565250       1.466260       1.379030       1.297890       1.226580       1.145360       1.102000       1.057210       1.027770       1.007450      0.9957600      0.9921400      0.9961100       1.008150       1.003740       1.039800       1.080640       1.060190       1.022920      0.9888500      0.9597300      0.9347300      0.9129200      0.8899800      0.8714200      0.8577000      0.8388600      0.8189700      0.7974100      0.7735200    
   1.600210       1.483980       1.396780       1.321270       1.224150       1.165990       1.122990       1.075820       1.043900       1.020090       1.003940      0.9949700      0.9927200      0.9578500      0.9765800       1.000690       1.016860       1.006860      0.9799800      0.9512800      0.9253900      0.9028000      0.8828800      0.8614200      0.8482000      0.8304100      0.8119400      0.7922600      0.7707000      0.7469700    
   1.612990       1.498930       1.414350       1.302390       1.239550       1.181540       1.130840       1.088610       1.053810       1.026040       1.004830      0.9896000      0.9797000      0.9269700      0.9396100      0.9464000      0.9462300      0.9395400      0.9224500      0.9020300      0.8824400      0.8643100      0.8482200      0.8330800      0.8184100      0.8023400      0.7852000      0.7663800      0.7456000      0.7226300    
   1.608070       1.508760       1.382050       1.312520       1.247500       1.180970       1.140580       1.096260       1.058340       1.026370      0.9997800      0.9778700      0.8889100      0.8805700      0.8747100      0.8803000      0.8775300      0.8716600      0.8612700      0.8495000      0.8382500      0.8277800      0.8176300      0.8106100      0.7993300      0.7812700      0.7659000      0.7483700      0.7284900      0.7006500    
   1.610420       1.452850       1.312520       1.264760       1.254590       1.183810       1.143680       1.099670       1.058600       1.022450      0.9638000      0.9395600      0.8431600      0.8225400      0.8247100      0.8216900      0.8155700      0.8040500      0.7963700      0.7909500      0.7872600      0.7838800      0.7829100      0.7773100      0.7696600      0.7551800      0.7422800      0.7267700      0.7085500      0.6876300    
   1.522490       1.312520       1.267810       1.249520       1.244440       1.199140       1.145770       1.097400       1.013290      0.9801300      0.9481300      0.7867100      0.7852200      0.7816400      0.7769900      0.7663700      0.7531000      0.7408400      0.7315500      0.7327600      0.7396600      0.7440700      0.7461600      0.7454400      0.7417200      0.7349700      0.7202300      0.7069600      0.6906500      0.6713600    
   1.312520       1.267940       1.246980       1.244440       1.214500       1.199910       1.088970       1.044100       1.002980      0.9729600      0.9364200      0.7583900      0.7525800      0.7441300      0.7321300      0.7175200      0.6961900      0.6758100      0.6704100      0.6803700      0.6945600      0.7057800      0.7010800      0.7024800      0.7006700      0.6958000      0.6840300      0.6730500      0.6592700      0.6427500    
   1.267650       1.245710       1.244440       1.219620       1.199910       1.122730       1.079310       1.033310      0.9905400      0.9504600      0.7316000      0.7257800      0.7179500      0.7073400      0.6931500      0.6780300      0.6531800      0.6216000      0.6127000      0.6371400      0.6496700      0.6618800      0.6700400      0.6745300      0.6756200      0.6735200      0.6683300      0.6561200      0.6448400      0.6282600    
   1.245070       1.244440       1.221320       1.199910       1.133980       1.079310       1.056310       1.034390      0.9226130      0.7161400      0.7098500      0.7021800      0.6926000      0.6805600      0.6559000      0.6389400      0.6189100      0.6008100      0.5972900      0.6122400      0.6298400      0.6347800      0.6441700      0.6503600      0.6534500      0.6535400      0.6506700      0.6448700      0.6324800      0.6209800    
   1.244440       1.221890       1.199910       1.137730       1.079310       1.067810       1.056670      0.9323620      0.7161400      0.7129950      0.6890840      0.6815000      0.6577000      0.6459600      0.6250200      0.6120400      0.6029300      0.5926300      0.5912100      0.5995900      0.6125500      0.6258000      0.6373700      0.6326800      0.6373900      0.6394700      0.6388500      0.6354800      0.6293200      0.6174800    
   1.222080       1.199910       1.138980       1.079310       1.073560       1.067930      0.9432450      0.7161400      0.7145670      0.6825190      0.6586250      0.6357500      0.6276700      0.6156000      0.6056100      0.5952500      0.5916300      0.5855100      0.5851600      0.5908600      0.6005200      0.6115700      0.6222100      0.6314000      0.6246300      0.6284200      0.6299000      0.6289300      0.6253800      0.6195700    
   1.199910       1.139400       1.079310       1.076440       1.073600      0.9502190      0.7161400      0.7153540      0.6792330      0.6471870      0.6357500      0.6317100      0.6192280      0.5978900      0.5894300      0.5813600      0.5746600      0.5782000      0.5785900      0.5831800      0.5909300      0.6003800      0.6101800      0.6193400      0.6271700      0.6331800      0.6234500      0.6248700      0.6243500      0.6186300    
   1.139540       1.079310       1.077870       1.076450      0.9540980      0.7161400      0.7157470      0.6775890      0.6414690      0.6357500      0.6337300      0.6211440      0.5978900      0.5936600      0.5895600      0.5818170      0.5780730      0.5771500      0.5765980      0.5755300      0.5823100      0.5908200      0.6001100      0.6093600      0.6179300      0.6252800      0.6297500      0.6337500      0.6396700      0.6264000    
   1.079310       1.078590       1.077880      0.9561400      0.7161400      0.7159430      0.6767670      0.6386090      0.6357500      0.6347400      0.6221290      0.5978900      0.5957750      0.5937030      0.5883460      0.5831500      0.5790130      0.5741640      0.5715100      0.5674900      0.5738500      0.5819300      0.5910700      0.5991800      0.6087200      0.6176000      0.6306700      0.6367000      0.6405900      0.6419000    
   1.078950       1.078590      0.9571870      0.7161400      0.7160420      0.6763560      0.6371800      0.6357500      0.6352450      0.6226270      0.5978900      0.5968330      0.5957890      0.5926080      0.5884000      0.5835030      0.5746640      0.5695000      0.5674900      0.5681200      0.5630200      0.5712600      0.5807600      0.5910400      0.6068100      0.6161500      0.6261600      0.6349300      0.6419500      0.6472100    
   1.078950      0.9577180      0.7161400      0.7160910      0.6761510      0.6364650      0.6357500      0.6354970      0.6228780      0.5978900      0.5973610      0.5968370      0.5950770      0.5922660      0.5881700      0.5687470      0.5684950      0.5674900      0.5523000      0.5470150      0.5564280      0.5634200      0.5742400      0.5858700      0.5981900      0.6106300      0.6228500      0.6343200      0.6445000      0.6527100    
  0.9579850      0.7161400      0.7161150      0.6760480      0.6361070      0.6357500      0.6356240      0.6230040      0.5978900      0.5976260      0.5973630      0.5964250      0.5947270      0.5555730      0.5348010      0.5284730      0.5286750      0.5303890      0.5315970      0.5265750      0.5310100      0.5534300      0.5645100      0.5770300      0.5906000      0.6048600      0.6193600      0.6336200      0.6470700      0.6575600    
  0.7161400      0.7161280      0.6759960      0.6359290      0.6357500      0.6356870      0.6230670      0.5978900      0.5977580      0.5976260      0.5971380      0.5961710      0.5278070      0.4463560      0.4467800      0.4843700      0.4882490      0.4898600      0.5107010      0.5212000      0.5221400      0.5316800      0.5539300      0.5673200      0.5822200      0.5982900      0.6150900      0.6320900      0.6474600      0.6633900    
  0.7161340      0.6759710      0.6358390      0.6357500      0.6357180      0.6230980      0.5978900      0.5978240      0.5977580      0.5975070      0.5209070      0.4068000      0.4328400      0.4459530      0.4459310      0.4467800      0.4737770      0.4866380      0.4898600      0.5051670      0.5104500      0.5206000      0.5327700      0.5564700      0.5726700      0.5905700      0.6096400      0.6281700      0.6476700      0.6665400    
  0.6759580      0.6357950      0.6357500      0.6357340      0.6231140      0.5978900      0.5978570      0.5978240      0.5976960      0.5059550      0.4068000      0.4068000      0.4068000      0.4322500      0.4451490      0.4450820      0.4467800      0.4718310      0.4834150      0.4898600      0.4982200      0.5086400      0.5212900      0.5364100      0.5617400      0.5815100      0.6021400      0.6240800      0.6458200      0.6663800    
  0.6357720      0.6357500      0.6357420      0.6231220      0.5978900      0.5978740      0.5978570      0.5332020      0.4719840      0.4067620      0.4068000      0.4068000      0.4068000      0.4068000      0.4311210      0.4435830      0.4433850      0.4467800      0.4672700      0.4769700      0.4853900      0.4959200      0.5088000      0.5245000      0.5434900      0.5707900      0.5944900      0.6189500      0.6427300      0.6645300    
  0.6357500      0.6357460      0.6231260      0.5978900      0.5978820      0.4871870      0.3211600      0.3302950      0.3394300      0.3842390      0.4066850      0.4068000      0.4068000      0.4068000      0.4068000      0.4290190      0.4405840      0.4399900      0.4467800      0.4554700      0.4659200      0.4781800      0.4938300      0.5121600      0.5315600      0.5558700      0.5864200      0.6137600      0.6397000      0.6629400    
  0.6357480      0.6231280      0.5978900      0.5978860      0.4650520      0.3211550      0.3211550      0.3211600      0.3302940      0.3394300      0.3840400      0.4064540      0.4068000      0.4068000      0.4068000      0.4068000      0.4253050      0.4349830      0.4332000      0.4421600      0.4561600      0.4677300      0.4811300      0.4968100      0.5177800      0.5471200      0.5797500      0.6090200      0.6381400      0.6629700    
