iMOD/TUTORIALS/TUT_MetaswapAnalyser/model_MetaSWAP/meteo/Precipitation/Precipitation_20050214_L1.ASC
NCOLS                30
NROWS                30
XLLCORNER     160000.00
YLLCORNER     340000.00
CELLSIZE        1000.00
NODATA_VALUE   -9999.00
   3.556690       3.521080       3.472540       3.407430       3.283050       3.198700       3.092450       2.960590       2.807570       2.776320       2.890400       3.015120       3.063940       3.136010       3.186280       3.118160       3.165440       3.214430       3.241550       3.267910       3.293370       3.287050       3.309490       3.243060       3.264340       3.285510       3.306490       3.326630       3.344540       3.361430    
   3.572380       3.537870       3.483150       3.423120       3.290430       3.202520       3.082920       2.916600       2.686810       2.620220       2.855390       2.978980       3.085890       3.077700       3.126800       3.181560       3.212800       3.389530       3.431320       3.458230       3.482690       3.466610       3.484970       3.423660       3.437710       3.449510       3.458450       3.463500       3.462620       3.466900    
   3.579940       3.548330       3.506130       3.367740       3.304860       3.223210       3.114700       2.975670       2.836820       2.813650       2.906420       3.029870       3.043180       3.119360       3.287920       3.355900       3.391970       3.422380       3.449060       3.472730       3.506730       3.488100       3.426970       3.439260       3.450090       3.459110       3.464130       3.465950       3.467020       3.446610    
   3.589030       3.560900       3.523780       3.383020       3.330300       3.262350       3.178550       3.084180       3.022780       2.965490       3.034160       3.031880       3.209250       3.276860       3.326880       3.387840       3.419820       3.447700       3.472810       3.495000       3.513880       3.466800       3.444580       3.452240       3.460340       3.467140       3.471710       3.471960       3.470770       3.444600    
   3.599260       3.575000       3.435780       3.402400       3.359960       3.308160       3.249260       3.147300       3.108400       3.101310       3.158000       3.225600       3.275960       3.327680       3.364650       3.414310       3.442490       3.467900       3.493560       3.516620       3.457360       3.467080       3.439810       3.465700       3.471350       3.476290       3.479850       3.490690       3.485060       3.475880    
   3.610120       3.471240       3.450220       3.423660       3.391270       3.353860       3.219660       3.226570       3.374580       3.237130       3.253800       3.284560       3.319140       3.374800       3.420180       3.435520       3.449360       3.473510       3.504320       3.531080       3.477400       3.484770       3.455600       3.458760       3.462230       3.485020       3.487940       3.500870       3.500250       3.499780    
   3.355690       3.481660       3.465030       3.444710       3.306650       3.285450       3.264320       3.488700       3.317670       3.316870       3.328460       3.349370       3.374570       3.402480       3.450300       3.447260       3.436760       3.466230       3.512800       3.487040       3.497140       3.502100       3.504480       3.470990       3.471900       3.473820       3.489010       3.491900       3.512070       3.515170    
   3.338930       3.198890       3.351370       3.339800       3.326680       3.572770       3.573010       3.381820       3.375380       3.376780       3.386220       3.402010       3.421020       3.444800       3.471470       3.462540       3.429820       3.473850       3.492170       3.510450       3.517940       3.519780       3.519070       3.482800       3.481040       3.494020       3.495350       3.498150       3.541310       3.545620    
   3.161600       3.201500       3.197590       3.352460       3.624190       3.608450       3.616990       3.421220       3.418950       3.422170       3.431030       3.444580       3.460850       3.507700       3.511370       3.510790       3.508270       3.495840       3.527010       3.538140       3.540740       3.538370       3.533900       3.494360       3.502990       3.500760       3.500850       3.545870       3.549690       3.555690    
   3.162620       3.204270       3.201970       3.529920       3.647800       3.637000       3.454190       3.451360       3.452010       3.456820       3.465990       3.479040       3.494860       3.539860       3.555530       3.561390       3.527620       3.541430       3.549580       3.549610       3.542860       3.558050       3.549030       3.540600       3.511170       3.506660       3.549780       3.551440       3.556110       3.563840    
   3.176870       3.189620       3.369720       3.542740       3.537340       3.429460       3.474530       3.474410       3.477180       3.483400       3.493330       3.506890       3.556980       3.649190       3.590320       3.606050       3.618480       3.631820       3.640400       3.642150       3.637680       3.629350       3.619680       3.630580       3.679490       3.647090       3.645300       3.646250       3.650420       3.570040    
   3.176690       3.319740       3.542740       3.486020       3.549940       3.309300       3.372450       3.491980       3.496330       3.503750       3.611470       3.620400       3.671350       3.596990       3.622460       3.643590       3.663480       3.675790       3.681450       3.676690       3.664500       3.649030       3.701500       3.692890       3.685530       3.626690       3.623260       3.623760       3.628740       3.638680    
   3.301860       3.542740       3.443700       3.431990       3.314040       3.378730       3.382100       3.387720       3.517490       3.623260       3.630590       3.581400       3.598560       3.619560       3.649050       3.675440       3.701250       3.720320       3.722640       3.735400       3.740500       3.726430       3.712260       3.699420       3.688690       3.680650       3.621490       3.620810       3.625610       3.636730    
   3.542740       3.418370       3.373010       3.314040       3.359270       3.385030       3.518330       3.522300       3.528450       3.417530       3.434370       3.595250       3.613570       3.636400       3.663960       3.699880       3.755890       3.774640       3.778400       3.775020       3.757700       3.738190       3.847350       3.842060       3.835570       3.828920       3.760520       3.756990       3.757560       3.763400    
   3.404670       3.343530       3.314040       3.352780       3.385030       3.450290       3.447510       3.453400       3.461690       3.472980       3.528780       3.546270       3.568680       3.596860       3.631550       3.746250       3.772200       3.803780       3.808360       3.859720       3.861010       3.861430       3.856140       3.847690       3.837600       3.827030       3.817140       3.748150       3.745170       3.674320    
   3.328780       3.314040       3.350620       3.385030       3.427610       3.447510       3.450450       3.454200       3.477170       3.520620       3.533750       3.550740       3.572320       3.599230       3.688070       3.717650       3.837280       3.834900       3.833340       3.835430       3.830200       3.803950       3.787110       3.768990       3.750570       3.732720       3.716530       3.703460       3.638350       3.639800    
   3.314040       3.349900       3.385030       3.420050       3.447510       3.448980       3.450720       3.475610       3.520620       3.527180       3.565180       3.552250       3.642940       3.662540       3.840910       3.847690       3.846450       3.848180       3.847100       3.843070       3.834070       3.820030       3.802070       3.762710       3.739090       3.714700       3.690830       3.669350       3.652680       3.589510    
   3.349660       3.385030       3.417530       3.447510       3.448250       3.449070       3.473980       3.520620       3.523900       3.578380       3.610390       3.668540       3.681470       3.839950       3.847310       3.854060       3.852190       3.854800       3.853590       3.847900       3.837070       3.820980       3.799950       3.774350       3.725300       3.692310       3.657940       3.624550       3.595440       3.577220    
   3.385030       3.416690       3.447510       3.447880       3.448280       3.472980       3.520620       3.522260       3.586180       3.639470       3.668540       3.675000       3.758870       3.845540       3.852840       3.859610       3.864860       3.859950       3.859020       3.853220       3.841790       3.824140       3.799880       3.768730       3.730710       3.686450       3.618390       3.568480       3.524530       3.677340    
   3.416410       3.447510       3.447690       3.447890       3.472440       3.520620       3.521440       3.590320       3.654000       3.668540       3.671770       3.736990       3.845540       3.849190       3.852660       3.859100       3.861470       3.861280       3.862660       3.862480       3.851330       3.832600       3.805050       3.767520       3.719300       3.660510       3.808410       3.748620       3.688320       3.575910    
   3.447510       3.447600       3.447700       3.472160       3.520620       3.521030       3.592440       3.661270       3.668540       3.670160       3.730710       3.845540       3.847360       3.849130       3.853650       3.857750       3.860620       3.866920       3.870550       3.878620       3.868910       3.849980       3.819490       4.002740       3.938940       3.856370       3.800690       3.684580       3.563420       3.451630    
   3.447560       3.447600       3.472020       3.520620       3.520830       3.593510       3.664910       3.668540       3.669350       3.728740       3.845540       3.846450       3.847350       3.850050       3.853510       3.857340       3.867700       3.874580       3.878620       3.960960       4.135360       4.115700       4.080520       4.025320       3.971300       4.057420       3.912950       3.742600       3.557350       3.250480    
   3.447560       3.471950       3.520620       3.520720       3.594040       3.666720       3.668540       3.668940       3.728040       3.845540       3.846000       3.846450       3.847950       3.850300       3.853630       3.919380       3.876600       3.878620       4.133410       4.324480       4.317340       4.371400       4.336490       4.268590       4.196750       3.746200       3.582180       3.381580       3.153240       2.919860    
   3.471910       3.520620       3.520670       3.594310       3.667630       3.668540       3.668740       3.727770       3.845540       3.845770       3.845990       3.846800       3.848230       3.984140       4.082190       4.145730       4.141750       4.229160       4.352550       4.369570       4.513610       4.450650       4.098910       4.038190       3.936850       3.787640       3.585850       3.330010       3.024240       2.733490    
   3.520620       3.520650       3.594450       3.668090       3.668540       3.668640       3.727650       3.845540       3.845650       3.845770       3.846190       3.847010       4.091070       4.386850       4.384690       4.339440       4.418840       4.404870       4.376370       4.363590       4.225520       4.249910       4.213940       4.158550       4.051090       3.881760       3.644840       3.337420       3.009340       2.546390    
   3.520630       3.594510       3.668310       3.668540       3.668590       3.727590       3.845540       3.845600       3.845650       3.845870       4.113790       4.514990       4.431630       4.389320       4.389010       4.384690       4.412470       4.432800       4.404870       4.367440       4.351640       4.387460       4.395370       4.338220       4.232670       4.047950       3.781210       3.494880       3.058720       2.538680    
   3.594550       3.668430       3.668540       3.668570       3.727570       3.845540       3.845570       3.845600       3.845710       4.167060       4.514990       4.514990       4.514990       4.435350       4.394270       4.393330       4.384690       4.427530       4.460730       4.404870       4.487750       4.565180       4.616640       4.611610       4.502890       4.305480       4.075910       3.695320       3.252810       2.767200    
   3.668480       3.668540       3.668550       3.727550       3.845540       3.845550       3.845570       4.030470       4.249520       4.515100       4.514990       4.514990       4.514990       4.514990       4.443120       4.404800       4.401970       4.384690       4.459830       4.516590       4.644520       4.782130       4.905210       4.965820       4.979220       4.737700       4.396340       3.987760       3.554200       3.131540    
   3.668540       3.668550       3.727550       3.845540       3.845550       4.122570       4.538100       4.561560       4.585020       4.538630       4.515320       4.514990       4.514990       4.514990       4.514990       4.459350       4.427730       4.419260       4.384690       4.533170       4.719140       4.942730       5.253900       5.510610       5.502470       5.236700       4.793590       4.332980       3.897500       3.517440    
   3.668540       3.727540       3.845540       3.845540       4.177970       4.538100       4.538100       4.538100       4.561570       4.585020       4.539190       4.515990       4.514990       4.514990       4.514990       4.514990       4.492690       4.479260       4.453820       4.632490       4.949870       5.246450       5.620240       6.026950       6.183080       5.766050       5.164460       4.689390       4.221600       3.862980    
