iMOD/TUTORIALS/TUT_MetaswapAnalyser/model_MetaSWAP/meteo/Precipitation/Precipitation_20061031_L1.ASC
NCOLS                30
NROWS                30
XLLCORNER     160000.00
YLLCORNER     340000.00
CELLSIZE        1000.00
NODATA_VALUE   -9999.00
   2.783450       2.861010       2.940330       3.021750       3.102200       3.188250       3.271580       3.346420       3.401750       3.391560       3.310130       3.211790       3.114140       3.022580       2.936810       2.856900       2.781430       2.712360       2.649460       2.590400       2.534270       2.480110       2.426900       2.374520       2.321130       2.266760       2.211340       2.155490       2.101080       2.051740    
   2.784700       2.861860       2.943540       3.025270       3.104720       3.191970       3.279320       3.365360       3.449270       3.451860       3.336150       3.225440       3.123160       3.027930       2.939630       2.855920       2.779740       2.708770       2.641030       2.578780       2.519770       2.463170       2.407970       2.353900       2.299060       2.243110       2.185510       2.126220       2.067560       2.012440    
   2.781230       2.855610       2.932060       3.002290       3.086460       3.168180       3.248460       3.323240       3.380110       3.371810       3.293700       3.197210       3.101110       3.009800       2.923960       2.841800       2.764860       2.692570       2.624650       2.560750       2.499040       2.441420       2.386050       2.331290       2.276440       2.220450       2.163240       2.101870       2.036950       1.970680    
   2.771120       2.840880       2.912020       2.973930       3.047330       3.119160       3.186100       3.243850       3.276220       3.263830       3.211170       3.133680       3.053710       2.970510       2.889820       2.812260       2.736790       2.665000       2.597110       2.533170       2.472960       2.414850       2.360140       2.307750       2.254550       2.200480       2.144390       2.085150       2.021670       1.954090    
   2.755180       2.818940       2.869940       2.934880       2.998300       3.057990       3.110280       3.144770       3.163230       3.153630       3.114270       3.054940       2.985040       2.911960       2.839420       2.768340       2.696380       2.626690       2.560210       2.497630       2.439170       2.384330       2.332250       2.280580       2.231030       2.181240       2.130310       2.077570       2.023950       1.974070    
   2.734470       2.775300       2.832610       2.888520       2.941500       2.989260       3.018250       3.049270       3.056970       3.044210       3.013620       2.966680       2.904850       2.839420       2.779330       2.711110       2.643250       2.576360       2.512110       2.452020       2.396610       2.345420       2.297550       2.252130       2.208080       2.162710       2.119040       2.075200       2.033050       1.996230    
   2.657630       2.741780       2.791030       2.837890       2.866530       2.904520       2.933950       2.953150       2.953070       2.940740       2.912680       2.871310       2.820190       2.757120       2.704400       2.641600       2.578680       2.514810       2.453280       2.396840       2.345900       2.299900       2.257910       2.218710       2.181500       2.145420       2.109840       2.075480       2.041500       2.013950    
   2.633590       2.648920       2.729170       2.768320       2.803000       2.830440       2.853490       2.858380       2.856340       2.841180       2.813260       2.774200       2.726500       2.668060       2.620130       2.560510       2.501590       2.440720       2.383010       2.331670       2.286760       2.247550       2.212870       2.181320       2.152090       2.124060       2.097360       2.072010       2.049360       2.029870    
   2.574930       2.606970       2.643800       2.714050       2.739010       2.759250       2.774660       2.772050       2.764660       2.746100       2.716650       2.677490       2.630430       2.588220       2.526850       2.467810       2.409590       2.353350       2.301150       2.256430       2.219240       2.188490       2.162630       2.139950       2.119340       2.100250       2.082240       2.065860       2.051140       2.038440    
   2.540180       2.565130       2.595110       2.626910       2.678410       2.691370       2.693770       2.690900       2.678500       2.656160       2.624080       2.583060       2.534490       2.500620       2.430780       2.367590       2.309900       2.255300       2.208670       2.171730       2.144010       2.123420       2.107880       2.095330       2.083930       2.073800       2.064730       2.056320       2.048840       2.042520    
   2.537240       2.566810       2.590230       2.573760       2.588700       2.617970       2.623720       2.615460       2.598400       2.572170       2.536810       2.492830       2.470660       2.395370       2.327210       2.262390       2.200010       2.147040       2.106160       2.078830       2.063030       2.055010       2.051300       2.049220       2.048290       2.046880       2.045680       2.044480       2.043550       2.042430    
   2.536690       2.567010       2.573760       2.541280       2.533000       2.526600       2.530940       2.546170       2.524920       2.494960       2.440010       2.394800       2.369580       2.308260       2.228620       2.156790       2.088500       2.031370       1.994390       1.978220       1.977090       1.983680       1.993040       2.002510       2.011000       2.018040       2.024090       2.029400       2.034370       2.039310    
   2.545570       2.573760       2.521510       2.501330       2.469660       2.477670       2.470380       2.455950       2.414200       2.405100       2.365410       2.362190       2.296870       2.223960       2.136680       2.055370       1.975310       1.908850       1.873880       1.873700       1.891870       1.915230       1.937870       1.957860       1.974860       1.989200       2.001300       2.012090       2.022060       2.031690    
   2.573760       2.512610       2.485500       2.469660       2.458020       2.426730       2.391160       2.375090       2.351780       2.323110       2.283480       2.296160       2.228130       2.151430       2.066090       1.966840       1.872960       1.783030       1.746000       1.773870       1.816250       1.855900       1.891050       1.919620       1.943340       1.963180       1.980080       1.994960       2.008670       2.021850    
   2.508400       2.477580       2.469660       2.451470       2.426730       2.392850       2.360650       2.340720       2.313920       2.279700       2.292790       2.233760       2.166240       2.089730       2.003680       1.907480       1.800460       1.680380       1.633520       1.705030       1.764810       1.813910       1.854250       1.887380       1.914710       1.937550       1.957080       1.974380       1.990320       2.005990    
   2.473620       2.469660       2.449290       2.426730       2.393410       2.360650       2.350690       2.338430       2.308270       2.298740       2.247920       2.189660       2.123590       2.049390       1.954460       1.867840       1.771030       1.686460       1.656370       1.693930       1.744150       1.790290       1.829930       1.863260       1.891160       1.914700       1.934970       1.953020       1.969900       1.986250    
   2.469660       2.448560       2.426730       2.393600       2.360650       2.355670       2.349920       2.324030       2.298740       2.273330       2.199320       2.156350       2.072830       2.008080       1.938470       1.863590       1.784610       1.728070       1.704910       1.718210       1.749900       1.785540       1.819080       1.848630       1.874020       1.895660       1.914350       1.931020       1.946660       1.962180    
   2.448320       2.426730       2.393660       2.360650       2.358160       2.355410       2.332090       2.298740       2.286040       2.201090       2.130140       2.103930       2.051100       1.997080       1.935470       1.873620       1.809790       1.768480       1.748500       1.750840       1.768340       1.792480       1.817660       1.841080       1.861620       1.879360       1.894620       1.908170       1.920940       1.933650    
   2.426730       2.393680       2.360650       2.359400       2.358070       2.336100       2.298740       2.292390       2.201370       2.117030       2.103930       2.077520       2.036340       1.993250       1.940900       1.890140       1.845090       1.804340       1.786270       1.782930       1.790920       1.805360       1.822110       1.838480       1.853060       1.865370       1.875580       1.884430       1.892490       1.901560    
   2.393690       2.360650       2.360030       2.359380       2.338080       2.298740       2.295560       2.201380       2.110480       2.103930       2.090720       2.052760       1.993250       1.967070       1.941430       1.892040       1.846520       1.811900       1.804700       1.812090       1.813660       1.820500       1.829710       1.839030       1.847040       1.853100       1.857520       1.859800       1.862690       1.865740    
   2.360650       2.360340       2.360020       2.339060       2.298740       2.297150       2.201360       2.107210       2.103930       2.097330       2.060170       1.993250       1.980160       1.967250       1.933520       1.893330       1.850160       1.825190       1.824980       1.837870       1.834960       1.835960       1.838750       1.842080       1.843420       1.842690       1.839660       1.835380       1.830370       1.826400    
   2.360490       2.360340       2.339540       2.298740       2.297950       2.201350       2.105570       2.103930       2.100630       2.063670       1.993250       1.986710       1.980220       1.960310       1.931370       1.892330       1.847600       1.831420       1.837870       1.842730       1.855360       1.851730       1.849100       1.845940       1.840590       1.827950       1.818860       1.806990       1.793580       1.783930    
   2.360490       2.339780       2.298740       2.298340       2.201340       2.104750       2.103930       2.102280       2.065370       1.993250       1.989980       1.986730       1.975750       1.957300       1.928000       1.876100       1.834650       1.837870       1.857660       1.867600       1.861750       1.855030       1.849350       1.843210       1.833130       1.817960       1.802120       1.782110       1.758960       1.735360    
   2.339900       2.298740       2.298540       2.201340       2.104340       2.103930       2.103100       2.066210       1.993250       1.991610       1.989980       1.984150       1.973260       1.937590       1.903280       1.873800       1.874550       1.876050       1.878790       1.882450       1.879850       1.866800       1.852260       1.843550       1.831270       1.814350       1.792000       1.763810       1.730130       1.693140    
   2.298740       2.298640       2.201340       2.104130       2.103930       2.103520       2.066620       1.993250       1.992430       1.991620       1.988580       1.982460       1.934690       1.889320       1.889330       1.895170       1.912210       1.911240       1.894690       1.886310       1.885040       1.874050       1.862530       1.851330       1.835860       1.814930       1.787500       1.752730       1.709420       1.659500    
   2.298690       2.201340       2.104030       2.103930       2.103720       2.066830       1.993250       1.992840       1.992430       1.990880       1.919290       1.816890       1.865000       1.889110       1.889310       1.889330       1.904600       1.913170       1.911240       1.898780       1.894040       1.885970       1.875800       1.860840       1.843520       1.820160       1.789700       1.749110       1.702940       1.646860    
   2.201340       2.103980       2.103930       2.103830       2.066930       1.993250       1.993050       1.992840       1.992050       1.907280       1.816890       1.816890       1.816890       1.864660       1.888690       1.889290       1.889330       1.904660       1.915100       1.911240       1.904790       1.897080       1.887010       1.873330       1.853900       1.829720       1.794600       1.757070       1.711600       1.659600    
   2.103960       2.103930       2.103880       2.066990       1.993250       1.993150       1.993050       1.925790       1.870090       1.816860       1.816890       1.816890       1.816890       1.816890       1.863760       1.887440       1.889250       1.889330       1.902960       1.918970       1.913530       1.906800       1.897690       1.884890       1.858800       1.837210       1.808290       1.772160       1.730490       1.686420    
   2.103930       2.103900       2.067010       1.993250       1.993200       1.848620       1.631860       1.678550       1.725240       1.786250       1.816790       1.816890       1.816890       1.816890       1.816890       1.861430       1.883750       1.889170       1.889330       1.892290       1.894450       1.895020       1.876340       1.884900       1.873050       1.852620       1.824110       1.790080       1.752730       1.715490    
   2.103920       2.067020       1.993250       1.993220       1.819690       1.631780       1.631780       1.631860       1.678550       1.725240       1.786070       1.816590       1.816890       1.816890       1.816890       1.816890       1.855840       1.872750       1.889010       1.893590       1.867540       1.877840       1.885480       1.888770       1.883490       1.865160       1.838000       1.807080       1.772950       1.740750    
