iMOD/TUTORIALS/TUT_MetaswapAnalyser/model_MetaSWAP/meteo/Precipitation/Precipitation_20061116_L1.ASC
NCOLS                30
NROWS                30
XLLCORNER     160000.00
YLLCORNER     340000.00
CELLSIZE        1000.00
NODATA_VALUE   -9999.00
   4.110470       4.054290       4.005760       3.978200       4.009310       4.153770       4.442370       4.815340       5.197680       5.459270       5.555460       5.598600       5.623030       5.653010       5.668190       5.685450       5.696150       5.687280       5.664360       5.631720       5.591110       5.567430       5.518040       5.464020       5.408090       5.349530       5.288480       5.225040       5.159470       5.096780    
   4.214690       4.184050       4.168410       4.191210       4.278730       4.451420       4.728250       5.092620       5.520350       5.796640       5.798500       5.806600       5.820980       5.852420       5.866030       5.881350       5.872820       5.843600       5.807340       5.754720       5.692540       5.645210       5.575040       5.501800       5.428480       5.354250       5.279020       5.202520       5.140330       5.062770    
   4.321600       4.316650       4.335500       4.398460       4.508270       4.689900       4.947610       5.268170       5.608910       5.839260       5.913760       5.947210       5.979450       6.012700       6.031460       6.046770       6.035360       6.000780       5.944000       5.869890       5.788860       5.717780       5.625830       5.535000       5.445060       5.356090       5.285160       5.193320       5.104530       5.007790    
   4.429610       4.445450       4.486840       4.569800       4.691500       4.867200       5.095600       5.362000       5.626170       5.824240       5.948320       6.025340       6.083650       6.136720       6.174390       6.199520       6.191620       6.148710       6.073450       5.975580       5.865920       5.755090       5.662500       5.574230       5.468220       5.364730       5.262970       5.161920       5.064260       4.959500    
   4.531810       4.562670       4.624020       4.709690       4.832720       4.995640       5.194030       5.407490       5.625420       5.811180       5.954480       6.062800       6.150680       6.231230       6.288960       6.333930       6.347680       6.298280       6.200900       6.075720       5.940680       5.805470       5.696210       5.572790       5.455080       5.342180       5.232990       5.131820       5.025300       4.921460    
   4.623990       4.668660       4.730860       4.819490       4.937540       5.084960       5.243860       5.435190       5.611040       5.790220       5.937120       6.062280       6.172220       6.277060       6.370420       6.450870       6.479920       6.419590       6.286620       6.126420       5.964430       5.809550       5.684590       5.550750       5.425200       5.306470       5.193240       5.089590       4.982780       4.879990    
   4.707380       4.750560       4.815650       4.902480       4.992920       5.127300       5.278880       5.427420       5.602120       5.757910       5.900620       6.031070       6.153760       6.274260       6.390720       6.516030       6.601530       6.516050       6.324650       6.128520       5.945380       5.777750       5.624740       5.505010       5.376360       5.255920       5.148580       5.038750       4.933260       4.832000    
   4.766750       4.791830       4.855380       4.940180       5.042790       5.122400       5.272070       5.426980       5.570760       5.710450       5.843150       5.969120       6.091260       6.213940       6.332130       6.475190       6.625690       6.498170       6.269340       6.061180       5.873800       5.705190       5.552760       5.434200       5.307680       5.196860       5.084710       4.977900       4.877030       4.778070    
   4.786650       4.842640       4.906550       4.981160       5.021890       5.129450       5.263150       5.400190       5.524560       5.646740       5.764530       5.877570       5.987040       6.075160       6.186830       6.289440       6.343240       6.266850       6.099450       5.918840       5.748220       5.591940       5.449390       5.339040       5.227210       5.114960       5.008590       4.908800       4.810820       4.716190    
   4.826070       4.880020       4.939200       4.948360       5.026610       5.120090       5.254660       5.359220       5.464600       5.567960       5.667190       5.761130       5.849120       5.908750       5.983630       6.036250       6.042440       5.979240       5.860240       5.719400       5.578100       5.443970       5.318940       5.202150       5.122010       5.019480       4.923230       4.828460       4.736820       4.647800    
   4.831580       4.881760       4.929440       4.950190       5.023420       5.134150       5.219370       5.306480       5.393220       5.477060       5.555720       5.627230       5.658070       5.768560       5.793960       5.794570       5.758080       5.684150       5.581050       5.465350       5.348930       5.236740       5.129890       5.033730       4.938040       4.868970       4.781320       4.696810       4.615200       4.573530    
   4.835050       4.898240       4.950190       4.998050       5.003130       5.109390       5.179240       5.244740       5.313520       5.378020       5.528990       5.564660       5.564750       5.577730       5.568500       5.535790       5.477330       5.395390       5.306720       5.218830       5.133800       5.050220       4.973100       4.890680       4.808820       4.753220       4.675910       4.600230       4.526440       4.454610    
   4.869770       4.950190       4.993260       5.009310       5.015480       5.070470       5.126710       5.181950       5.368540       5.395600       5.420250       5.404050       5.407440       5.392000       5.353740       5.291870       5.208200       5.115600       5.032020       4.970930       4.922220       4.867910       4.808420       4.744330       4.677110       4.608250       4.565900       4.498770       4.432640       4.368010    
   4.950190       4.992830       5.012390       5.015480       5.037290       5.025920       5.246150       5.275510       5.299430       5.314150       5.319980       5.277340       5.259550       5.221810       5.160820       5.074330       4.963450       4.843490       4.764770       4.739660       4.721050       4.691830       4.640720       4.590030       4.533730       4.474130       4.438100       4.378470       4.319680       4.262580    
   4.993110       5.013940       5.015480       5.026230       5.025920       5.159250       5.205690       5.221940       5.231730       5.232830       5.183530       5.166050       5.131630       5.077360       5.000440       4.895800       4.768680       4.614200       4.523810       4.547940       4.543810       4.526590       4.495850       4.455100       4.407410       4.355410       4.301280       4.271890       4.219000       4.173940    
   5.014710       5.015480       5.022540       5.025920       5.130290       5.205690       5.213810       5.219790       5.199360       5.110920       5.094870       5.064990       5.019050       4.954950       4.863050       4.759750       4.635730       4.513580       4.440410       4.431420       4.429130       4.402190       4.375240       4.339250       4.296540       4.249380       4.199870       4.149870       4.124680       4.077520    
   5.015480       5.021310       5.025920       5.120630       5.205690       5.209750       5.213100       5.185970       5.110920       5.102890       5.024220       4.979390       4.915260       4.846400       4.750330       4.655820       4.556530       4.461100       4.393450       4.357840       4.336100       4.313920       4.286030       4.232300       4.190070       4.144250       4.096610       4.048880       4.002680       3.964840    
   5.020910       5.025920       5.117410       5.205690       5.207720       5.209510       5.179930       5.110920       5.106910       5.006820       4.925160       4.870930       4.817840       4.750650       4.672600       4.585420       4.500410       4.417760       4.351120       4.302450       4.265070       4.230950       4.195180       4.155840       4.093730       4.046660       3.998620       3.951160       3.905870       3.849940    
   5.025920       5.116340       5.205690       5.206710       5.207640       5.177020       5.110920       5.108910       4.998730       4.898050       4.870930       4.844390       4.781910       4.688230       4.613230       4.532010       4.449160       4.379570       4.312240       4.255600       4.206950       4.162100       4.117660       4.071790       4.023970       3.974600       3.906400       3.857390       3.797480       3.746800    
   5.115980       5.205690       5.206200       5.206680       5.175570       5.110920       5.109920       4.994800       4.884490       4.870930       4.857660       4.796360       4.688230       4.650730       4.611160       4.531470       4.453580       4.380320       4.268250       4.214660       4.157500       4.103580       4.050840       3.997920       3.944300       3.890160       3.829900       3.757510       3.720000       3.665680    
   5.205690       5.205940       5.206190       5.174840       5.110920       5.110420       4.992850       4.877710       4.870930       4.864290       4.803300       4.688230       4.669480       4.650040       4.597780       4.532070       4.455120       4.295640       4.196910       4.179160       4.115100       4.053450       3.993110       3.925920       3.866610       3.807440       3.743640       3.686500       3.633470       3.586630    
   5.205820       5.205940       5.174470       5.110920       5.110670       4.991890       4.874320       4.870930       4.867610       4.806690       4.688230       4.678850       4.669250       4.639100       4.593300       4.528330       4.330010       4.188040       4.179160       4.121220       4.069400       4.002110       3.935800       3.870110       3.815190       3.739530       3.674100       3.611260       3.552480       3.500230    
   5.205820       5.174290       5.110920       5.110790       4.991410       4.872630       4.870930       4.869270       4.808360       4.688230       4.683540       4.678780       4.662400       4.633880       4.586910       4.359600       4.183600       4.179160       4.084170       4.034420       3.997850       3.967180       3.905550       3.833980       3.757490       3.683210       3.612020       3.543060       3.477450       3.418130    
   5.174190       5.110920       5.110860       4.991170       4.871780       4.870930       4.870100       4.809200       4.688230       4.685890       4.683520       4.674910       4.658350       4.551640       4.380040       4.165390       4.162780       4.095790       4.015740       4.001890       3.999440       3.951130       3.880200       3.796900       3.716590       3.638950       3.563370       3.489220       3.416500       3.344060    
   5.110920       5.110890       4.991050       4.871350       4.870930       4.870520       4.809620       4.688230       4.687060       4.685880       4.681440       4.672260       4.507460       4.325210       4.323380       4.211100       4.149790       4.146390       4.053480       4.010900       4.004350       3.933100       3.859010       3.770860       3.686780       3.606450       3.528760       3.452040       3.371910       3.293730    
   5.110900       4.990990       4.871140       4.870930       4.870720       4.809820       4.688230       4.687640       4.687060       4.684790       4.672140       4.660560       4.438620       4.327180       4.327040       4.323380       4.208470       4.153190       4.146390       4.054720       4.028910       3.928000       3.830200       3.753830       3.667250       3.586550       3.510130       3.432970       3.357300       3.278470    
   4.990960       4.871040       4.870930       4.870830       4.809930       4.688230       4.687940       4.687640       4.686500       4.673020       4.660560       4.660560       4.660560       4.441520       4.331110       4.330700       4.323380       4.210940       4.159990       4.146390       4.039220       3.932580       3.829130       3.732100       3.657690       3.579280       3.506430       3.438870       3.372100       3.305220    
   4.870980       4.870930       4.870880       4.809980       4.688230       4.688080       4.687940       4.827670       4.802340       4.660850       4.660560       4.660560       4.660560       4.660560       4.447390       4.339240       4.338020       4.323380       4.213990       4.173590       4.061520       3.948520       3.838100       3.735620       3.646710       3.583020       3.521310       3.465960       3.413110       3.363130    
   4.870930       4.870900       4.810000       4.688230       4.688160       4.944270       5.328460       5.288540       5.248620       4.857380       4.661440       4.660560       4.660560       4.660560       4.660560       4.459060       4.356310       4.352650       4.323380       4.212610       4.096850       3.977680       3.862220       3.749730       3.657210       3.592490       3.552800       3.513260       3.475720       3.440980    
   4.870920       4.810020       4.688230       4.688190       4.995660       5.328650       5.328650       5.328460       5.288540       5.248620       4.858910       4.663210       4.660560       4.660560       4.660560       4.660560       4.481360       4.392900       4.381930       4.270740       4.161820       4.034080       3.902390       3.773750       3.673240       3.626220       3.602180       3.579720       3.557970       3.534370    
