iMOD/TUTORIALS/TUT_MetaswapAnalyser/model_MetaSWAP/meteo/Precipitation/Precipitation_20061101_L1.ASC
NCOLS                30
NROWS                30
XLLCORNER     160000.00
YLLCORNER     340000.00
CELLSIZE        1000.00
NODATA_VALUE   -9999.00
   2.063700       2.044040       2.026730       2.016830       2.025190       2.077580       2.176570       2.296610       2.410130       2.479400       2.487330       2.474000       2.448480       2.405010       2.357090       2.303480       2.225510       2.152810       2.068070       1.975260       1.875330       1.785590       1.675900       1.578430       1.462020       1.346910       1.236490       1.135900       1.053560       1.003640    
   2.110710       2.105630       2.102330       2.111790       2.139910       2.199900       2.290760       2.403070       2.525400       2.592440       2.570490       2.540140       2.503800       2.455230       2.399260       2.323630       2.247240       2.163140       2.071470       1.968140       1.857220       1.754200       1.632340       1.520690       1.390610       1.260330       1.132310       1.010290      0.8816100      0.8080800    
   2.166100       2.171950       2.184690       2.206540       2.236820       2.298130       2.379800       2.474650       2.568260       2.618940       2.615050       2.587370       2.550470       2.496160       2.435630       2.356250       2.272550       2.178490       2.074660       1.961860       1.844680       1.730510       1.613820       1.475470       1.334500       1.192580       1.027650      0.8944700      0.7668300      0.6534700    
   2.220190       2.234770       2.256250       2.286300       2.330880       2.389040       2.458420       2.520090       2.590070       2.630870       2.637850       2.619900       2.584650       2.531790       2.468670       2.387600       2.298340       2.197850       2.086930       1.966460       1.837590       1.721490       1.591150       1.413990       1.268960       1.124270      0.9814300      0.8418300      0.7070600      0.5806600    
   2.271070       2.292100       2.318740       2.354280       2.398850       2.452010       2.510650       2.570710       2.621030       2.650950       2.652140       2.637090       2.603360       2.550520       2.500460       2.420060       2.303800       2.195450       2.076270       1.947510       1.827000       1.683610       1.550550       1.403570       1.253600       1.105770      0.9625000      0.8270800      0.7046500      0.6100800    
   2.317700       2.344350       2.375060       2.411830       2.454780       2.502750       2.551060       2.602470       2.630500       2.660940       2.670370       2.660340       2.632230       2.586290       2.525980       2.442750       2.344550       2.233060       2.109670       1.975550       1.846950       1.697540       1.557960       1.403720       1.251050       1.104750      0.9644700      0.8369100      0.7286300      0.6513200    
   2.358920       2.391660       2.423940       2.460640       2.498830       2.542750       2.586630       2.609850       2.651070       2.677490       2.688630       2.683020       2.660260       2.621350       2.569870       2.488400       2.389540       2.276660       2.150690       2.023580       1.875870       1.720720       1.561990       1.417130       1.262270       1.114480      0.9778900      0.8566400      0.7575600      0.6857000    
   2.340740       2.425180       2.463150       2.499610       2.538560       2.512880       2.586620       2.632140       2.667850       2.693540       2.706630       2.705320       2.688350       2.657870       2.616820       2.538850       2.440920       2.328540       2.207400       2.066620       1.913290       1.752060       1.587690       1.438480       1.281160       1.133170      0.9978500      0.8794900      0.7804600      0.7086000    
   2.370220       2.461710       2.495370       2.535850       2.487390       2.530280       2.604610       2.647880       2.682030       2.707960       2.723470       2.726710       2.716080       2.716380       2.665580       2.594010       2.501800       2.389700       2.263740       2.117990       1.958130       1.789880       1.619030       1.464890       1.304460       1.154390       1.018490      0.8976100      0.7996600      0.7236000    
   2.401880       2.493700       2.526860       2.458770       2.501320       2.541920       2.621080       2.659240       2.692690       2.719480       2.737790       2.745900       2.742110       2.747090       2.713070       2.651030       2.559660       2.454970       2.324680       2.172000       2.003140       1.831970       1.653460       1.479010       1.328520       1.175290       1.034310      0.9136900      0.8118600      0.7297100    
   2.425120       2.474150       2.486870       2.468160       2.507050       2.570120       2.628730       2.665680       2.698850       2.726760       2.747960       2.760970       2.798630       2.811040       2.757090       2.706400       2.629840       2.524880       2.389020       2.225980       2.044530       1.854930       1.665850       1.483430       1.308010       1.174870       1.034500      0.9112400      0.8057500      0.7283600    
   2.426560       2.463580       2.468160       2.503490       2.509170       2.569640       2.628130       2.666600       2.699520       2.728410       2.808300       2.818260       2.861900       2.810510       2.798580       2.760660       2.699420       2.601250       2.465070       2.292650       2.097880       1.895610       1.692150       1.502280       1.325770       1.182050       1.037780      0.9103700      0.7997800      0.7055600    
   2.436710       2.468160       2.505160       2.519380       2.529600       2.586940       2.623620       2.658850       2.773680       2.795820       2.813680       2.822040       2.829760       2.830450       2.829840       2.806640       2.763550       2.685430       2.546930       2.358550       2.143130       1.925850       1.716240       1.519480       1.338070       1.173200       1.042660      0.9112100      0.7956600      0.6951100    
   2.468160       2.506850       2.524490       2.529600       2.564940       2.578290       2.719100       2.746350       2.771170       2.802620       2.819770       2.819920       2.830350       2.835910       2.835940       2.834210       2.812530       2.764860       2.637110       2.413840       2.176570       1.945990       1.739280       1.539040       1.355140       1.187920       1.053060      0.9180700      0.7979100      0.6914300    
   2.507910       2.527050       2.529600       2.557610       2.578290       2.672940       2.721440       2.745730       2.767770       2.787100       2.786500       2.801670       2.813090       2.820580       2.824020       2.828100       2.820930       2.810550       2.699680       2.443690       2.189240       1.956470       1.739520       1.538930       1.354950       1.187500       1.036160      0.9150300      0.7927100      0.6832500    
   2.528320       2.529600       2.555170       2.578290       2.657560       2.721440       2.733580       2.744980       2.762380       2.748910       2.764440       2.776480       2.784650       2.788550       2.791510       2.784420       2.773090       2.727850       2.604450       2.395090       2.169160       1.933960       1.723200       1.527060       1.346320       1.181160       1.031320      0.8961700      0.7880200      0.6779400    
   2.529600       2.554350       2.578290       2.652430       2.721440       2.727510       2.733340       2.747460       2.748910       2.756680       2.747910       2.740810       2.747910       2.745240       2.742020       2.720460       2.681050       2.606640       2.481290       2.306480       2.107870       1.905570       1.709200       1.505220       1.330660       1.170110       1.023740      0.8912600      0.7720700      0.6732100    
   2.554080       2.578290       2.650720       2.721440       2.724480       2.727430       2.739310       2.748910       2.752790       2.737460       2.724860       2.708920       2.703590       2.695640       2.673330       2.637860       2.578810       2.490400       2.366780       2.210520       2.033780       1.849600       1.667030       1.491410       1.309120       1.154920       1.013630      0.8853900      0.7700100      0.6642600    
   2.578290       2.650150       2.721440       2.722960       2.724450       2.735030       2.748910       2.750850       2.732990       2.716890       2.708920       2.706250       2.684830       2.631170       2.598340       2.551270       2.485730       2.383350       2.262220       2.117690       1.956860       1.788250       1.619070       1.454470       1.297760       1.151000       1.001230      0.8782700      0.7647900      0.6662600    
   2.649960       2.721440       2.722200       2.722950       2.732840       2.748910       2.749880       2.730920       2.712910       2.708920       2.707590       2.682790       2.631170       2.614760       2.593590       2.545110       2.473450       2.377100       2.149100       2.031000       1.881920       1.725950       1.568690       1.414610       1.266960       1.127930       1.001050      0.8789900      0.7845400      0.6781300    
   2.721440       2.721820       2.722200       2.731720       2.748910       2.749400       2.729910       2.710910       2.708920       2.708250       2.682620       2.631170       2.622960       2.613170       2.584490       2.537390       2.465220       2.188400       1.991120       1.951240       1.811060       1.665210       1.518110       1.376220       1.236940       1.105310      0.9946100      0.8808400      0.7777800      0.6862400    
   2.721630       2.721820       2.731160       2.748910       2.749150       2.729410       2.709920       2.708920       2.708590       2.682740       2.631170       2.627070       2.622440       2.606870       2.578350       2.529030       2.222690       1.971180       1.951240       1.837030       1.748800       1.610560       1.471580       1.335100       1.219890       1.093500      0.9759100      0.8674700      0.7689700      0.6812000    
   2.721630       2.730880       2.748910       2.749030       2.729160       2.709420       2.708920       2.708750       2.682850       2.631170       2.629120       2.626890       2.618790       2.602550       2.571420       2.219830       1.961210       1.951240       1.784660       1.705890       1.620440       1.556020       1.442340       1.312440       1.186440       1.067190      0.9556100      0.8523100      0.7578400      0.6732100    
   2.730740       2.748910       2.748970       2.729040       2.709170       2.708920       2.708840       2.682920       2.631170       2.630140       2.629060       2.624930       2.616080       2.380380       2.108640       1.809800       1.807860       1.738570       1.658210       1.644480       1.662980       1.523840       1.398850       1.273320       1.153420       1.040390      0.9347500      0.8365400      0.7457400      0.6643500    
   2.748910       2.748940       2.728980       2.709040       2.708920       2.708880       2.682960       2.631170       2.630660       2.630120       2.628050       2.623360       2.215570       1.728410       1.728750       1.719490       1.660310       1.664490       1.634270       1.624250       1.625980       1.507500       1.355730       1.234840       1.120430       1.013510      0.9141000      0.8215400      0.7363400      0.6547100    
   2.748930       2.728950       2.708980       2.708920       2.708900       2.682980       2.631170       2.630910       2.630650       2.629610       2.301910       1.814020       1.756650       1.728060       1.728070       1.728750       1.681030       1.656140       1.664490       1.603870       1.583780       1.460070       1.338270       1.197020       1.087430      0.9867000      0.8942600      0.8098500      0.7291500      0.6519600    
   2.728930       2.708950       2.708920       2.708910       2.682990       2.631170       2.631040       2.630910       2.630390       2.238040       1.814020       1.814020       1.814020       1.756110       1.727350       1.727380       1.728750       1.674760       1.647780       1.664490       1.541240       1.416730       1.294700       1.179180       1.054040      0.9598000      0.8764300      0.7994700      0.7272900      0.6588300    
   2.708940       2.708920       2.708910       2.683000       2.631170       2.631110       2.631040       2.477780       2.202450       1.814100       1.814020       1.814020       1.814020       1.814020       1.755020       1.725930       1.726010       1.728750       1.658010       1.631080       1.505940       1.378790       1.254000       1.137240       1.034050      0.9329600      0.8587500      0.7921500      0.7300200      0.6717200    
   2.708920       2.708920       2.683000       2.631170       2.631140       2.402820       2.060370       2.039570       2.018780       1.882500       1.814270       1.814020       1.814020       1.814020       1.814020       1.752750       1.723020       1.723270       1.728750       1.607710       1.480200       1.348910       1.215310       1.094590      0.9927900      0.9146200      0.8434800      0.7885400      0.7365400      0.6872700    
   2.708920       2.683000       2.631170       2.631150       2.357190       2.060390       2.060390       2.060370       2.039570       2.018780       1.882930       1.814760       1.814020       1.814020       1.814020       1.814020       1.747930       1.717040       1.717790       1.596570       1.459340       1.326540       1.190070       1.057180      0.9491200      0.8851100      0.8389800      0.7943800      0.7474300      0.7048100    
