iMOD/TUTORIALS/TUT_MetaswapAnalyser/model_MetaSWAP/meteo/Precipitation/Precipitation_20060414_L1.ASC
NCOLS                30
NROWS                30
XLLCORNER     160000.00
YLLCORNER     340000.00
CELLSIZE        1000.00
NODATA_VALUE   -9999.00
  0.1096800      0.1236800      0.1388700      0.1541300      0.1660700      0.1681500      0.1578800      0.1413700      0.1250400      0.1178700      0.1214100      0.1284200      0.1364400      0.1440800      0.1531000      0.1566800      0.1638800      0.1780700      0.1916400      0.2066600      0.2229400      0.2358000      0.2533600      0.2714000      0.2901300      0.3092700      0.3286400      0.3479700      0.3665700      0.3818100    
  0.1131400      0.1253700      0.1377600      0.1484400      0.1550200      0.1544700      0.1457000      0.1307100      0.1121200      0.1041500      0.1135800      0.1220200      0.1300400      0.1329100      0.1401500      0.1457500      0.1551400      0.1687700      0.1847000      0.2002500      0.2172800      0.2314100      0.2498300      0.2687200      0.2881400      0.3079200      0.3280200      0.3483300      0.3670700      0.3843700    
  0.1156400      0.1259300      0.1354800      0.1429400      0.1466100      0.1450200      0.1377400      0.1260800      0.1136900      0.1083700      0.1125800      0.1189200      0.1226000      0.1274700      0.1341000      0.1394300      0.1480800      0.1590600      0.1725100      0.1881500      0.2084700      0.2237300      0.2427600      0.2623600      0.2822500      0.3024100      0.3215600      0.3427500      0.3633700      0.3857500    
  0.1174000      0.1259800      0.1334700      0.1388600      0.1411800      0.1395900      0.1341600      0.1259700      0.1186800      0.1147900      0.1155300      0.1178800      0.1204700      0.1235100      0.1273900      0.1313600      0.1385900      0.1490500      0.1628200      0.1792900      0.1976000      0.2198000      0.2362000      0.2548100      0.2747500      0.2947200      0.3148200      0.3352500      0.3552600      0.3774800    
  0.1189100      0.1261400      0.1321600      0.1363700      0.1380700      0.1369500      0.1332200      0.1284800      0.1234600      0.1202100      0.1190600      0.1189700      0.1194500      0.1199500      0.1215200      0.1234800      0.1281600      0.1380300      0.1525100      0.1702000      0.1893800      0.2095300      0.2266000      0.2495000      0.2689700      0.2879800      0.3065300      0.3232400      0.3410500      0.3567600    
  0.1205100      0.1267100      0.1318200      0.1353500      0.1369100      0.1363900      0.1340600      0.1312300      0.1345700      0.1265700      0.1239100      0.1220400      0.1203800      0.1186700      0.1173200      0.1158700      0.1182700      0.1280500      0.1445600      0.1643700      0.1850700      0.2060400      0.2235400      0.2429400      0.2614800      0.2815000      0.2977600      0.3113300      0.3247200      0.3351900    
  0.1224000      0.1278900      0.1324000      0.1355900      0.1373100      0.1373800      0.1360900      0.1450500      0.1359000      0.1325700      0.1295500      0.1267000      0.1236600      0.1199600      0.1167300      0.1110300      0.1081200      0.1191100      0.1398000      0.1619700      0.1841000      0.2054700      0.2257600      0.2414500      0.2585900      0.2741400      0.2863100      0.2982800      0.3091800      0.3154500    
  0.1292100      0.1297800      0.1338700      0.1369400      0.1388100      0.1493300      0.1540700      0.1448700      0.1422200      0.1393600      0.1363900      0.1332200      0.1295900      0.1252300      0.1215000      0.1136500      0.1048200      0.1187800      0.1423500      0.1654600      0.1876700      0.2086500      0.2281300      0.2425700      0.2579300      0.2694400      0.2804200      0.2888300      0.2918400      0.2951500    
  0.1322500      0.1320500      0.1360300      0.1390900      0.1541100      0.1544100      0.1608300      0.1513400      0.1494900      0.1472600      0.1447300      0.1418800      0.1385800      0.1387000      0.1330000      0.1277000      0.1262800      0.1360800      0.1547900      0.1756500      0.1963800      0.2160400      0.2341200      0.2468500      0.2584400      0.2692200      0.2772100      0.2791600      0.2816100      0.2809700    
  0.1353500      0.1348000      0.1387200      0.1581300      0.1597000      0.1605500      0.1593000      0.1588200      0.1578100      0.1564000      0.1546800      0.1526900      0.1504600      0.1528300      0.1496600      0.1478400      0.1502000      0.1589700      0.1736000      0.1911700      0.2094100      0.2276800      0.2439300      0.2581000      0.2641100      0.2723500      0.2742300      0.2763200      0.2750000      0.2704400    
  0.1333600      0.1362900      0.1489780      0.1642600      0.1664300      0.1549900      0.1669200      0.1672800      0.1672000      0.1667900      0.1661500      0.1654200      0.1722500      0.1633700      0.1645200      0.1672300      0.1732700      0.1836200      0.1978400      0.2143900      0.2316400      0.2482800      0.2633700      0.2747700      0.2812100      0.2848600      0.2873800      0.2859500      0.2805000      0.2642500    
  0.1331600      0.1457220      0.1642600      0.1678380      0.1737900      0.1618300      0.1756000      0.1766800      0.1776000      0.1783200      0.1670300      0.1693500      0.1788200      0.1810200      0.1845000      0.1897600      0.1977800      0.2087900      0.2223700      0.2374900      0.2530100      0.2679500      0.2774500      0.2882300      0.2961500      0.2961600      0.2961500      0.2917800      0.2829200      0.2697900    
  0.1430650      0.1642600      0.1673240      0.1703300      0.1668700      0.1824000      0.1848900      0.1870900      0.1716800      0.1748000      0.1784500      0.1924000      0.1952800      0.1993000      0.2051100      0.2126600      0.2225800      0.2347800      0.2484500      0.2625700      0.2747100      0.2877500      0.2994600      0.3090000      0.3155600      0.3183800      0.3118700      0.3050900      0.2932400      0.2764000    
  0.1642600      0.1667640      0.1686000      0.1668700      0.1802770      0.1915600      0.1717100      0.1761300      0.1806700      0.1856600      0.1908200      0.2070600      0.2118200      0.2178800      0.2256200      0.2355000      0.2470100      0.2611500      0.2757500      0.2882900      0.3012700      0.3137100      0.3253900      0.3344800      0.3404900      0.3425400      0.3350700      0.3266600      0.3125000      0.2925000    
  0.1664070      0.1677350      0.1668700      0.1795690      0.1915600      0.1795770      0.1754600      0.1810500      0.1869400      0.1932700      0.2143200      0.2200000      0.2268300      0.2351000      0.2451000      0.2570900      0.2712200      0.2868500      0.3024900      0.3156800      0.3284600      0.3409600      0.3523200      0.3616400      0.3679200      0.3701700      0.3674300      0.3539800      0.3388900      0.3165600    
  0.1673020      0.1668700      0.1793330      0.1915600      0.1821990      0.1754600      0.1782550      0.1811500      0.1955830      0.2210700      0.2272400      0.2344800      0.2430000      0.2530500      0.2604300      0.2744300      0.2968000      0.3125100      0.3281900      0.3426400      0.3567800      0.3707300      0.3834300      0.3941700      0.4019500      0.4056800      0.4042700      0.3966600      0.3771600      0.3552200    
  0.1668700      0.1792540      0.1915600      0.1830730      0.1754600      0.1768580      0.1782880      0.1940140      0.2210700      0.2241550      0.2394140      0.2484600      0.2527900      0.2641100      0.2907900      0.3041600      0.3189100      0.3354600      0.3525100      0.3693800      0.3859700      0.4021300      0.4173200      0.4310700      0.4417800      0.4485800      0.4502400      0.4455300      0.4333600      0.4095200    
  0.1792280      0.1915600      0.1833640      0.1754600      0.1761590      0.1768690      0.1925580      0.2210700      0.2226130      0.2415200      0.2571400      0.2658200      0.2747800      0.2968900      0.3095500      0.3242800      0.3399200      0.3577900      0.3766500      0.3960000      0.4155300      0.4349300      0.4537200      0.4711500      0.4865700      0.4981800      0.5049000      0.5053000      0.4980300      0.4831500    
  0.1915600      0.1834610      0.1754600      0.1758090      0.1761620      0.1916640      0.2210700      0.2218410      0.2425000      0.2614800      0.2658200      0.2703000      0.2876350      0.3130500      0.3270000      0.3430900      0.3612900      0.3792600      0.4002000      0.4222400      0.4450800      0.4683800      0.4916700      0.5142900      0.5353000      0.5535200      0.5678400      0.5758800      0.5773900      0.5686600    
  0.1834940      0.1754600      0.1756350      0.1758110      0.1911760      0.2210700      0.2214560      0.2429760      0.2636500      0.2658200      0.2680600      0.2842010      0.3130500      0.3200250      0.3277130      0.3437930      0.3612130      0.3802500      0.4240840      0.4475500      0.4739800      0.5016600      0.5302000      0.5590400      0.5873700      0.6140500      0.6372600      0.6573400      0.6627100      0.6653300    
  0.1754600      0.1755470      0.1756350      0.1909230      0.2210700      0.2212630      0.2432110      0.2647350      0.2658200      0.2669400      0.2827830      0.3130500      0.3165370      0.3202630      0.3305110      0.3442400      0.3617520      0.4192150      0.4593600      0.4711700      0.5013500      0.5337000      0.5679800      0.6034900      0.6402800      0.6770500      0.7070300      0.7390300      0.7649400      0.7813600    
  0.1755040      0.1755470      0.1907940      0.2210700      0.2211660      0.2433280      0.2652780      0.2658200      0.2663800      0.2821480      0.3130500      0.3147940      0.3166170      0.3224370      0.3316710      0.3455010      0.4123290      0.4652650      0.4711700      0.4994130      0.5257200      0.5628000      0.6030300      0.6462800      0.6857100      0.7347200      0.7836600      0.8317600      0.8758500      0.9109000    
  0.1755040      0.1907290      0.2210700      0.2211180      0.2433870      0.2655490      0.2658200      0.2661000      0.2818500      0.3130500      0.3139220      0.3148200      0.3179490      0.3235750      0.3332030      0.4115060      0.4682170      0.4711700      0.5222220      0.5471250      0.5697820      0.5878900      0.6291400      0.6790700      0.7341600      0.7938400      0.8574100      0.9237000      0.9898200       1.049770    
  0.1906960      0.2210700      0.2210940      0.2434160      0.2656840      0.2658200      0.2659600      0.2817050      0.3130500      0.3134860      0.3139310      0.3155640      0.3187810      0.3644770      0.4259350      0.4984550      0.4998100      0.5288540      0.5636720      0.5711800      0.5685300      0.6039700      0.6537900      0.7107100      0.7741500      0.8445200      0.9221000       1.006710       1.096970       1.186490    
  0.2210700      0.2210820      0.2434300      0.2657520      0.2658200      0.2658900      0.2816340      0.3130500      0.3132680      0.3134890      0.3143270      0.3160920      0.3927310      0.4826710      0.4831800      0.5056890      0.5273380      0.5284500      0.5587580      0.5727100      0.5738300      0.6209800      0.6711300      0.7332500      0.8034000      0.8824400      0.9713400       1.071100       1.181200       1.304320    
  0.2210760      0.2434380      0.2657860      0.2658200      0.2658550      0.2815980      0.3130500      0.3131590      0.3132690      0.3136950      0.3555980      0.4170400      0.4603770      0.4821650      0.4821620      0.4831800      0.5124280      0.5262250      0.5284500      0.5626900      0.5757700      0.6263900      0.6842500      0.7451400      0.8196100      0.9040600      0.9996400       1.106590       1.228900       1.367440    
  0.2434410      0.2658030      0.2658200      0.2658370      0.2815810      0.3130500      0.3131050      0.3131590      0.3133740      0.3633280      0.4170400      0.4170400      0.4170400      0.4596330      0.4811520      0.4811440      0.4831800      0.5118560      0.5240000      0.5284500      0.5727100      0.6238100      0.6825400      0.7496800      0.8216400      0.9077400       1.003780       1.111800       1.231170       1.359250    
  0.2658120      0.2658200      0.2658290      0.2815720      0.3130500      0.3130770      0.3131050      0.3155490      0.3524630      0.4169780      0.4170400      0.4170400      0.4170400      0.4170400      0.4581760      0.4791310      0.4791070      0.4831800      0.5117950      0.5195500      0.5629300      0.6132800      0.6713200      0.7377400      0.8130000      0.8937800      0.9870000       1.088630       1.196180       1.303120    
  0.2658200      0.2658240      0.2815680      0.3130500      0.3130640      0.3196810      0.3295800      0.3260700      0.3225600      0.3853790      0.4168550      0.4170400      0.4170400      0.4170400      0.4170400      0.4553910      0.4751060      0.4750350      0.4831800      0.5160000      0.5552200      0.6015500      0.6568300      0.7158900      0.7877500      0.8677200      0.9525400       1.044710       1.138280       1.226230    
  0.2658220      0.2815660      0.3130500      0.3130570      0.3210010      0.3295930      0.3295930      0.3295800      0.3260690      0.3225600      0.3850620      0.4164850      0.4170400      0.4170400      0.4170400      0.4170400      0.4503110      0.4671030      0.4668900      0.4970100      0.5362100      0.5788600      0.6290500      0.6870600      0.7529000      0.8258300      0.9039200      0.9888600       1.069000       1.142850    
