iMOD/TUTORIALS/TUT_MetaswapAnalyser/model_MetaSWAP/meteo/Precipitation/Precipitation_20060411_L1.ASC
NCOLS                30
NROWS                30
XLLCORNER     160000.00
YLLCORNER     340000.00
CELLSIZE        1000.00
NODATA_VALUE   -9999.00
   3.205580       3.179680       3.154830       3.131300       3.109750       3.090480       3.073110       3.056270       3.043880       3.056700       3.098580       3.147980       3.196520       3.233680       3.272740       3.318910       3.355980       3.380030       3.397750       3.410510       3.419230       3.423990       3.427580       3.434460       3.436400       3.439030       3.443170       3.449720       3.459800       3.475200    
   3.206390       3.181000       3.156370       3.132640       3.110250       3.088600       3.066980       3.043790       3.017630       3.023550       3.080470       3.134180       3.184500       3.231960       3.272750       3.314580       3.343720       3.361510       3.378790       3.390230       3.397610       3.401350       3.403890       3.409490       3.410810       3.412970       3.416750       3.422950       3.429470       3.445100    
   3.208190       3.183360       3.159260       3.136210       3.113020       3.091170       3.069730       3.048980       3.034350       3.044600       3.084730       3.132560       3.185620       3.225540       3.263260       3.301560       3.329190       3.350080       3.364650       3.373880       3.379940       3.381660       3.386430       3.386050       3.385850       3.386630       3.385650       3.391100       3.399860       3.412850    
   3.210210       3.186200       3.162910       3.140640       3.119170       3.098930       3.080460       3.064900       3.060770       3.071960       3.100870       3.141060       3.185540       3.222640       3.259610       3.294870       3.320970       3.339630       3.351300       3.357320       3.359300       3.363880       3.361000       3.354640       3.352780       3.352260       3.353800       3.358020       3.365650       3.377270    
   3.212460       3.189460       3.167360       3.146160       3.126330       3.108420       3.093450       3.084520       3.083890       3.094750       3.118180       3.150720       3.187450       3.221640       3.257590       3.289670       3.311640       3.326900       3.334010       3.335230       3.337280       3.332960       3.327280       3.323190       3.319090       3.316680       3.316690       3.319990       3.327260       3.340380    
   3.214840       3.192950       3.171960       3.152200       3.134150       3.118480       3.105490       3.100470       3.088980       3.109540       3.130270       3.157880       3.189790       3.221690       3.252500       3.283260       3.306430       3.317850       3.319000       3.314470       3.311110       3.302850       3.293880       3.285960       3.279410       3.275640       3.273910       3.275960       3.282600       3.295530    
   3.217900       3.196300       3.176550       3.158170       3.140420       3.126760       3.116590       3.093260       3.108340       3.119380       3.137100       3.160490       3.188000       3.218020       3.244710       3.275930       3.301070       3.306940       3.299440       3.291430       3.279680       3.267510       3.255670       3.244310       3.235090       3.228250       3.224650       3.224860       3.230420       3.241680    
   3.224030       3.198470       3.179210       3.162230       3.147170       3.094010       3.097640       3.109740       3.113860       3.123390       3.138220       3.157710       3.180820       3.207850       3.229170       3.258530       3.286540       3.285010       3.272150       3.257290       3.241810       3.226300       3.211360       3.197090       3.185120       3.175820       3.169590       3.167410       3.168370       3.177550    
   3.224230       3.201810       3.184140       3.167050       3.099630       3.091890       3.097140       3.111020       3.114290       3.121900       3.133710       3.149230       3.167680       3.180690       3.204170       3.226320       3.241830       3.242170       3.230640       3.214730       3.197120       3.179070       3.161420       3.144390       3.129780       3.117510       3.108460       3.101230       3.101390       3.107060    
   3.226540       3.204790       3.187770       3.104580       3.094520       3.087050       3.109620       3.108150       3.110050       3.115370       3.123950       3.135350       3.148870       3.150240       3.171920       3.186010       3.192410       3.191560       3.181570       3.165890       3.147300       3.126250       3.106210       3.087060       3.069120       3.053890       3.039450       3.031420       3.027920       3.029610    
   3.225420       3.206370       3.148600       3.097280       3.087410       3.113140       3.104040       3.101510       3.101630       3.104400       3.109580       3.116750       3.105330       3.147820       3.150530       3.151980       3.148600       3.138220       3.121490       3.100260       3.076570       3.051990       3.027680       3.004520       2.980920       2.961150       2.946130       2.935170       2.928850       2.946290    
   3.225620       3.169420       3.097280       3.091920       3.078210       3.105960       3.095690       3.091540       3.089630       3.089660       3.142940       3.138740       3.119300       3.111820       3.114260       3.109040       3.099160       3.085100       3.065650       3.042480       3.016940       2.990250       2.961500       2.935420       2.911100       2.889150       2.870490       2.855640       2.845170       2.839620    
   3.184280       3.097280       3.096360       3.091490       3.104760       3.091830       3.084640       3.078970       3.148650       3.139060       3.129800       3.087870       3.084960       3.080510       3.076940       3.065580       3.050100       3.030300       3.008320       2.982570       2.954060       2.924840       2.895250       2.866210       2.838600       2.813210       2.790630       2.771790       2.757130       2.747150    
   3.097280       3.099130       3.098120       3.104760       3.092180       3.079950       3.169260       3.155060       3.141390       3.129890       3.116420       3.066820       3.058880       3.048950       3.036330       3.022480       3.001030       2.976220       2.948960       2.921860       2.891880       2.860220       2.820100       2.786620       2.754580       2.724820       2.698290       2.675400       2.656900       2.643260    
   3.100650       3.101440       3.104760       3.092300       3.079950       3.137350       3.162830       3.146690       3.130620       3.114390       3.054310       3.043760       3.031430       3.016760       2.999160       2.980270       2.954130       2.923410       2.891550       2.857930       2.825040       2.788590       2.751400       2.714450       2.678710       2.645100       2.614480       2.587800       2.565440       2.546010    
   3.103100       3.104760       3.092340       3.079950       3.126710       3.162830       3.154760       3.146710       3.110610       3.050730       3.037990       3.023560       3.007010       2.987890       2.963680       2.938190       2.907130       2.873600       2.837520       2.799500       2.759290       2.723080       2.681980       2.641010       2.601130       2.563330       2.528580       2.497780       2.472040       2.451580    
   3.104760       3.092350       3.079950       3.123160       3.162830       3.158790       3.154770       3.115700       3.050730       3.044360       3.021370       3.004660       2.981730       2.958490       2.928290       2.898930       2.865120       2.827760       2.787810       2.745680       2.701600       2.656050       2.609790       2.570910       2.526810       2.484720       2.445720       2.410890       2.381310       2.358230    
   3.092350       3.079950       3.121980       3.162830       3.160810       3.158800       3.120000       3.050730       3.047540       3.020730       2.997280       2.989910       2.964860       2.928720       2.898630       2.865650       2.826550       2.785370       2.741530       2.695380       2.647250       2.597660       2.547280       2.496960       2.454720       2.408030       2.364450       2.325290       2.291930       2.265760    
   3.079950       3.121590       3.162830       3.161820       3.160810       3.122580       3.050730       3.049140       3.020500       2.993600       2.989910       2.977390       2.947270       2.905590       2.872130       2.835770       2.796600       2.746840       2.699180       2.649060       2.596870       2.543110       2.488430       2.433630       2.379670       2.327670       2.285620       2.241640       2.204040       2.175970    
   3.121460       3.162830       3.162330       3.161820       3.123990       3.050730       3.049930       3.020410       2.991750       2.989910       2.983650       2.955040       2.905590       2.888860       2.871160       2.834830       2.793070       2.747540       2.654610       2.607290       2.551100       2.493170       2.434120       2.374700       2.315830       2.258630       2.205320       2.156070       2.125480       2.095190    
   3.162830       3.162580       3.162330       3.124720       3.050730       3.050330       3.020360       2.990830       2.989910       2.986780       2.958550       2.905590       2.897220       2.888540       2.864950       2.833020       2.791810       2.670970       2.588980       2.570670       2.510620       2.448620       2.385260       2.322160       2.258250       2.195560       2.149310       2.092840       2.042640       2.001750    
   3.162700       3.162580       3.125090       3.050730       3.050530       3.020340       2.990370       2.989910       2.988340       2.960210       2.905590       2.901410       2.897120       2.883570       2.862170       2.829930       2.689260       2.579820       2.570670       2.519530       2.477310       2.411340       2.343790       2.275270       2.220300       2.152350       2.085630       2.022000       1.964000       1.915380    
   3.162700       3.125270       3.050730       3.050630       3.020330       2.990140       2.989910       2.989130       2.961010       2.905590       2.903500       2.901370       2.894030       2.880950       2.858560       2.699780       2.575250       2.570670       2.499480       2.462180       2.416950       2.380100       2.321910       2.249670       2.176620       2.102950       2.030110       1.959020       1.891950       1.833140    
   3.125370       3.050730       3.050680       3.020330       2.990030       2.989910       2.989520       2.961410       2.905590       2.904540       2.903490       2.899630       2.892120       2.805270       2.686260       2.544420       2.542310       2.499860       2.450090       2.445540       2.447060       2.368960       2.294340       2.218630       2.141840       2.064330       1.986390       1.908540       1.832030       1.757940    
   3.050730       3.050700       3.020320       2.989970       2.989910       2.989710       2.961610       2.905590       2.905070       2.904540       2.902550       2.898410       2.755040       2.588550       2.587530       2.546320       2.515690       2.513950       2.465100       2.442550       2.444020       2.369950       2.275800       2.197370       2.118050       2.038010       1.957080       1.874890       1.789210       1.705290    
   3.050720       3.020320       2.989940       2.989910       2.989810       2.961710       2.905590       2.905330       2.905070       2.904050       2.851670       2.776410       2.652080       2.589650       2.589580       2.587530       2.539770       2.517430       2.513950       2.458360       2.436570       2.360600       2.282340       2.186110       2.105660       2.025270       1.944420       1.860410       1.775990       1.688720    
   3.020320       2.989920       2.989910       2.989860       2.961750       2.905590       2.905460       2.905330       2.904820       2.842720       2.776410       2.776410       2.776410       2.653710       2.591840       2.591620       2.587530       2.540160       2.520910       2.513950       2.438890       2.360340       2.279650       2.198520       2.104690       2.026330       1.947800       1.870360       1.792430       1.715260    
   2.989920       2.989910       2.989890       2.961780       2.905590       2.905520       2.905460       2.950670       2.899490       2.776580       2.776410       2.776410       2.776410       2.776410       2.657000       2.596370       2.595710       2.587530       2.538250       2.527870       2.450910       2.369920       2.286670       2.203940       2.124720       2.039730       1.969110       1.900620       1.833940       1.772000    
   2.989910       2.989900       2.961790       2.905590       2.905560       2.988500       3.112930       3.100000       3.087060       2.880430       2.776930       2.776410       2.776410       2.776410       2.776410       2.663590       2.605860       2.603890       2.587530       2.523650       2.452900       2.375980       2.296370       2.219700       2.140460       2.072400       2.005230       1.948080       1.893700       1.845280    
   2.989900       2.961800       2.905590       2.905570       3.005150       3.112990       3.112990       3.112930       3.100000       3.087060       2.881320       2.777960       2.776410       2.776410       2.776410       2.776410       2.676370       2.626140       2.620260       2.558030       2.492020       2.413010       2.327680       2.239860       2.162620       2.109210       2.064870       2.013420       1.967210       1.928750    
