iMOD/TUTORIALS/TUT_MetaswapAnalyser/model_MetaSWAP/meteo/Precipitation/Precipitation_20060209_L1.ASC
NCOLS                30
NROWS                30
XLLCORNER     160000.00
YLLCORNER     340000.00
CELLSIZE        1000.00
NODATA_VALUE   -9999.00
   2.162110       2.111900       2.057840       2.008780       1.988260       2.040660       2.180580       2.363350       2.536010       2.609460       2.561130       2.470860       2.368630       2.267130       2.160080       2.052750       1.962210       1.864230       1.772740       1.686180       1.603660       1.529360       1.452260       1.370890       1.296700       1.223040       1.150140       1.078900       1.011430      0.9547900    
   2.196270       2.160950       2.122660       2.105590       2.119960       2.186590       2.311560       2.480870       2.676010       2.751280       2.631590       2.513300       2.394890       2.281240       2.167790       2.068750       1.966710       1.852450       1.762920       1.680440       1.602570       1.532830       1.459650       1.381330       1.308950       1.235740       1.161600       1.086980       1.005410      0.9428200    
   2.235680       2.214690       2.201720       2.204550       2.226500       2.294640       2.401040       2.534520       2.663620       2.702620       2.627550       2.517180       2.397600       2.281770       2.156840       2.049280       1.945670       1.852430       1.768940       1.692910       1.620620       1.556040       1.480860       1.411560       1.340390       1.266860       1.180840       1.103980       1.027690      0.9478700    
   2.278250       2.268770       2.268510       2.282220       2.317870       2.377930       2.459600       2.542310       2.615260       2.631920       2.583180       2.492810       2.387760       2.268610       2.147680       2.036620       1.934120       1.845680       1.770180       1.703360       1.640600       1.570650       1.512780       1.435270       1.367570       1.296650       1.222340       1.144580       1.065720      0.9807400    
   2.319790       2.318540       2.324370       2.343920       2.378280       2.427540       2.486920       2.544390       2.582680       2.583280       2.568720       2.480910       2.371440       2.252040       2.132470       2.016510       1.907970       1.825320       1.760840       1.706150       1.644920       1.591510       1.540840       1.480120       1.415660       1.347200       1.275120       1.203640       1.126360       1.053470    
   2.357940       2.359730       2.371240       2.391770       2.422000       2.460400       2.500920       2.537210       2.614600       2.599580       2.547850       2.466890       2.362160       2.243060       2.114120       1.990530       1.883550       1.810410       1.764290       1.726500       1.678880       1.634160       1.589450       1.533700       1.472770       1.407100       1.338370       1.271250       1.200380       1.135000    
   2.408950       2.395930       2.409190       2.428740       2.452670       2.481870       2.510520       2.620480       2.620910       2.593960       2.541730       2.464750       2.365980       2.246740       2.112610       1.978040       1.853860       1.797150       1.780190       1.754560       1.725790       1.688250       1.642740       1.596350       1.538500       1.476080       1.415130       1.347510       1.280940       1.219080    
   2.432100       2.446360       2.437670       2.455530       2.476650       2.626300       2.640350       2.646850       2.633920       2.602960       2.551380       2.478750       2.386270       2.271490       2.139830       2.004320       1.857910       1.825050       1.825460       1.814200       1.790680       1.756540       1.713440       1.669120       1.613170       1.558060       1.494230       1.429390       1.367720       1.306540    
   2.458780       2.473540       2.485360       2.477860       2.659000       2.664780       2.673250       2.674610       2.657530       2.625480       2.576450       2.509820       2.426230       2.307240       2.202350       2.089980       1.990210       1.939780       1.920520       1.902120       1.875700       1.840170       1.796360       1.752020       1.702020       1.641920       1.579280       1.518430       1.455130       1.394240    
   2.483210       2.496380       2.507800       2.716860       2.702080       2.704470       2.717210       2.709090       2.690790       2.660080       2.615510       2.556660       2.484210       2.385380       2.291130       2.205150       2.135190       2.079890       2.043630       2.012480       1.977870       1.938090       1.890770       1.837710       1.792840       1.732110       1.672270       1.608280       1.544960       1.483460    
   2.486740       2.495800       2.621280       2.764070       2.765430       2.760270       2.758510       2.749800       2.732480       2.704980       2.666360       2.616500       2.533760       2.418750       2.373980       2.316430       2.265050       2.223210       2.188270       2.153960       2.115590       2.071300       2.021010       1.970750       1.914230       1.857810       1.792380       1.725950       1.659740       1.573890    
   2.487930       2.591970       2.764070       2.803820       2.812340       2.825160       2.821690       2.795970       2.781200       2.758210       2.625100       2.598920       2.533240       2.527090       2.477520       2.438540       2.401860       2.366860       2.330450       2.289430       2.242840       2.191070       2.142660       2.082630       2.018980       1.959370       1.891680       1.823250       1.755070       1.687980    
   2.581700       2.764070       2.821060       2.842900       2.873450       2.875050       2.872370       2.864750       2.699310       2.684730       2.674820       2.660200       2.639610       2.615610       2.581260       2.558800       2.536670       2.511540       2.476460       2.429510       2.380250       2.322000       2.260120       2.195100       2.127370       2.057530       1.993680       1.922400       1.851490       1.781710    
   2.764070       2.829190       2.858170       2.873450       2.891620       2.926370       2.725610       2.733700       2.738240       2.745500       2.741160       2.722600       2.713650       2.702750       2.691280       2.673690       2.666590       2.655880       2.625360       2.573250       2.511320       2.446420       2.366350       2.294930       2.221800       2.147380       2.079490       2.004900       1.931230       1.859270    
   2.833130       2.865810       2.873450       2.897150       2.926370       2.806020       2.766070       2.777170       2.785860       2.791880       2.799910       2.799930       2.798220       2.795600       2.793050       2.778820       2.783900       2.790200       2.769790       2.698290       2.627660       2.556610       2.483920       2.409220       2.332530       2.254260       2.175110       2.103100       2.025210       1.943090    
   2.869630       2.873450       2.898990       2.926370       2.832820       2.766070       2.771620       2.776370       2.799880       2.844590       2.853850       2.861710       2.868490       2.874590       2.880710       2.886720       2.868700       2.875800       2.855310       2.801160       2.735390       2.666420       2.592640       2.515500       2.435370       2.352940       2.269180       2.185300       2.109750       2.029350    
   2.873450       2.899600       2.926370       2.841750       2.766070       2.768840       2.771350       2.798110       2.844590       2.849220       2.881920       2.920210       2.933680       2.947960       2.926240       2.941900       2.945950       2.949480       2.932680       2.893340       2.838410       2.773730       2.701950       2.626420       2.544170       2.458070       2.369470       2.280020       2.191470       2.107080    
   2.899810       2.926370       2.844730       2.766070       2.767460       2.768760       2.795720       2.844590       2.846900       2.885940       2.924730       2.929250       2.958000       2.968610       2.992110       3.011360       3.017290       3.022730       3.011790       2.982850       2.938070       2.880570       2.812680       2.735950       2.653830       2.563830       2.469620       2.373390       2.277510       2.179860    
   2.926370       2.845720       2.766070       2.766760       2.767430       2.794130       2.844590       2.845750       2.886740       2.926990       2.929250       2.943620       2.970030       3.024270       3.053010       3.076800       3.092770       3.097360       3.093670       3.074010       3.038570       2.988520       2.925200       2.849930       2.764120       2.669570       2.570610       2.465990       2.356390       2.254520    
   2.846050       2.766070       2.766420       2.766750       2.793230       2.844590       2.845170       2.886890       2.928120       2.929250       2.936440       2.966790       3.024270       3.038640       3.051360       3.074190       3.088980       3.094600       3.140170       3.168550       3.142530       3.100290       3.042110       2.968660       2.881150       2.781470       2.673520       2.552320       2.421520       2.313170    
   2.766070       2.766240       2.766410       2.792750       2.844590       2.844880       2.886920       2.928690       2.929250       2.932840       2.964190       3.024270       3.031460       3.038090       3.054730       3.071510       3.085920       3.161780       3.217900       3.267240       3.251600       3.218130       3.165970       3.096130       3.006880       2.901200       2.759910       2.632480       2.502750       2.377170    
   2.766160       2.766240       2.792500       2.844590       2.844730       2.886920       2.928970       2.929250       2.931050       2.962640       3.024270       3.027860       3.031270       3.041430       3.054780       3.070720       3.165800       3.242570       3.267240       3.295630       3.368060       3.345100       3.300490       3.232900       3.124020       3.011980       2.879900       2.735870       2.586760       2.440000    
   2.766160       2.792370       2.844590       2.844660       2.886920       2.929110       2.929250       2.930150       2.961800       3.024270       3.026070       3.027800       3.033520       3.042490       3.055640       3.229190       3.254900       3.267240       3.432470       3.490480       3.486530       3.485100       3.437120       3.371900       3.278760       3.155740       3.010260       2.847070       2.674210       2.502550    
   2.792310       2.844590       2.844630       2.886920       2.929180       2.929250       2.929700       2.961370       3.024270       3.025170       3.026050       3.029130       3.034600       3.266530       3.452630       3.598930       3.599740       3.617110       3.638970       3.676520       3.612900       3.621510       3.602590       3.542840       3.448590       3.319850       3.159970       2.975220       2.774320       2.575560    
   2.844590       2.844610       2.886920       2.929210       2.929250       2.929470       2.961150       3.024270       3.024720       3.025160       3.026780       3.029930       3.439370       3.933790       3.934450       3.855100       3.942150       3.932240       3.814630       3.749910       3.740130       3.772970       3.779140       3.732490       3.642750       3.508800       3.334520       3.127630       2.903870       2.660090    
   2.844600       2.886920       2.929230       2.929250       2.929360       2.961040       3.024270       3.024490       3.024720       3.025550       3.232730       3.540890       3.801970       3.932780       3.933130       3.934450       3.944060       3.952060       3.932240       3.899850       3.896690       3.941400       3.954880       3.944700       3.864190       3.726890       3.538510       3.315750       3.060870       2.790090    
   2.886920       2.929240       2.929250       2.929310       2.960980       3.024270       3.024380       3.024490       3.024920       3.272960       3.540890       3.540890       3.540890       3.800440       3.930770       3.931800       3.934450       3.957480       3.971890       3.932240       4.030320       4.112760       4.164030       4.164790       4.115830       3.976340       3.775780       3.527700       3.254700       2.975120    
   2.929250       2.929250       2.929280       2.960950       3.024270       3.024330       3.024380       2.922520       3.118390       3.540390       3.540890       3.540890       3.540890       3.540890       3.796960       3.926050       3.929150       3.934450       3.991330       4.011540       4.147620       4.276810       4.380050       4.427480       4.384200       4.256760       4.031730       3.758780       3.469610       3.187860    
   2.929250       2.929260       2.960940       3.024270       3.024300       2.827820       2.533180       2.574720       2.616280       3.231320       3.539380       3.540890       3.540890       3.540890       3.540890       3.789120       3.914540       3.923850       3.934450       4.087090       4.255160       4.431560       4.587890       4.700490       4.704520       4.548300       4.292140       3.985420       3.678670       3.393730    
   2.929260       2.960930       3.024270       3.024280       2.788370       2.532950       2.532950       2.533180       2.574710       2.616280       3.228720       3.536370       3.540890       3.540890       3.540890       3.540890       3.771910       3.885310       3.913250       4.085560       4.262640       4.495000       4.745500       4.979040       5.059720       4.845650       4.506020       4.168360       3.851780       3.566750    
