iMOD/TUTORIALS/TUT_MetaswapAnalyser/model_MetaSWAP/meteo/Precipitation/Precipitation_20050504_L1.ASC
NCOLS                30
NROWS                30
XLLCORNER     160000.00
YLLCORNER     340000.00
CELLSIZE        1000.00
NODATA_VALUE   -9999.00
   13.51660       14.91420       16.32440       17.58750       18.29040       17.65940       15.57490       12.93590       10.53670       9.214020       8.989310       9.086170       9.256720       9.431150       9.594580       9.741600       9.672570       9.667910       9.698400       9.696730       9.667160       9.633320       9.565760       9.475260       9.388980       9.297420       9.200660       9.094500       8.967320       8.753870    
   13.27380       14.41220       15.43840       16.16890       16.31010       15.53520       13.84700       11.60480       9.205070       8.002950       8.447970       8.829510       9.159960       9.450690       9.695560       9.739470       9.885330       9.960520       9.933210       9.937330       9.908730       9.871860       9.801340       9.708520       9.621550       9.532960       9.445180       9.357050       9.258500       9.080720    
   12.88700       13.77870       14.49410       14.89500       14.78170       14.03680       12.69430       10.98370       9.327210       8.478410       8.573080       8.906710       9.264040       9.590840       9.861910       9.968360       10.13020       10.23740       10.29180       10.29930       10.17930       10.12870       10.03300       9.938460       9.839300       9.741320       9.648950       9.566550       9.452080       9.392750    
   12.44670       13.13920       13.63990       13.85490       13.66860       13.04510       12.04270       10.84780       9.791740       9.175020       9.068260       9.252620       9.548210       9.853750       10.14060       10.29370       10.45760       10.55890       10.59830       10.58470       10.52990       10.34860       10.25570       10.13640       10.01360       9.892890       9.779410       9.677730       9.555740       9.500790    
   12.01300       12.55940       12.93340       13.05410       12.88090       12.40760       11.69650       10.92630       10.21250       9.761140       9.647770       9.738590       9.955970       10.22720       10.49630       10.68880       10.85300       10.93540       10.94410       10.89450       10.79220       10.67120       10.52720       10.29970       10.14190       9.984580       9.831160       9.631200       9.495760       9.325090    
   11.61850       12.06900       12.35800       12.45170       12.32810       11.99780       11.53580       11.02320       10.59730       10.29410       10.17140       10.22310       10.39600       10.64010       10.93890       11.14030       11.28790       11.33680       11.29240       11.18900       11.03890       10.87220       10.68490       10.48740       10.28200       10.01980       9.814150       9.553880       9.340780       9.085510    
   11.27310       11.65600       11.90510       12.00170       11.97110       11.75760       11.44260       11.19480       10.91020       10.70330       10.62800       10.67980       10.83230       11.05240       11.39920       11.60140       11.76360       11.76080       11.63560       11.46030       11.26460       11.04820       10.81540       10.56770       10.31340       10.05200       9.723040       9.454980       9.142960       8.829670    
   10.96480       11.36220       11.59390       11.70220       11.69170       11.50250       11.50550       11.33060       11.15090       11.03720       11.01290       11.08080       11.22830       11.43440       11.81940       12.00730       12.19580       12.12380       11.92420       11.70280       11.45850       11.19390       10.91240       10.61520       10.31020       9.929510       9.615310       9.291000       8.908910       8.563140    
   10.77010       11.08970       11.31090       11.44550       11.38770       11.36210       11.48850       11.42520       11.34330       11.30500       11.32810       11.41750       11.56660       12.04560       12.17270       12.30560       12.38670       12.32300       12.14050       11.89630       11.61530       11.30710       10.97850       10.63240       10.20790       9.848890       9.482820       9.055940       8.683020       8.296820    
   10.56660       10.86980       11.09180       11.11520       11.21540       11.25240       11.51460       11.49890       11.49180       11.51380       11.57800       11.68900       11.84250       12.37120       12.46120       12.54110       12.56700       12.48620       12.30230       12.04110       11.72650       11.38950       11.01570       10.62510       10.15370       9.746430       9.276780       8.867070       8.451120       8.029070    
   10.55140       10.84270       11.00410       10.93950       11.06570       11.33280       11.50390       11.54960       11.59990       11.66920       11.76740       11.89810       12.58400       12.47730       12.59490       12.67920       12.70960       12.65110       12.49040       12.23630       11.91010       11.53400       11.12510       10.63660       10.12910       9.705490       9.252540       8.794360       8.331480       7.764060    
   10.53180       10.83440       10.93950       10.99540       10.94430       11.25340       11.47800       11.57660       11.67020       11.77600       11.65790       11.83810       12.56040       12.67030       12.76490       12.84090       12.86600       12.80690       12.63500       12.35280       11.98690       11.56730       11.01010       10.53510       10.05270       9.568920       9.078890       8.586170       8.091720       7.597690    
   10.62310       10.93950       10.98880       10.98820       11.03220       11.31210       11.44720       11.57300       11.34620       11.52010       11.69980       12.62890       12.69940       12.78840       12.88320       12.96500       13.00560       12.96070       12.78010       12.45230       11.96600       11.48520       10.98390       10.47280       9.957030       9.438770       8.922380       8.401940       7.881680       7.363500    
   10.93950       10.99270       11.01020       11.03220       11.19630       11.24450       10.94060       11.11990       11.29970       11.50270       11.69670       12.67890       12.75260       12.84180       12.93830       13.03090       13.09670       13.10510       12.92200       12.48110       11.98080       11.45640       10.94670       10.41180       9.873930       9.334160       8.795530       8.254380       7.713940       7.175860    
   10.99640       11.02120       11.03220       11.15770       11.24450       10.99020       10.78540       10.98430       11.18290       11.38530       12.56620       12.62860       12.70690       12.79730       12.89480       13.00090       13.09000       13.16690       13.00160       12.47210       11.93890       11.39680       10.85040       10.30070       9.748610       9.195100       8.641100       8.089930       7.538530       6.969430    
   11.02670       11.03220       11.14480       11.24450       11.00670       10.78540       10.88480       10.98420       11.50140       12.45330       12.50230       12.56350       12.63500       12.71360       12.79940       12.87300       13.00240       12.96190       12.73380       12.28470       11.76470       11.24580       10.69930       10.14620       9.589240       9.030210       8.471060       7.913830       7.363940       6.817050    
   11.03220       11.14050       11.24450       11.01220       10.78540       10.83510       10.88480       11.45590       12.45330       12.47780       12.52600       12.44840       12.51610       12.57690       12.81680       12.80460       12.76230       12.64440       12.39910       12.01840       11.55270       11.04380       10.51190       9.995420       9.444990       8.889790       8.333250       7.778800       7.229990       6.784280    
   11.13910       11.24450       11.01400       10.78540       10.81030       10.83510       11.40730       12.45330       12.46560       12.53510       12.55550       12.66270       12.64070       12.65220       12.62270       12.57210       12.48610       12.32830       12.07830       11.73240       11.31090       10.83880       10.33410       9.808530       9.297350       8.752080       8.203650       7.657110       7.117680       6.675180    
   11.24450       11.01460       10.78540       10.79780       10.81030       11.37650       12.45330       12.45940       12.54520       12.60910       12.66270       12.65170       12.60170       12.45130       12.39610       12.31580       12.19450       12.02450       11.77550       11.45250       11.06470       10.62620       10.15030       9.647790       9.126930       8.594790       8.083220       7.547540       7.104960       6.583250    
   11.01480       10.78540       10.79160       10.79780       11.35950       12.45330       12.45640       12.55130       12.63590       12.66270       12.65720       12.59190       12.45130       12.42370       12.38770       12.30210       12.17830       11.99820       11.47520       11.18660       10.82640       10.41790       9.970180       9.491840       8.990780       8.474540       7.911010       7.502910       6.925150       6.452200    
   10.78540       10.78850       10.79160       11.35060       12.45330       12.45480       12.55460       12.64930       12.66270       12.66000       12.59080       12.45130       12.43750       12.42090       12.37120       12.28940       12.15950       11.53000       11.06170       10.93680       10.60170       10.22100       9.800380       9.297560       8.820840       8.324620       7.842650       7.337110       6.838100       6.358630    
   10.78700       10.78850       11.34600       12.45330       12.45410       12.55630       12.65600       12.66270       12.66130       12.59120       12.45130       12.44440       12.43660       12.40990       12.36050       12.27340       11.58300       10.99930       10.93680       10.62090       10.32410       9.978610       9.591480       9.167250       8.645840       8.231640       7.745640       7.249990       6.758270       6.285750    
   10.78700       11.34370       12.45330       12.45370       12.55710       12.65940       12.66270       12.66200       12.59160       12.45130       12.44780       12.44410       12.43030       12.40230       12.34790       11.45950       10.96800       10.93680       10.37160       10.12240       9.926730       9.811350       9.387430       8.988750       8.588210       8.140890       7.666570       7.176990       6.686610       6.212840    
   11.34250       12.45330       12.45350       12.55760       12.66100       12.66270       12.66240       12.59190       12.45130       12.44960       12.44770       12.44070       12.42560       11.55180       10.79070       10.11420       10.11270       9.999680       9.863880       9.806110       9.920790       9.598810       9.227860       8.891460       8.505290       8.075360       7.611040       7.124500       6.630100       6.120060    
   12.45330       12.45340       12.55780       12.66190       12.66270       12.66250       12.59210       12.45130       12.45040       12.44950       12.44600       12.43800       10.88890       9.017550       9.026570       9.393940       9.261870       9.288590       9.537560       9.663070       9.691440       9.347120       9.116350       8.811480       8.450450       8.037720       7.582700       7.098280       6.575290       6.080360    
   12.45330       12.55790       12.66230       12.66270       12.66260       12.59210       12.45130       12.45090       12.45040       12.44870       10.78140       8.286650       8.766810       9.008950       9.008530       9.026570       9.174610       9.235150       9.288590       9.392460       9.376980       9.219160       9.009810       8.757680       8.424520       8.029550       7.583530       7.081650       6.584620       6.085920    
   12.55790       12.66250       12.66270       12.66270       12.59220       12.45130       12.45110       12.45090       12.45000       10.45080       8.286650       8.286650       8.286650       8.754100       8.991730       8.990500       9.026570       9.148130       9.181720       9.288590       9.212820       9.100720       8.939600       8.714460       8.427180       8.049710       7.594710       7.116350       6.625930       6.143420    
   12.66260       12.66270       12.66270       12.59220       12.45130       12.45120       12.45110       10.98750       9.659330       8.285560       8.286650       8.286650       8.286650       8.286650       8.729490       8.958130       8.954420       9.026570       9.095640       9.074840       9.040530       8.980360       8.878060       8.708750       8.444460       8.084870       7.640720       7.161870       6.680230       6.220370    
   12.66270       12.66270       12.59220       12.45130       12.45120       10.08690       6.540630       6.569300       6.598000       7.720820       8.283390       8.286650       8.286650       8.286650       8.286650       8.682670       8.893410       8.882270       9.026570       8.992580       8.959740       8.921630       8.894350       8.729170       8.503020       8.134400       7.681560       7.194250       6.719710       6.280260    
   12.66270       12.59220       12.45130       12.45130       9.613810       6.540210       6.540210       6.540630       6.569270       6.598000       7.715220       8.276870       8.286650       8.286650       8.286650       8.286650       8.596220       8.771380       8.737980       8.721080       8.798890       8.783470       8.777820       8.750740       8.585350       8.166120       7.648140       7.178530       6.716810       6.298930    
