iMOD/TUTORIALS/TUT_MetaswapAnalyser/model_MetaSWAP/meteo/Precipitation/Precipitation_20051115_L1.ASC
NCOLS                30
NROWS                30
XLLCORNER     160000.00
YLLCORNER     340000.00
CELLSIZE        1000.00
NODATA_VALUE   -9999.00
   5.511460       5.667950       5.818610       5.950160       6.029580       5.997090       5.836120       5.609020       5.385510       5.268660       5.287100       5.347100       5.418010       5.493440       5.581180       5.663040       5.748500       5.883460       6.021250       6.171490       6.332390       6.484160       6.657940       6.822200       7.003960       7.185800       7.365080       7.537760       7.696750       7.822790    
   5.525660       5.657410       5.774090       5.861170       5.892400       5.843290       5.706280       5.502400       5.257820       5.146030       5.252150       5.349730       5.444780       5.524810       5.622470       5.708300       5.824960       5.973700       6.131030       6.290360       6.460030       6.621290       6.803370       6.977240       7.167870       7.359990       7.552070       7.741600       7.920430       8.072090    
   5.531290       5.640190       5.729920       5.784780       5.795520       5.746580       5.636800       5.481690       5.320770       5.253230       5.310550       5.401380       5.491070       5.585510       5.694640       5.793940       5.917670       6.056010       6.209110       6.375330       6.565440       6.736000       6.912450       7.107990       7.306790       7.508150       7.709120       7.914730       8.114250       8.315430    
   5.535840       5.626490       5.697390       5.733960       5.738710       5.700810       5.623610       5.523370       5.432840       5.395840       5.423510       5.491120       5.570020       5.663420       5.765910       5.869230       5.993980       6.136860       6.297500       6.472630       6.658220       6.849420       7.032940       7.231380       7.435300       7.641550       7.850020       8.060780       8.268290       8.483800    
   5.544130       5.621600       5.672130       5.707960       5.715370       5.693290       5.646970       5.594360       5.545350       5.528310       5.538010       5.591220       5.664950       5.750270       5.845510       5.947930       6.068960       6.215120       6.384340       6.569540       6.747120       6.946730       7.135830       7.353440       7.558660       7.764410       7.969920       8.165820       8.365190       8.541950    
   5.558640       5.614160       5.668130       5.703260       5.717550       5.711870       5.694820       5.672300       5.645250       5.633920       5.659840       5.708560       5.771720       5.848650       5.940300       6.029830       6.142450       6.292350       6.474250       6.671700       6.859950       7.064580       7.256640       7.460640       7.663990       7.876090       8.073100       8.255340       8.432880       8.582420    
   5.558290       5.625810       5.677780       5.715410       5.742990       5.752380       5.752710       5.744600       5.732290       5.747480       5.779740       5.828450       5.890160       5.959440       6.048410       6.121250       6.212650       6.371260       6.574410       6.772830       6.980840       7.187450       7.392020       7.579900       7.777750       7.971310       8.148600       8.326260       8.492710       8.625370    
   5.594020       5.650180       5.705230       5.746950       5.778210       5.808520       5.813020       5.811020       5.829440       5.857660       5.898220       5.951150       6.014450       6.086320       6.179020       6.244550       6.310820       6.485040       6.695550       6.906400       7.113870       7.317780       7.517970       7.699780       7.889700       8.062790       8.238540       8.401660       8.547340       8.668050    
   5.628180       5.679820       5.733800       5.782970       5.832150       5.865290       5.882140       5.892650       5.925110       5.965440       6.015610       6.076010       6.145730       6.266100       6.333280       6.413850       6.516710       6.671790       6.862030       7.061290       7.260270       7.456350       7.648580       7.821620       7.991230       8.164720       8.328450       8.479570       8.612210       8.723230    
   5.659740       5.714960       5.771100       5.835300       5.883310       5.926190       5.934380       5.974360       6.019020       6.070780       6.131310       6.201390       6.281020       6.419230       6.505100       6.601420       6.731020       6.876660       7.047390       7.229740       7.414810       7.601610       7.783160       7.960560       8.105310       8.268050       8.421570       8.560870       8.683410       8.786170    
   5.653670       5.715270       5.801070       5.882920       5.935570       5.954400       6.004560       6.054950       6.110370       6.172810       6.243870       6.324660       6.490070       6.584710       6.707710       6.810750       6.933500       7.077660       7.236830       7.403880       7.573610       7.743410       7.911840       8.068430       8.230000       8.371720       8.514840       8.645140       8.759500       8.857450    
   5.651380       5.763230       5.882920       5.956220       5.990860       6.014340       6.072660       6.133160       6.198000       6.270170       6.374640       6.463050       6.642380       6.776840       6.877090       6.992690       7.124420       7.271290       7.424630       7.579480       7.734660       7.890510       8.039230       8.193830       8.345420       8.474080       8.609390       8.732590       8.840500       8.930500    
   5.720030       5.882920       5.964460       6.003190       6.015520       6.077100       6.139560       6.206510       6.313000       6.391510       6.478550       6.752020       6.829290       6.922420       7.033710       7.160750       7.303200       7.454040       7.606240       7.749740       7.883710       8.024920       8.169190       8.314870       8.459270       8.599160       8.712360       8.831220       8.935150       9.021200    
   5.882920       5.968060       6.009360       6.015520       6.075890       6.135060       6.246290       6.316880       6.393830       6.485980       6.579450       6.866970       6.951590       7.052510       7.171070       7.309040       7.463390       7.628010       7.776080       7.901020       8.023780       8.153440       8.271860       8.408540       8.546350       8.681680       8.794340       8.911780       9.015210       9.101130    
   5.969740       6.012440       6.015520       6.075490       6.135060       6.234560       6.322330       6.396740       6.477760       6.566850       6.891370       6.966620       7.056520       7.162540       7.286110       7.430210       7.591510       7.772460       7.925410       8.013410       8.126460       8.245680       8.374220       8.508960       8.646440       8.782780       8.913790       9.018560       9.125030       9.215640    
   6.013980       6.015520       6.075360       6.135060       6.230650       6.322330       6.359540       6.398940       6.587410       6.908270       6.974100       7.052640       7.145190       7.253010       7.376560       7.516540       7.680770       7.840830       7.980480       8.089210       8.198010       8.329300       8.460330       8.598290       8.740080       8.881920       9.019440       9.147860       9.245980       9.341500    
   6.015520       6.075310       6.135060       6.229350       6.322330       6.340930       6.360270       6.563540       6.908270       6.941180       7.059110       7.123940       7.217690       7.322600       7.463120       7.590100       7.728950       7.871640       8.006170       8.129150       8.250030       8.376490       8.511030       8.671170       8.821280       8.972780       9.121230       9.261470       9.387900       9.488880    
   6.075300       6.135060       6.228910       6.322330       6.331630       6.341180       6.543250       6.908270       6.924730       7.065090       7.180280       7.236620       7.317060       7.402830       7.509190       7.627680       7.755650       7.887860       8.019290       8.148540       8.279110       8.415380       8.559780       8.712550       8.890210       9.055480       9.219480       9.376620       9.520470       9.652300    
   6.135060       6.228770       6.322330       6.326980       6.331710       6.531080       6.908270       6.916500       7.068630       7.208450       7.236620       7.276840       7.348700       7.438300       7.537730       7.647790       7.766580       7.891450       8.020020       8.152020       8.289290       8.434450       8.589420       8.754710       8.929220       9.110170       9.311500       9.490800       9.665380       9.803350    
   6.228720       6.322330       6.324660       6.327010       6.524510       6.908270       6.912380       7.070510       7.222540       7.236620       7.256730       7.325120       7.438300       7.488020       7.541270       7.650700       7.768610       7.892680       8.063290       8.140240       8.281690       8.434080       8.599150       8.777650       8.968900       9.170440       9.362590       9.576350       9.744010       9.944970    
   6.322330       6.323490       6.324660       6.521110       6.908270       6.910330       7.071470       7.229580       7.236620       7.246680       7.314190       7.438300       7.463160       7.489200       7.560000       7.653530       7.770660       7.992750       8.126470       8.112700       8.255930       8.413440       8.587240       8.764850       8.973320       9.197450       9.406020       9.647070       9.883500       10.10210    
   6.322910       6.323500       6.519380       6.908270       6.909300       7.071960       7.233100       7.236620       7.241650       7.308950       7.438300       7.450730       7.463550       7.504120       7.567570       7.661400       7.929840       8.119590       8.112700       8.188950       8.198220       8.358280       8.538450       8.740910       8.937940       9.191970       9.457850       9.736630       10.01710       10.27970    
   6.322910       6.518520       6.908270       6.908780       7.072200       7.234860       7.236620       7.239130       7.306380       7.438300       7.444510       7.450860       7.472800       7.511750       7.577690       7.826920       8.116140       8.112700       8.108930       8.130080       8.223810       8.300890       8.465120       8.671140       8.907670       9.175670       9.473690       9.794580       10.12730       10.45240    
   6.518080       6.908270       6.908530       7.072320       7.235740       7.236620       7.237880       7.305110       7.438300       7.441410       7.444560       7.456060       7.478470       7.477600       7.616170       7.856050       7.859630       7.936320       8.024990       8.004000       8.061940       8.199700       8.368640       8.581400       8.831520       9.120970       9.449050       9.811830       10.20080       10.58280    
   6.908270       6.908400       7.072380       7.236180       7.236620       7.237250       7.304480       7.438300       7.439850       7.441420       7.447340       7.459690       7.420360       7.345820       7.348140       7.576450       7.592390       7.606550       7.828440       7.940880       7.946060       8.073700       8.248230       8.459390       8.715330       9.019530       9.372280       9.770900       10.19670       10.67000    
   6.908330       7.072410       7.236400       7.236620       7.236930       7.304160       7.438300       7.439080       7.439860       7.442870       7.381160       7.278660       7.321820       7.343850       7.343490       7.348140       7.505650       7.578240       7.606550       7.762320       7.814650       7.937660       8.095180       8.299800       8.554620       8.866950       9.236590       9.648800       10.11870       10.63130    
   7.072430       7.236510       7.236620       7.236780       7.304000       7.438300       7.438690       7.439080       7.440600       7.364240       7.278660       7.278660       7.278660       7.318970       7.339910       7.338840       7.348140       7.489680       7.549920       7.606550       7.682000       7.781940       7.917070       8.100900       8.349120       8.663460       9.036730       9.469570       9.945180       10.44580    
   7.236560       7.236620       7.236700       7.303930       7.438300       7.438490       7.438690       7.416620       7.362090       7.278660       7.278660       7.278660       7.278660       7.278660       7.313800       7.332760       7.329550       7.348140       7.454110       7.493300       7.543330       7.613650       7.716590       7.871200       8.102270       8.413180       8.798200       9.237330       9.705860       10.17590    
   7.236620       7.236660       7.303890       7.438300       7.438400       7.460430       7.493280       7.420700       7.348120       7.301830       7.278670       7.278660       7.278660       7.278660       7.278660       7.304950       7.320600       7.310950       7.348140       7.368440       7.395880       7.435670       7.517720       7.625650       7.818210       8.129670       8.534040       8.982360       9.443540       9.889190    
   7.236640       7.303870       7.438300       7.438350       7.464820       7.493380       7.493380       7.493280       7.420700       7.348120       7.301860       7.278700       7.278660       7.278660       7.278660       7.278660       7.290980       7.302710       7.273760       7.276030       7.321580       7.316170       7.320860       7.356040       7.500740       7.841330       8.281530       8.739890       9.195890       9.624280    
