iMOD/TUTORIALS/TUT_MetaswapAnalyser/model_MetaSWAP/meteo/Precipitation/Precipitation_20050727_L1.ASC
NCOLS                30
NROWS                30
XLLCORNER     160000.00
YLLCORNER     340000.00
CELLSIZE        1000.00
NODATA_VALUE   -9999.00
   1.658810       1.780140       1.902480       2.025570       2.188090       2.265430       2.348140       2.422010       2.490180       2.644670       2.884760       3.174450       3.258490       3.458890       3.649260       3.814860       3.991480       4.128360       4.278750       4.396670       4.478170       4.541160       4.563460       4.790120       4.812540       4.799130       4.755730       4.695050       4.642230       4.637540    
   1.990720       2.091610       1.904660       2.035090       2.188520       2.263190       2.331370       2.381200       2.406890       2.541940       2.897690       3.009160       3.230120       3.434230       3.637400       3.817510       3.986850       4.121130       4.205470       4.289660       4.334330       4.353740       4.340270       4.545500       4.526780       4.468010       4.371350       4.244810       3.968520       3.920870    
   2.120780       2.225720       2.331780       2.472690       2.222090       2.300180       2.375730       2.445870       2.529510       2.699780       2.777780       3.018050       3.234890       3.445630       3.648030       3.827680       3.985450       4.103390       4.178270       4.210670       4.194220       4.174940       4.343630       4.335830       4.288260       4.201490       3.948550       3.817420       3.655530       3.467960    
   2.297680       2.409770       2.523750       2.638170       2.687920       2.735460       2.783190       2.585010       2.707620       2.603480       2.813320       3.065670       3.270550       3.467050       3.665780       3.845120       3.991240       4.087690       4.132090       4.129480       4.086740       4.164290       4.179450       4.028980       4.001900       3.940820       3.843100       3.706110       3.524050       3.301610    
   2.524060       2.645740       2.789270       2.848810       2.908490       2.970880       3.040910       2.768720       2.805150       2.885110       3.011880       3.178480       3.387770       3.509270       3.683720       3.864270       3.904180       3.958570       3.962130       3.926710       4.005150       4.003000       4.018150       3.975860       3.953410       3.904720       3.828880       3.724650       3.599650       3.512650    
   2.803410       2.971560       3.037400       3.104690       3.175560       3.247980       2.804880       2.895720       2.929200       3.009470       3.125710       3.267740       3.534090       3.603500       3.752900       3.896500       3.999940       4.029450       3.992900       3.924590       4.024230       4.012040       4.014130       4.014670       4.000700       3.919810       3.883570       3.825600       3.782460       3.793280    
   2.832090       3.259390       3.330650       3.400650       2.849210       2.881800       2.925760       3.005320       3.047050       3.121020       3.221880       3.345500       3.485980       3.708650       3.824690       3.976180       4.100510       4.093840       4.002290       4.055410       4.034060       4.019700       4.010270       4.033160       4.044970       4.051290       4.038560       4.037100       3.999210       4.076000    
   3.121380       2.450960       2.931520       2.947430       2.969660       3.001580       3.105180       3.115190       3.152360       3.213140       3.296150       3.398790       3.517300       3.651320       3.885690       4.008370       4.135440       4.081450       4.081750       4.042900       4.021930       4.016090       4.022310       4.056260       4.101360       4.131310       4.172840       4.227260       4.313930       4.436940    
   2.441270       2.505770       2.557680       3.072880       3.091740       3.116990       3.213640       3.216970       3.241580       3.285350       3.347200       3.424910       3.515370       3.651440       3.861270       3.929300       3.972110       4.051840       4.006030       3.984160       3.979930       3.994100       4.024710       4.076100       4.140080       4.219510       4.309340       4.423680       4.559280       4.728560    
   2.494060       2.557750       2.607680       2.693980       3.210210       3.227890       3.315030       3.307040       3.315180       3.338760       3.376280       3.425330       3.482720       3.603800       3.658460       3.799980       3.929770       3.929190       3.914350       3.907470       3.920850       3.951640       4.013210       4.091440       4.176470       4.299220       4.444100       4.603460       4.788270       5.002770    
   2.499000       2.553160       2.648960       2.736450       2.786900       3.341700       3.409800       3.385720       3.374800       3.375770       3.386650       3.404620       3.504100       3.526330       3.683590       3.726260       3.810330       3.796180       3.793020       3.812160       3.858140       3.929180       4.021020       4.108170       4.236620       4.373890       4.557460       4.762550       4.993490       5.252530    
   2.499360       2.609390       2.736450       2.799110       2.816520       2.877090       2.983690       3.453230       3.422730       3.399700       3.405540       3.387790       3.455160       3.659340       3.617840       3.620140       3.627050       3.654330       3.653560       3.697600       3.779930       3.889300       4.004760       4.144830       4.301780       4.472040       4.693090       4.937060       5.207720       5.507320    
   2.573310       2.736450       2.807180       2.836560       2.856590       2.989820       2.985700       2.987320       3.046670       3.438070       3.392310       3.748100       3.693870       3.643020       3.559230       3.520530       3.486620       3.478760       3.499630       3.580340       3.697060       3.841570       4.000880       4.173380       4.361000       4.567370       4.792770       5.072040       5.379700       5.718830    
   2.736450       2.811700       2.846570       2.856590       2.945990       2.991570       3.037360       3.020320       3.009470       3.215950       3.217810       3.802400       3.723970       3.643680       3.560070       3.446390       3.374490       3.309920       3.356010       3.467100       3.638050       3.820110       4.051270       4.260640       4.480790       4.716530       4.944540       5.249120       5.583140       5.948840    
   2.814080       2.851580       2.856590       2.931380       2.991570       3.103290       3.280940       3.263760       3.248940       3.234850       3.497840       3.464250       3.431120       3.395430       3.353820       3.443050       3.326370       3.186750       3.204970       3.489490       3.685020       3.904990       4.123070       4.344940       4.576200       4.822600       5.090030       5.354140       5.702370       6.082160    
   2.854090       2.856590       2.926510       2.991570       3.125270       3.280940       3.272350       3.264550       3.329720       3.571320       3.525380       3.481970       3.439060       3.394500       3.326610       3.290820       3.226560       3.212440       3.305270       3.532980       3.795800       3.984300       4.198950       4.417980       4.647280       4.891630       5.156160       5.446150       5.734700       6.112790    
   2.856590       2.924890       2.991570       3.132590       3.280940       3.276650       3.272610       3.359480       3.571320       3.548350       3.513200       3.511540       3.436510       3.411420       3.329210       3.314450       3.309720       3.338350       3.436890       3.613760       3.836900       4.079850       4.331770       4.484580       4.699850       4.931040       5.182270       5.457910       5.762280       6.089460    
   2.924350       2.991570       3.135030       3.280940       3.278790       3.276730       3.370020       3.571320       3.559830       3.520460       3.493650       3.475770       3.448650       3.406390       3.397420       3.394860       3.408500       3.455550       3.551360       3.699580       3.888010       4.101420       4.329780       4.568450       4.739010       4.950290       5.177540       5.427440       5.703720       6.043420    
   2.991570       3.135850       3.280940       3.279870       3.278820       3.374220       3.571320       3.565580       3.522420       3.484710       3.475770       3.462210       3.452260       3.478230       3.473840       3.479640       3.503650       3.556010       3.645150       3.772390       3.932360       4.116600       4.317840       4.531510       4.755470       4.989290       5.141620       5.360380       5.631710       5.906670    
   3.136120       3.280940       3.280400       3.279880       3.376060       3.571320       3.568450       3.523070       3.480240       3.475770       3.468990       3.467120       3.478230       3.476040       3.477240       3.485710       3.513100       3.568270       3.732310       3.826730       3.961820       4.118360       4.291380       4.477030       4.672900       4.877570       5.093030       5.331750       5.584610       5.749750    
   3.280940       3.280670       3.280410       3.376910       3.571320       3.569880       3.523320       3.478010       3.475770       3.472380       3.472530       3.478230       3.477130       3.477170       3.479660       3.492020       3.522360       3.703780       3.843990       3.861250       3.973180       4.103080       4.247430       4.390880       4.558010       4.732110       4.936310       5.141000       5.348630       5.559380    
   3.280810       3.280670       3.377330       3.571320       3.570600       3.523440       3.476890       3.475770       3.474070       3.474730       3.478230       3.477680       3.477510       3.477990       3.482950       3.498010       3.686410       3.852620       3.861250       3.922910       3.934290       4.041020       4.159970       4.288470       4.417960       4.531170       4.693180       4.854650       5.015340       5.242790    
   3.280810       3.377530       3.571320       3.570960       3.523490       3.476330       3.475770       3.474920       3.475700       3.478230       3.477960       3.477810       3.477730       3.479480       3.486320       3.643730       3.856940       3.861250       3.841850       3.859920       3.900970       3.915060       3.997200       4.120420       4.256190       4.359620       4.486950       4.610290       4.728560       4.843330    
   3.377630       3.571320       3.571140       3.523520       3.476050       3.475770       3.475350       3.476160       3.478230       3.478090       3.478000       3.477830       3.478340       3.467540       3.543160       3.690700       3.694360       3.723740       3.756810       3.723330       3.785540       3.828930       3.904080       4.001540       4.100650       4.198640       4.292330       4.378220       4.453560       4.487910    
   3.571320       3.571230       3.523530       3.475910       3.475770       3.475560       3.476380       3.478230       3.478160       3.478110       3.477970       3.478060       3.454730       3.425490       3.426630       3.532120       3.520810       3.527460       3.631320       3.687180       3.661110       3.740450       3.814970       3.884180       3.954680       4.024060       4.088370       4.142630       4.152720       4.183830    
   3.571280       3.523540       3.475840       3.475770       3.475660       3.476480       3.478230       3.478200       3.478170       3.478080       3.480940       3.485280       3.444560       3.424440       3.424350       3.426630       3.486680       3.514160       3.527460       3.587320       3.614900       3.658430       3.703010       3.749840       3.794290       3.839600       3.881330       3.888470       3.913840       3.918970    
   3.523540       3.475800       3.475770       3.475720       3.476540       3.478230       3.478210       3.478200       3.478150       3.481550       3.485280       3.485280       3.485280       3.443050       3.422340       3.422060       3.426630       3.478470       3.500860       3.527460       3.545810       3.561960       3.578300       3.597910       3.621590       3.648310       3.655400       3.684320       3.702030       3.705920    
   3.475790       3.475770       3.475740       3.476560       3.478230       3.478220       3.478210       3.607580       3.595900       3.485550       3.485280       3.485280       3.485280       3.485280       3.440220       3.418330       3.417500       3.426630       3.458930       3.474260       3.467420       3.455510       3.442120       3.433650       3.417960       3.436640       3.464850       3.492140       3.512070       3.525060    
   3.475770       3.475760       3.476580       3.478230       3.478230       3.619070       3.830440       3.913110       3.995770       3.656170       3.486090       3.485280       3.485280       3.485280       3.485280       3.435190       3.410850       3.408370       3.426630       3.407350       3.377800       3.338990       3.282740       3.249480       3.232750       3.247930       3.278520       3.310570       3.336070       3.356870    
   3.475760       3.476580       3.478230       3.478230       3.647110       3.830230       3.830230       3.830440       3.913110       3.995770       3.657560       3.487710       3.485280       3.485280       3.485280       3.485280       3.427150       3.397560       3.390100       3.352980       3.304670       3.238040       3.160270       3.080430       3.033950       3.056420       3.102410       3.142290       3.170640       3.194190    
