iMOD/TUTORIALS/TUT_MetaswapAnalyser/model_MetaSWAP/meteo/Precipitation/Precipitation_20060111_L1.ASC
NCOLS                30
NROWS                30
XLLCORNER     160000.00
YLLCORNER     340000.00
CELLSIZE        1000.00
NODATA_VALUE   -9999.00
   3.393470       3.319490       3.242100       3.157820       3.055850       2.924090       2.757830       2.581290       2.432630       2.400760       2.507590       2.657940       2.817840       2.974810       3.132390       3.291800       3.440710       3.570380       3.690950       3.800910       3.901710       3.985270       4.072100       4.165440       4.244560       4.321620       4.396940       4.470220       4.540250       4.605630    
   3.350290       3.271600       3.187670       3.091800       2.976910       2.840720       2.679700       2.501360       2.314100       2.273480       2.457020       2.640320       2.822360       3.002230       3.175120       3.344070       3.496140       3.635310       3.756400       3.866830       3.966760       4.049920       4.135880       4.228530       4.308720       4.388180       4.467480       4.546630       4.618900       4.694070    
   3.315610       3.234270       3.145730       3.044080       2.932840       2.804840       2.662930       2.516800       2.394130       2.386020       2.512860       2.685470       2.872410       3.054790       3.236700       3.412970       3.571290       3.711910       3.834570       3.941810       4.034520       4.114120       4.207280       4.287460       4.367340       4.448030       4.524040       4.609200       4.697280       4.784270    
   3.289450       3.208600       3.121400       3.023680       2.920590       2.809730       2.696580       2.594610       2.528380       2.537190       2.630660       2.779010       2.952990       3.135070       3.320780       3.501830       3.664140       3.803750       3.920440       4.019090       4.106110       4.194590       4.263630       4.333780       4.412350       4.493480       4.577690       4.665290       4.757030       4.850370    
   3.272590       3.195050       3.110110       3.023850       2.933820       2.843120       2.758590       2.684250       2.655030       2.679140       2.757600       2.888010       3.051380       3.230230       3.421570       3.608010       3.770530       3.904840       4.008250       4.091410       4.175950       4.246470       4.307510       4.378830       4.454790       4.534660       4.618440       4.706680       4.795700       4.882570    
   3.264630       3.190120       3.115680       3.039650       2.964030       2.892730       2.823910       2.782220       2.758990       2.799270       2.880100       3.001490       3.156910       3.332570       3.524800       3.722020       3.897260       4.022280       4.102520       4.163590       4.230440       4.290060       4.344570       4.412500       4.485700       4.563060       4.645680       4.732460       4.819010       4.902680    
   3.260820       3.197620       3.131380       3.066090       2.990940       2.938440       2.898690       2.851060       2.865930       2.909070       2.988610       3.103460       3.250070       3.424540       3.617680       3.832020       4.034810       4.139650       4.179560       4.222360       4.265210       4.315840       4.374260       4.430100       4.501490       4.578640       4.661590       4.746210       4.831270       4.914840    
   3.309790       3.188500       3.136080       3.083040       3.035280       2.981220       2.934340       2.935990       2.954860       3.001890       3.079380       3.187470       3.324750       3.488890       3.675470       3.890910       4.125570       4.197250       4.211250       4.235520       4.271760       4.318890       4.375650       4.431010       4.502350       4.581070       4.663040       4.748120       4.836380       4.921050    
   3.301320       3.207700       3.159600       3.118820       3.060850       3.034140       2.994110       3.005370       3.029640       3.077650       3.151170       3.250560       3.374980       3.514330       3.685710       3.867590       4.033470       4.128200       4.170250       4.205280       4.246730       4.297360       4.357020       4.414850       4.489630       4.568840       4.652570       4.741840       4.829720       4.917560    
   3.319760       3.230140       3.188780       3.126130       3.101780       3.083040       3.055530       3.064300       3.090860       3.137290       3.204750       3.293300       3.401820       3.517900       3.659130       3.803960       3.928260       4.023590       4.088490       4.141780       4.196030       4.253340       4.319770       4.392800       4.461600       4.544200       4.633440       4.722790       4.813990       4.905810    
   3.304960       3.246230       3.175750       3.157940       3.136130       3.128580       3.101880       3.113300       3.139790       3.182670       3.242480       3.318800       3.395350       3.534020       3.628840       3.735640       3.833730       3.913400       3.979310       4.039970       4.102230       4.169190       4.241690       4.320570       4.406800       4.477700       4.567850       4.661530       4.757980       4.885520    
   3.305500       3.221220       3.157940       3.167210       3.170770       3.163750       3.137760       3.153430       3.178190       3.216220       3.323960       3.380150       3.437320       3.498410       3.580610       3.660820       3.734530       3.804870       3.871710       3.941900       4.016630       4.095270       4.180560       4.266110       4.354860       4.433520       4.527520       4.624830       4.725140       4.827980    
   3.261300       3.157940       3.179130       3.187390       3.204000       3.168540       3.170720       3.182550       3.286000       3.314480       3.349150       3.354140       3.411670       3.472480       3.532420       3.589580       3.642010       3.694250       3.760500       3.839730       3.928880       4.019380       4.110690       4.202890       4.296600       4.392430       4.476120       4.576400       4.679960       4.786780    
   3.157940       3.184190       3.195690       3.204000       3.189510       3.196000       3.307170       3.309960       3.320830       3.349000       3.374090       3.360250       3.403940       3.448510       3.490910       3.527570       3.559280       3.589560       3.645630       3.742100       3.843450       3.943360       4.022450       4.115680       4.209700       4.305660       4.391660       4.493170       4.599040       4.709680    
   3.186490       3.199850       3.204000       3.196500       3.196000       3.287960       3.360710       3.359910       3.365530       3.377260       3.334420       3.365140       3.397640       3.429720       3.458800       3.482820       3.498150       3.502870       3.546330       3.652080       3.759510       3.858160       3.953860       4.048300       4.143020       4.239310       4.338320       4.427780       4.534420       4.646060    
   3.201920       3.204000       3.198830       3.196000       3.281560       3.360710       3.360310       3.362050       3.357870       3.328790       3.349620       3.372760       3.396800       3.420080       3.432730       3.450610       3.456560       3.475610       3.522600       3.605790       3.696930       3.799380       3.892000       3.984080       4.076740       4.171130       4.268340       4.369370       4.462140       4.573470    
   3.204000       3.199610       3.196000       3.279420       3.360710       3.360510       3.361020       3.352260       3.328790       3.339210       3.362610       3.383500       3.390190       3.407780       3.409030       3.427270       3.444920       3.472010       3.517050       3.582460       3.659380       3.740680       3.823710       3.923990       4.012080       4.102400       4.195850       4.293360       4.395780       4.502030    
   3.199870       3.196000       3.278710       3.360710       3.360610       3.360750       3.350640       3.328790       3.334000       3.357990       3.380950       3.378390       3.392690       3.390430       3.406630       3.424120       3.442410       3.471060       3.512020       3.566360       3.630850       3.701530       3.775940       3.853140       3.949280       4.033690       4.121620       4.213850       4.311170       4.423320    
   3.196000       3.278470       3.360710       3.360660       3.360690       3.350200       3.328790       3.331390       3.355770       3.379670       3.378390       3.385540       3.389470       3.396390       3.410420       3.426810       3.447510       3.470830       3.506910       3.552680       3.606840       3.667360       3.732550       3.801510       3.873990       3.950200       4.046670       4.132160       4.231520       4.330670    
   3.278390       3.360710       3.360680       3.360690       3.350080       3.328790       3.330090       3.354670       3.379030       3.378390       3.381970       3.387450       3.396390       3.403400       3.411210       3.428250       3.448380       3.475080       3.519920       3.540220       3.585380       3.636470       3.692480       3.752770       3.817050       3.885380       3.955950       4.044920       4.129530       4.232260    
   3.360710       3.360700       3.360690       3.350060       3.328790       3.329440       3.354130       3.378710       3.378390       3.380180       3.386050       3.396390       3.399900       3.403670       3.414290       3.429280       3.450570       3.501380       3.534580       3.528950       3.565870       3.608150       3.655290       3.704470       3.760450       3.820600       3.895980       3.965410       4.039900       4.120690    
   3.360700       3.360700       3.350060       3.328790       3.329120       3.353860       3.378550       3.378390       3.379280       3.385250       3.396390       3.398140       3.399980       3.405950       3.415740       3.431380       3.488390       3.531770       3.528950       3.546650       3.545120       3.579440       3.618370       3.661760       3.711580       3.773340       3.829560       3.889720       3.954450       4.023860    
   3.360700       3.350060       3.328790       3.328950       3.353730       3.378470       3.378390       3.378840       3.384830       3.396390       3.397270       3.398170       3.401360       3.407230       3.417690       3.478980       3.530360       3.528950       3.534950       3.534720       3.550330       3.552710       3.597330       3.631160       3.672930       3.717390       3.765540       3.817020       3.872100       3.932360    
   3.350070       3.328790       3.328870       3.353660       3.378430       3.378390       3.378610       3.384610       3.396390       3.396830       3.397280       3.398930       3.402250       3.459020       3.500220       3.530340       3.529040       3.530190       3.530110       3.529460       3.524330       3.550050       3.567750       3.596640       3.630120       3.667890       3.709250       3.753240       3.799220       3.827830    
   3.328790       3.328830       3.353620       3.378410       3.378390       3.378500       3.384500       3.396390       3.396610       3.396830       3.397680       3.399490       3.496960       3.611330       3.609800       3.557290       3.531630       3.529120       3.527830       3.526150       3.534590       3.535390       3.544440       3.566190       3.593490       3.626060       3.662800       3.701910       3.723780       3.765540    
   3.328810       3.353610       3.378400       3.378390       3.378450       3.384450       3.396390       3.396500       3.396610       3.397040       3.607440       3.921600       3.716350       3.613250       3.612850       3.609800       3.558720       3.534130       3.529120       3.526600       3.519520       3.524230       3.533290       3.541300       3.563520       3.592960       3.628150       3.651490       3.691190       3.730120    
   3.353600       3.378400       3.378390       3.378420       3.384420       3.396390       3.396440       3.396500       3.396720       3.648860       3.921600       3.921600       3.921600       3.719230       3.617090       3.615900       3.609800       3.561810       3.539150       3.529120       3.523150       3.519370       3.520050       3.528090       3.540300       3.569020       3.595250       3.636390       3.681020       3.727070    
   3.378390       3.378390       3.378400       3.384400       3.396390       3.396420       3.396440       3.661600       3.820240       3.921870       3.921600       3.921600       3.921600       3.921600       3.725390       3.625570       3.622000       3.609800       3.569170       3.549180       3.535420       3.522640       3.513830       3.513760       3.526760       3.548390       3.588430       3.637740       3.691770       3.749250    
   3.378390       3.378400       3.384400       3.396390       3.396400       3.886020       4.620300       4.538530       4.456750       4.100720       3.922410       3.921600       3.921600       3.921600       3.921600       3.738500       3.644920       3.634200       3.609800       3.588590       3.565470       3.541650       3.538450       3.514610       3.515340       3.545460       3.594830       3.655950       3.721150       3.789480    
   3.378390       3.384390       3.396390       3.396400       3.984060       4.620530       4.620530       4.620300       4.538530       4.456750       4.102130       3.924040       3.921600       3.921600       3.921600       3.921600       3.765480       3.690760       3.658600       3.633180       3.651330       3.604020       3.557510       3.517750       3.507470       3.550610       3.619130       3.694270       3.769040       3.845570    
