iMOD/TUTORIALS/TUT_MetaswapAnalyser/model_MetaSWAP/meteo/Precipitation/Precipitation_20061228_L1.ASC
NCOLS                30
NROWS                30
XLLCORNER     160000.00
YLLCORNER     340000.00
CELLSIZE        1000.00
NODATA_VALUE   -9999.00
  0.9101800      0.8848900      0.8580100      0.8293400      0.7986100      0.7653600      0.7290100      0.6899900      0.6530400      0.6353000      0.6413500      0.6524800      0.6606200      0.6665300      0.6697500      0.6691400      0.6693500      0.6592900      0.6502500      0.6392500      0.6267900      0.6160400      0.6022200      0.5884900      0.5743200      0.5604100      0.5471700      0.5352800      0.5260700      0.5216700    
  0.9031400      0.8776800      0.8506100      0.8216000      0.7902900      0.7562000      0.7185500      0.6766900      0.6301600      0.6100500      0.6321700      0.6493900      0.6632300      0.6722300      0.6782400      0.6835000      0.6822100      0.6744000      0.6626100      0.6517900      0.6392300      0.6279900      0.6136300      0.5990900      0.5839000      0.5685700      0.5533000      0.5384800      0.5242000      0.5156200    
  0.8970700      0.8719800      0.8453300      0.8167900      0.7864000      0.7536300      0.7183800      0.6813600      0.6471100      0.6329700      0.6434800      0.6590400      0.6729100      0.6836300      0.6899800      0.6953800      0.6949900      0.6906600      0.6828300      0.6722200      0.6555000      0.6435700      0.6289300      0.6132900      0.5971700      0.5806300      0.5624900      0.5452500      0.5275900      0.5115300    
  0.8920900      0.8678800      0.8423200      0.8151200      0.7867100      0.7569800      0.7265800      0.6974600      0.6741100      0.6640200      0.6667900      0.6772200      0.6896900      0.6995300      0.7071200      0.7127200      0.7131200      0.7089700      0.7007400      0.6894100      0.6759900      0.6577800      0.6445000      0.6270900      0.6107000      0.5939100      0.5766300      0.5587500      0.5400600      0.5214100    
  0.8881800      0.8652500      0.8409200      0.8160100      0.7903400      0.7643800      0.7391400      0.7188500      0.7014300      0.6925600      0.6966500      0.7015900      0.7101900      0.7189600      0.7268900      0.7325300      0.7331200      0.7285700      0.7190800      0.7063400      0.6922700      0.6768300      0.6628200      0.6432200      0.6270800      0.6108200      0.5944700      0.5780600      0.5629300      0.5519000    
  0.8852000      0.8632800      0.8412300      0.8186700      0.7959500      0.7737000      0.7560500      0.7384800      0.7336500      0.7251700      0.7227200      0.7255200      0.7318700      0.7395500      0.7464500      0.7534900      0.7557500      0.7503000      0.7384400      0.7236300      0.7082600      0.6923100      0.6782800      0.6626800      0.6472300      0.6294200      0.6149900      0.6014200      0.5904800      0.5845000    
  0.8892300      0.8625300      0.8424800      0.8223100      0.8069800      0.7879600      0.7706000      0.7699100      0.7575300      0.7493900      0.7461900      0.7473400      0.7517900      0.7588000      0.7645900      0.7738500      0.7796600      0.7720200      0.7558200      0.7389900      0.7223500      0.7064100      0.6911600      0.6784200      0.6644500      0.6511100      0.6385200      0.6277900      0.6184500      0.6152900    
  0.8868200      0.8772200      0.8507600      0.8327600      0.8152600      0.8214700      0.8039500      0.7898500      0.7783300      0.7705500      0.7666200      0.7662400      0.7688500      0.7742900      0.7782000      0.7876200      0.7976000      0.7863300      0.7673000      0.7495700      0.7332800      0.7182900      0.7044000      0.6933400      0.6813400      0.6700100      0.6601500      0.6521000      0.6487300      0.6465600    
  0.8968300      0.8809600      0.8637000      0.8387800      0.8527000      0.8358200      0.8200300      0.8074400      0.7966900      0.7888400      0.7839700      0.7818900      0.7822300      0.7797600      0.7850100      0.7902800      0.7922100      0.7841900      0.7697500      0.7544800      0.7402900      0.7274200      0.7157400      0.7070100      0.6971500      0.6884700      0.6810200      0.6777200      0.6737500      0.6728500    
  0.8999100      0.8849000      0.8690300      0.8878900      0.8649300      0.8495300      0.8357700      0.8233400      0.8129000      0.8046400      0.7985700      0.7945200      0.7921700      0.7843200      0.7865200      0.7867900      0.7838600      0.7765000      0.7655300      0.7537600      0.7427800      0.7338000      0.7251400      0.7172800      0.7121200      0.7059500      0.7034600      0.6992700      0.6969200      0.6968800    
  0.9005330      0.8846130      0.8852880      0.8993300      0.8835400      0.8636600      0.8497400      0.8378200      0.8273600      0.8184400      0.8109900      0.8048100      0.7895200      0.7803700      0.7794300      0.7771400      0.7728500      0.7664300      0.7589900      0.7518900      0.7457800      0.7405400      0.7358200      0.7311900      0.7297000      0.7287100      0.7253700      0.7228600      0.7215800      0.7189300    
  0.9006200      0.8924410      0.8993300      0.8969750      0.8959000      0.8829600      0.8689600      0.8512000      0.8405400      0.8308500      0.8086200      0.8021800      0.7844600      0.7793400      0.7758300      0.7695200      0.7619700      0.7543100      0.7484400      0.7452400      0.7440100      0.7435300      0.7450300      0.7442700      0.7430400      0.7437900      0.7424500      0.7414500      0.7411300      0.7418100    
  0.9023120      0.8993300      0.9019870      0.9025150      0.9091300      0.8951500      0.8822300      0.8699200      0.8371900      0.8249900      0.8168100      0.7911200      0.7859300      0.7795700      0.7726900      0.7623800      0.7507700      0.7404100      0.7354600      0.7375000      0.7429900      0.7481000      0.7521400      0.7548700      0.7564500      0.7571700      0.7598400      0.7600700      0.7604500      0.7612800    
  0.8993300      0.9040680      0.9058230      0.9091300      0.9040030      0.9077300      0.8671700      0.8569200      0.8470600      0.8374100      0.8277700      0.7968300      0.7899500      0.7814200      0.7706500      0.7580100      0.7416200      0.7254400      0.7206800      0.7305800      0.7427100      0.7530200      0.7546500      0.7593400      0.7624600      0.7644300      0.7681400      0.7692000      0.7702200      0.7714700    
  0.9050010      0.9074760      0.9091300      0.9069540      0.9077300      0.8839730      0.8770200      0.8670500      0.8572100      0.8473200      0.8148800      0.8075700      0.7989700      0.7885500      0.7757100      0.7596100      0.7401900      0.7164900      0.7085900      0.7280100      0.7434600      0.7555200      0.7646200      0.7712900      0.7760000      0.7792300      0.7814000      0.7854800      0.7867800      0.7855700    
  0.9083030      0.9091300      0.9079380      0.9077300      0.8895740      0.8770200      0.8720350      0.8670930      0.8504000      0.8300200      0.8235700      0.8161900      0.8075300      0.7971500      0.7842000      0.7687700      0.7506000      0.7340300      0.7298800      0.7413800      0.7551000      0.7676700      0.7772700      0.7845400      0.7898200      0.7934800      0.7959300      0.7975700      0.8013700      0.8024200    
  0.9091300      0.9082660      0.9077300      0.8914410      0.8770200      0.8745280      0.8720490      0.8548870      0.8300200      0.8267950      0.8264620      0.8265300      0.8189500      0.8086000      0.7944400      0.7822000      0.7703800      0.7608400      0.7588900      0.7652300      0.7753200      0.7855400      0.7943700      0.8023700      0.8076900      0.8113800      0.8137500      0.8151800      0.8160500      0.8201100    
  0.9083750      0.9077300      0.8920640      0.8770200      0.8757740      0.8745320      0.8578710      0.8300200      0.8284080      0.8301080      0.8312650      0.8360000      0.8284600      0.8189700      0.8100900      0.8011300      0.7935700      0.7882300      0.7877000      0.7921300      0.7996000      0.8079000      0.8155500      0.8218300      0.8274900      0.8306700      0.8324700      0.8332400      0.8333900      0.8343400    
  0.9077300      0.8922710      0.8770200      0.8763970      0.8757750      0.8595490      0.8300200      0.8292140      0.8316340      0.8336320      0.8360000      0.8322300      0.8293870      0.8341200      0.8277300      0.8218500      0.8173100      0.8151800      0.8159100      0.8198200      0.8258800      0.8327200      0.8391700      0.8444700      0.8482500      0.8504300      0.8521700      0.8518100      0.8517300      0.8503200    
  0.8923400      0.8770200      0.8767080      0.8763970      0.8604350      0.8300200      0.8296170      0.8323370      0.8348160      0.8360000      0.8341150      0.8329340      0.8341200      0.8309250      0.8279000      0.8222970      0.8181130      0.8161330      0.8347420      0.8475900      0.8531200      0.8591100      0.8646300      0.8689800      0.8717300      0.8727200      0.8713400      0.8705300      0.8575100      0.8575500    
  0.8770200      0.8768640      0.8767090      0.8608900      0.8300200      0.8298180      0.8326760      0.8354080      0.8360000      0.8350570      0.8342920      0.8341200      0.8325230      0.8309820      0.8270410      0.8227700      0.8188480      0.8411200      0.8614000      0.8752100      0.8808700      0.8866000      0.8916000      0.8945200      0.8962400      0.8958800      0.8826900      0.8791000      0.8750900      0.8718100    
  0.8769420      0.8768640      0.8611210      0.8300200      0.8299190      0.8328440      0.8357040      0.8360000      0.8355290      0.8348670      0.8341200      0.8333210      0.8325410      0.8301820      0.8269310      0.8228860      0.8452500      0.8683050      0.8752100      0.8881030      0.9082300      0.9142900      0.9192600      0.9224500      0.9123200      0.9143700      0.9092900      0.9026100      0.8952000      0.8867700    
  0.8769420      0.8612370      0.8300200      0.8299700      0.8329270      0.8358520      0.8360000      0.8357640      0.8351290      0.8341200      0.8337210      0.8333280      0.8320150      0.8298850      0.8266660      0.8650600      0.8717580      0.8752100      0.9232700      0.9414250      0.9445340      0.9484600      0.9483700      0.9489100      0.9470500      0.9428000      0.9355200      0.9258300      0.9146100      0.9035200    
  0.8612950      0.8300200      0.8299950      0.8329690      0.8359260      0.8360000      0.8358820      0.8352530      0.8341200      0.8339200      0.8337230      0.8330210      0.8317420      0.8904410      0.9309450      0.9581490      0.9584750      0.9666940      0.9772180      0.9883400      0.9746200      0.9770700      0.9800300      0.9813000      0.9794200      0.9738600      0.9645100      0.9516800      0.9361400      0.9172600    
  0.8300200      0.8300070      0.8329890      0.8359630      0.8360000      0.8359410      0.8353140      0.8341200      0.8340200      0.8339210      0.8335550      0.8328290      0.9404560       1.073420       1.073200       1.032710       1.044210       1.041740       1.016030       1.001890       1.002060       1.007700       1.013300       1.015920       1.014490       1.008330      0.9972600      0.9816100      0.9600400      0.9377500    
  0.8300140      0.8330000      0.8359810      0.8360000      0.8359710      0.8353440      0.8341200      0.8340700      0.8340200      0.8338320      0.9326370       1.081440       1.076290       1.073660       1.073630       1.073200       1.054960       1.046690       1.041740       1.032160       1.028990       1.039260       1.047790       1.052890       1.052800       1.046650       1.034390       1.015080      0.9929200      0.9672900    
  0.8330050      0.8359910      0.8360000      0.8359850      0.8353590      0.8341200      0.8340950      0.8340700      0.8339740      0.9526740       1.081440       1.081440       1.081440       1.076650       1.074150       1.074060       1.073200       1.058200       1.051640       1.041740       1.055830       1.070320       1.083250       1.092110       1.094500       1.088920       1.074750       1.055510       1.032540       1.007750    
  0.8359950      0.8360000      0.8359930      0.8353660      0.8341200      0.8341080      0.8340950      0.8863870      0.9690290       1.081400       1.081440       1.081440       1.081440       1.081440       1.077380       1.075180       1.074930       1.073200       1.066220       1.061540       1.079780       1.099600       1.118700       1.133440       1.139970       1.134400       1.119520       1.099020       1.076190       1.053910    
  0.8360000      0.8359960      0.8353700      0.8341200      0.8341140      0.9395820       1.097770       1.070590       1.043410       1.068650       1.081310       1.081440       1.081440       1.081440       1.081440       1.078810       1.077430       1.076650       1.073200       1.088380       1.108100       1.131590       1.160450       1.177800       1.188340       1.182360       1.164710       1.142240       1.119620       1.099680    
  0.8359980      0.8353710      0.8341200      0.8341170      0.9607080       1.097820       1.097820       1.097770       1.070590       1.043410       1.068440       1.081060       1.081440       1.081440       1.081440       1.081440       1.081460       1.082420       1.080110       1.096910       1.128280       1.154950       1.187130       1.220680       1.240100       1.228490       1.203440       1.180450       1.158620       1.141170    
