iMOD/TUTORIALS/TUT_MetaswapAnalyser/model_MetaSWAP/meteo/Precipitation/Precipitation_20050909_L1.ASC
NCOLS                30
NROWS                30
XLLCORNER     160000.00
YLLCORNER     340000.00
CELLSIZE        1000.00
NODATA_VALUE   -9999.00
   3.448270       3.278620       3.115530       2.949230       2.791460       2.523270       2.196130       1.852320       1.549490       1.418970       1.483060       1.597280       1.713460       1.833070       1.934340       2.027340       2.141940       2.208570       2.262720       2.303750       2.331080       2.370090       2.370510       2.389360       2.354340       2.303110       2.236450       2.156290       2.066690       1.961910    
   3.484160       3.305930       3.145240       2.947250       2.762120       2.476830       2.149790       1.794160       1.424700       1.276350       1.453950       1.614660       1.758690       1.899440       2.016280       2.150000       2.239100       2.302190       2.358890       2.400340       2.426440       2.461440       2.458670       2.472100       2.433150       2.377200       2.304470       2.215980       2.091690       1.979940    
   3.554310       3.363520       3.167870       3.021320       2.779450       2.498110       2.192600       1.878210       1.598890       1.492090       1.580280       1.721000       1.864140       2.005240       2.123570       2.254170       2.347250       2.422770       2.480600       2.521140       2.544760       2.575290       2.603950       2.578100       2.534980       2.474270       2.368740       2.277110       2.154890       2.040540    
   3.631190       3.432780       3.229280       3.078050       2.833860       2.575300       2.309860       2.060400       1.861300       1.772420       1.803410       1.901100       2.021550       2.150440       2.267640       2.391560       2.485800       2.561120       2.616910       2.654030       2.673790       2.713350       2.722680       2.662710       2.618730       2.558450       2.481440       2.387210       2.263390       2.142150    
   3.718730       3.517640       3.386730       3.163750       2.934330       2.701810       2.475780       2.260570       2.112930       2.039740       2.049260       2.113960       2.207040       2.317380       2.439240       2.551920       2.624830       2.693910       2.741050       2.768850       2.817180       2.814140       2.822760       2.790930       2.745270       2.684460       2.608410       2.499400       2.401360       2.297530    
   3.818370       3.692410       3.483430       3.272700       3.061960       2.856020       2.645480       2.481980       2.368150       2.311020       2.304300       2.344790       2.422470       2.519970       2.613300       2.718520       2.808290       2.871470       2.908220       2.925750       2.962170       2.953690       2.957540       2.924860       2.878680       2.818180       2.745460       2.642360       2.553390       2.460860    
   3.985170       3.792570       3.594440       3.398240       3.175940       2.998920       2.838620       2.707970       2.618190       2.562590       2.551820       2.580620       2.640020       2.727250       2.804720       2.911290       3.006670       3.059350       3.078200       3.108980       3.106470       3.092660       3.067850       3.059040       3.013520       2.956300       2.864650       2.790370       2.708330       2.622330    
   4.033120       3.844160       3.672000       3.495980       3.327410       3.188270       3.037920       2.934110       2.849000       2.799610       2.786730       2.807330       2.855820       2.930190       2.986930       3.091470       3.196960       3.233360       3.251050       3.252060       3.243760       3.226300       3.199590       3.191030       3.147300       3.066990       3.006370       2.937490       2.877040       2.790740    
   4.073190       3.957510       3.789400       3.635620       3.506030       3.364080       3.228580       3.141400       3.066330       3.021090       3.006150       3.019550       3.057400       3.064660       3.151060       3.240340       3.317880       3.360420       3.377580       3.378070       3.368480       3.350340       3.323910       3.317560       3.248950       3.200820       3.144640       3.100200       3.025020       2.943930    
   4.177060       4.074830       3.917980       3.798250       3.665250       3.536930       3.429570       3.337990       3.269740       3.226610       3.208790       3.214700       3.241180       3.218490       3.292240       3.363510       3.412950       3.457730       3.478160       3.481740       3.474120       3.461950       3.438270       3.406540       3.372320       3.328420       3.298240       3.236140       3.166860       3.090920    
   4.198620       4.056620       3.933520       3.943030       3.813240       3.730670       3.607390       3.523280       3.459280       3.416470       3.394700       3.392460       3.307410       3.365100       3.389710       3.451000       3.503180       3.538140       3.556510       3.561660       3.556890       3.543810       3.522900       3.469790       3.455630       3.452340       3.404060       3.348440       3.285880       3.230390    
   4.200120       4.032950       3.943030       3.966540       3.965100       3.886100       3.768630       3.697270       3.635540       3.591600       3.570590       3.559150       3.455580       3.436770       3.493980       3.539120       3.575860       3.603880       3.621390       3.631470       3.634090       3.628470       3.609660       3.586980       3.556070       3.556790       3.513850       3.463640       3.406590       3.342830    
   4.132280       3.943030       4.027320       4.054940       4.144780       4.017130       3.927960       3.852790       3.799140       3.760260       3.727780       3.469560       3.504780       3.542620       3.587230       3.616180       3.637220       3.651870       3.668600       3.688440       3.693710       3.696980       3.690300       3.673790       3.648180       3.614340       3.616680       3.571230       3.519120       3.460640    
   3.943030       4.053750       4.099860       4.144780       4.108610       4.163910       4.086360       4.013040       3.952200       3.950420       3.907280       3.586750       3.613280       3.640210       3.663760       3.687690       3.702780       3.691890       3.698530       3.726260       3.751550       3.764540       3.794080       3.787900       3.770480       3.743150       3.747450       3.705790       3.656650       3.600600    
   4.065970       4.122320       4.144780       4.139100       4.163910       4.234030       4.451820       4.359870       4.278500       4.207310       3.761460       3.768100       3.776110       3.782810       3.784940       3.784480       3.764530       3.733320       3.726580       3.790500       3.837770       3.864760       3.875820       3.872960       3.857990       3.832570       3.798220       3.797870       3.750140       3.703860    
   4.133550       4.144780       4.149260       4.163910       4.283250       4.451820       4.405840       4.363400       4.179750       3.873320       3.873350       3.875340       3.877480       3.877500       3.905740       3.889260       3.883400       3.848530       3.846310       3.885510       3.923810       3.949830       3.960660       3.957940       3.943100       3.917670       3.883160       3.841060       3.833160       3.778360    
   4.144780       4.152650       4.163910       4.299660       4.451820       4.428830       4.407020       4.205580       3.873320       3.873330       3.953440       3.978520       4.023850       4.017960       4.025650       4.004670       4.002820       3.982670       3.980730       3.998090       4.020050       4.035370       4.039790       4.033690       4.015200       3.986540       3.949050       3.904200       3.853410       3.855900    
   4.153780       4.163910       4.305130       4.451820       4.440330       4.429220       4.228690       3.873320       3.873330       3.987880       4.072600       4.166680       4.155380       4.149490       4.133120       4.113820       4.126710       4.112420       4.107890       4.112700       4.120430       4.124130       4.119580       4.105010       4.081460       4.047080       4.004160       3.954090       3.898350       3.858150    
   4.163910       4.306950       4.451820       4.446070       4.440460       4.242890       3.873320       3.873320       4.004170       4.119640       4.166680       4.161030       4.182070       4.256710       4.240740       4.222940       4.204320       4.234630       4.226540       4.222410       4.218750       4.211300       4.196770       4.173330       4.140340       4.098080       4.048670       3.990980       3.947440       3.882550    
   4.307560       4.451820       4.448950       4.446120       4.250680       3.873320       3.873320       4.012130       4.143160       4.166680       4.163850       4.191620       4.256710       4.248720       4.240130       4.222670       4.220630       4.221830       4.285830       4.325150       4.311970       4.294300       4.269710       4.236560       4.194100       4.142360       4.079870       4.039210       3.953000       3.875660    
   4.451820       4.450380       4.448960       4.254770       3.873320       3.873320       4.016070       4.154920       4.166680       4.165270       4.194720       4.256710       4.252720       4.248520       4.237170       4.227810       4.221710       4.304300       4.372780       4.420410       4.398870       4.371860       4.337490       4.291610       4.239180       4.177020       4.114620       4.036100       3.951410       3.863950    
   4.451100       4.450390       4.256860       3.873320       3.873320       4.018040       4.160800       4.166680       4.165970       4.195840       4.256710       4.254710       4.252650       4.246140       4.237830       4.228900       4.314160       4.396600       4.420410       4.431450       4.475080       4.439950       4.396700       4.344080       4.267800       4.218170       4.135140       4.042410       3.942390       3.836900    
   4.451100       4.257920       3.873320       3.873320       4.019020       4.163740       4.166680       4.166330       4.196300       4.256710       4.255710       4.254690       4.251170       4.245540       4.237620       4.355220       4.408500       4.420410       4.477070       4.494460       4.498850       4.489950       4.456510       4.391070       4.325240       4.242600       4.147770       4.041100       3.924670       3.802910    
   4.258450       3.873320       3.873320       4.019510       4.165210       4.166680       4.166500       4.196500       4.256710       4.256210       4.255700       4.253860       4.250470       4.499560       4.595560       4.585140       4.586710       4.568980       4.548740       4.561940       4.513840       4.575450       4.501390       4.435400       4.356450       4.263790       4.157010       4.036210       3.902530       3.735980    
   3.873320       3.873320       4.019750       4.165950       4.166680       4.166590       4.196600       4.256710       4.256460       4.256210       4.255260       4.253340       4.707780       5.266130       5.263900       4.885940       4.760220       4.753020       4.645650       4.589810       4.610040       4.533250       4.547360       4.473470       4.386070       4.284260       4.167260       4.034470       3.864240       3.704740    
   3.873320       4.019880       4.166310       4.166680       4.166640       4.196650       4.256710       4.256590       4.256460       4.255980       4.855860       5.757240       5.432120       5.268910       5.268360       5.263900       4.932930       4.767420       4.753020       4.677840       4.645550       4.589060       4.521140       4.508710       4.414120       4.304970       4.180420       4.020650       3.865290       3.694830    
   4.019940       4.166500       4.166680       4.166660       4.196670       4.256710       4.256650       4.256590       4.256340       4.976550       5.757240       5.757240       5.757240       5.436210       5.274470       5.272820       5.263900       4.947390       4.781810       4.753020       4.702750       4.641610       4.568810       4.483670       4.440260       4.325600       4.181390       4.036320       3.879430       3.712570    
   4.166590       4.166680       4.166670       4.196680       4.256710       4.256680       4.256650       4.792290       5.269720       5.757420       5.757240       5.757240       5.757240       5.757240       5.444770       5.286690       5.281750       5.263900       4.990820       4.810600       4.756140       4.690510       4.613090       4.523340       4.418230       4.335970       4.199770       4.053940       3.900150       3.742700    
   4.166680       4.166670       4.196680       4.256710       4.256690       5.306440       6.880940       6.640260       6.399590       5.971860       5.757780       5.757240       5.757240       5.757240       5.757240       5.462330       5.314420       5.299600       5.263900       5.135780       5.006950       4.876980       4.773720       4.569550       4.451280       4.324230       4.213410       4.068130       3.918470       3.769320    
   4.166680       4.196690       4.256710       4.256700       5.516570       6.881220       6.881220       6.880940       6.640250       6.399590       5.972810       5.758860       5.757240       5.757240       5.757240       5.757240       5.495930       5.379750       5.335300       5.195290       5.132150       4.966260       4.804520       4.645430       4.484560       4.317720       4.150540       4.065280       3.927810       3.784620    
