iMOD/TUTORIALS/TUT_MetaswapAnalyser/model_MetaSWAP/meteo/Precipitation/Precipitation_20050129_L1.ASC
NCOLS                30
NROWS                30
XLLCORNER     160000.00
YLLCORNER     340000.00
CELLSIZE        1000.00
NODATA_VALUE   -9999.00
   1.260010       1.269180       1.280080       1.287850       1.273500       1.227530       1.135930       1.025410      0.9215600      0.8623900      0.8547400      0.8629000      0.8746100      0.8861900      0.8973500      0.9066800      0.9157200      0.9190600      0.9191700      0.9168200      0.9127000      0.9076600      0.9022200      0.8971700      0.8924900      0.8886800      0.8861300      0.8854900      0.8881100      0.8963200    
   1.256200       1.257060       1.251380       1.242850       1.208270       1.157470       1.077520      0.9775400      0.8681000      0.8107400      0.8346300      0.8564500      0.8757600      0.8926200      0.9070400      0.9201800      0.9269500      0.9291200      0.9273400      0.9219300      0.9143400      0.9057500      0.8969000      0.8885600      0.8807100      0.8736500      0.8674900      0.8625400      0.8589100      0.8617800    
   1.239630       1.233220       1.222550       1.188270       1.153520       1.103920       1.035630      0.9549300      0.8761600      0.8363000      0.8417300      0.8617100      0.8824400      0.9015800      0.9180200      0.9314700      0.9386000      0.9394000      0.9344100      0.9251600      0.9137200      0.9013000      0.8891700      0.8777300      0.8672100      0.8575900      0.8477700      0.8395100      0.8317400      0.8259700    
   1.218410       1.206320       1.189440       1.146610       1.113450       1.067960       1.011720      0.9487200      0.8955800      0.8644000      0.8614700      0.8754200      0.8928900      0.9122600      0.9298600      0.9434800      0.9509900      0.9497300      0.9405500      0.9262200      0.9097200      0.8934800      0.8781800      0.8633900      0.8511500      0.8401900      0.8301500      0.8206400      0.8113200      0.8024500    
   1.195110       1.179100       1.134820       1.110380       1.078400       1.038790      0.9937200      0.9451600      0.9074700      0.8841600      0.8803700      0.8872000      0.9030500      0.9219000      0.9405300      0.9552900      0.9635800      0.9592300      0.9437300      0.9225900      0.9005000      0.8800300      0.8621500      0.8470700      0.8340800      0.8229700      0.8133800      0.8051600      0.7989000      0.7975000    
   1.171320       1.123280       1.103290       1.078670       1.048980       1.014800      0.9749400      0.9391100      0.9158500      0.8970000      0.8890700      0.8919900      0.9069000      0.9258100      0.9419000      0.9645900      0.9769500      0.9681600      0.9426900      0.9128300      0.8850500      0.8613900      0.8420600      0.8264100      0.8138700      0.8042900      0.7964700      0.7909200      0.7885900      0.7918900    
   1.106790       1.094830       1.074240       1.050260       1.018130      0.9887500      0.9585900      0.9367300      0.9135200      0.8963500      0.8879800      0.8885100      0.8973300      0.9187500      0.9343400      0.9646700      0.9892300      0.9716600      0.9298500      0.8910400      0.8593800      0.8345900      0.8156200      0.8014100      0.7907500      0.7829900      0.7777400      0.7751400      0.7764800      0.7821700    
   1.076400       1.054620       1.040910       1.018250      0.9933900      0.9780600      0.9492800      0.9255500      0.9036400      0.8872000      0.8773800      0.8746500      0.8791500      0.8953500      0.9064500      0.9369700      0.9756500      0.9447000      0.8926400      0.8518300      0.8210500      0.7985500      0.7825600      0.7716100      0.7642400      0.7597000      0.7575500      0.7578300      0.7613400      0.7691200    
   1.040690       1.027960       1.008430      0.9931100      0.9831600      0.9578500      0.9311100      0.9094400      0.8883100      0.8710600      0.8585200      0.8511800      0.8492700      0.8424900      0.8566500      0.8716800      0.8802300      0.8615700      0.8261500      0.7940400      0.7700100      0.7536200      0.7433000      0.7375200      0.7347700      0.7342700      0.7355600      0.7386700      0.7444100      0.7526500    
   1.015060       1.002690      0.9834300      0.9801900      0.9616700      0.9375000      0.9140200      0.8906500      0.8689800      0.8497300      0.8334300      0.8203300      0.8104700      0.7845400      0.7908500      0.7905900      0.7835000      0.7659900      0.7431100      0.7229300      0.7092200      0.7019100      0.6994900      0.7003500      0.7033900      0.7075300      0.7125300      0.7187300      0.7258400      0.7342100    
   1.016140       1.000390      0.9812120      0.9585400      0.9360800      0.9207100      0.8940300      0.8702600      0.8472200      0.8252700      0.8046200      0.7852500      0.7399700      0.7232700      0.7189300      0.7044800      0.6885100      0.6702500      0.6548400      0.6458700      0.6440200      0.6476800      0.6547000      0.6633800      0.6725200      0.6820900      0.6911000      0.6996300      0.7078100      0.7151100    
   1.015590      0.9890720      0.9585400      0.9280870      0.9158900      0.8968400      0.8700000      0.8494300      0.8246300      0.7997700      0.7628000      0.7390800      0.6871900      0.6684600      0.6522500      0.6257400      0.5991700      0.5775300      0.5657900      0.5668500      0.5774900      0.5930600      0.6102100      0.6272800      0.6431700      0.6576000      0.6701400      0.6809400      0.6901000      0.6978500    
  0.9983770      0.9585400      0.9243330      0.9088650      0.9018400      0.8748000      0.8505300      0.8253400      0.7826400      0.7600900      0.7330100      0.6706000      0.6460700      0.6180800      0.5927000      0.5552400      0.5175000      0.4877200      0.4779100      0.4906000      0.5155000      0.5436500      0.5709000      0.5956700      0.6174600      0.6361800      0.6520300      0.6648400      0.6748500      0.6821900    
  0.9585400      0.9225160      0.9053520      0.9018400      0.8779530      0.8572200      0.8110700      0.7866200      0.7607900      0.7371300      0.7071700      0.6394600      0.6103100      0.5766600      0.5378300      0.4983700      0.4500900      0.4041700      0.3930000      0.4237500      0.4649100      0.5044500      0.5392000      0.5700000      0.5964000      0.6186300      0.6369900      0.6514800      0.6622600      0.6693600    
  0.9216230      0.9035960      0.9018400      0.8790040      0.8572200      0.8287470      0.8179500      0.7908600      0.7620400      0.7312000      0.6528100      0.6238500      0.5908300      0.5530100      0.5096700      0.4652400      0.4073500      0.3433400      0.3248900      0.3825800      0.4339800      0.4795000      0.5192700      0.5536700      0.5830500      0.6077100      0.6278800      0.6437700      0.6553000      0.6623700    
  0.9027180      0.9018400      0.8793550      0.8572200      0.8346390      0.8179500      0.8044050      0.7902830      0.7367400      0.6628600      0.6366200      0.6070500      0.5736800      0.5360600      0.4930100      0.4468800      0.4048800      0.3579900      0.3480600      0.3834200      0.4287900      0.4724700      0.5121500      0.5472600      0.5777200      0.6035800      0.6249100      0.6417300      0.6540700      0.6617500    
  0.9018400      0.8794720      0.8572200      0.8366030      0.8179500      0.8111770      0.8042130      0.7485720      0.6628600      0.6497400      0.6212440      0.5971200      0.5636500      0.5290200      0.4990900      0.4584100      0.4250300      0.3958900      0.3901500      0.4097800      0.4430400      0.4801400      0.5165100      0.5500200      0.5799700      0.6059800      0.6278500      0.6454500      0.6586600      0.6671000    
  0.8795110      0.8572200      0.8372580      0.8179500      0.8145640      0.8111130      0.7567060      0.6628600      0.6563000      0.6272520      0.5998450      0.6025700      0.5722100      0.5421900      0.5085200      0.4760200      0.4541600      0.4347600      0.4310600      0.4437100      0.4679700      0.4980100      0.5296600      0.5604800      0.5890300      0.6144400      0.6363900      0.6545600      0.6687600      0.6783300    
  0.8572200      0.8374760      0.8179500      0.8162570      0.8145420      0.7613110      0.6628600      0.6595800      0.6300380      0.6012070      0.6025700      0.5873900      0.5671830      0.5517600      0.5239700      0.4985800      0.4783500      0.4719200      0.4696500      0.4789200      0.4974600      0.5218700      0.5490500      0.5767500      0.6034100      0.6280400      0.6498400      0.6684600      0.6829300      0.6948200    
  0.8375490      0.8179500      0.8171030      0.8162500      0.7637430      0.6628600      0.6612200      0.6313870      0.6018890      0.6025700      0.5949800      0.5772260      0.5517600      0.5378650      0.5247700      0.5003000      0.4829500      0.4733070      0.4959440      0.5132900      0.5283100      0.5486900      0.5722600      0.5971500      0.6219200      0.6455200      0.6676600      0.6855400      0.7016300      0.7149700    
  0.8179500      0.8175270      0.8171010      0.7649890      0.6628600      0.6620400      0.6320530      0.6022290      0.6025700      0.5987750      0.5816340      0.5517600      0.5448130      0.5381320      0.5209780      0.5026730      0.4855190      0.5055510      0.5296150      0.5459400      0.5588500      0.5765200      0.5974100      0.6210600      0.6440900      0.6666600      0.6859900      0.7057700      0.7232200      0.7380300    
  0.8177380      0.8175260      0.7656190      0.6628600      0.6624500      0.6323850      0.6024000      0.6025700      0.6006720      0.5836850      0.5517600      0.5482860      0.5449010      0.5346410      0.5205940      0.5030570      0.5154920      0.5377770      0.5459400      0.5649170      0.5899600      0.6056400      0.6244600      0.6453000      0.6671200      0.6829700      0.7050500      0.7257600      0.7445800      0.7632700    
  0.8177380      0.7659360      0.6628600      0.6626550      0.6325500      0.6024850      0.6025700      0.6016210      0.5846720      0.5517600      0.5500230      0.5483160      0.5426100      0.5333790      0.5194310      0.5371040      0.5418590      0.5459400      0.5907480      0.6099900      0.6205580      0.6259900      0.6448900      0.6651200      0.6831400      0.7062000      0.7284800      0.7498800      0.7698900      0.7879500    
  0.7660950      0.6628600      0.6627580      0.6326320      0.6025270      0.6025700      0.6020960      0.5851560      0.5517600      0.5508920      0.5500330      0.5469830      0.5414350      0.5628320      0.5827110      0.6036500      0.6045200      0.6176810      0.6337790      0.6421450      0.6300200      0.6511800      0.6636700      0.6843800      0.7063600      0.7289700      0.7516000      0.7737700      0.7950000      0.8147500    
  0.6628600      0.6628090      0.6326740      0.6025490      0.6025700      0.6023330      0.5853950      0.5517600      0.5513260      0.5508950      0.5493030      0.5461500      0.5926850      0.6560350      0.6559100      0.6467930      0.6645720      0.6631000      0.6548360      0.6492030      0.6542700      0.6625200      0.6854200      0.7060200      0.7279900      0.7507400      0.7737300      0.7965100      0.8187700      0.8401400    
  0.6628340      0.6326940      0.6025590      0.6025700      0.6024510      0.5855150      0.5517600      0.5515430      0.5513270      0.5505080      0.5852340      0.6399100      0.6507470      0.6561420      0.6561610      0.6559100      0.6621690      0.6660450      0.6631000      0.6648980      0.6633200      0.6813500      0.7017200      0.7256200      0.7477600      0.7706900      0.7939000      0.8170400      0.8396500      0.8616400    
  0.6327050      0.6025650      0.6025700      0.6025110      0.5855740      0.5517600      0.5516510      0.5515430      0.5511260      0.5933780      0.6399100      0.6399100      0.6399100      0.6509020      0.6563560      0.6564110      0.6559100      0.6636210      0.6689900      0.6631000      0.6789000      0.6973600      0.7181100      0.7406200      0.7650500      0.7881600      0.8115300      0.8343900      0.8565900      0.8777100    
  0.6025670      0.6025700      0.6025400      0.5856040      0.5517600      0.5517060      0.5516520      0.5579100      0.5887030      0.6398820      0.6399100      0.6399100      0.6399100      0.6399100      0.6511810      0.6567450      0.6569130      0.6559100      0.6664830      0.6748800      0.6911900      0.7101700      0.7314500      0.7544500      0.7784200      0.8028400      0.8258400      0.8482000      0.8695000      0.8891600    
  0.6025700      0.6025550      0.5856180      0.5517600      0.5517330      0.5487620      0.5443600      0.5608390      0.5773200      0.6189690      0.6398250      0.6399100      0.6399100      0.6399100      0.6399100      0.6516560      0.6574140      0.6579150      0.6559100      0.6720400      0.6909600      0.7124800      0.7359100      0.7650600      0.7894700      0.8134400      0.8366600      0.8584100      0.8787800      0.8972400    
  0.6025630      0.5856260      0.5517600      0.5517460      0.5481720      0.5443310      0.5443310      0.5443600      0.5608370      0.5773200      0.6188210      0.6396550      0.6399100      0.6399100      0.6399100      0.6399100      0.6523890      0.6584170      0.6599200      0.6764900      0.6953500      0.7176800      0.7424600      0.7690400      0.7957900      0.8204200      0.8429200      0.8637700      0.8848500      0.9026700    
