iMOD/TUTORIALS/TUT_MetaswapAnalyser/model_MetaSWAP/meteo/Precipitation/Precipitation_20050419_L1.ASC
NCOLS                30
NROWS                30
XLLCORNER     160000.00
YLLCORNER     340000.00
CELLSIZE        1000.00
NODATA_VALUE   -9999.00
   11.48610       11.72170       11.94570       12.15840       12.35810       12.56160       12.76030       12.94730       13.11730       13.27380       13.42700       13.57090       13.70900       13.82310       13.94360       14.07890       14.11700       14.24440       14.36790       14.49380       14.62190       14.76480       14.89740       15.00250       15.13830       15.27350       15.40750       15.53960       15.66870       15.79350    
   11.31400       11.54490       11.78320       11.99180       12.18770       12.38480       12.57380       12.75060       12.91220       13.06560       13.22140       13.37040       13.50840       13.63850       13.76460       13.81870       13.94030       14.10040       14.23990       14.37630       14.51590       14.66930       14.81410       14.93420       15.08250       15.23040       15.37760       15.52340       15.64450       15.78920    
   11.17610       11.39800       11.61230       11.81120       12.02220       12.21200       12.39300       12.56320       12.71910       12.87290       13.02600       13.17080       13.31480       13.43710       13.57810       13.65880       13.78640       13.91920       14.05790       14.20220       14.35990       14.52420       14.65520       14.81700       14.98010       15.14400       15.28380       15.45180       15.61910       15.78650    
   11.04650       11.25910       11.46510       11.65700       11.85030       12.03560       12.21200       12.38370       12.53380       12.68980       12.83480       12.97590       13.10870       13.23620       13.36810       13.46450       13.59260       13.72910       13.87450       14.02780       14.18760       14.33410       14.51500       14.66420       14.84300       15.02430       15.20750       15.39200       15.57660       15.76210    
   10.92460       11.12780       11.31790       11.50980       11.69480       11.87230       12.04160       12.21080       12.35840       12.49940       12.60240       12.75150       12.89020       13.01560       13.15280       13.26350       13.37920       13.51720       13.66800       13.82920       13.96630       14.14180       14.33720       14.53240       14.72440       14.91960       15.11720       15.31530       15.51500       15.71280    
   10.80990       10.99820       11.18690       11.36970       11.54610       11.71560       11.89950       12.04260       12.10830       12.25500       12.39840       12.53610       12.67590       12.80260       12.94050       13.05000       13.17130       13.31210       13.47130       13.64250       13.79430       13.97970       14.18490       14.38460       14.58910       14.80240       15.01300       15.22420       15.43650       15.64650    
   10.69540       10.88400       11.06310       11.23680       11.43770       11.59470       11.74510       11.76680       11.91360       12.05780       12.19660       12.33010       12.45910       12.58750       12.74280       12.84260       12.95350       13.09850       13.26900       13.42900       13.61490       13.80920       14.01120       14.23360       14.44940       14.66940       14.89150       15.11650       15.34330       15.56530    
   10.68670       10.82030       10.99010       11.15060       11.30550       11.35740       11.43610       11.58150       11.72560       11.86440       11.99800       12.12700       12.25200       12.37200       12.54700       12.64040       12.73940       12.89030       13.05620       13.23750       13.42910       13.63070       13.84120       14.07290       14.29900       14.52860       14.76280       14.99870       15.24140       15.47230    
   10.65610       10.72060       10.87760       11.03380       11.05420       11.20510       11.26660       11.40460       11.54240       11.67530       11.80360       11.92780       12.04880       12.26400       12.35840       12.45180       12.56130       12.69970       12.86240       13.04250       13.23720       13.44470       13.66280       13.90330       14.13770       14.37850       14.62280       14.87720       15.12130       15.36360    
   10.57700       10.62760       10.77590       10.76230       10.91440       11.05770       11.09720       11.23310       11.36440       11.49130       11.61400       11.73320       11.84980       12.08350       12.16380       12.26400       12.38200       12.50860       12.66200       12.83870       13.03500       13.25130       13.47670       13.71180       13.96890       14.21880       14.48100       14.73500       14.98930       15.24230    
   10.54110       10.66020       10.70020       10.63500       10.77530       10.85870       10.93830       11.06730       11.19220       11.31290       11.42980       11.54360       11.83330       11.79780       11.92800       12.03310       12.16250       12.30760       12.47900       12.67560       12.89300       13.12580       13.36940       13.61980       13.88390       14.16570       14.42670       14.68730       14.94640       15.10860    
   10.53980       10.63410       10.63500       10.62720       10.64520       10.71240       10.78040       10.90760       11.02600       11.14060       11.08020       11.21230       11.50580       11.64510       11.72710       11.82510       11.93860       12.08420       12.25340       12.45440       12.68050       12.92320       13.18270       13.44280       13.70650       13.99160       14.26030       14.52860       14.79550       15.05950    
   10.55360       10.63500       10.56620       10.54930       10.45340       10.51350       10.63320       10.74940       10.61500       10.75230       10.88270       11.31180       11.38040       11.45310       11.52640       11.61410       11.71480       11.83920       12.01290       12.22400       12.46660       12.72220       12.98570       13.25380       13.52450       13.79670       14.09100       14.36520       14.63810       14.90860    
   10.63500       10.53900       10.50130       10.45340       10.44870       10.37910       10.16630       10.29910       10.43000       10.53910       10.66870       11.13510       11.19900       11.26610       11.33670       11.40760       11.49370       11.59430       11.75210       11.99240       12.25130       12.51870       12.77950       13.05130       13.32500       13.60010       13.89630       14.17400       14.45090       14.72630    
   10.52620       10.47740       10.45340       10.42710       10.37910       10.18050       9.996100       10.12410       10.25080       10.37600       10.91670       10.97270       11.03170       11.09360       11.15820       11.22020       11.29130       11.36720       11.51170       11.76880       12.05000       12.32180       12.59500       12.86960       13.14540       13.42210       13.69940       13.99810       14.27590       14.55760    
   10.46540       10.45340       10.41990       10.37910       10.18520       9.996100       10.06010       10.12370       10.36290       10.70060       10.75140       10.80570       10.86330       10.92450       11.01080       11.07760       11.11380       11.21480       11.37370       11.60260       11.85430       12.14240       12.41290       12.68580       12.96050       13.23640       13.51300       13.78980       14.08690       14.36190    
   10.45340       10.41740       10.37910       10.18680       9.996100       10.02810       10.06000       10.31180       10.70060       10.72600       10.68100       10.64340       10.73110       10.79370       10.79810       10.88310       10.97170       11.09400       11.25640       11.46210       11.69530       11.94290       12.19870       12.49960       12.76960       13.04170       13.31500       13.58870       13.86210       14.15150    
   10.41660       10.37910       10.18730       9.996100       10.01210       10.02810       10.27510       10.70060       10.71330       10.63710       10.57370       10.50400       10.56720       10.56110       10.64400       10.73770       10.83440       10.96700       11.12970       11.32330       11.54160       11.77680       12.02300       12.27680       12.57660       12.84290       13.11100       13.37990       13.64820       13.91370    
   10.37910       10.18750       9.996100       10.00410       10.01210       10.25400       10.70060       10.70690       10.61880       10.53880       10.50400       10.53560       10.50910       10.40400       10.49200       10.59240       10.70940       10.83070       10.99210       11.17800       11.38540       11.60940       11.84580       12.09140       12.34360       12.60070       12.90120       13.16380       13.42490       13.69310    
   10.18760       9.996100       10.00010       10.00410       10.24270       10.70060       10.70380       10.61030       10.52140       10.50400       10.51980       10.48820       10.40400       10.44800       10.49610       10.59790       10.71080       10.84410       10.97680       11.02370       11.22250       11.43720       11.66450       11.90170       12.14630       12.39650       12.65560       12.91090       13.16930       13.45710    
   9.996100       9.998100       10.00010       10.23690       10.70060       10.70220       10.60630       10.51270       10.50400       10.51190       10.47900       10.40400       10.42600       10.44940       10.51400       10.60160       10.71760       10.86660       10.94170       10.85960       11.05130       11.25790       11.47700       11.71240       11.94910       12.19170       12.44080       12.68930       12.93770       13.18400    
   9.997100       9.998100       10.23390       10.70060       10.70140       10.60430       10.50840       10.50400       10.50790       10.47470       10.40400       10.41500       10.42650       10.46310       10.52170       10.61110       10.78920       10.90060       10.85960       10.93020       10.87960       11.07820       11.28910       11.51040       11.74260       11.97120       12.21200       12.45440       12.69660       12.93950    
   9.997100       10.23240       10.70060       10.70100       10.60330       10.50620       10.50400       10.50600       10.47270       10.40400       10.40950       10.41520       10.43490       10.47040       10.53200       10.61380       10.88010       10.85960       10.72420       10.70200       10.80640       10.88870       11.07500       11.29230       11.51750       11.74800       11.98240       12.21840       12.45400       12.68720    
   10.23170       10.70060       10.70080       10.60280       10.50510       10.50400       10.50500       10.47170       10.40400       10.40670       10.40960       10.41980       10.44010       10.08660       10.05710       10.26430       10.26710       10.36190       10.46640       10.40510       10.52430       10.66100       10.86330       11.07480       11.29430       11.51970       11.74880       11.97930       12.20880       12.44080    
   10.70060       10.70070       10.60250       10.50450       10.50400       10.50450       10.47120       10.40400       10.40540       10.40680       10.41200       10.42320       9.748460       8.901690       8.909240       9.552790       9.645800       9.674650       10.08440       10.29200       10.28600       10.47140       10.64350       10.85010       11.06500       11.28610       11.51100       11.73720       11.96670       12.18670    
   10.70060       10.60240       10.50430       10.50400       10.50420       10.47090       10.40400       10.40470       10.40540       10.40810       9.446000       7.994010       8.592790       8.894000       8.894140       8.909240       9.388990       9.616960       9.674650       9.965880       10.06570       10.24590       10.43760       10.61800       10.82920       11.04720       11.26940       11.49690       11.71870       11.93560    
   10.60240       10.50410       10.50400       10.50410       10.47080       10.40400       10.40430       10.40470       10.40600       9.249490       7.994010       7.994010       7.994010       8.581460       8.878620       8.879030       8.909240       9.355100       9.559270       9.674650       9.837170       10.01210       10.19890       10.39670       10.58700       10.80320       11.02710       11.25030       11.47180       11.68900    
   10.50410       10.50400       10.50410       10.47070       10.40400       10.40420       10.40430       9.452270       8.695490       7.993310       7.994010       7.994010       7.994010       7.994010       8.559070       8.847590       8.848830       8.909240       9.277260       9.443880       9.600920       9.770500       9.952350       10.14620       10.35140       10.55530       10.77800       11.00250       11.22560       11.44520    
   10.50400       10.50400       10.47070       10.40400       10.40410       8.758360       6.289880       6.441930       6.594000       7.525430       7.991910       7.994010       7.994010       7.994010       7.994010       8.515660       8.784700       8.788420       8.909240       9.081270       9.262680       9.453050       9.644800       9.885470       10.09110       10.30860       10.52600       10.75340       10.97960       11.20250    
   10.50400       10.47070       10.40400       10.40400       8.428860       6.289400       6.289400       6.289880       6.441920       6.594000       7.521800       7.987710       7.994010       7.994010       7.994010       7.994010       8.435100       8.656440       8.667600       8.836490       8.997390       9.189930       9.389830       9.597460       9.818060       10.05630       10.30060       10.50570       10.73390       10.96050    
