iMOD/TUTORIALS/TUT_MetaswapAnalyser/model_MetaSWAP/meteo/Precipitation/Precipitation_20060331_L1.ASC
NCOLS                30
NROWS                30
XLLCORNER     160000.00
YLLCORNER     340000.00
CELLSIZE        1000.00
NODATA_VALUE   -9999.00
   1.078030       1.009290      0.9463400      0.8970800      0.8759100      0.9373800       1.090670       1.308160       1.554770       1.780390       1.958460       2.122580       2.283580       2.425170       2.575110       2.687800       2.848110       2.959730       3.066010       3.161640       3.248660       3.349860       3.429340       3.488720       3.569370       3.652250       3.738140       3.826640       3.915150       4.003920    
   1.149100       1.093290       1.048170       1.027170       1.036770       1.114590       1.260350       1.467940       1.725440       1.953570       2.096250       2.247600       2.404310       2.524950       2.670810       2.835770       2.964250       3.058190       3.147770       3.231150       3.305470       3.393320       3.462620       3.515230       3.591120       3.672680       3.761260       3.857280       3.987280       4.085610    
   1.224710       1.184510       1.160010       1.149360       1.190360       1.276710       1.415870       1.604520       1.827650       2.032680       2.196760       2.353840       2.499180       2.642640       2.784050       2.941010       3.065870       3.171010       3.256520       3.326280       3.377660       3.449490       3.486770       3.547760       3.614880       3.690210       3.806390       3.898270       4.008020       4.117150    
   1.305260       1.279450       1.270940       1.277510       1.327550       1.416030       1.545740       1.715820       1.907930       2.095750       2.270880       2.434990       2.599250       2.749630       2.903780       3.061070       3.187090       3.284740       3.354910       3.405310       3.445370       3.455160       3.513620       3.594270       3.648330       3.711150       3.784240       3.869250       3.973140       4.082910    
   1.385900       1.372340       1.367870       1.396090       1.451920       1.539250       1.658920       1.811280       1.980290       2.157010       2.358950       2.525340       2.694260       2.859300       3.015550       3.178500       3.328940       3.420470       3.471880       3.499290       3.498790       3.517360       3.558130       3.580350       3.621680       3.672320       3.732740       3.810410       3.887100       3.964810    
   1.463200       1.455280       1.469030       1.503240       1.561250       1.645310       1.756330       1.893910       2.125230       2.266630       2.425160       2.589190       2.760410       2.936270       3.112910       3.297770       3.446940       3.524620       3.541600       3.535480       3.511160       3.509570       3.533450       3.552730       3.581140       3.610360       3.655880       3.715150       3.769280       3.821230    
   1.537930       1.542030       1.561130       1.598480       1.657640       1.737040       1.838060       2.080360       2.193500       2.332270       2.480300       2.637210       2.804380       2.983690       3.162190       3.375170       3.565050       3.615050       3.575820       3.520860       3.489250       3.472330       3.468810       3.492980       3.511000       3.535960       3.574810       3.606820       3.635530       3.667120    
   1.644350       1.622930       1.645370       1.683580       1.739400       1.935400       2.068240       2.150690       2.263610       2.387900       2.522110       2.666110       2.821200       2.991500       3.154660       3.371510       3.607530       3.612960       3.526770       3.465700       3.425550       3.403260       3.395210       3.413940       3.425260       3.450360       3.467190       3.484040       3.494220       3.509040    
   1.717570       1.693750       1.717680       1.756070       1.968340       2.026880       2.158100       2.225730       2.324420       2.433000       2.550300       2.675960       2.810500       2.915840       3.082620       3.252890       3.393070       3.429980       3.393150       3.350340       3.320420       3.304880       3.300820       3.320460       3.339070       3.348410       3.355830       3.353530       3.354490       3.351490    
   1.779980       1.756660       1.780980       2.020510       2.058780       2.110520       2.217600       2.292800       2.377050       2.468880       2.566960       2.670290       2.778160       2.837020       2.968530       3.084350       3.175860       3.208800       3.204500       3.190440       3.182170       3.185370       3.193090       3.203600       3.240110       3.247300       3.241530       3.235560       3.221720       3.201070    
   1.770310       1.772540       1.916850       2.109270       2.144630       2.179520       2.290380       2.353790       2.423680       2.498390       2.576230       2.655420       2.657110       2.805060       2.897130       2.946080       2.977920       2.988330       2.988410       2.990970       3.001830       3.019550       3.039860       3.065420       3.070950       3.100850       3.098420       3.084870       3.060120       3.064960    
   1.773360       1.892240       2.109270       2.192240       2.224340       2.253110       2.360090       2.411090       2.467200       2.525350       2.675460       2.718900       2.685370       2.757240       2.784480       2.791510       2.785350       2.780220       2.785300       2.810560       2.850510       2.895070       2.936340       2.969160       2.990600       3.019780       3.014680       2.993730       2.957010       2.905770    
   1.887680       2.109270       2.212440       2.257520       2.290710       2.387360       2.426220       2.468440       2.645660       2.673930       2.701310       2.674820       2.694220       2.699790       2.691980       2.661060       2.617660       2.581370       2.589090       2.640210       2.716630       2.791030       2.854490       2.902600       2.933230       2.945140       2.960260       2.933860       2.887120       2.820930    
   2.109270       2.221630       2.274120       2.290710       2.379510       2.460460       2.669190       2.691330       2.712220       2.714510       2.727340       2.689050       2.687190       2.668470       2.629370       2.569850       2.485100       2.404700       2.400730       2.503320       2.619460       2.722620       2.806000       2.867600       2.906760       2.923010       2.936830       2.907040       2.852990       2.775070    
   2.226010       2.282410       2.290710       2.376890       2.460460       2.616160       2.718830       2.736120       2.750830       2.760660       2.714790       2.714200       2.699280       2.666450       2.612180       2.533920       2.428100       2.296400       2.270490       2.435200       2.586650       2.707340       2.803070       2.873810       2.919450       2.939670       2.934080       2.923370       2.865280       2.785210    
   2.286560       2.290710       2.376020       2.460460       2.598480       2.718830       2.727480       2.735260       2.756470       2.778290       2.780400       2.771410       2.748540       2.709150       2.655750       2.578060       2.475770       2.387860       2.386860       2.496680       2.624560       2.753360       2.851320       2.925860       2.975580       2.999500       2.996770       2.966670       2.929060       2.842420    
   2.290710       2.375730       2.460460       2.592590       2.718830       2.723150       2.727190       2.749380       2.778290       2.779350       2.826560       2.852910       2.834740       2.797120       2.728670       2.669850       2.603980       2.560820       2.571410       2.641820       2.740610       2.840750       2.928950       3.018670       3.069690       3.096540       3.097660       3.071940       3.018750       2.938560    
   2.375630       2.460460       2.590630       2.718830       2.720990       2.723060       2.744500       2.778290       2.778820       2.847070       2.901360       2.949800       2.932310       2.890270       2.854940       2.815970       2.772430       2.754990       2.772320       2.826500       2.904380       2.989330       3.069080       3.135950       3.205620       3.235720       3.242290       3.223770       3.179390       3.092090    
   2.460460       2.589970       2.718830       2.719910       2.720960       2.741710       2.778290       2.778550       2.855910       2.925580       2.949800       2.941060       2.951060       3.031840       3.011070       2.990950       2.979120       2.963380       2.986650       3.034620       3.100660       3.174720       3.247410       3.311550       3.362030       3.395220       3.429210       3.420700       3.371040       3.312330    
   2.589750       2.718830       2.719370       2.719900       2.740220       2.778290       2.778420       2.860050       2.937690       2.949800       2.945430       2.968440       3.031840       3.021460       3.011290       2.993710       2.977820       2.976380       3.149320       3.260520       3.321140       3.389140       3.457740       3.521010       3.574210       3.613700       3.632300       3.610540       3.595240       3.583960    
   2.718830       2.719100       2.719370       2.739440       2.778290       2.778360       2.862060       2.943740       2.949800       2.947610       2.973880       3.031840       3.026650       3.021530       3.008820       2.994270       2.982640       3.197180       3.380970       3.501420       3.560970       3.626970       3.694620       3.754400       3.812430       3.860320       3.871250       3.890970       3.894920       3.881200    
   2.718970       2.719100       2.739050       2.778290       2.778320       2.863060       2.946770       2.949800       2.948710       2.975780       3.031840       3.029240       3.026670       3.019000       3.008210       2.995240       3.223340       3.441200       3.501420       3.624260       3.810390       3.877980       3.947750       4.016360       4.076940       4.119530       4.166330       4.203680       4.228900       4.238570    
   2.718960       2.738850       2.778290       2.778310       2.863550       2.948290       2.949800       2.949250       2.976530       3.031840       3.030540       3.029250       3.024970       3.017960       3.007480       3.414130       3.471310       3.501420       3.948150       4.113170       4.136840       4.149940       4.219320       4.292880       4.357360       4.420990       4.482160       4.538660       4.588040       4.625490    
   2.738750       2.778290       2.778300       2.863800       2.949040       2.949800       2.949530       2.976860       3.031840       3.031190       3.030540       3.028250       3.024060       3.663570       4.097170       4.374850       4.372570       4.409190       4.458790       4.553740       4.415960       4.429920       4.518250       4.588940       4.661830       4.736020       4.811000       4.886340       4.960980       5.006510    
   2.778290       2.778290       2.863920       2.949420       2.949800       2.949660       2.977010       3.031840       3.031520       3.031190       3.030000       3.027620       4.190090       5.612690       5.603880       5.164690       5.280670       5.243720       4.893880       4.709460       4.691520       4.797990       4.819620       4.895010       4.973830       5.055960       5.141780       5.232160       5.305680       5.411840    
   2.778290       2.863980       2.949610       2.949800       2.949730       2.977080       3.031840       3.031680       3.031520       3.030900       4.396110       6.445870       5.898040       5.621890       5.621490       5.603880       5.401640       5.317620       5.243720       5.068620       5.020890       5.095770       5.174230       5.204570       5.287060       5.373580       5.464950       5.542910       5.650050       5.770250    
   2.864010       2.949710       2.949800       2.949770       2.977110       3.031840       3.031760       3.031680       3.031360       4.670050       6.445870       6.445870       6.445870       5.911730       5.640310       5.639100       5.603880       5.441330       5.391510       5.243720       5.318360       5.395680       5.475340       5.557180       5.597050       5.683500       5.759160       5.852330       5.952870       6.058080    
   2.949750       2.949800       2.949780       2.977130       3.031840       3.031800       3.031760       4.102790       5.205630       6.446520       6.445870       6.445870       6.445870       6.445870       5.939240       5.677940       5.674320       5.603880       5.526210       5.539310       5.617290       5.695990       5.775160       5.854880       5.934220       5.975250       6.053380       6.135120       6.217830       6.294650    
   2.949800       2.949790       2.977140       3.031840       3.031820       4.633010       7.034770       7.175580       7.316370       6.737790       6.447810       6.445870       6.445870       6.445870       6.445870       5.994060       5.755630       5.744760       5.603880       5.717930       5.827570       5.931840       6.052590       6.159420       6.221770       6.286230       6.330180       6.395540       6.456340       6.505380    
   2.949800       2.977140       3.031840       3.031830       4.953320       7.034870       7.034870       7.034770       7.175600       7.316370       6.741110       6.451700       6.445870       6.445870       6.445870       6.445870       6.100420       5.918250       5.885640       6.008500       6.179790       6.268310       6.349500       6.423840       6.494680       6.565270       6.630350       6.647430       6.677780       6.703060    
