iMOD/TUTORIALS/TUT_MetaswapAnalyser/model_MetaSWAP/meteo/Precipitation/Precipitation_20061205_L1.ASC
NCOLS                30
NROWS                30
XLLCORNER     160000.00
YLLCORNER     340000.00
CELLSIZE        1000.00
NODATA_VALUE   -9999.00
   4.589510       4.515950       4.445890       4.379690       4.324560       4.267880       4.219410       4.175690       4.136360       4.113000       4.106900       4.107120       4.108350       4.094960       4.094000       4.051580       4.076260       4.075620       4.071590       4.068040       4.065230       4.108370       4.112010       4.115340       4.121620       4.129860       4.140980       4.156590       4.179530       4.215150    
   4.532700       4.456180       4.381860       4.313050       4.256070       4.194360       4.137770       4.084210       4.031700       3.998690       3.995630       3.991850       3.989270       3.943030       3.932180       3.947540       3.939160       3.913580       3.909310       3.902700       3.897900       3.935250       3.938450       3.942020       3.949380       3.959060       3.971570       3.987980       4.012910       4.047450    
   4.472920       4.394290       4.318950       4.258040       4.186900       4.121240       4.059720       4.001850       3.951140       3.914820       3.895930       3.884060       3.854470       3.828270       3.804550       3.805070       3.790920       3.777850       3.766300       3.756830       3.754550       3.786950       3.787890       3.792960       3.800270       3.809800       3.824180       3.838490       3.857280       3.882100    
   4.412620       4.332200       4.254820       4.191330       4.118560       4.049800       3.985220       3.925190       3.876090       3.832550       3.803810       3.775660       3.750960       3.716240       3.691030       3.680830       3.662670       3.645980       3.631320       3.619500       3.611180       3.609040       3.644130       3.652150       3.659900       3.669840       3.681970       3.696580       3.714960       3.737350    
   4.352140       4.270170       4.202610       4.124610       4.049940       3.978990       3.912220       3.848780       3.795700       3.750570       3.738600       3.694410       3.655280       3.614210       3.581740       3.560530       3.539350       3.519020       3.501170       3.487080       3.475750       3.471130       3.509380       3.514700       3.523880       3.535420       3.549410       3.567460       3.589640       3.622780    
   4.291860       4.219460       4.137510       4.058190       3.981870       3.908990       3.831030       3.773660       3.813550       3.726650       3.665740       3.611260       3.562230       3.514950       3.472420       3.444350       3.418790       3.394460       3.372810       3.356380       3.344600       3.340480       3.376940       3.385520       3.396930       3.409940       3.426440       3.447530       3.474000       3.511920    
   4.254940       4.155660       4.072880       3.992390       3.900620       3.827860       3.758470       3.846230       3.740470       3.665430       3.595840       3.531820       3.473440       3.418100       3.362160       3.329920       3.302120       3.273000       3.246680       3.227250       3.217300       3.214900       3.218700       3.263460       3.277980       3.294600       3.314430       3.336440       3.363850       3.401260    
   4.212230       4.088510       3.990420       3.910920       3.833660       3.921730       3.898460       3.776680       3.690500       3.608120       3.529990       3.456480       3.388110       3.322500       3.253170       3.214860       3.184900       3.150100       3.119940       3.101660       3.094010       3.095170       3.102990       3.150860       3.169330       3.190110       3.210770       3.233390       3.257630       3.291690    
   4.131600       4.027560       3.944310       3.847110       3.984040       3.887460       3.869320       3.738120       3.645910       3.556300       3.469720       3.386690       3.307960       3.199450       3.146360       3.098110       3.056930       3.020780       2.993260       2.978280       2.975550       2.982620       2.996440       3.049470       3.073860       3.096790       3.118930       3.138070       3.161780       3.188970    
   4.073380       3.968280       3.884510       4.076140       3.959100       3.859530       3.805340       3.706250       3.608300       3.511770       3.416990       3.324500       3.235120       3.111770       3.042600       2.984550       2.933910       2.893690       2.867880       2.858200       2.863090       2.879320       2.901470       2.926230       2.991800       3.018360       3.038760       3.059300       3.077790       3.096100    
   4.066780       3.975390       3.997490       4.061030       3.957950       3.806000       3.785730       3.682500       3.579380       3.476510       3.374080       3.272500       3.113950       3.094190       2.995340       2.905280       2.829040       2.768780       2.731560       2.718450       2.725320       2.745460       2.772520       2.802000       2.826230       2.896250       2.920900       2.940530       2.955640       3.018040    
   4.067000       4.025170       4.061030       3.968480       3.948490       3.806840       3.789840       3.668270       3.560850       3.452590       3.460470       3.332110       3.155090       3.043690       2.924940       2.817790       2.723080       2.653880       2.616120       2.612960       2.634960       2.670250       2.707450       2.745960       2.780290       2.854640       2.879790       2.896570       2.905120       2.906280    
   4.077470       4.061030       3.965860       3.927470       3.906460       3.898160       3.789560       3.679480       3.745800       3.598770       3.463700       3.266080       3.139840       3.011100       2.875810       2.749870       2.633630       2.543780       2.506450       2.520230       2.563260       2.617080       2.670720       2.719300       2.760250       2.792030       2.864540       2.878760       2.881150       2.871950    
   4.061030       3.962580       3.916970       3.906460       3.904580       3.909110       4.047740       3.914580       3.778770       3.631780       3.491260       3.278080       3.144420       3.006140       2.863630       2.713350       2.570170       2.447530       2.402580       2.452320       2.525920       2.599350       2.692480       2.754950       2.805830       2.843990       2.915290       2.928160       2.924970       2.905320    
   3.960450       3.911710       3.906460       3.906720       3.909110       4.013340       4.083170       3.950470       3.814680       3.675550       3.456910       3.323830       3.185340       3.041220       2.891240       2.722790       2.565550       2.404830       2.341890       2.453790       2.560040       2.652290       2.732930       2.801200       2.856230       2.897090       2.922790       2.981050       2.974490       2.954390    
   3.909090       3.906460       3.907430       3.909110       4.001870       4.083170       4.016820       3.949440       3.772170       3.647990       3.520270       3.387590       3.249900       3.107290       2.977440       2.824490       2.671540       2.537900       2.493710       2.556930       2.645900       2.739290       2.820160       2.890080       2.947320       2.990430       3.017990       3.028660       3.069300       3.041150    
   3.906460       3.907670       3.909110       3.998050       4.083170       4.049990       4.016480       3.846610       3.647990       3.584130       3.532140       3.477850       3.371380       3.234360       3.114170       2.975640       2.833030       2.738660       2.703550       2.731440       2.793970       2.867310       2.939760       3.013860       3.070730       3.115080       3.144900       3.158420       3.154080       3.174950    
   3.907750       3.909110       3.996780       4.083170       4.066580       4.049880       3.890270       3.647990       3.616060       3.588730       3.552410       3.626980       3.501600       3.400130       3.273980       3.155740       3.030600       2.958730       2.928470       2.940810       2.983610       3.042080       3.105380       3.166650       3.230110       3.275790       3.308970       3.327430       3.329330       3.313450    
   3.909110       3.996350       4.083170       4.074880       4.066540       3.913680       3.647990       3.632030       3.613890       3.589700       3.626980       3.564290       3.525250       3.572300       3.462180       3.362620       3.281130       3.191780       3.165550       3.170830       3.201460       3.248480       3.303620       3.360510       3.414440       3.461800       3.508410       3.534040       3.545010       3.546510    
   3.996210       4.083170       4.079020       4.074860       3.925770       3.647990       3.640010       3.625850       3.608340       3.626980       3.595630       3.572210       3.572300       3.517240       3.465700       3.368640       3.278510       3.212820       3.323690       3.416190       3.439890       3.479300       3.528530       3.582360       3.636510       3.687410       3.740620       3.777450       3.798320       3.811080    
   4.083170       4.081100       4.079020       3.931910       3.647990       3.644000       3.631700       3.617660       3.626980       3.611310       3.591780       3.572300       3.544770       3.518410       3.450530       3.370950       3.286660       3.406850       3.545150       3.674100       3.694230       3.729100       3.774690       3.837830       3.892710       3.947870       4.000120       4.046770       4.084130       4.108640    
   4.082130       4.081100       3.935000       3.647990       3.645990       3.634600       3.622320       3.626980       3.619140       3.600590       3.572300       3.558540       3.545160       3.504570       3.446630       3.369380       3.469640       3.609620       3.674100       3.781860       3.977250       4.007650       4.049700       4.100630       4.155830       4.213380       4.276710       4.338110       4.393890       4.440790    
   4.082130       3.936560       3.647990       3.646990       3.636040       3.624650       3.626980       3.623060       3.604750       3.572300       3.565420       3.558670       3.536090       3.498790       3.440190       3.696380       3.641860       3.674100       4.126130       4.300260       4.289820       4.292210       4.311080       4.364420       4.427100       4.495910       4.569880       4.646860       4.723340       4.793070    
   3.937330       3.647990       3.647490       3.636760       3.625810       3.626980       3.625020       3.606770       3.572300       3.568860       3.565460       3.553390       3.531180       4.130840       4.446350       4.556130       4.554400       4.590680       4.644440       4.748290       4.623270       4.548700       4.591540       4.645330       4.709730       4.784290       4.868330       4.960720       5.059240       5.163180    
   3.647990       3.647740       3.637120       3.626400       3.626980       3.626000       3.607770       3.572300       3.570580       3.568870       3.562570       3.550010       4.668340       6.058210       6.048280       5.438310       5.472140       5.434700       5.074050       4.884780       4.873310       4.900940       4.874840       4.927350       4.992380       5.070400       5.161600       5.265870       5.387230       5.514970    
   3.647870       3.637300       3.626690       3.626980       3.626490       3.608260       3.572300       3.571440       3.570580       3.567340       4.948900       7.031520       6.390800       6.068070       6.068140       6.048280       5.678400       5.509580       5.434700       5.228450       5.157750       5.184170       5.220650       5.206930       5.269500       5.347290       5.440730       5.553500       5.677700       5.817410    
   3.637390       3.626830       3.626980       3.626740       3.608510       3.572300       3.571870       3.571440       3.569790       5.229970       7.031520       7.031520       7.031520       6.405390       6.087790       6.087990       6.048280       5.721060       5.584460       5.434700       5.448030       5.467270       5.494880       5.534160       5.536800       5.610000       5.702960       5.808310       5.925530       6.050080    
   3.626910       3.626980       3.626860       3.608630       3.572300       3.572080       3.571870       4.801150       5.902630       7.032420       7.031520       7.031520       7.031520       7.031520       6.434100       6.127100       6.127700       6.048280       5.816790       5.734220       5.741420       5.750650       5.765150       5.790260       5.832660       5.857860       5.941100       6.036070       6.136520       6.233610    
   3.626980       3.626920       3.608690       3.572300       3.572190       5.498460       8.387860       8.439700       8.491520       7.520630       7.034220       7.031520       7.031520       7.031520       7.031520       6.489790       6.205320       6.207120       6.048280       6.049960       6.047540       6.042040       6.031220       6.034600       6.061140       6.114210       6.162410       6.244000       6.324250       6.394290    
   3.626950       3.608720       3.572300       3.572250       5.884000       8.388190       8.388190       8.387860       8.439730       8.491520       7.525260       7.039610       7.031520       7.031520       7.031520       7.031520       6.594610       6.360570       6.365970       6.365870       6.341700       6.327030       6.303590       6.278250       6.275410       6.320410       6.384720       6.450150       6.500850       6.546260    
