iMOD/TUTORIALS/TUT_MetaswapAnalyser/model_MetaSWAP/meteo/Precipitation/Precipitation_20060802_L1.ASC
NCOLS                30
NROWS                30
XLLCORNER     160000.00
YLLCORNER     340000.00
CELLSIZE        1000.00
NODATA_VALUE   -9999.00
   12.05550       12.04760       12.01270       11.94680       11.83140       11.67670       11.45450       11.16450       10.82960       10.50230       10.22070       9.938620       9.645300       9.354720       9.047380       8.762280       8.486040       8.187380       7.891410       7.600130       7.311360       7.038830       6.748300       6.449780       6.148950       5.842280       5.532190       5.225120       4.934880       4.693560    
   11.94710       11.92080       11.81610       11.73590       11.59700       11.43100       11.20480       10.91160       10.54800       10.21750       9.985840       9.723720       9.439800       9.170690       8.870200       8.594220       8.298180       8.004810       7.729860       7.459290       7.191930       6.938130       6.665420       6.381240       6.089830       5.786360       5.471010       5.147150       4.804020       4.531400    
   11.78950       11.74860       11.68080       11.54700       11.35870       11.18550       10.96020       10.68030       10.36060       10.04900       9.787680       9.518410       9.243940       8.956600       8.654360       8.372800       8.085490       7.813780       7.557850       7.312900       7.075380       6.845710       6.591990       6.330280       6.053620       5.759660       5.420730       5.092460       4.752400       4.401410    
   11.62950       11.57500       11.49410       11.33570       11.19220       11.00820       10.78070       10.47230       10.18970       9.898110       9.610410       9.321370       9.036010       8.737730       8.430160       8.138790       7.858180       7.604380       7.376290       7.164110       6.956190       6.742260       6.533150       6.265370       6.013200       5.742050       5.449860       5.134630       4.800300       4.437590    
   11.47070       11.40410       11.24690       11.13060       10.98220       10.79860       10.57910       10.34000       10.05940       9.767740       9.446660       9.142020       8.832520       8.514500       8.198860       7.888760       7.591330       7.354700       7.160620       6.988070       6.811330       6.633670       6.459090       6.255480       6.031240       5.788630       5.527820       5.259010       4.972710       4.713270    
   11.31570       11.15180       11.05640       10.93450       10.78360       10.60200       10.39340       10.16650       9.819160       9.559840       9.277410       8.979050       8.650370       8.311570       7.956570       7.621950       7.325700       7.114800       6.973530       6.852880       6.720300       6.578930       6.436080       6.260970       6.068920       5.863390       5.643200       5.424570       5.203850       5.018770    
   11.09030       10.97580       10.87460       10.74900       10.60210       10.42280       10.21670       9.884900       9.651940       9.392260       9.114100       8.816320       8.496540       8.135600       7.750390       7.381070       7.035590       6.867970       6.807510       6.737600       6.650570       6.541850       6.413530       6.284380       6.125230       5.954640       5.787120       5.608930       5.444890       5.310000    
   10.96140       10.85420       10.70940       10.58120       10.42910       10.11510       9.920150       9.714800       9.483660       9.232480       8.961500       8.669760       8.355310       7.998330       7.606790       7.228220       6.819670       6.714700       6.708940       6.672880       6.609690       6.524150       6.420410       6.318540       6.190360       6.066070       5.927480       5.793930       5.673140       5.577840    
   10.83670       10.70100       10.58930       10.41980       10.09380       9.934590       9.744800       9.547340       9.324970       9.083200       8.822200       8.541610       8.240820       7.849520       7.527650       7.203670       6.917480       6.764760       6.705110       6.656230       6.596350       6.522640       6.436580       6.357490       6.268130       6.163620       6.061000       5.964390       5.883840       5.822330    
   10.70680       10.55770       10.44410       10.08440       9.920230       9.764770       9.585240       9.390220       9.176690       8.945180       8.696150       8.430160       8.148300       7.802810       7.494410       7.222570       7.000360       6.838340       6.736310       6.661580       6.593140       6.528940       6.455020       6.377240       6.327370       6.250380       6.176860       6.115510       6.068360       6.038120    
   10.68870       10.56950       10.25190       9.921550       9.784610       9.606190       9.431130       9.243280       9.038600       8.817700       8.581440       8.331150       7.994010       7.905640       7.602960       7.323360       7.077450       6.884280       6.739040       6.628920       6.539810       6.461740       6.389410       6.329610       6.261370       6.236420       6.192520       6.162400       6.149140       6.220050    
   10.68490       10.35790       9.921550       9.704850       9.633560       9.480500       9.311500       9.105970       8.909890       8.699350       8.775650       8.496990       8.157370       7.910280       7.590210       7.325800       7.086970       6.887120       6.731460       6.614250       6.524140       6.450110       6.389590       6.332410       6.282910       6.266580       6.242150       6.234180       6.245590       6.277960    
   10.43780       9.921550       9.665680       9.556630       9.479700       9.341650       9.178720       9.001540       9.240650       8.976250       8.718900       8.441820       8.165180       7.883540       7.567470       7.305590       7.060290       6.845680       6.683860       6.569290       6.492650       6.427270       6.370840       6.322100       6.282450       6.254700       6.267170       6.275860       6.306910       6.362630    
   9.921550       9.646270       9.518170       9.479700       9.344670       9.212660       9.617590       9.407040       9.181270       8.963530       8.707520       8.402490       8.133190       7.857440       7.578340       7.272930       7.012050       6.766930       6.590350       6.506240       6.443390       6.387760       6.341520       6.297860       6.263400       6.241860       6.259110       6.277660       6.321420       6.393790    
   9.636610       9.498930       9.479700       9.345680       9.212660       9.481360       9.613840       9.402760       9.177300       8.938270       8.678820       8.416710       8.145330       7.866390       7.581420       7.249080       6.970870       6.684500       6.487970       6.442860       6.398880       6.347240       6.296740       6.251340       6.215180       6.192690       6.188540       6.229020       6.277040       6.352780    
   9.489320       9.479700       9.346010       9.212660       9.435950       9.613840       9.508300       9.397970       9.105590       8.904020       8.657820       8.400760       8.134100       7.859210       7.573680       7.288720       6.964480       6.708980       6.524840       6.429950       6.357520       6.301030       6.239550       6.184050       6.138470       6.107290       6.095390       6.107870       6.170580       6.247340    
   9.479700       9.346120       9.212660       9.420820       9.613840       9.561070       9.506700       9.228970       8.904020       8.780920       8.536630       8.394700       8.124730       7.858010       7.554210       7.285990       6.994830       6.765370       6.580760       6.446260       6.340780       6.248390       6.164150       6.103900       6.042180       5.995420       5.968310       5.966010       5.993850       6.081630    
   9.346160       9.212660       9.415770       9.613840       9.587450       9.560540       9.300190       8.904020       8.842470       8.581530       8.360270       8.325830       8.082350       7.830950       7.573240       7.314170       7.031690       6.811690       6.620320       6.460360       6.324490       6.204190       6.095010       5.996340       5.924590       5.855620       5.806080       5.781060       5.786020       5.832190    
   9.212660       9.414090       9.613840       9.600650       9.587280       9.338050       8.904020       8.873250       8.599380       8.343050       8.325830       8.204090       8.022880       7.852390       7.600230       7.347050       7.098920       6.846540       6.645180       6.464320       6.301600       6.153120       6.016260       5.890480       5.777090       5.678830       5.613880       5.559210       5.539240       5.554230    
   9.413530       9.613840       9.607240       9.600590       9.357500       8.904020       8.888630       8.607380       8.334440       8.325830       8.264960       8.101300       7.852390       7.726310       7.599890       7.348730       7.097500       6.863550       6.572110       6.458500       6.270760       6.094580       5.928880       5.773640       5.629920       5.499990       5.391100       5.307770       5.229520       5.214920    
   9.613840       9.610540       9.607220       9.367340       8.904020       8.896330       8.611200       8.330140       8.325830       8.295390       8.136120       7.852390       7.789350       7.726200       7.558310       7.348710       7.103260       6.686280       6.452240       6.445990       6.233920       6.030410       5.835560       5.652720       5.477260       5.313420       5.151140       5.021750       4.918890       4.853100    
   9.612190       9.610540       9.372280       8.904020       8.900170       8.613070       8.327980       8.325830       8.310610       8.152430       7.852390       7.820870       7.789310       7.691290       7.544410       7.336760       6.806670       6.449120       6.445990       6.292070       6.196300       5.966020       5.742530       5.526700       5.304850       5.100180       4.915070       4.743850       4.594080       4.482130    
   9.612190       9.374760       8.904020       8.902100       8.614000       8.326910       8.325830       8.318220       8.160320       7.852390       7.836630       7.820860       7.767160       7.675000       7.524150       6.916760       6.447550       6.445990       6.245490       6.151820       5.996540       5.892980       5.626940       5.382400       5.141850       4.912570       4.692240       4.478930       4.278090       4.104800    
   9.376000       8.904020       8.903060       8.614460       8.326370       8.325830       8.322030       8.164190       7.852390       7.844510       7.836630       7.808210       7.754340       7.494220       7.037000       6.453000       6.448390       6.289430       6.107750       6.092100       6.107340       5.820040       5.523460       5.257850       4.999410       4.746990       4.497530       4.247610       3.996910       3.766940    
   8.904020       8.903540       8.614690       8.326100       8.325830       8.323930       8.166110       7.852390       7.848450       7.844510       7.829780       7.799730       7.419750       7.017570       7.010580       6.642520       6.463040       6.450800       6.197140       6.079320       6.076860       5.738400       5.448890       5.159030       4.880080       4.610330       4.343820       4.071930       3.795980       3.490700    
   8.903780       8.614810       8.325960       8.325830       8.324880       8.167060       7.852390       7.850420       7.848450       7.840910       7.925000       8.075480       7.375830       7.024390       7.024570       7.010580       6.648080       6.475280       6.450800       6.166340       6.053760       5.713030       5.378660       5.077760       4.784000       4.508230       4.241900       3.978890       3.691010       3.372440    
   8.614870       8.325900       8.325830       8.325360       8.167540       7.852390       7.851410       7.850420       7.846590       7.953060       8.075480       8.075480       8.075480       7.385880       7.038020       7.038550       7.010580       6.655670       6.499760       6.450800       6.083920       5.710850       5.344820       5.001430       4.710240       4.441040       4.198470       3.959230       3.708760       3.444790    
   8.325860       8.325830       8.325590       8.167780       7.852390       7.851900       7.851400       8.469060       8.480720       8.076750       8.075480       8.075480       8.075480       8.075480       7.405470       7.064920       7.066520       7.010580       6.661530       6.548730       6.151440       5.740940       5.334880       4.959440       4.635590       4.403340       4.202560       4.016170       3.828680       3.645850    
   8.325830       8.325710       8.167900       7.852390       7.852140       8.890910       10.44920       10.38850       10.32780       8.829700       8.079280       8.075480       8.075480       8.075480       8.075480       7.442940       7.117660       7.122460       7.010580       6.636000       6.225190       5.786560       5.311620       4.918780       4.593210       4.384930       4.258010       4.140910       4.023230       3.913800    
   8.325770       8.167960       7.852390       7.852270       9.099130       10.44970       10.44970       10.44920       10.38850       10.32780       8.836250       8.086880       8.075480       8.075480       8.075480       8.075480       7.512080       7.219950       7.234340       6.850460       6.354940       5.898740       5.406880       4.915800       4.547050       4.417910       4.380450       4.334430       4.279600       4.224300    
