iMOD/TUTORIALS/TUT_MetaswapAnalyser/model_MetaSWAP/meteo/Precipitation/Precipitation_20060417_L1.ASC
NCOLS                30
NROWS                30
XLLCORNER     160000.00
YLLCORNER     340000.00
CELLSIZE        1000.00
NODATA_VALUE   -9999.00
  0.1552700      0.1673300      0.1803900      0.1954100      0.2148200      0.2422600      0.2792100      0.3213400      0.3611400      0.3792000      0.3722700      0.3580100      0.3423500      0.3284100      0.3144100      0.2958600      0.2764300      0.2671100      0.2579700      0.2501200      0.2434500      0.2362600      0.2313400      0.2279400      0.2241800      0.2209000      0.2181600      0.2162900      0.2161700      0.2201100    
  0.1552600      0.1681800      0.1830000      0.2001700      0.2219800      0.2498700      0.2848000      0.3256500      0.3711000      0.3906600      0.3686000      0.3477000      0.3287200      0.3082100      0.2920600      0.2714000      0.2588700      0.2439600      0.2364200      0.2295900      0.2243600      0.2191300      0.2161400      0.2145600      0.2127100      0.2111100      0.2096000      0.2082400      0.2078100      0.2106400    
  0.1547500      0.1679100      0.1829000      0.2008600      0.2223000      0.2481100      0.2785300      0.3121000      0.3414100      0.3540700      0.3424500      0.3243100      0.3031600      0.2858300      0.2671400      0.2471100      0.2342000      0.2239300      0.2162300      0.2108200      0.2086400      0.2056200      0.2054900      0.2053600      0.2056100      0.2058700      0.2060000      0.2053100      0.2044800      0.2030300    
  0.1530800      0.1658400      0.1802800      0.1972100      0.2164900      0.2386100      0.2629200      0.2873900      0.3028800      0.3097700      0.3050000      0.2909300      0.2745800      0.2574700      0.2410000      0.2230200      0.2105700      0.2013100      0.1951900      0.1918100      0.1906400      0.1930400      0.1937300      0.1964800      0.1994500      0.2024200      0.2049900      0.2067700      0.2079200      0.2072100    
  0.1502500      0.1620500      0.1754900      0.1901700      0.2065300      0.2242900      0.2425500      0.2530100      0.2648200      0.2690900      0.2708400      0.2593300      0.2434700      0.2275900      0.2120000      0.1962200      0.1843100      0.1763900      0.1723200      0.1714200      0.1736600      0.1770800      0.1809900      0.1877700      0.1941100      0.2006700      0.2071700      0.2141800      0.2203600      0.2287100    
   0.000000      0.1571500      0.1685000      0.1808300      0.1939800      0.2075300      0.2185100      0.2245500      0.2466400      0.2440900      0.2370100      0.2254600      0.2111500      0.1968900      0.1827800      0.1677500      0.1562600      0.1499400      0.1485100      0.1505300      0.1556300      0.1621600      0.1694700      0.1787500      0.1890000      0.2007300      0.2121300      0.2248600      0.2379500      0.2540500    
   0.000000      0.1509800      0.1603800      0.1702200      0.1775900      0.1876500      0.1967200      0.2199200      0.2186900      0.2146700      0.2065400      0.1950500      0.1813400      0.1667200      0.1548500       0.000000       0.000000       0.000000       0.000000       0.000000       0.000000       0.000000      0.1590000      0.1713600      0.1858700      0.2016200      0.2193900      0.2375100      0.2579300      0.2806700    
   0.000000       0.000000      0.1487500      0.1563800      0.1638300      0.2094600      0.1998700      0.1983900      0.1954800      0.1892800      0.1799400      0.1680200      0.1543600       0.000000       0.000000       0.000000       0.000000       0.000000       0.000000       0.000000       0.000000       0.000000      0.1482300      0.1646000      0.1836400      0.2054200      0.2280000      0.2524200      0.2765600      0.3063400    
   0.000000       0.000000       0.000000       0.000000      0.1977800      0.1990900      0.1856000      0.1812200      0.1759300      0.1679200      0.1574000       0.000000       0.000000       0.000000       0.000000       0.000000       0.000000       0.000000       0.000000       0.000000       0.000000       0.000000       0.000000      0.1586200      0.1832500      0.2094800      0.2380100      0.2660000      0.2996600      0.3357800    
   0.000000       0.000000       0.000000      0.1902200      0.1914600      0.1904300      0.1719500      0.1671400      0.1599800      0.1505100       0.000000       0.000000       0.000000       0.000000       0.000000       0.000000       0.000000       0.000000       0.000000       0.000000       0.000000       0.000000       0.000000      0.1545100      0.1831800      0.2149600      0.2467300      0.2843100      0.3246100      0.3674000    
   0.000000       0.000000      0.9436750E-01  0.1872500      0.1861200      0.1734700      0.1625900      0.1561200      0.1475400       0.000000       0.000000       0.000000       0.000000       0.000000       0.000000       0.000000       0.000000       0.000000       0.000000       0.000000       0.000000       0.000000       0.000000       0.000000      0.1768300      0.2148100      0.2552100      0.2990200      0.3459900      0.4016200    
   0.000000      0.7040440E-01  0.1872500      0.1816170      0.1830400      0.1678100      0.1553000      0.1481100       0.000000       0.000000       0.000000       0.000000       0.000000       0.000000       0.000000       0.000000       0.000000       0.000000       0.000000       0.000000       0.000000       0.000000       0.000000       0.000000      0.1811000      0.2227400      0.2689600      0.3190200      0.3726200      0.4293600    
  0.6441360E-01  0.1872500      0.1788690      0.1765500      0.1700600      0.1578200      0.1510800       0.000000       0.000000       0.000000       0.000000       0.000000       0.000000       0.000000       0.000000       0.000000       0.000000       0.000000       0.000000       0.000000       0.000000       0.000000       0.000000       0.000000      0.1888500      0.2367300      0.2883500      0.3447900      0.4051100      0.4689400    
  0.1872500      0.1773710      0.1733050      0.1700600      0.1615570      0.1567900      0.1640900      0.1534900       0.000000       0.000000       0.000000       0.000000       0.000000       0.000000       0.000000       0.000000       0.000000       0.000000       0.000000       0.000000       0.000000       0.000000       0.000000       0.000000      0.1937100      0.2453000      0.3014300      0.3626500      0.4284000      0.4984500    
  0.1765910      0.1716830      0.1700600      0.1628020      0.1567900      0.1598870      0.1587800      0.1486300       0.000000       0.000000       0.000000       0.000000       0.000000       0.000000       0.000000       0.000000       0.000000       0.000000       0.000000       0.000000       0.000000       0.000000       0.000000      0.1612800      0.2124700      0.2691400      0.3309800      0.3971300      0.4684700      0.5422000    
  0.1708710      0.1700600      0.1632170      0.1567900      0.1584860      0.1587800      0.1537050      0.1024700      0.7620000E-01  0.1561700       0.000000       0.000000       0.000000       0.000000       0.000000       0.000000       0.000000       0.000000       0.000000       0.000000       0.000000       0.000000       0.000000      0.1805600      0.2354300      0.2960700      0.3621200      0.4332500      0.5086600      0.5891300    
  0.1700600      0.1633560      0.1567900      0.1580190      0.1587800      0.1562420      0.1383180      0.1221360      0.1561700      0.7808500E-01  0.6142800E-01   0.000000       0.000000       0.000000       0.000000       0.000000       0.000000       0.000000       0.000000       0.000000       0.000000       0.000000      0.1579200      0.2092700      0.2673400      0.3314600      0.4011500      0.4759700      0.5555200      0.6359600    
  0.1634020      0.1567900      0.1578630      0.1587800      0.1575110      0.1511140      0.1432170      0.1561700      0.1171270      0.1044280      0.7548500E-01  0.1509700       0.000000       0.000000       0.000000       0.000000       0.000000       0.000000       0.000000       0.000000       0.000000      0.1476500      0.1934200      0.2470000      0.3074000      0.3742200      0.4466800      0.5242100      0.6062200      0.6892800    
  0.1567900      0.1578110      0.1587800      0.1581460      0.1558020      0.1520030      0.1561700      0.1366490      0.1283850      0.1132280      0.1509700      0.7548500E-01  0.3774250E-01   0.000000       0.000000       0.000000       0.000000       0.000000       0.000000       0.000000      0.1527400      0.1909600      0.2381200      0.2933500      0.3557700      0.4245800      0.4988200      0.5781300      0.6589000      0.7456800    
  0.1577940      0.1587800      0.1584630      0.1575760      0.1555300      0.1561700      0.1464090      0.1408540      0.1320990      0.1509700      0.1132280      0.6604940E-01   0.000000       0.000000       0.000000       0.000000       0.000000       0.000000      0.8014000E-01  0.1726700      0.2030300      0.2427600      0.2913200      0.3479500      0.4118100      0.4820200      0.5588100      0.6358200      0.7561000      0.8386200    
  0.1587800      0.1586210      0.1582730      0.1569350      0.1561700      0.1512900      0.1471880      0.1415340      0.1509700      0.1320990      0.8256170E-01   0.000000       0.000000       0.000000       0.000000       0.000000       0.000000      0.1017040      0.2003500      0.2280300      0.2606500      0.3021800      0.3522400      0.4113200      0.4763400      0.5475200      0.6601400      0.7409900      0.8231200      0.9045300    
  0.1587010      0.1585580      0.1575000      0.1561700      0.1537300      0.1503740      0.1462520      0.1509700      0.1415340      0.9140760E-01   0.000000       0.000000       0.000000       0.000000       0.000000       0.000000      0.1087850      0.2141900      0.2280300      0.2716600      0.3263000      0.3697800      0.4214300      0.4806500      0.5842000      0.6562000      0.7338800      0.8140700      0.8949300      0.9743200    
  0.1586800      0.1577320      0.1561700      0.1549500      0.1519710      0.1486110      0.1509700      0.1462520      0.9597800E-01   0.000000       0.000000       0.000000       0.000000       0.000000       0.000000      0.1604330      0.2211100      0.2280300      0.3553430      0.3959500      0.4325240      0.4444700      0.5311200      0.5940600      0.6619800      0.7354400      0.8125400      0.8917100      0.9710900       1.048410    
  0.1578310      0.1561700      0.1555600      0.1527700      0.1497910      0.1509700      0.1486110      0.9830000E-01   0.000000       0.000000       0.000000       0.000000       0.000000      0.2148700      0.3670730      0.4736620      0.4722700      0.4849890      0.4991290      0.5257300      0.4656000      0.5564700      0.6145900      0.6774300      0.7460100      0.8191600      0.8954900      0.9734400       1.051190       1.134050    
  0.1561700      0.1558650      0.1531700      0.1503800      0.1509700      0.1497910      0.9947030E-01   0.000000       0.000000       0.000000       0.000000       0.000000      0.3884030      0.8622440      0.8594800      0.7088630      0.7276060      0.7165100      0.6259350      0.5757070      0.5858600      0.6391600      0.7015000      0.7650000      0.8336700      0.9063300      0.9816200       1.057970       1.140410       1.212640    
  0.1560170      0.1533700      0.1506750      0.1509700      0.1503800      0.1000580       0.000000       0.000000       0.000000       0.000000      0.4110880       1.027720      0.9195930      0.8648990      0.8650090      0.8594800      0.7760950      0.7387030      0.7165100      0.6857930      0.6756600      0.7280500      0.7864600      0.8554800      0.9240700      0.9960300       1.069920       1.150000       1.222500       1.291290    
  0.1534700      0.1508230      0.1509700      0.1506750      0.1003520       0.000000       0.000000       0.000000       0.000000      0.4933060       1.027720       1.027720       1.027720      0.9235100      0.8702070      0.8705380      0.8594800      0.7896870      0.7608950      0.7165100      0.7651400      0.8194400      0.8790600      0.9434600       1.016380       1.087440       1.164130       1.236150       1.304850       1.368360    
  0.1508960      0.1509700      0.1508230      0.1004990       0.000000       0.000000       0.000000      0.3234670      0.6553430       1.027920       1.027720       1.027720       1.027720       1.027720      0.9311040      0.8806030      0.8815950      0.8594800      0.8218630      0.8052800      0.8565100      0.9126700      0.9733700       1.038110       1.106880       1.182450       1.254210       1.323270       1.387510       1.444820    
  0.1509700      0.1508960      0.1005730       0.000000       0.000000      0.5104880       1.276190       1.285030       1.293870       1.116970       1.028310       1.027720       1.027720       1.027720       1.027720      0.9455540      0.9007330      0.9037100      0.8594800      0.9061800      0.9576200       1.013400       1.067040       1.130730       1.201420       1.273150       1.345520       1.411560       1.471170       1.522270    
  0.1509330      0.1006100       0.000000       0.000000      0.6126210       1.276250       1.276250       1.276190       1.285040       1.293870       1.117970       1.029490       1.027720       1.027720       1.027720       1.027720      0.9721680      0.9390100      0.9479400      0.9977600       1.036460       1.098600       1.163030       1.229070       1.296940       1.366480       1.433750       1.500750       1.556580       1.601700    
