iMOD/TUTORIALS/TUT_MetaswapAnalyser/model_MetaSWAP/meteo/Precipitation/Precipitation_20060328_L1.ASC
NCOLS                30
NROWS                30
XLLCORNER     160000.00
YLLCORNER     340000.00
CELLSIZE        1000.00
NODATA_VALUE   -9999.00
   2.250490       2.181330       2.113250       2.045300       1.975460       1.902600       1.823620       1.739090       1.653080       1.582500       1.529850       1.481080       1.431160       1.376200       1.325830       1.282520       1.255800       1.212150       1.169990       1.130390       1.093070       1.040140       1.005150      0.9726500      0.9406200      0.9102000      0.8816200      0.8553700      0.8322800      0.8126400    
   2.272730       2.203440       2.133410       2.063920       1.992130       1.917440       1.837380       1.751150       1.658670       1.585380       1.545770       1.502210       1.456270       1.408280       1.359720       1.329720       1.283520       1.237500       1.196690       1.156830       1.118710       1.066110       1.029420      0.9947400      0.9603000      0.9272000      0.8957300      0.8663300      0.8359400      0.8138600    
   2.291580       2.222630       2.153680       2.083390       2.009840       1.935370       1.856910       1.774560       1.693050       1.626160       1.577270       1.532150       1.488850       1.437940       1.388700       1.354020       1.308180       1.264300       1.222610       1.182720       1.145420       1.092670       1.055160       1.017260      0.9801500      0.9440800      0.9049400      0.8729000      0.8422200      0.8166100    
   2.307480       2.239600       2.171460       2.102430       2.032000       1.959310       1.884210       1.806010       1.735200       1.671600       1.618060       1.569240       1.521900       1.469990       1.419350       1.379000       1.333020       1.289580       1.248710       1.209430       1.170610       1.134140       1.079550       1.033910      0.9943000      0.9556300      0.9183800      0.8830300      0.8491900      0.8199000    
   2.321010       2.254900       2.188940       2.121800       2.053480       1.983800       1.913050       1.843130       1.777550       1.716650       1.659460       1.608170       1.556930       1.502940       1.451230       1.403390       1.353200       1.309850       1.270220       1.231930       1.194130       1.153850       1.096440       1.056200       1.013220      0.9710100      0.9302700      0.8904400      0.8554800      0.8253300    
   2.332600       2.270320       2.206130       2.141360       2.075860       2.009670       1.942280       1.878220       1.806210       1.754410       1.701000       1.648920       1.596300       1.541200       1.478930       1.426350       1.376100       1.333890       1.297740       1.261690       1.223880       1.182000       1.122430       1.075730       1.028870      0.9847700      0.9401300      0.8968200      0.8589600      0.8264100    
   2.352780       2.284290       2.222760       2.160840       2.096970       2.035020       1.973060       1.895050       1.846150       1.793450       1.741960       1.690680       1.638150       1.583140       1.512080       1.455080       1.397600       1.358840       1.329610       1.296660       1.257040       1.212290       1.163840       1.097630       1.045810      0.9948700      0.9442400      0.8986400      0.8582300      0.8219800    
   2.348350       2.302770       2.236900       2.178720       2.120330       2.007280       1.974390       1.929860       1.879880       1.830820       1.782280       1.733340       1.682710       1.630460       1.553210       1.496210       1.430670       1.398120       1.373280       1.338390       1.295090       1.245350       1.191280       1.119090       1.061270       1.002710      0.9486400      0.8980100      0.8552600      0.8133900    
   2.356780       2.317840       2.261940       2.198410       2.071260       2.022640       1.996340       1.957060       1.911330       1.866320       1.821610       1.776440       1.729730       1.647560       1.604260       1.556120       1.506710       1.467310       1.431300       1.388960       1.338360       1.281100       1.219500       1.139770       1.072920       1.009910      0.9498000      0.8978300      0.8453000      0.7984800    
   2.368660       2.332160       2.279190       2.131140       2.080780       2.035860       2.023820       1.981470       1.940020       1.899350       1.859130       1.818820       1.777630       1.690860       1.661810       1.623760       1.583430       1.543100       1.499120       1.447400       1.387210       1.318500       1.247600       1.175380       1.084320       1.014180      0.9523400      0.8892900      0.8313200      0.7791700    
   2.374920       2.326670       2.219570       2.135780       2.092670       2.070540       2.040900       2.002560       1.965270       1.929010       1.893600       1.858710       1.756660       1.786990       1.752890       1.712780       1.668980       1.619060       1.560260       1.491360       1.414130       1.332000       1.248350       1.163920       1.089590      0.9935800      0.9211700      0.8540600      0.7926900      0.7562900    
   2.375150       2.264230       2.135780       2.113300       2.098000       2.084750       2.058630       2.019700       1.986310       1.954260       2.013620       1.971120       1.866250       1.838390       1.814080       1.782330       1.744520       1.697010       1.632770       1.552170       1.460720       1.364950       1.272500       1.180000       1.091670      0.9901700      0.9116200      0.8390100      0.7724600      0.7120800    
   2.300270       2.135780       2.122050       2.112380       2.126750       2.102340       2.068790       2.036560       2.136580       2.093070       2.052620       1.924560       1.904660       1.884750       1.868140       1.845140       1.816710       1.773820       1.706440       1.612080       1.504360       1.394230       1.287160       1.185220       1.089220      0.9994700      0.8974800      0.8200700      0.7490600      0.6842500    
   2.135780       2.126040       2.119560       2.126750       2.111580       2.105640       2.250240       2.207730       2.166190       2.125310       2.086470       1.953980       1.937270       1.921370       1.906520       1.894990       1.879140       1.850870       1.779330       1.662850       1.534850       1.410770       1.285060       1.174360       1.071560      0.9764500      0.8722600      0.7914900      0.7176400      0.6502300    
   2.127930       2.123160       2.126750       2.114660       2.105640       2.212480       2.281550       2.239760       2.198710       2.158660       1.999760       1.982310       1.965390       1.949470       1.935000       1.924820       1.913390       1.904410       1.838940       1.681490       1.539950       1.405750       1.281050       1.165430       1.058510      0.9598800      0.8691200      0.7701500      0.6942000      0.6234000    
   2.124950       2.126750       2.115680       2.105640       2.199890       2.281550       2.260650       2.240010       2.157370       2.032360       2.014610       1.996570       1.978510       1.960640       1.944490       1.926730       1.900180       1.869230       1.790720       1.658650       1.517820       1.389050       1.263110       1.145710       1.036920      0.9365900      0.8444200      0.7600500      0.6690500      0.5998400    
   2.126750       2.116020       2.105640       2.195690       2.281550       2.271100       2.260740       2.172600       2.032360       2.023490       2.010390       2.003750       1.984240       1.962180       1.922820       1.896240       1.862470       1.808970       1.724910       1.610790       1.482960       1.354070       1.229880       1.120710       1.012210      0.9118100      0.8195800      0.7353800      0.6589700      0.5799200    
   2.116140       2.105640       2.194290       2.281550       2.276330       2.271130       2.184200       2.032360       2.027920       2.015020       2.004200       2.004650       1.980020       1.933680       1.902300       1.864600       1.816510       1.750490       1.663610       1.557300       1.439250       1.317680       1.198190       1.083950      0.9840200      0.8847200      0.7934300      0.7103300      0.6354700      0.5701900    
   2.105640       2.193830       2.281550       2.278940       2.276340       2.191000       2.032360       2.030140       2.016880       2.004430       2.004650       1.992340       1.958710       1.916480       1.876870       1.829550       1.771720       1.697270       1.608330       1.505650       1.393780       1.278150       1.163290       1.052390      0.9474900      0.8498300      0.7665000      0.6849900      0.6135400      0.5483700    
   2.193670       2.281550       2.280240       2.278940       2.194660       2.032360       2.031250       2.017710       2.004540       2.004650       1.998490       1.968040       1.916480       1.896670       1.874300       1.826050       1.766180       1.692440       1.537280       1.458430       1.350270       1.238880       1.127870       1.020130      0.9177000      0.8220100      0.7307800      0.6528600      0.5808800      0.5256000    
   2.281550       2.280900       2.280250       2.196550       2.032360       2.031810       2.018110       2.004590       2.004650       2.001570       1.971920       1.916480       1.906580       1.895820       1.865670       1.822180       1.761560       1.570040       1.437580       1.416720       1.310630       1.202050       1.093950      0.9849100      0.8850800      0.7915800      0.7044500      0.6267000      0.5580700      0.4996000    
   2.281220       2.280900       2.197510       2.032360       2.032080       2.018310       2.004620       2.004650       2.003110       1.973650       1.916480       1.911530       1.906290       1.889360       1.861220       1.816470       1.599530       1.427150       1.416720       1.332700       1.270760       1.164390       1.058750      0.9561300      0.8561800      0.7641200      0.6798000      0.6031200      0.5351100      0.4775600    
   2.281220       2.198000       2.032360       2.032220       2.018410       2.004640       2.004650       2.003880       1.974470       1.916480       1.914000       1.911430       1.902390       1.885620       1.855680       1.611680       1.421930       1.416720       1.303030       1.248320       1.180950       1.135970       1.026970      0.9266000      0.8313300      0.7418100      0.6588200      0.5826900      0.5142000      0.4550800    
   2.198240       2.032360       2.032290       2.018460       2.004640       2.004650       2.004270       1.974870       1.916480       1.915240       1.913970       1.909280       1.899820       1.771260       1.586600       1.361680       1.359230       1.296170       1.223130       1.214380       1.225880       1.107760       1.003570      0.9049700      0.8115800      0.7241800      0.6429000      0.5675200      0.4980800      0.4360500    
   2.032360       2.032330       2.018480       2.004650       2.004650       2.004460       1.975070       1.916480       1.915860       1.915230       1.912830       1.907690       1.693560       1.442910       1.441330       1.363590       1.303870       1.301740       1.236210       1.206680       1.202870       1.095840      0.9865000      0.8886000      0.7970200      0.7122600      0.6338300      0.5605900      0.4916700      0.4258400    
   2.032340       2.018490       2.004650       2.004650       2.004550       1.975160       1.916480       1.916170       1.915860       1.914640       1.837920       1.726930       1.538940       1.444550       1.444490       1.441330       1.349930       1.305990       1.301740       1.222050       1.191300       1.084990      0.9815200      0.8774400      0.7878000      0.7067900      0.6331900      0.5650900      0.4997100      0.4356200    
   2.018500       2.004650       2.004650       2.004600       1.975210       1.916480       1.916330       1.916170       1.915560       1.824460       1.726930       1.726930       1.726930       1.541360       1.447820       1.447650       1.441330       1.350660       1.310250       1.301740       1.192280       1.082160      0.9755000      0.8766600      0.7836700      0.7078700      0.6419700      0.5820700      0.5254700      0.4713000    
   2.004650       2.004650       2.004630       1.975240       1.916480       1.916400       1.916320       2.012630       1.934260       1.727250       1.726930       1.726930       1.726930       1.726930       1.546190       1.454470       1.453970       1.441330       1.349320       1.318750       1.204900       1.089250      0.9768700      0.8743300      0.7877900      0.7152100      0.6600100      0.6121300      0.5679000      0.5272800    
   2.004650       2.004640       1.975250       1.916480       1.916440       2.090460       2.351500       2.326980       2.302450       1.919650       1.727900       1.726930       1.726930       1.726930       1.726930       1.555700       1.468120       1.466610       1.441330       1.335450       1.221390       1.102300      0.9825400      0.8769200      0.7896600      0.7311600      0.6886300      0.6558000      0.6252800      0.5975500    
   2.004640       1.975250       1.916480       1.916460       2.125350       2.351600       2.351600       2.351500       2.326990       2.302450       1.921330       1.729850       1.726930       1.726930       1.726930       1.726930       1.573790       1.496420       1.491890       1.385670       1.265710       1.141060       1.011550      0.8864800      0.7925600      0.7534600      0.7361700      0.7171200      0.6981300      0.6807100    
