iMOD/TUTORIALS/TUT_MetaswapAnalyser/model_MetaSWAP/meteo/Precipitation/Precipitation_20061023_L1.ASC
NCOLS                30
NROWS                30
XLLCORNER     160000.00
YLLCORNER     340000.00
CELLSIZE        1000.00
NODATA_VALUE   -9999.00
   9.631480       10.15140       10.66130       11.09390       11.29510       10.91640       9.929050       8.696950       7.580350       7.055050       7.201700       7.550030       7.946090       8.372460       8.757760       9.113260       9.406140       9.690710       9.905140       10.06870       10.18480       10.27040       10.30720       10.27100       10.24790       10.19840       10.12620       10.03720       9.942080       9.833720    
   9.348540       9.739110       10.07640       10.26840       10.22240       9.765120       8.917800       7.818480       6.621760       6.118060       6.639790       7.139650       7.614110       8.092890       8.517700       8.884630       9.216170       9.432100       9.665110       9.825250       9.938150       10.02240       10.06190       10.03400       10.01980       9.980280       9.916550       9.831080       9.720860       9.609300    
   9.024270       9.296180       9.483890       9.556590       9.380920       8.935040       8.237910       7.387060       6.565590       6.253000       6.528780       6.968880       7.436880       7.919120       8.332490       8.704550       9.037230       9.306360       9.511410       9.659670       9.785900       9.864450       9.865060       9.881850       9.875210       9.844850       9.777840       9.697500       9.566250       9.452910    
   8.687480       8.866850       8.958990       8.952650       8.748280       8.365640       7.834890       7.246670       6.725400       6.531660       6.656080       6.978680       7.389120       7.833450       8.258190       8.637960       8.970660       9.230430       9.417240       9.545080       9.631310       9.672270       9.723990       9.735280       9.742620       9.731240       9.698050       9.639320       9.531280       9.426430    
   8.364620       8.478290       8.544730       8.472860       8.282820       7.978240       7.593520       7.178440       6.865110       6.733420       6.852110       7.086070       7.420330       7.824410       8.239360       8.626670       8.953920       9.193640       9.344880       9.437510       9.454820       9.501810       9.560940       9.615630       9.643740       9.660350       9.661920       9.616690       9.594630       9.575410    
   8.069080       8.169710       8.170900       8.093460       7.933620       7.702380       7.466810       7.143940       7.012760       6.944220       6.995400       7.178440       7.466260       7.835670       8.241420       8.644190       8.987760       9.196060       9.286100       9.328520       9.324040       9.362650       9.427980       9.484110       9.542410       9.611610       9.659510       9.670240       9.714060       9.767510    
   7.850550       7.872300       7.860000       7.789220       7.717890       7.539000       7.342140       7.211780       7.097430       7.038230       7.085340       7.237640       7.483200       7.815780       8.217410       8.646630       9.051260       9.199890       9.186080       9.143910       9.154760       9.195900       9.262090       9.364550       9.461630       9.563990       9.631510       9.740160       9.857850       9.974030    
   7.631040       7.721500       7.672250       7.604800       7.499010       7.653100       7.329830       7.223600       7.117840       7.078640       7.119230       7.243180       7.447460       7.734290       8.098440       8.510630       8.987160       9.044020       8.942060       8.906100       8.924350       8.988160       9.087760       9.231470       9.376780       9.493730       9.659760       9.830340       9.960550       10.15060    
   7.517540       7.499190       7.474140       7.393790       7.689910       7.558820       7.253090       7.187900       7.106690       7.074770       7.102330       7.193750       7.348960       7.604020       7.862100       8.164000       8.441290       8.551100       8.549770       8.563160       8.624980       8.735010       8.884640       9.081840       9.244370       9.461830       9.689430       9.870930       10.11990       10.36950    
   7.328550       7.303810       7.280680       7.711970       7.590460       7.481930       7.236730       7.142160       7.072190       7.037560       7.045470       7.099200       7.198450       7.382070       7.547200       7.725180       7.894380       7.991230       8.055110       8.137110       8.263910       8.443590       8.657370       8.900070       9.145670       9.425940       9.661230       9.966970       10.27840       10.59080    
   7.310700       7.304350       7.479790       7.622710       7.538300       7.421040       7.175320       7.091140       7.023440       6.979280       6.963140       6.976500       7.081350       7.160080       7.256910       7.313690       7.369510       7.432110       7.520820       7.659960       7.856690       8.102840       8.385660       8.661270       8.929010       9.309870       9.666920       10.03430       10.40910       10.80900    
   7.302310       7.429390       7.622710       7.519520       7.479070       7.395500       7.141860       7.040680       6.969890       6.912720       6.929520       6.895230       6.945560       6.963160       6.929660       6.892630       6.870190       6.886650       6.986580       7.184020       7.461730       7.791300       8.079910       8.451190       8.837790       9.266830       9.680660       10.10520       10.53940       10.98090    
   7.408870       7.622710       7.509690       7.458530       7.437990       7.178600       7.098030       7.017370       7.027620       6.926410       6.852710       6.969150       6.860460       6.750640       6.643280       6.519300       6.406950       6.358940       6.454240       6.720170       7.052330       7.457630       7.882580       8.317780       8.760730       9.211730       9.705560       10.18010       10.66690       11.16620    
   7.622710       7.504660       7.448260       7.437990       7.253980       7.145360       7.185380       7.095110       7.003130       6.861920       6.773260       6.895820       6.749360       6.592310       6.418220       6.231960       6.014460       5.853010       5.935510       6.296560       6.765350       7.250770       7.854470       8.365150       8.873380       9.381720       9.919360       10.43940       10.96850       11.50910    
   7.502120       7.443130       7.437990       7.279110       7.145360       7.120780       7.031610       6.954130       6.871870       6.784620       6.989270       6.834270       6.669880       6.490340       6.289230       6.066380       5.803530       5.516990       5.530190       6.128850       6.700540       7.263020       7.813100       8.353690       8.888270       9.420630       9.954830       10.52230       11.07430       11.64350    
   7.440560       7.437990       7.287490       7.145360       7.099250       7.031610       6.992870       6.952540       6.944110       7.165830       7.009870       6.847290       6.674760       6.488620       6.366040       6.133620       5.955080       5.740930       5.812440       6.244020       6.779000       7.313980       7.861210       8.404210       8.943420       9.481100       10.02060       10.56570       11.14800       11.71750    
   7.437990       7.290280       7.145360       7.092070       7.031610       7.012240       6.992340       7.013840       7.165830       7.087850       7.045310       6.909200       6.862190       6.680310       6.608290       6.393980       6.237400       6.148270       6.249200       6.561710       7.002350       7.498750       8.016630       8.516170       9.039430       9.563890       10.09080       10.62260       11.16250       11.82090    
   7.291210       7.145360       7.089680       7.031610       7.021920       7.012060       7.046060       7.165830       7.126840       7.139030       7.101780       7.294360       7.109220       7.021580       6.838250       6.676510       6.602910       6.582230       6.695480       6.951620       7.317710       7.750810       8.219750       8.706300       9.174000       9.669650       10.16820       10.67020       11.17720       11.76720    
   7.145360       7.088880       7.031610       7.026770       7.021870       7.061470       7.165830       7.146340       7.184830       7.198070       7.294360       7.201790       7.173690       7.269590       7.125280       7.011220       6.947670       7.021230       7.141050       7.365470       7.678760       8.055700       8.472820       8.912840       9.364530       9.821290       10.25220       10.71070       11.24450       11.73110    
   7.088620       7.031610       7.029190       7.026750       7.068980       7.165830       7.156080       7.207510       7.246210       7.294360       7.248080       7.234860       7.269590       7.197430       7.135360       7.028060       6.993370       7.036650       7.504570       7.786640       8.061270       8.391010       8.758710       9.149580       9.552500       9.959870       10.39110       10.90050       11.37420       11.70360    
   7.031610       7.030400       7.029180       7.072690       7.165830       7.160960       7.218810       7.270290       7.294360       7.271220       7.261720       7.269590       7.233510       7.200800       7.120290       7.052260       7.019360       7.548110       7.997540       8.208440       8.453200       8.743210       9.065460       9.435700       9.785200       10.13650       10.66110       11.00010       11.32350       11.63060    
   7.031000       7.030400       7.074520       7.165830       7.163390       7.224460       7.282320       7.294360       7.282790       7.274220       7.269590       7.251550       7.234630       7.184860       7.124450       7.063970       7.586230       8.102990       8.208440       8.516870       8.888960       9.140550       9.417770       9.709650       10.10180       10.45660       10.74650       11.01730       11.26780       11.50000    
   7.031000       7.075440       7.165830       7.164610       7.227280       7.288340       7.294360       7.288570       7.280240       7.269590       7.260570       7.251920       7.223680       7.181320       7.124430       7.859880       8.155710       8.208440       8.941630       9.228300       9.416930       9.521700       9.836470       10.08580       10.37100       10.61810       10.84300       11.04230       11.21550       11.36590    
   7.075900       7.165830       7.165220       7.228690       7.291350       7.294360       7.291470       7.283190       7.269590       7.265080       7.260690       7.245390       7.218970       8.147430       8.838710       9.366560       9.369020       9.509180       9.678080       9.812930       9.567650       9.965800       10.15850       10.38920       10.60300       10.79240       10.95220       11.07920       11.17330       11.20880    
   7.165830       7.165530       7.229390       7.292860       7.294360       7.292910       7.284650       7.269590       7.267330       7.265120       7.257060       7.241690       8.952460       11.07010       11.06030       10.43980       10.57490       10.52960       10.18810       9.993020       10.05820       10.18480       10.48800       10.68070       10.84760       10.98140       11.07770       11.13460       11.12590       11.11070    
   7.165680       7.229740       7.293610       7.294360       7.293640       7.285380       7.269590       7.268460       7.267350       7.263170       9.067490       11.78680       11.31750       11.08040       11.08000       11.06030       10.75480       10.62030       10.52960       10.41700       10.35320       10.55060       10.73430       10.98160       11.10530       11.18600       11.22140       11.18930       11.14070       11.05540    
   7.229920       7.293980       7.294360       7.294000       7.285740       7.269590       7.269030       7.268470       7.266330       9.434320       11.78680       11.78680       11.78680       11.33260       11.10080       11.09970       11.06030       10.80880       10.71090       10.52960       10.72680       10.91500       11.08270       11.21630       11.37600       11.40550       11.36320       11.29060       11.18260       11.04830    
   7.294170       7.294360       7.294180       7.285920       7.269590       7.269310       7.269030       8.528260       10.00460       11.78730       11.78680       11.78680       11.78680       11.78680       11.36270       11.14240       11.13910       11.06030       10.93450       10.89230       11.08840       11.27250       11.43170       11.54800       11.59770       11.62590       11.53400       11.39840       11.23560       11.06030    
   7.294360       7.294270       7.286010       7.269590       7.269450       9.248390       12.21710       12.26310       12.30920       11.96220       11.78820       11.78680       11.78680       11.78680       11.78680       11.42190       11.22780       11.21780       11.06030       11.25580       11.44640       11.62500       11.80600       11.89520       11.90990       11.82370       11.69710       11.49430       11.27650       11.05940    
   7.294310       7.286060       7.269590       7.269520       9.644170       12.21690       12.21690       12.21710       12.26310       12.30920       11.96450       11.79090       11.78680       11.78680       11.78680       11.78680       11.53380       11.40520       11.37540       11.56960       11.82520       11.97870       12.11820       12.22470       12.22870       12.05860       11.80470       11.54030       11.28260       11.02400    
