iMOD/TUTORIALS/TUT_MetaswapAnalyser/model_MetaSWAP/meteo/Precipitation/Precipitation_20060828_L1.ASC
NCOLS                30
NROWS                30
XLLCORNER     160000.00
YLLCORNER     340000.00
CELLSIZE        1000.00
NODATA_VALUE   -9999.00
   13.17190       13.00450       12.85740       12.74890       12.73450       12.90990       13.30250       13.79630       14.23790       14.29560       13.91310       13.41020       12.89570       12.41790       11.96150       11.52790       11.24730       10.81600       10.45100       10.10730       9.783970       9.495400       9.208670       8.906430       8.649430       8.400970       8.159600       7.925770       7.703410       7.504620    
   13.53190       13.41240       13.32790       13.31280       13.40700       13.64630       14.04820       14.57900       15.19680       15.33920       14.72730       14.16110       13.64040       13.15960       12.70770       12.38910       11.97750       11.56220       11.12150       10.73680       10.36870       10.03470       9.706020       9.366980       9.075970       8.797090       8.527570       8.265960       7.997710       7.774600    
   13.85660       13.78220       13.75820       13.81450       13.94780       14.20490       14.57810       15.03310       15.46400       15.53230       15.17120       14.70080       14.23660       13.80300       13.38120       13.05590       12.65310       12.24010       11.81990       11.40140       10.94290       10.56670       10.16750       9.827920       9.508310       9.204810       8.893610       8.613460       8.341430       8.075390    
   14.13460       14.09600       14.10930       14.20400       14.35980       14.59920       14.90930       15.23880       15.50360       15.55830       15.36490       15.04090       14.68780       14.33120       13.97550       13.66930       13.29560       12.88130       12.43470       11.97680       11.52840       11.01610       10.63680       10.24790       9.910000       9.593900       9.294270       9.005810       8.726020       8.447600    
   14.35690       14.34350       14.40230       14.49110       14.64000       14.84560       15.08940       15.36360       15.52840       15.56580       15.47690       15.26490       15.00500       14.74290       14.47790       14.21500       13.88800       13.47700       12.99670       12.49280       11.95700       11.49960       11.08970       10.66530       10.31760       9.997520       9.699500       9.422300       9.157350       8.918810    
   14.52070       14.55740       14.59910       14.68560       14.81640       14.98430       15.20040       15.39180       15.54000       15.56800       15.50950       15.38410       15.20600       15.03810       14.82450       14.68190       14.44460       14.03490       13.49820       12.93810       12.36800       11.88610       11.46320       11.07690       10.72910       10.38290       10.09840       9.841130       9.604110       9.398420    
   14.67010       14.68220       14.72400       14.80060       14.95050       15.08140       15.22090       15.42110       15.49410       15.51580       15.48310       15.40800       15.31150       15.19580       15.03260       15.03200       14.95770       14.51940       13.87700       13.22800       12.67310       12.18560       11.75860       11.39320       11.06210       10.76710       10.50760       10.26960       10.04240       9.864850    
   14.73390       14.80700       14.84250       14.90410       14.98770       15.23860       15.29980       15.36940       15.41380       15.42360       15.39790       15.34510       15.28030       15.20590       15.03520       15.11500       15.22780       14.72450       14.00550       13.38290       12.84460       12.38140       11.98250       11.64710       11.34760       11.09080       10.85930       10.65610       10.48430       10.33330    
   14.83710       14.83980       14.86620       14.91170       15.16590       15.22120       15.24620       15.28280       15.29970       15.29120       15.25680       15.20190       15.13620       14.79680       14.81540       14.83770       14.76370       14.41330       13.87380       13.34350       12.87310       12.46800       12.12180       11.83510       11.58710       11.36740       11.17760       11.01970       10.87940       10.76170    
   14.83680       14.83080       14.84670       15.11420       15.13820       15.16690       15.16000       15.16680       15.15610       15.12370       15.06860       14.99310       14.90160       14.50450       14.45320       14.37960       14.25290       13.94690       13.55000       13.14330       12.77360       12.45450       12.18190       11.95000       11.76920       11.60170       11.46580       11.34570       11.24640       11.16550    
   14.84230       14.83810       14.96690       15.07590       15.08150       15.07460       15.04950       15.02840       14.98990       14.93010       14.84700       14.73990       14.17590       14.27860       14.20790       14.00400       13.74350       13.43590       13.10590       12.79380       12.52150       12.29180       12.09950       11.94240       11.81220       11.71630       11.62710       11.55770       11.50670       11.54260    
   14.84840       14.93080       15.07590       15.01330       14.99980       14.97390       14.92540       14.87520       14.80990       14.72210       14.85870       14.68170       14.05090       14.03800       13.77780       13.50970       13.20490       12.89910       12.63010       12.42110       12.26520       12.14450       12.05380       11.97280       11.90610       11.86770       11.83080       11.80880       11.80190       11.80910    
   14.93120       15.07590       14.98320       14.94780       14.89590       14.84310       14.78840       14.71840       14.98530       14.83370       14.65550       14.11590       13.92850       13.69190       13.37220       13.04300       12.68140       12.34120       12.11700       12.01770       11.99260       11.98580       11.98240       11.97920       11.97780       11.98140       12.00820       12.03130       12.06650       12.11450    
   15.07590       14.96920       14.92190       14.89590       14.81990       14.72080       15.11330       14.99340       14.84970       14.74050       14.52740       13.88640       13.66670       13.39330       13.06120       12.64630       12.21490       11.79120       11.57310       11.63560       11.74530       11.84320       11.86450       11.91860       11.96640       12.01380       12.08160       12.14380       12.21790       12.30630    
   14.96250       14.90890       14.89590       14.81220       14.72080       14.98470       15.11990       14.97510       14.80570       14.60740       13.89380       13.70190       13.46170       13.16780       12.81520       12.37320       11.90370       11.36990       11.12210       11.35170       11.55940       11.71260       11.83540       11.93750       12.02760       12.11280       12.19930       12.30740       12.41130       12.53540    
   14.90240       14.89590       14.80960       14.72080       14.94180       15.11990       15.04750       14.96690       14.57770       13.92240       13.76240       13.56140       13.31540       13.02120       12.67550       12.28370       11.80650       11.41160       11.24100       11.35340       11.52160       11.70670       11.85150       11.97910       12.09550       12.20640       12.31730       12.43300       12.57210       12.70880    
   14.89590       14.80880       14.72080       14.92750       15.11990       15.08370       15.04480       14.62860       13.92240       13.84240       13.62080       13.47080       13.22770       12.95150       12.58390       12.24670       11.88770       11.61770       11.48670       11.51110       11.61780       11.74820       11.87900       12.04310       12.16940       12.29280       12.41680       12.54520       12.68120       12.83180    
   14.80850       14.72080       14.92270       15.11990       15.10180       15.08280       14.66990       13.92240       13.88240       13.64030       13.42900       13.38710       13.17170       12.87670       12.60340       12.32070       12.03220       11.83250       11.72340       11.71240       11.77190       11.86840       11.98010       12.09690       12.25400       12.37900       12.50640       12.63840       12.77700       12.91550    
   14.72080       14.92110       15.11990       15.11080       15.10150       14.69420       13.92240       13.90240       13.64810       13.40800       13.38710       13.27940       13.08560       12.90710       12.67130       12.43570       12.21980       12.04000       11.94560       11.91870       11.94760       12.01430       12.10320       12.20460       12.31360       12.42840       12.58770       12.71570       12.84200       12.94140    
   14.92060       15.11990       15.11540       15.11070       14.70720       13.92240       13.91240       13.65150       13.39760       13.38710       13.33330       13.16480       12.90710       12.78920       12.67140       12.44230       12.23180       12.06850       12.06640       12.11850       12.12720       12.17000       12.23690       12.32020       12.41500       12.51840       12.57380       12.67200       12.81850       13.00060    
   15.11990       15.11760       15.11530       14.71390       13.92240       13.91740       13.65310       13.39230       13.38710       13.36020       13.19810       12.90710       12.84820       12.78920       12.63430       12.44850       12.24750       12.17790       12.21390       12.30920       12.30300       12.32640       12.37330       12.39020       12.46700       12.55510       12.65840       12.76240       12.87430       12.99340    
   15.11880       15.11760       14.71730       13.92240       13.91990       13.65400       13.38970       13.38710       13.37360       13.21310       12.90710       12.87760       12.84820       12.75720       12.62400       12.44340       12.28890       12.26150       12.30920       12.34790       12.43150       12.43740       12.46470       12.51030       12.58710       12.64680       12.72920       12.81950       12.91590       13.02270    
   15.11880       14.71900       13.92240       13.92120       13.65440       13.38840       13.38710       13.38040       13.22020       12.90710       12.89240       12.87760       12.82770       12.74310       12.60820       12.49920       12.28540       12.30920       12.50620       12.57090       12.57490       12.57430       12.59210       12.62670       12.68010       12.73890       12.80740       12.88270       12.96170       13.04350    
   14.71990       13.92240       13.92180       13.65460       13.38780       13.38710       13.38370       13.22370       12.90710       12.89970       12.89240       12.86590       12.81610       12.94710       12.94360       12.85530       12.85430       12.80770       12.75640       12.79700       12.71020       12.72120       12.74620       12.75600       12.78500       12.83060       12.88820       12.95150       13.01480       13.08510    
   13.92240       13.92210       13.65470       13.38740       13.38710       13.38540       13.22540       12.90710       12.90340       12.89970       12.88600       12.85810       13.17450       13.61770       13.60950       13.34610       13.42620       13.39940       13.06720       12.90130       12.88380       12.87560       12.87650       12.87060       12.88740       12.92480       12.97690       13.03490       13.09820       13.13860    
   13.92220       13.65470       13.38730       13.38710       13.38630       13.22630       12.90710       12.90530       12.90340       12.89640       13.48090       14.38030       13.87850       13.62570       13.62590       13.60950       13.49430       13.45300       13.39940       13.17090       13.10980       13.03120       12.97250       12.98190       12.98830       13.02270       13.07760       13.14800       13.20630       13.24610    
   13.65470       13.38720       13.38710       13.38670       13.22670       12.90710       12.90620       12.90530       12.90170       13.60830       14.38030       14.38030       14.38030       13.89040       13.64180       13.64230       13.60950       13.51530       13.50660       13.39940       13.29080       13.19090       13.10930       13.05820       13.08670       13.12460       13.19740       13.28100       13.35990       13.42300    
   13.38710       13.38710       13.38690       13.22690       12.90710       12.90660       12.90620       13.56100       14.01560       14.38120       14.38030       14.38030       14.38030       14.38030       13.91380       13.67360       13.67510       13.60950       13.54580       13.61380       13.48760       13.36220       13.25030       13.17260       13.15020       13.23080       13.33030       13.44710       13.55920       13.65650    
   13.38710       13.38700       13.22700       12.90710       12.90690       13.75450       15.02630       15.27870       15.53100       14.76630       14.38300       14.38030       14.38030       14.38030       14.38030       13.95890       13.73620       13.74060       13.60950       13.56070       13.48890       13.39730       13.27750       13.27840       13.24570       13.32230       13.49030       13.65360       13.80450       13.93440    
   13.38700       13.22700       12.90710       12.90700       13.92420       15.02630       15.02630       15.02630       15.27870       15.53100       14.77080       14.38830       14.38030       14.38030       14.38030       14.38030       14.04420       13.85840       13.87170       13.83100       13.70970       13.61360       13.48490       13.35000       13.31240       13.48070       13.72750       13.91010       14.10310       14.25710    
