iMOD/TUTORIALS/TUT_MetaswapAnalyser/model_MetaSWAP/meteo/Precipitation/Precipitation_20050519_L1.ASC
NCOLS                30
NROWS                30
XLLCORNER     160000.00
YLLCORNER     340000.00
CELLSIZE        1000.00
NODATA_VALUE   -9999.00
   4.565650       4.533830       4.503960       4.481880       4.480070       4.531960       4.641890       4.783460       4.925830       5.028240       5.076210       5.107250       5.129410       5.144550       5.164010       5.203330       5.230520       5.247280       5.265070       5.282910       5.301360       5.315930       5.336990       5.352330       5.380070       5.411590       5.447190       5.486710       5.529240       5.574060    
   4.613370       4.586550       4.556450       4.553470       4.571790       4.630480       4.728750       4.857600       5.005660       5.104130       5.117150       5.129060       5.144470       5.168530       5.185450       5.209030       5.225920       5.236640       5.251740       5.268960       5.287240       5.302570       5.324070       5.340580       5.369230       5.402100       5.439680       5.482130       5.573980       5.615370    
   4.643690       4.626670       4.618030       4.620110       4.648750       4.707250       4.793350       4.900670       5.014830       5.092450       5.119600       5.134610       5.157660       5.167510       5.178930       5.197020       5.211260       5.226190       5.242020       5.258870       5.275100       5.290320       5.303020       5.327370       5.355310       5.387610       5.474320       5.508750       5.550160       5.591560    
   4.676080       4.667150       4.667230       4.677350       4.709040       4.760980       4.832150       4.919770       5.005410       5.063290       5.102730       5.127560       5.147430       5.157400       5.169280       5.184170       5.196960       5.210820       5.225960       5.242200       5.259400       5.267710       5.283950       5.359980       5.382590       5.407670       5.436020       5.468390       5.507670       5.548460    
   4.707720       4.704810       4.707290       4.724850       4.756060       4.801720       4.859960       4.921190       4.988290       5.044740       5.086840       5.120170       5.144210       5.159750       5.153990       5.165910       5.205710       5.223070       5.242340       5.262180       5.277460       5.295980       5.307790       5.321710       5.341060       5.362590       5.387080       5.418260       5.449030       5.482150    
   4.736940       4.735910       4.745040       4.763490       4.792340       4.831480       4.867230       4.925700       4.955910       5.021360       5.063050       5.095220       5.118740       5.135470       5.146360       5.158460       5.170860       5.187550       5.207610       5.227490       5.241990       5.257980       5.266820       5.280820       5.295560       5.309040       5.328300       5.353610       5.378000       5.404350    
   4.762190       4.766360       4.776780       4.794680       4.802580       4.838410       4.879630       4.891650       4.958820       5.003150       5.040900       5.071300       5.094590       5.110280       5.117170       5.125490       5.132130       5.149500       5.172360       5.189430       5.204850       5.217150       5.227390       5.230540       5.239720       5.250270       5.266740       5.281490       5.297470       5.317770    
   4.803980       4.766020       4.779910       4.799160       4.824320       4.785860       4.840360       4.905330       4.947170       4.986070       5.020260       5.048760       5.071200       5.087460       5.091120       5.097980       5.098210       5.117790       5.139830       5.156260       5.167320       5.174280       5.178550       5.175420       5.177950       5.185830       5.191280       5.199350       5.210410       5.224690    
   4.797390       4.789480       4.802090       4.820020       4.751800       4.784490       4.835570       4.898160       4.934750       4.969360       5.000600       5.027540       5.049640       5.054300       5.070220       5.080610       5.088790       5.101540       5.116090       5.125770       5.129970       5.129690       5.126480       5.115760       5.114810       5.110800       5.108950       5.109960       5.114390       5.122610    
   4.818590       4.809950       4.821570       4.723730       4.749960       4.778990       4.856250       4.888660       4.921090       4.952270       4.981150       5.006950       5.029170       5.031030       5.051840       5.066640       5.079550       5.088660       5.094830       5.095660       5.090670       5.083140       5.071020       5.057770       5.041880       5.029790       5.020190       5.013900       5.011480       5.013430    
   4.813980       4.816700       4.768920       4.720410       4.743300       4.829940       4.847980       4.876730       4.905720       4.934050       4.960960       4.985850       4.983440       5.028630       5.050440       5.062310       5.070730       5.073960       5.070540       5.059560       5.041980       5.019980       4.995900       4.975010       4.951780       4.927520       4.910110       4.896810       4.888220       4.897690    
   4.815040       4.780000       4.720410       4.747090       4.733890       4.821830       4.836060       4.862200       4.888200       4.913990       4.972520       4.991810       4.987110       5.014810       5.032660       5.046890       5.056530       5.059000       5.050020       5.029370       5.000120       4.966330       4.933740       4.899410       4.867150       4.831160       4.805500       4.784610       4.769050       4.759300    
   4.782250       4.720410       4.755150       4.762330       4.790770       4.800130       4.821720       4.844360       4.915670       4.935120       4.953330       4.951810       4.972200       4.991660       5.010340       5.026810       5.039310       5.042400       5.028880       4.996280       4.955420       4.909200       4.862860       4.818300       4.776710       4.738980       4.698430       4.670120       4.647750       4.631800    
   4.720410       4.760720       4.776550       4.790770       4.792170       4.785600       4.868150       4.883580       4.899330       4.910150       4.926310       4.926330       4.944910       4.963150       4.981220       4.998780       5.014500       5.024030       5.006280       4.958640       4.900470       4.841690       4.779250       4.724290       4.673250       4.626820       4.579120       4.543650       4.514890       4.493380    
   4.763890       4.783660       4.790770       4.789510       4.785600       4.831400       4.840440       4.854020       4.867870       4.881760       4.876130       4.892740       4.909010       4.925080       4.941160       4.957260       4.974050       4.990950       4.973980       4.898940       4.827470       4.757780       4.691170       4.628140       4.569320       4.515390       4.467100       4.418650       4.383810       4.355000    
   4.787220       4.790770       4.788630       4.785600       4.819150       4.840440       4.847230       4.854110       4.859350       4.833760       4.847060       4.859800       4.871940       4.883440       4.889410       4.899760       4.903750       4.905410       4.876880       4.812370       4.738230       4.666710       4.594450       4.525050       4.459470       4.398640       4.343540       4.295170       4.248350       4.216520    
   4.790770       4.788330       4.785600       4.815060       4.840440       4.843830       4.847260       4.848610       4.833760       4.840410       4.826290       4.823580       4.824060       4.829540       4.827900       4.830160       4.821620       4.805600       4.769110       4.711090       4.640610       4.565350       4.489300       4.418950       4.347740       4.280720       4.219210       4.164560       4.118140       4.069210    
   4.788230       4.785600       4.813700       4.840440       4.842140       4.843840       4.843370       4.833760       4.837080       4.812630       4.795420       4.767260       4.770100       4.769300       4.766500       4.759060       4.736090       4.708430       4.665750       4.607930       4.538880       4.463400       4.385160       4.306740       4.234290       4.161370       4.093510       4.032480       3.980110       3.932180    
   4.785600       4.813250       4.840440       4.841290       4.842140       4.840780       4.833760       4.835420       4.806410       4.781340       4.767260       4.768680       4.755260       4.714370       4.703760       4.687540       4.663850       4.616530       4.568370       4.508340       4.438520       4.361880       4.281290       4.199190       4.117660       4.038640       3.968140       3.900310       3.835690       3.788440    
   4.813100       4.840440       4.840860       4.841290       4.839490       4.833760       4.834590       4.803430       4.774300       4.767260       4.767970       4.751390       4.714370       4.709060       4.701890       4.685050       4.655970       4.616250       4.487250       4.414690       4.342790       4.264080       4.180720       4.094780       4.008260       3.923160       3.842710       3.759660       3.721750       3.667770    
   4.840440       4.840650       4.840860       4.838850       4.833760       4.834180       4.801960       4.770780       4.767260       4.767620       4.750250       4.714370       4.711720       4.708440       4.698670       4.680970       4.652420       4.491870       4.371520       4.328340       4.253790       4.172490       4.086020       3.997280       3.905570       3.814080       3.750620       3.664960       3.587100       3.521020    
   4.840550       4.840650       4.838530       4.833760       4.833970       4.801240       4.769020       4.767260       4.767440       4.749870       4.714370       4.713040       4.711510       4.706280       4.696030       4.677350       4.500710       4.349930       4.328340       4.252260       4.174650       4.090450       4.000710       3.906750       3.842190       3.738480       3.640300       3.545140       3.456570       3.380180    
   4.840550       4.838370       4.833760       4.833860       4.800870       4.768140       4.767260       4.767350       4.749740       4.714370       4.713710       4.712970       4.710280       4.704600       4.693220       4.481580       4.339130       4.328340       4.189470       4.122140       4.066620       4.019000       3.952020       3.855660       3.752820       3.647430       3.541220       3.435910       3.334880       3.243980    
   4.838290       4.833760       4.833810       4.800690       4.767700       4.767260       4.767300       4.749680       4.714370       4.714040       4.713680       4.712320       4.709290       4.544610       4.373870       4.197410       4.194690       4.139020       4.072140       4.055150       4.069630       3.979360       3.888590       3.786960       3.680780       3.570800       3.457870       3.343280       3.229310       3.120090    
   4.833760       4.833790       4.800600       4.767480       4.767260       4.767280       4.749650       4.714370       4.714200       4.714030       4.713350       4.711760       4.421270       4.070150       4.070320       4.096070       4.058400       4.061040       4.044120       4.039130       4.040680       3.958430       3.835540       3.732120       3.623720       3.510800       3.393700       3.272790       3.148080       3.022790    
   4.833770       4.800560       4.767370       4.767260       4.767270       4.749640       4.714370       4.714290       4.714200       4.713860       4.483390       4.138900       4.092950       4.070010       4.069980       4.070320       4.060850       4.055760       4.061040       4.021150       4.007080       3.915470       3.817650       3.691200       3.582510       3.469300       3.351670       3.229030       3.102590       2.971970    
   4.800530       4.767310       4.767260       4.767270       4.749640       4.714370       4.714330       4.714290       4.714120       4.437850       4.138900       4.138900       4.138900       4.092760       4.069740       4.069640       4.070320       4.056290       4.050480       4.061040       3.975800       3.884010       3.786250       3.683300       3.557370       3.446700       3.332110       3.214650       3.094890       2.975760    
   4.767290       4.767260       4.767260       4.749630       4.714370       4.714350       4.714330       4.594070       4.401560       4.138950       4.138900       4.138900       4.138900       4.138900       4.092400       4.069240       4.068970       4.070320       4.043300       4.039930       3.955280       3.864170       3.767310       3.665960       3.561590       3.441650       3.334250       3.225730       3.118140       3.016600    
   4.767260       4.767260       4.749630       4.714370       4.714360       4.531000       4.255970       4.244760       4.233560       4.170580       4.139040       4.138900       4.138900       4.138900       4.138900       4.091820       4.068440       4.067620       4.070320       4.001920       3.925760       3.842050       3.751330       3.661350       3.560900       3.461540       3.354410       3.256850       3.162280       3.075980    
   4.767260       4.749630       4.714370       4.714360       4.494330       4.255960       4.255970       4.255970       4.244760       4.233560       4.170810       4.139310       4.138900       4.138900       4.138900       4.138900       4.090990       4.067390       4.064910       3.999760       3.926230       3.845670       3.757710       3.664090       3.570820       3.484320       3.399270       3.306290       3.219890       3.144630    
