iMOD/TUTORIALS/TUT_MetaswapAnalyser/model_MetaSWAP/meteo/Precipitation/Precipitation_20061208_L1.ASC
NCOLS                30
NROWS                30
XLLCORNER     160000.00
YLLCORNER     340000.00
CELLSIZE        1000.00
NODATA_VALUE   -9999.00
   11.45340       11.73730       12.03250       12.33140       12.62440       12.86510       13.05030       13.19010       13.26830       13.18570       12.91680       12.59630       12.26580       11.94930       11.65470       11.41310       11.19460       10.98690       10.80530       10.64870       10.51290       10.35640       10.24540       10.11670       10.02330       9.933960       9.846960       9.760370       9.671140       9.558380    
   11.52020       11.78430       12.05110       12.31940       12.58130       12.80640       12.99960       13.16620       13.31570       13.25380       12.89030       12.52970       12.18360       11.87250       11.56820       11.30870       11.06240       10.78650       10.60190       10.44230       10.30530       10.15480       10.04590       9.921770       9.833500       9.751400       9.674320       9.600900       9.487630       9.400710    
   11.55900       11.79810       12.04010       12.28580       12.49560       12.69420       12.86490       13.00110       13.08020       12.98890       12.70870       12.37530       12.04930       11.71980       11.38230       11.09900       10.84160       10.62090       10.43530       10.27960       10.15030       10.00560       9.871750       9.776090       9.687520       9.605120       9.483870       9.421710       9.351130       9.305970    
   11.56850       11.78110       11.99290       12.20180       12.38860       12.55190       12.68190       12.75290       12.77050       12.66330       12.44320       12.15670       11.85170       11.51800       11.19610       10.90430       10.64400       10.42650       10.24950       10.10430       9.980490       9.845910       9.718070       9.572630       9.485540       9.404960       9.331270       9.265210       9.194550       9.151790    
   11.55380       11.73980       11.92280       12.09280       12.24520       12.37130       12.46050       12.49720       12.47310       12.36060       12.21520       11.94060       11.62800       11.29750       10.98490       10.68170       10.39370       10.17990       10.01620       9.885660       9.738190       9.634590       9.509860       9.423020       9.331310       9.243710       9.160710       9.063890       8.994320       8.918610    
   11.52010       11.67470       11.82740       11.96720       12.08730       12.17940       12.22130       12.23850       12.25820       12.16740       11.96890       11.71320       11.41580       11.09200       10.75520       10.43210       10.15210       9.951300       9.817130       9.711910       9.584480       9.487140       9.364310       9.264410       9.165250       9.073850       8.977330       8.864060       8.772130       8.671780    
   11.45040       11.59300       11.72020       11.83270       11.90500       11.97260       12.00300       12.09380       12.06900       11.93630       11.74600       11.50430       11.22050       10.90430       10.55990       10.21270       9.893920       9.719560       9.635730       9.534970       9.446750       9.351160       9.249300       9.117110       9.006510       8.894920       8.760810       8.651900       8.543930       8.425600    
   11.36620       11.46970       11.58310       11.67580       11.74710       11.83170       11.92780       11.95020       11.86730       11.73450       11.55210       11.32400       11.05580       10.75420       10.41600       10.06560       9.699780       9.566000       9.501730       9.426530       9.336270       9.233650       9.121480       8.976770       8.851090       8.698580       8.571370       8.443070       8.321210       8.185000    
   11.26170       11.38020       11.46840       11.54540       11.64890       11.66930       11.76050       11.77950       11.69210       11.56170       11.38880       11.17600       10.92760       10.63530       10.33830       10.03150       9.754290       9.578160       9.467900       9.367070       9.257940       9.138030       9.008620       8.846250       8.677340       8.531680       8.384800       8.247450       8.097030       7.946560    
   11.18870       11.28970       11.36010       11.48310       11.51590       11.52160       11.68340       11.63050       11.54180       11.41630       11.25450       11.05900       10.83360       10.56660       10.30920       10.05030       9.828510       9.634750       9.482710       9.345850       9.207700       9.063220       8.910900       8.752450       8.537710       8.370950       8.214620       8.046000       7.878540       7.713560    
   11.19280       11.27950       11.37680       11.37420       11.39180       11.56190       11.55780       11.50150       11.41410       11.29530       11.14580       10.96830       10.73950       10.46980       10.30140       10.08070       9.875820       9.693500       9.528890       9.370210       9.208630       9.040700       8.866150       8.665880       8.494240       8.276640       8.086420       7.896760       7.709170       7.486890    
   11.19010       11.30580       11.37420       11.35470       11.28160       11.45230       11.44520       11.39060       11.30630       11.19510       10.94810       10.80390       10.60240       10.49470       10.30310       10.11130       9.925870       9.747360       9.568560       9.384070       9.192580       8.995260       8.785590       8.580050       8.372320       8.132100       7.921420       7.712830       7.507940       7.308690    
   11.24210       11.37420       11.35670       11.32650       11.37130       11.38270       11.34900       11.29270       11.05510       10.96790       10.85950       10.78840       10.63470       10.47150       10.30510       10.13710       9.970550       9.799310       9.612100       9.406260       9.175280       8.947900       8.718660       8.488350       8.257550       8.027140       7.765150       7.537920       7.315990       7.101260    
   11.37420       11.36280       11.34890       11.37130       11.35150       11.30040       11.05610       11.01590       10.95640       10.86280       10.76860       10.72900       10.59250       10.44820       10.30020       10.15280       10.00890       9.852690       9.659270       9.415520       9.162420       8.908440       8.669470       8.418500       8.167550       7.917380       7.638570       7.393110       7.153950       6.923110    
   11.36710       11.36010       11.37130       11.34110       11.30040       11.11550       10.99000       10.95040       10.89370       10.82050       10.80520       10.69040       10.56520       10.43260       10.29560       10.15770       10.01970       9.884460       9.694020       9.420150       9.150410       8.880270       8.610070       8.339400       8.068620       7.798810       7.531740       7.239260       6.984210       6.747910    
   11.36570       11.37130       11.33760       11.30040       11.13530       10.99000       10.97020       10.94470       10.87430       10.83260       10.73980       10.63540       10.52100       10.39850       10.27400       10.14000       10.01470       9.853880       9.649490       9.393730       9.121190       8.841400       8.558440       8.272440       7.984630       7.696890       7.411750       7.132200       6.832480       6.574830    
   11.37130       11.33640       11.30040       11.14190       10.99000       10.98010       10.96830       10.90540       10.83260       10.78620       10.67730       10.58200       10.48100       10.36620       10.27650       10.13450       9.979810       9.803340       9.593760       9.349070       9.080700       8.798050       8.505710       8.204920       7.900930       7.595430       7.292060       6.994980       6.708700       6.412610    
   11.33600       11.30040       11.14410       10.99000       10.98510       10.97950       10.92160       10.83260       10.80940       10.69640       10.58930       10.59670       10.48720       10.37720       10.24710       10.10440       9.944350       9.761490       9.550460       9.310170       9.044920       8.760300       8.460710       8.149630       7.829120       7.505990       7.183810       6.868230       6.565430       6.281770    
   11.30040       11.14480       10.99000       10.98750       10.98480       10.92970       10.83260       10.82100       10.70560       10.59300       10.59670       10.54200       10.45170       10.34580       10.21900       10.07760       9.917900       9.732430       9.522490       9.285180       9.022010       8.735920       8.430210       8.108320       7.774240       7.432900       7.089070       6.752780       6.431060       6.130400    
   11.14510       10.99000       10.98880       10.98750       10.93370       10.83260       10.82680       10.71020       10.59490       10.59670       10.56930       10.48400       10.34580       10.28240       10.21410       10.07150       9.909310       9.724270       9.421860       9.278040       9.017330       8.730500       8.419590       8.087490       7.738250       7.377370       7.009570       6.648820       6.324450       6.002020    
   10.99000       10.98940       10.98870       10.93560       10.83260       10.82970       10.71240       10.59580       10.59670       10.58300       10.49900       10.34580       10.31410       10.28080       10.18930       10.06500       9.901690       9.526240       9.284610       9.291170       9.034680       8.748750       8.434070       8.089740       7.725380       7.343640       6.977040       6.585930       6.208620       5.860250    
   10.98970       10.98940       10.93660       10.83260       10.83120       10.71350       10.59620       10.59670       10.58990       10.50610       10.34580       10.33000       10.31360       10.26140       10.17840       10.05200       9.614400       9.287890       9.291170       9.133010       9.073170       8.791350       8.475650       8.126810       7.773160       7.367880       6.947190       6.521510       6.106500       5.722110    
   10.98970       10.93710       10.83260       10.83190       10.71410       10.59650       10.59670       10.59330       10.50960       10.34580       10.33790       10.32980       10.30160       10.25110       10.16390       9.736650       9.289530       9.291170       9.224900       9.159300       8.995330       8.868540       8.576890       8.224850       7.833350       7.408640       6.956450       6.490830       6.028960       5.594240    
   10.93730       10.83260       10.83220       10.71440       10.59660       10.59670       10.59500       10.51130       10.34580       10.34180       10.33780       10.32310       10.29420       10.19640       9.935090       9.553050       9.548970       9.427760       9.287640       9.316110       9.245430       8.998150       8.696900       8.345060       7.943720       7.496800       7.012880       6.504810       5.989600       5.511090    
   10.83260       10.83240       10.71450       10.59660       10.59670       10.59580       10.51220       10.34580       10.34380       10.34180       10.33420       10.31840       10.19050       10.06950       10.06900       9.836820       9.820650       9.806770       9.528350       9.387500       9.386790       9.152710       8.857420       8.512980       8.107330       7.643330       7.130260       6.582100       6.034160       5.462440    
   10.83250       10.71460       10.59670       10.59670       10.59630       10.51260       10.34580       10.34480       10.34380       10.34000       10.13050       9.828930       9.989110       10.06930       10.07000       10.06900       9.908680       9.834520       9.806770       9.603020       9.530280       9.327860       9.069570       8.734110       8.331760       7.855690       7.317920       6.754000       6.148160       5.534730    
   10.71460       10.59670       10.59670       10.59650       10.51290       10.34580       10.34530       10.34480       10.34290       10.09440       9.828930       9.828930       9.828930       9.988720       10.06890       10.07090       10.06900       9.924440       9.862270       9.806770       9.688250       9.529390       9.312600       9.017520       8.620670       8.136810       7.589920       6.985160       6.362280       5.750880    
   10.59670       10.59670       10.59660       10.51300       10.34580       10.34560       10.34530       10.01690       9.867990       9.828480       9.828930       9.828930       9.828930       9.828930       9.987070       10.06680       10.07290       10.06900       9.959710       9.917770       9.847330       9.744860       9.588180       9.344620       8.980730       8.489460       7.907590       7.278600       6.647840       6.053620    
   10.59670       10.59660       10.51300       10.34580       10.34570       9.775320       8.920120       8.977300       9.034490       9.562900       9.827590       9.828930       9.828930       9.828930       9.828930       9.981640       10.05840       10.07670       10.06900       10.04530       10.01630       9.971730       9.861750       9.701460       9.394890       8.892350       8.259890       7.598110       6.958000       6.375200    
   10.59670       10.51300       10.34580       10.34570       9.661180       8.919830       8.919830       8.920120       8.977280       9.034490       9.560580       9.824900       9.828930       9.828930       9.828930       9.828930       9.966300       10.02960       10.08450       10.09280       10.03950       10.08130       10.11330       10.09430       9.872320       9.300300       8.588390       7.895580       7.245570       6.670690    
