iMOD/TUTORIALS/TUT_MetaswapAnalyser/model_MetaSWAP/meteo/Precipitation/Precipitation_20060518_L1.ASC
NCOLS                30
NROWS                30
XLLCORNER     160000.00
YLLCORNER     340000.00
CELLSIZE        1000.00
NODATA_VALUE   -9999.00
   3.907660       3.813450       3.719130       3.631520       3.567100       3.548400       3.585190       3.651340       3.725430       3.791310       3.843850       3.893150       3.942160       3.982540       4.030270       4.067480       4.082790       4.142640       4.191860       4.241530       4.291890       4.337260       4.389260       4.470320       4.522830       4.577170       4.633640       4.692640       4.754780       4.828500    
   3.933120       3.857690       3.785960       3.725520       3.689050       3.684210       3.716170       3.775490       3.850570       3.917610       3.964790       4.014840       4.067050       4.103910       4.153510       4.174530       4.220810       4.271820       4.328780       4.373380       4.417510       4.456320       4.500930       4.572880       4.617820       4.664610       4.713620       4.765340       4.825110       4.890670    
   3.972540       3.914870       3.863320       3.826510       3.805850       3.810710       3.842140       3.895290       3.961780       4.025250       4.080460       4.135450       4.186480       4.235190       4.290630       4.321290       4.367880       4.410910       4.450380       4.487210       4.537150       4.568610       4.633080       4.668930       4.706300       4.745620       4.792400       4.836060       4.890310       4.938160    
   4.021750       3.979650       3.944650       3.923610       3.916010       3.928050       3.960070       4.008830       4.069430       4.131460       4.192200       4.251570       4.310930       4.366840       4.425830       4.466010       4.512650       4.552840       4.586760       4.616250       4.643570       4.712900       4.734480       4.767960       4.797150       4.828240       4.861690       4.897980       4.943920       4.984420    
   4.077300       4.048330       4.028940       4.017440       4.019610       4.037380       4.070760       4.118540       4.175550       4.237790       4.301780       4.365120       4.431100       4.494180       4.560170       4.612390       4.658710       4.695340       4.721730       4.741930       4.791850       4.809850       4.825300       4.856810       4.878060       4.901350       4.927160       4.965010       4.995190       5.031090    
   4.136620       4.120250       4.109020       4.107280       4.117090       4.139660       4.173930       4.222750       4.292270       4.344170       4.409230       4.477560       4.548080       4.617820       4.696300       4.757600       4.809060       4.841380       4.857290       4.866260       4.902310       4.911820       4.919350       4.931160       4.945060       4.970030       4.988140       5.018320       5.041740       5.071170    
   4.198060       4.189280       4.186850       4.192880       4.207270       4.234220       4.271880       4.341600       4.384520       4.445730       4.512190       4.582940       4.657390       4.733870       4.827910       4.898180       4.960750       4.985430       4.985210       5.003970       5.004980       5.006790       5.009870       5.011450       5.017800       5.026420       5.048320       5.061070       5.082210       5.103510    
   4.277940       4.254480       4.259820       4.272350       4.293550       4.339590       4.392820       4.425620       4.480510       4.542030       4.609140       4.681020       4.757030       4.836540       4.943550       5.017430       5.093600       5.106590       5.106920       5.101770       5.097110       5.093190       5.090240       5.085380       5.084780       5.097640       5.099670       5.104130       5.111900       5.124120    
   4.336600       4.320670       4.331380       4.349350       4.394990       4.426870       4.484070       4.515540       4.570680       4.632150       4.699110       4.770780       4.846380       4.973310       5.038520       5.103550       5.157650       5.182400       5.186950       5.183650       5.177530       5.170410       5.163100       5.152930       5.158250       5.151810       5.146360       5.142480       5.140970       5.142940    
   4.396410       4.384680       4.400040       4.446990       4.474690       4.508880       4.550930       4.599560       4.654670       4.715640       4.781720       4.852060       4.925660       5.057510       5.117130       5.171760       5.205710       5.238270       5.252080       5.254140       5.249820       5.239050       5.228920       5.217860       5.214310       5.201900       5.189440       5.177400       5.166470       5.157680    
   4.390350       4.393710       4.437810       4.519530       4.549170       4.561110       4.628770       4.677690       4.732450       4.792490       4.857080       4.925340       5.081790       5.069840       5.105780       5.180660       5.244570       5.292140       5.322960       5.339720       5.346180       5.345460       5.339630       5.340660       5.328900       5.302460       5.283170       5.261750       5.238830       5.170760    
   4.391750       4.435350       4.519530       4.586430       4.619800       4.630200       4.700770       4.750110       4.804190       4.862940       4.817950       4.898250       5.058800       5.072420       5.152050       5.225340       5.288840       5.339590       5.374280       5.394370       5.402900       5.403050       5.407450       5.397100       5.382050       5.356130       5.332030       5.304050       5.272520       5.238110    
   4.434120       4.519530       4.600420       4.638500       4.657210       4.724490       4.768080       4.816600       4.714210       4.786200       4.862070       4.954400       5.033690       5.113390       5.191480       5.264820       5.330340       5.383930       5.422650       5.444010       5.461450       5.464050       5.459660       5.449270       5.433280       5.411800       5.377590       5.344410       5.305600       5.261360    
   4.519530       4.606250       4.647860       4.657210       4.722900       4.787000       4.624290       4.685730       4.752200       4.857990       4.928930       4.990840       5.068730       5.147100       5.224340       5.298000       5.365320       5.425580       5.467310       5.494360       5.506470       5.510600       5.505540       5.496100       5.480430       5.458330       5.422890       5.386470       5.342570       5.290870    
   4.608880       4.652530       4.657210       4.722370       4.787000       4.699660       4.687680       4.746400       4.809790       4.877420       4.936000       5.011960       5.089750       5.168190       5.245930       5.320610       5.392660       5.457180       5.505220       5.525170       5.538570       5.544330       5.543860       5.537070       5.523690       5.503250       5.475150       5.432240       5.386570       5.330320    
   4.654870       4.657210       4.722190       4.787000       4.724780       4.687680       4.717040       4.747960       4.830250       4.887390       4.959330       5.034000       5.110490       5.187770       5.246130       5.322910       5.400820       5.467580       5.517020       5.545600       5.563500       5.578160       5.583140       5.581330       5.572380       5.555730       5.530630       5.496240       5.445440       5.390080    
   4.657210       4.722130       4.787000       4.733150       4.687680       4.702360       4.717560       4.795660       4.887390       4.923360       4.984370       5.049240       5.099590       5.175180       5.261150       5.337990       5.403620       5.467710       5.519570       5.557660       5.584850       5.603690       5.615210       5.625000       5.622560       5.611940       5.592390       5.563010       5.522900       5.461600    
   4.722120       4.787000       4.735940       4.687680       4.695020       4.702530       4.775740       4.887390       4.905380       4.961520       5.020580       4.991910       5.070870       5.186060       5.263780       5.339960       5.400990       5.465150       5.520410       5.565680       5.601620       5.629380       5.649650       5.662560       5.673340       5.670820       5.659180       5.637530       5.605000       5.557170    
   4.787000       4.736870       4.687680       4.691350       4.695080       4.765170       4.887390       4.896380       4.950490       5.006240       4.991910       5.031390       5.108120       5.183650       5.260620       5.336590       5.410220       5.460090       5.519270       5.570990       5.615120       5.651930       5.681650       5.704210       5.719310       5.726350       5.729970       5.718460       5.692390       5.649790    
   4.737190       4.687680       4.689520       4.691370       4.759750       4.887390       4.891890       4.945050       4.999080       4.991910       5.011650       5.078770       5.183650       5.222140       5.260290       5.335810       5.402300       5.463190       5.539180       5.573400       5.625460       5.671360       5.710930       5.743920       5.769900       5.788270       5.784910       5.777950       5.803720       5.789110    
   4.687680       4.688600       4.689520       4.757010       4.887390       4.889640       4.942350       4.995490       4.991910       5.001780       5.066490       5.183650       5.202890       5.222020       5.272740       5.332800       5.400430       5.509920       5.572780       5.572160       5.632050       5.687060       5.736740       5.765400       5.803870       5.835370       5.891600       5.905140       5.907590       5.896850    
   4.688140       4.688600       4.755630       4.887390       4.888510       4.941000       4.993700       4.991910       4.996850       5.060960       5.183650       5.193270       5.202860       5.232550       5.275860       5.335330       5.477560       5.572470       5.572160       5.605960       5.613680       5.679820       5.741330       5.797660       5.887500       5.927470       5.964110       5.992480       6.010690       6.015720    
   4.688140       4.754940       4.887390       4.887950       4.940320       4.992810       4.991910       4.994380       5.058340       5.183650       5.188460       5.193260       5.209560       5.237090       5.281240       5.436250       5.572310       5.572160       5.610710       5.624650       5.666630       5.686120       5.793350       5.862040       5.922930       5.979560       6.029810       6.073390       6.108680       6.131870    
   4.754590       4.887390       4.887670       4.939990       4.992360       4.991910       4.993140       5.057070       5.183650       5.186060       5.188460       5.197090       5.213300       5.222050       5.334450       5.517490       5.520210       5.572700       5.632730       5.640050       5.635610       5.717920       5.803500       5.880450       5.952810       6.020090       6.082310       6.139730       6.192020       6.225160    
   4.887390       4.887530       4.939820       4.992130       4.991910       4.992530       5.056440       5.183650       5.184850       5.186050       5.190540       5.199620       5.188700       5.157080       5.160290       5.374350       5.459940       5.468260       5.579670       5.633480       5.644500       5.747080       5.802460       5.888860       5.970370       6.046380       6.117360       6.184680       6.239910       6.306050    
   4.887460       4.939730       4.992020       4.991910       4.992220       5.056130       5.183650       5.184250       5.184850       5.187150       5.017780       4.756340       5.020930       5.153960       5.153880       5.160290       5.356940       5.451620       5.468260       5.576880       5.620340       5.721880       5.822280       5.885470       5.974420       6.056000       6.130930       6.192810       6.262570       6.334810    
   4.939690       4.991970       4.991910       4.992060       5.055980       5.183650       5.183950       5.184250       5.185420       4.980490       4.756340       4.756340       4.756340       5.016330       5.147710       5.147470       5.160290       5.347590       5.434990       5.468260       5.574420       5.683740       5.792770       5.896980       5.964450       6.048000       6.114760       6.179850       6.241580       6.300160    
   4.991940       4.991910       4.991990       5.055900       5.183650       5.183800       5.183950       4.889030       4.768750       4.755920       4.756340       4.756340       4.756340       4.756340       5.007380       5.135370       5.134650       5.160290       5.326840       5.401710       5.513450       5.630760       5.749400       5.862550       5.961450       6.019670       6.083010       6.136260       6.182360       6.219480    
   4.991910       4.991950       5.055860       5.183650       5.183730       4.667660       3.893520       3.948000       4.002490       4.503920       4.755090       4.756340       4.756340       4.756340       4.756340       4.990350       5.111170       5.109010       5.160290       5.277110       5.403380       5.537380       5.683560       5.819760       5.920650       5.992120       6.028310       6.065210       6.093760       6.111770    
   4.991930       5.055840       5.183650       5.183690       4.564290       3.893370       3.893370       3.893520       3.948000       4.002490       4.501760       4.752580       4.756340       4.756340       4.756340       4.756340       4.959220       5.064220       5.057730       5.174650       5.325050       5.459120       5.603120       5.748810       5.868460       5.931330       5.964170       5.972590       5.981690       5.986210    
