iMOD/TUTORIALS/TUT_MetaswapAnalyser/model_MetaSWAP/meteo/Precipitation/Precipitation_20051227_L1.ASC
NCOLS                30
NROWS                30
XLLCORNER     160000.00
YLLCORNER     340000.00
CELLSIZE        1000.00
NODATA_VALUE   -9999.00
  0.9924100       1.029010       1.067520       1.107950       1.149960       1.193120       1.235810       1.276160       1.310990       1.324480       1.314530       1.301000       1.291050       1.284940       1.288630       1.303800       1.319820       1.361780       1.409720       1.468940       1.538750       1.613620       1.701140       1.795530       1.897310       2.004760       2.116940       2.232900       2.351590       2.468290    
   1.021530       1.059920       1.102350       1.144110       1.187510       1.232480       1.278200       1.324380       1.371120       1.390890       1.370420       1.353520       1.342540       1.337550       1.341030       1.346770       1.369690       1.398370       1.450410       1.507590       1.575190       1.648130       1.733190       1.825000       1.924330       2.029460       2.139570       2.253810       2.363230       2.480170    
   1.051950       1.090870       1.131670       1.173970       1.218990       1.263660       1.308690       1.352820       1.391200       1.408650       1.402560       1.390860       1.383220       1.378450       1.379540       1.385210       1.406620       1.439450       1.483850       1.539320       1.613050       1.684870       1.767270       1.857710       1.954510       2.056930       2.156020       2.268880       2.382060       2.503020    
   1.080170       1.118990       1.159410       1.200960       1.243820       1.286940       1.329130       1.368430       1.398850       1.416780       1.419670       1.415800       1.412510       1.409060       1.412390       1.419320       1.439950       1.472580       1.517340       1.573260       1.638940       1.720100       1.798520       1.878700       1.973460       2.073770       2.179070       2.288780       2.399360       2.517640    
   1.106270       1.144490       1.183700       1.224180       1.265060       1.305470       1.344050       1.377290       1.404730       1.422570       1.435690       1.435260       1.432800       1.431090       1.437440       1.445310       1.460370       1.492700       1.538360       1.595250       1.659260       1.732970       1.811690       1.906330       1.998760       2.096200       2.198120       2.299750       2.409840       2.521290    
   1.130450       1.167510       1.205730       1.244490       1.283150       1.320830       1.355920       1.386090       1.417840       1.438140       1.447910       1.452310       1.451900       1.452000       1.456420       1.462090       1.478740       1.512300       1.561670       1.621690       1.687570       1.761500       1.839480       1.924490       2.014600       2.115250       2.213460       2.310800       2.415530       2.520950    
   1.155620       1.189000       1.225760       1.262700       1.298720       1.334040       1.367040       1.404680       1.431890       1.448930       1.460440       1.467340       1.471070       1.471430       1.477900       1.479560       1.489820       1.526620       1.583030       1.645460       1.714280       1.788040       1.866590       1.947800       2.035120       2.126460       2.216300       2.314730       2.418040       2.518230    
   1.226260       1.211730       1.243660       1.278930       1.313580       1.365260       1.390540       1.422100       1.443990       1.461370       1.474270       1.483280       1.489330       1.492800       1.502550       1.503040       1.505510       1.547860       1.608200       1.672660       1.741070       1.813590       1.890220       1.968910       2.053090       2.135310       2.226420       2.319940       2.416240       2.511210    
   1.250550       1.230890       1.264640       1.294840       1.351640       1.381710       1.404910       1.436250       1.457780       1.475640       1.489910       1.501030       1.509740       1.530140       1.532620       1.538710       1.553860       1.589790       1.642430       1.703030       1.768710       1.838690       1.912630       1.988260       2.063540       2.147490       2.234150       2.324430       2.414180       2.504480    
   1.272890       1.249210       1.281650       1.343620       1.369980       1.398740       1.427530       1.451800       1.473270       1.491780       1.507470       1.520730       1.532340       1.559730       1.566860       1.578110       1.599570       1.633240       1.679660       1.735130       1.796930       1.863250       1.933930       2.008130       2.077930       2.157740       2.241540       2.325370       2.410440       2.496180    
   1.253510       1.267920       1.309560       1.363780       1.392720       1.427390       1.444810       1.468740       1.490380       1.509670       1.526780       1.542130       1.581480       1.611110       1.617510       1.627310       1.643870       1.671500       1.709650       1.756960       1.811570       1.871940       1.936930       2.001280       2.075090       2.147240       2.224630       2.304150       2.385330       2.486400    
   1.253350       1.298690       1.363780       1.403480       1.412290       1.450930       1.466630       1.487000       1.508980       1.529100       1.588210       1.599860       1.641700       1.649070       1.653810       1.664540       1.681880       1.706250       1.741190       1.785120       1.836460       1.893470       1.952200       2.017060       2.085050       2.153250       2.226050       2.300910       2.377480       2.455400    
   1.287040       1.363780       1.410270       1.428700       1.445120       1.461100       1.486230       1.509950       1.591310       1.603290       1.617160       1.677860       1.680650       1.684590       1.689250       1.699430       1.714820       1.737680       1.768580       1.810840       1.857740       1.911640       1.969450       2.030440       2.094170       2.160340       2.225910       2.296020       2.367920       2.441360    
   1.363780       1.414020       1.436910       1.445120       1.462650       1.481720       1.585190       1.604020       1.621210       1.636950       1.651210       1.713360       1.716660       1.720850       1.726670       1.733460       1.746840       1.764060       1.793520       1.832810       1.880550       1.932050       1.965960       2.019010       2.075060       2.134030       2.194120       2.258620       2.325900       2.395880    
   1.415980       1.441020       1.445120       1.463160       1.481720       1.567400       1.635280       1.652710       1.668640       1.683130       1.760780       1.762610       1.764570       1.767120       1.770750       1.770880       1.779700       1.790120       1.814710       1.852570       1.891130       1.934560       1.980680       2.029480       2.080960       2.135150       2.192110       2.250070       2.312730       2.379680    
   1.443070       1.445120       1.463330       1.481720       1.561470       1.635280       1.644000       1.652210       1.700300       1.796740       1.799350       1.801770       1.804310       1.807330       1.807260       1.813040       1.806990       1.822110       1.846020       1.880030       1.918570       1.952950       1.994840       2.039140       2.085910       2.135250       2.187320       2.242300       2.298510       2.359960    
   1.445120       1.463390       1.481720       1.559490       1.635280       1.639640       1.643830       1.698310       1.796740       1.798050       1.825910       1.842660       1.840310       1.844150       1.827690       1.836300       1.842550       1.858310       1.880270       1.908760       1.941860       1.978060       2.016660       2.047970       2.089710       2.133910       2.180820       2.230760       2.284110       2.337970    
   1.463410       1.481720       1.558830       1.635280       1.637460       1.639580       1.694630       1.796740       1.797390       1.835110       1.865830       1.889010       1.890890       1.858790       1.865650       1.874680       1.878760       1.893910       1.913580       1.937880       1.966030       1.997120       2.030550       2.066030       2.093860       2.132750       2.174300       2.218970       2.267300       2.318530    
   1.481720       1.558610       1.635280       1.636370       1.637440       1.692100       1.796740       1.797070       1.839130       1.877420       1.889010       1.889950       1.884010       1.897370       1.904470       1.913600       1.925460       1.929020       1.946310       1.967010       1.990750       2.017010       2.045370       2.075570       2.107580       2.141550       2.168210       2.207290       2.248940       2.285840    
   1.558540       1.635280       1.635820       1.636360       1.690660       1.796740       1.796900       1.841030       1.883220       1.889010       1.889480       1.890090       1.897370       1.900920       1.905150       1.914510       1.922690       1.933600       1.973060       1.996410       2.016170       2.037940       2.061450       2.086500       2.113080       2.141340       2.157760       2.186490       2.221760       2.262780    
   1.635280       1.635550       1.635820       1.689900       1.796740       1.796820       1.841960       1.886110       1.889010       1.889250       1.891490       1.897370       1.899140       1.901150       1.906860       1.914120       1.923600       1.973480       2.011490       2.026560       2.042690       2.060330       2.079290       2.083360       2.105760       2.129330       2.147390       2.175050       2.206740       2.244290    
   1.635420       1.635550       1.689500       1.796740       1.796780       1.842420       1.887560       1.889010       1.889130       1.891780       1.897370       1.898260       1.899220       1.902380       1.907370       1.914860       1.971360       2.019020       2.026560       2.039190       2.048330       2.064760       2.081650       2.099000       2.113720       2.128050       2.147410       2.168710       2.193360       2.224250    
   1.635420       1.689300       1.796740       1.796760       1.842650       1.888290       1.889010       1.889070       1.891820       1.897370       1.897810       1.898280       1.899950       1.902990       1.908210       1.990170       2.022790       2.026560       2.074280       2.089070       2.090100       2.092650       2.099130       2.113320       2.126060       2.139680       2.153690       2.168480       2.185200       2.206540    
   1.689200       1.796740       1.796750       1.842760       1.888650       1.889010       1.889040       1.891820       1.897370       1.897590       1.897820       1.898680       1.900410       2.004610       2.080730       2.135400       2.134470       2.132750       2.131080       2.142280       2.129810       2.114960       2.127920       2.137800       2.147860       2.157880       2.167540       2.176600       2.185430       2.192970    
   1.796740       1.796750       1.842820       1.888830       1.889010       1.889020       1.891810       1.897370       1.897480       1.897590       1.898030       1.898970       2.084830       2.309220       2.307280       2.240340       2.248940       2.242390       2.189450       2.161890       2.154750       2.168150       2.160700       2.168370       2.176350       2.184280       2.191460       2.196990       2.197350       2.198250    
   1.796740       1.842850       1.888920       1.889010       1.889020       1.891800       1.897370       1.897430       1.897480       1.897700       2.140700       2.504450       2.375960       2.311220       2.311160       2.307280       2.270650       2.255490       2.242390       2.211230       2.201110       2.206690       2.212430       2.205100       2.212270       2.220070       2.227510       2.230880       2.233450       2.231700    
   1.842860       1.888960       1.889010       1.889010       1.891800       1.897370       1.897400       1.897430       1.897540       2.188960       2.504450       2.504450       2.504450       2.378940       2.315230       2.315030       2.307280       2.277420       2.268590       2.242390       2.246680       2.250460       2.254460       2.259710       2.255860       2.265730       2.274900       2.284920       2.293150       2.299760    
   1.888990       1.889010       1.889010       1.891800       1.897370       1.897380       1.897400       2.132450       2.323680       2.504670       2.504450       2.504450       2.504450       2.504450       2.384930       2.323380       2.322780       2.307280       2.291410       2.294800       2.298010       2.300210       2.302490       2.306800       2.315280       2.320070       2.337160       2.355490       2.373800       2.393550    
   1.889010       1.889010       1.891800       1.897370       1.897380       2.282460       2.860030       2.848740       2.837440       2.616050       2.505120       2.504450       2.504450       2.504450       2.504450       2.396840       2.340080       2.338280       2.307280       2.321190       2.332030       2.339940       2.348230       2.361240       2.370070       2.389840       2.411620       2.440970       2.470950       2.503220    
   1.889010       1.891800       1.897370       1.897370       2.359520       2.860110       2.860110       2.860030       2.848740       2.837440       2.617190       2.506450       2.504450       2.504450       2.504450       2.504450       2.420060       2.374680       2.369280       2.385570       2.403700       2.410290       2.413340       2.415590       2.428470       2.464190       2.508720       2.542470       2.581860       2.624410    
