iMOD/TUTORIALS/TUT_MetaswapAnalyser/model_MetaSWAP/meteo/Precipitation/Precipitation_20051024_L1.ASC
NCOLS                30
NROWS                30
XLLCORNER     160000.00
YLLCORNER     340000.00
CELLSIZE        1000.00
NODATA_VALUE   -9999.00
   9.245410       9.074000       8.898550       8.709680       8.480570       8.178360       7.790320       7.372620       6.989340       6.780060       6.765620       6.814500       6.881630       6.940960       7.023940       7.133880       7.282140       7.389870       7.513330       7.644470       7.781060       7.909480       8.049240       8.189850       8.328690       8.466230       8.601960       8.734500       8.860360       8.970540    
   9.281060       9.090180       8.873340       8.653390       8.390410       8.076400       7.703720       7.291250       6.861530       6.640320       6.735570       6.825570       6.915010       7.000560       7.093640       7.231300       7.341940       7.438080       7.557100       7.690690       7.829600       7.961390       8.103580       8.246660       8.389600       8.533160       8.677820       8.823480       8.994590       9.120100    
   9.296630       9.095080       8.878840       8.634080       8.356710       8.051010       7.708480       7.346820       7.017530       6.844010       6.855500       6.924360       7.013270       7.087670       7.168400       7.289950       7.397650       7.516530       7.646030       7.783520       7.916440       8.049920       8.192110       8.333360       8.474510       8.616730       8.790750       8.935350       9.083660       9.234600    
   9.321850       9.115790       8.895280       8.650050       8.387970       8.101850       7.799430       7.498110       7.257710       7.105170       7.069450       7.097420       7.157880       7.213320       7.286780       7.389950       7.491780       7.608980       7.740060       7.879990       8.023200       8.157540       8.287360       8.454050       8.586560       8.718230       8.851340       8.988500       9.131380       9.283050    
   9.360340       9.155800       8.933420       8.703160       8.457770       8.200350       7.940420       7.703540       7.506090       7.375790       7.331410       7.330500       7.357980       7.393500       7.435190       7.511540       7.617780       7.733690       7.869940       8.015600       8.165530       8.305760       8.425160       8.541840       8.661660       8.778650       8.895050       9.011200       9.129630       9.239700    
   9.413390       9.210740       9.003900       8.787580       8.563190       8.335250       8.105770       7.917680       7.761130       7.662140       7.595110       7.570190       7.576510       7.593440       7.615180       7.664390       7.735880       7.848420       7.992680       8.143900       8.292130       8.425100       8.533240       8.642170       8.742990       8.832560       8.924980       9.013560       9.099350       9.173930    
   9.498170       9.290270       9.096030       8.896650       8.683490       8.484950       8.295600       8.149980       8.035960       7.932740       7.866940       7.833410       7.823050       7.824480       7.814690       7.833660       7.867030       7.983670       8.148150       8.307560       8.446180       8.565680       8.668050       8.742700       8.818840       8.887170       8.948330       9.006390       9.056210       9.100310    
   9.635900       9.390850       9.190330       9.010760       8.832250       8.591230       8.518520       8.409530       8.292700       8.204540       8.145530       8.112070       8.097420       8.089140       8.061080       8.066100       8.057760       8.189010       8.364670       8.512890       8.634130       8.730860       8.806900       8.852850       8.898510       8.933570       8.963860       8.988870       9.011180       9.024930    
   9.719680       9.499700       9.335590       9.151120       8.902620       8.760770       8.725350       8.645280       8.549140       8.477080       8.429290       8.403210       8.394020       8.329440       8.361840       8.386870       8.426980       8.523340       8.653420       8.768910       8.858070       8.921160       8.962270       8.972450       8.980610       8.981770       8.976790       8.970200       8.956560       8.940640    
   9.827590       9.618000       9.469590       9.206160       9.054520       8.934170       8.975900       8.879890       8.803390       8.748370       8.715120       8.702090       8.706150       8.649100       8.692920       8.753910       8.819220       8.904100       8.993240       9.065340       9.110390       9.133090       9.131150       9.113480       9.067190       9.029670       8.990650       8.945220       8.898410       8.851870    
   9.807330       9.638390       9.409330       9.343580       9.230960       9.245090       9.186810       9.110480       9.052660       9.015060       8.998320       9.001850       8.909140       9.068760       9.109060       9.170350       9.241180       9.301340       9.342930       9.354500       9.334840       9.290460       9.229540       9.156890       9.083610       8.995500       8.916200       8.838170       8.762530       8.759640    
   9.807250       9.549660       9.343580       9.416260       9.385870       9.452160       9.412930       9.333980       9.293560       9.272900       9.439130       9.436430       9.350600       9.407050       9.475070       9.563920       9.649990       9.720420       9.738240       9.701320       9.621540       9.516810       9.400560       9.280010       9.159410       9.024260       8.907510       8.794940       8.687200       8.585280    
   9.667360       9.343580       9.502430       9.545250       9.704630       9.671760       9.612000       9.567880       9.788260       9.738980       9.728630       9.588540       9.651190       9.733920       9.824560       9.943910       10.06280       10.14620       10.15220       10.05550       9.903100       9.732200       9.558840       9.389240       9.225580       9.068520       8.899850       8.755100       8.617420       8.487180    
   9.343580       9.543890       9.624940       9.704630       9.740890       9.846270       10.13720       10.08070       10.04060       10.01440       10.01330       9.858210       9.933510       10.03110       10.15180       10.28490       10.44730       10.58550       10.57390       10.38970       10.15260       9.916810       9.664610       9.447000       9.241840       9.048300       8.849670       8.676340       8.513150       8.359880    
   9.564220       9.664790       9.704630       9.763930       9.846270       10.12160       10.38140       10.33220       10.29870       10.28240       10.07760       10.13420       10.21080       10.30920       10.43140       10.55410       10.73690       10.94350       10.95270       10.60860       10.30820       10.02030       9.752210       9.501540       9.266340       9.045180       8.837020       8.624800       8.440410       8.278430    
   9.684710       9.704630       9.771610       9.846270       10.11640       10.38140       10.35680       10.33740       10.29140       10.25230       10.29340       10.35070       10.42550       10.51850       10.60750       10.73890       10.85650       10.97890       10.93140       10.67450       10.36990       10.08940       9.806110       9.537090       9.282300       9.041320       8.813790       8.599530       8.381810       8.194550    
   9.704630       9.774170       9.846270       10.11470       10.38140       10.36910       10.35850       10.30950       10.25230       10.27290       10.41840       10.53830       10.57220       10.65080       10.72400       10.81920       10.87420       10.90560       10.82630       10.62700       10.36170       10.07520       9.787760       9.534670       9.267920       9.013090       8.771270       8.543440       8.330570       8.135040    
   9.775020       9.846270       10.11410       10.38140       10.37520       10.36970       10.32240       10.25230       10.26260       10.43970       10.59780       10.65730       10.70900       10.74850       10.80920       10.86220       10.85220       10.82950       10.72990       10.55040       10.31310       10.04530       9.765800       9.485750       9.238530       8.975140       8.723510       8.486040       8.265100       8.077600    
   9.846270       10.11390       10.38140       10.37830       10.37540       10.32990       10.25230       10.25740       10.44790       10.62760       10.65730       10.68310       10.73810       10.83760       10.86770       10.88310       10.87080       10.76410       10.64850       10.47420       10.25220       9.998630       9.728080       9.451210       9.175460       8.906140       8.673120       8.428520       8.215710       8.009910    
   10.11390       10.38140       10.37990       10.37840       10.33400       10.25230       10.25490       10.45150       10.64240       10.65730       10.67020       10.72900       10.83760       10.85260       10.86280       10.87390       10.83930       10.76110       10.53110       10.40900       10.19410       9.949640       9.686140       9.412810       9.136980       8.864590       8.589340       8.357480       8.177070       7.985920    
   10.38140       10.38060       10.37990       10.33610       10.25230       10.25360       10.45320       10.64990       10.65730       10.66380       10.72350       10.83760       10.84510       10.85100       10.86310       10.85870       10.82480       10.57510       10.38430       10.35970       10.14730       9.907820       9.649000       9.363970       9.089580       8.815790       8.622720       8.363450       8.120070       7.900050    
   10.38100       10.38060       10.33720       10.25230       10.25290       10.45400       10.65360       10.65730       10.66050       10.72060       10.83760       10.84140       10.84460       10.85310       10.85760       10.84880       10.59810       10.37200       10.35970       10.20060       10.09470       9.860590       9.607010       9.340180       9.129300       8.863920       8.589780       8.322660       8.069690       7.839630    
   10.38100       10.33780       10.25230       10.25260       10.45440       10.65540       10.65730       10.65890       10.71900       10.83760       10.83950       10.84120       10.84630       10.85180       10.85320       10.62830       10.36590       10.35970       10.22990       10.13480       9.982260       9.851440       9.665400       9.399090       9.128800       8.850920       8.571520       8.295740       8.030400       7.785860    
   10.33810       10.25230       10.25250       10.45460       10.65640       10.65730       10.65810       10.71820       10.83760       10.83850       10.83940       10.84230       10.84640       10.87550       10.74090       10.47760       10.47110       10.34690       10.20280       10.22430       10.17500       9.929560       9.670420       9.410480       9.138980       8.859750       8.576370       8.292580       8.013400       7.726880    
   10.25230       10.25240       10.45470       10.65680       10.65730       10.65770       10.71780       10.83760       10.83810       10.83850       10.84010       10.84270       10.89610       10.95550       10.95070       10.68390       10.59570       10.58260       10.35970       10.24910       10.27370       10.02220       9.702840       9.444190       9.174140       8.895840       8.611740       8.323870       8.015770       7.732400    
   10.25230       10.45470       10.65710       10.65730       10.65750       10.71760       10.83760       10.83780       10.83810       10.83890       11.22390       11.79920       11.24120       10.96090       10.96040       10.95070       10.71790       10.60880       10.58260       10.38260       10.29870       10.07220       9.827840       9.503870       9.237200       8.963250       8.683710       8.383060       8.096300       7.808320    
   10.45480       10.65720       10.65730       10.65740       10.71750       10.83760       10.83770       10.83780       10.83830       11.29990       11.79920       11.79920       11.79920       11.24930       10.97170       10.97010       10.95070       10.72950       10.63490       10.58260       10.37550       10.14770       9.902950       9.645990       9.329410       9.063810       8.782640       8.509780       8.237620       7.970510    
   10.65720       10.65730       10.65740       10.71750       10.83760       10.83770       10.83770       11.37510       11.65990       11.79980       11.79920       11.79920       11.79920       11.79920       11.26570       10.99430       10.98950       10.95070       10.74980       10.68730       10.47920       10.25020       10.00480       9.749130       9.490220       9.190580       8.934200       8.680790       8.431980       8.195300    
   10.65730       10.65730       10.71740       10.83760       10.83760       11.81100       13.27080       13.12880       12.98670       12.19670       11.80110       11.79920       11.79920       11.79920       11.79920       11.29930       11.04290       11.02820       10.95070       10.77880       10.58150       10.36080       10.14390       9.889990       9.626650       9.378630       9.120530       8.890590       8.666650       8.456530    
   10.65730       10.71740       10.83760       10.83760       12.00580       13.27120       13.27120       13.27080       13.12880       12.98670       12.20000       11.80480       11.79920       11.79920       11.79920       11.79920       11.36570       11.14970       11.10570       10.93880       10.80450       10.56650       10.30890       10.03960       9.783160       9.564720       9.359630       9.141130       8.932850       8.741790    
