iMOD/TUTORIALS/TUT_MetaswapAnalyser/model_MetaSWAP/meteo/Precipitation/Precipitation_20050219_L1.ASC
NCOLS                30
NROWS                30
XLLCORNER     160000.00
YLLCORNER     340000.00
CELLSIZE        1000.00
NODATA_VALUE   -9999.00
   2.626730       2.655570       2.677710       2.689210       2.679600       2.634430       2.547080       2.436390       2.336050       2.329140       2.437110       2.573250       2.706220       2.835420       2.936380       3.010340       3.051120       3.083840       3.077210       3.044750       2.990210       2.925300       2.839290       2.742660       2.637340       2.525810       2.410020       2.292220       2.175800       2.066330    
   2.581730       2.601540       2.610890       2.607900       2.581780       2.528700       2.443000       2.328730       2.191420       2.174960       2.353880       2.520350       2.671640       2.812520       2.925790       3.005040       3.059770       3.073780       3.075090       3.037270       2.976300       2.904460       2.812640       2.710810       2.600990       2.485000       2.364050       2.239490       2.115740       1.996040    
   2.539630       2.552180       2.554860       2.540150       2.510530       2.460480       2.388530       2.301320       2.223810       2.236730       2.363450       2.519440       2.671730       2.818790       2.938040       3.025140       3.082620       3.102010       3.084670       3.036360       2.977810       2.896630       2.797730       2.690060       2.575810       2.456010       2.333050       2.202570       2.067580       1.930960    
   2.503240       2.510850       2.509360       2.491060       2.465230       2.425560       2.375340       2.324360       2.298340       2.327830       2.422720       2.556400       2.703430       2.847720       2.975260       3.072280       3.133020       3.147900       3.119060       3.056330       2.971040       2.884250       2.783740       2.673680       2.556620       2.435450       2.309950       2.179630       2.044170       1.903800    
   2.473210       2.478000       2.467570       2.456840       2.437420       2.410910       2.382220       2.359480       2.361810       2.403300       2.500530       2.613960       2.747960       2.889610       3.025360       3.136490       3.203080       3.209950       3.161640       3.077450       2.974520       2.863760       2.759050       2.653880       2.536950       2.418160       2.297030       2.173680       2.048690       1.928670    
   2.449290       2.442390       2.440830       2.433580       2.421530       2.407190       2.390940       2.391850       2.437570       2.481780       2.557920       2.662850       2.788900       2.927160       3.077880       3.208600       3.290860       3.284230       3.202510       3.088730       2.966660       2.845570       2.736390       2.621820       2.509150       2.404080       2.291160       2.178540       2.067430       1.962950    
   2.418350       2.420940       2.420860       2.417370       2.405260       2.400870       2.401540       2.454740       2.478330       2.524320       2.595760       2.692050       2.810550       2.942770       3.104540       3.264300       3.391830       3.356260       3.217450       3.071580       2.935270       2.809610       2.692950       2.591990       2.486840       2.384300       2.283480       2.183970       2.090490       1.997920    
   2.406130       2.395410       2.396440       2.396480       2.396380       2.461730       2.464040       2.476440       2.502720       2.546940       2.611330       2.696420       2.801730       2.916090       3.075540       3.238520       3.418200       3.336440       3.160010       3.005120       2.869720       2.750120       2.642450       2.552140       2.458850       2.368990       2.280950       2.194570       2.111090       2.029370    
   2.382700       2.379640       2.382470       2.384030       2.466960       2.467330       2.473030       2.487280       2.512350       2.551090       2.605080       2.674830       2.760080       2.864210       2.976620       3.089040       3.165730       3.126840       3.008280       2.881700       2.766940       2.665730       2.575430       2.501730       2.424660       2.349990       2.276710       2.205380       2.133640       2.063040    
   2.371120       2.365740       2.369110       2.470320       2.468100       2.469830       2.476370       2.488830       2.509450       2.539700       2.580300       2.631120       2.691080       2.783170       2.829010       2.887190       2.909940       2.877630       2.802770       2.715470       2.632890       2.560570       2.494600       2.433480       2.384850       2.327810       2.271770       2.213870       2.155430       2.096450    
   2.368670       2.368660       2.418880       2.470360       2.469800       2.469810       2.474280       2.483070       2.497080       2.516880       2.542330       2.572470       2.642160       2.638170       2.649900       2.667290       2.662850       2.631910       2.585010       2.535620       2.491060       2.451800       2.415480       2.379810       2.343880       2.316100       2.275280       2.231940       2.186280       2.129790    
   2.368640       2.406640       2.470360       2.469230       2.469060       2.468770       2.470130       2.472470       2.478780       2.487400       2.452340       2.468060       2.514050       2.514890       2.487680       2.468560       2.435580       2.395580       2.362190       2.343440       2.335720       2.331720       2.327090       2.317430       2.302620       2.292630       2.268480       2.239910       2.207470       2.171580    
   2.403260       2.470360       2.468910       2.468370       2.467690       2.465150       2.462920       2.461090       2.395500       2.398500       2.400450       2.444120       2.426760       2.399480       2.340840       2.290020       2.227360       2.169690       2.142960       2.156700       2.188990       2.220940       2.245420       2.260570       2.266550       2.264260       2.265470       2.250620       2.230540       2.206000    
   2.470360       2.468750       2.468030       2.467690       2.464850       2.461720       2.373030       2.371160       2.368030       2.361820       2.352380       2.384190       2.349860       2.302890       2.239480       2.144010       2.049930       1.956740       1.931760       1.991040       2.066140       2.130610       2.176590       2.211830       2.234810       2.247290       2.260530       2.257540       2.248430       2.234310    
   2.468670       2.467860       2.467690       2.464750       2.461720       2.397090       2.356510       2.350500       2.341950       2.329630       2.371770       2.336380       2.290910       2.232040       2.156340       2.046220       1.934240       1.798920       1.758110       1.884630       1.986480       2.069990       2.135340       2.184770       2.220420       2.244320       2.258320       2.273710       2.273280       2.267490    
   2.467780       2.467690       2.464720       2.461720       2.405110       2.356510       2.353510       2.349650       2.349740       2.376860       2.343510       2.302700       2.252140       2.189470       2.112820       2.020800       1.904690       1.811930       1.795250       1.874790       1.970260       2.051620       2.121860       2.177870       2.220730       2.251880       2.272880       2.285330       2.299960       2.299710    
   2.467690       2.464710       2.461720       2.407780       2.356510       2.355010       2.353220       2.357440       2.376860       2.360180       2.316980       2.283830       2.233740       2.173680       2.102460       2.025360       1.936210       1.884590       1.879550       1.926050       1.997550       2.072070       2.139800       2.191100       2.236200       2.270610       2.295260       2.311390       2.320310       2.334100    
   2.464710       2.461720       2.408670       2.356510       2.355760       2.354910       2.360630       2.376860       2.368520       2.322580       2.280910       2.277980       2.231200       2.176860       2.118600       2.058880       1.991830       1.963460       1.965020       1.998140       2.052060       2.113590       2.173590       2.227080       2.265730       2.300110       2.325420       2.342430       2.352230       2.358360    
   2.461720       2.408970       2.356510       2.356130       2.355730       2.362040       2.376860       2.372690       2.325080       2.279440       2.277980       2.254590       2.220740       2.196930       2.150940       2.106980       2.070710       2.042220       2.049000       2.076780       2.120190       2.171400       2.223420       2.271410       2.312440       2.345130       2.362950       2.378400       2.388880       2.395010    
   2.409070       2.356510       2.356320       2.356120       2.362690       2.376860       2.374780       2.326260       2.278710       2.277980       2.266280       2.237560       2.196930       2.173930       2.151620       2.109540       2.073300       2.053980       2.112590       2.157250       2.194990       2.239160       2.284570       2.326980       2.363430       2.392160       2.417960       2.433870       2.406830       2.403230    
   2.356510       2.356420       2.356320       2.363000       2.376860       2.375820       2.326840       2.278350       2.277980       2.272130       2.244690       2.196930       2.185430       2.174160       2.145030       2.111490       2.078940       2.135010       2.197470       2.237700       2.273050       2.313050       2.353690       2.395620       2.427700       2.451930       2.435430       2.442950       2.444230       2.441270    
   2.356460       2.356420       2.363150       2.376860       2.376340       2.327130       2.278160       2.277980       2.275060       2.247930       2.196930       2.191180       2.185510       2.168210       2.143560       2.111820       2.156150       2.217590       2.237700       2.288700       2.355360       2.394020       2.432220       2.466600       2.463870       2.481760       2.490790       2.491510       2.485330       2.474450    
   2.356460       2.363220       2.376860       2.376600       2.327280       2.278070       2.277980       2.276520       2.249470       2.196930       2.194060       2.191210       2.181630       2.165760       2.141200       2.218430       2.227640       2.237700       2.377350       2.434750       2.456490       2.478820       2.490100       2.517770       2.537110       2.551360       2.553900       2.546580       2.530930       2.510100    
   2.363260       2.376860       2.376730       2.327350       2.278030       2.277980       2.277250       2.250230       2.196930       2.195490       2.194060       2.188960       2.179530       2.312510       2.397940       2.451780       2.452980       2.483710       2.521700       2.548220       2.514150       2.540100       2.570160       2.599240       2.619140       2.627730       2.624040       2.608300       2.581960       2.544040    
   2.376860       2.376790       2.327380       2.278000       2.277980       2.277610       2.250600       2.196930       2.196210       2.195500       2.192840       2.187520       2.441080       2.761920       2.761470       2.648990       2.674740       2.668250       2.613550       2.582110       2.582300       2.608740       2.656270       2.687510       2.707150       2.712730       2.703360       2.679550       2.639150       2.591890    
   2.376830       2.327400       2.277990       2.277980       2.277800       2.250780       2.196930       2.196570       2.196210       2.194850       2.418720       2.758860       2.761340       2.762450       2.762370       2.761470       2.706790       2.681220       2.668250       2.655630       2.649890       2.694180       2.734430       2.781400       2.802910       2.806700       2.792380       2.758920       2.714020       2.657740    
   2.327410       2.277990       2.277980       2.277890       2.250870       2.196930       2.196750       2.196570       2.195880       2.465500       2.758860       2.758860       2.758860       2.762120       2.763510       2.763270       2.761470       2.716210       2.694190       2.668250       2.722070       2.777290       2.828490       2.868690       2.906320       2.909240       2.888660       2.851050       2.801260       2.744070    
   2.277980       2.277980       2.277930       2.250920       2.196930       2.196840       2.196750       2.274370       2.466640       2.758700       2.758860       2.758860       2.758860       2.758860       2.763720       2.765790       2.765070       2.761470       2.740950       2.720130       2.785280       2.854370       2.921140       2.975570       3.008330       3.018980       2.991810       2.947220       2.893890       2.838900    
   2.277980       2.277960       2.250940       2.196930       2.196890       2.322940       2.512110       2.510200       2.508300       2.674900       2.758370       2.758860       2.758860       2.758860       2.758860       2.766960       2.770840       2.768670       2.761470       2.813940       2.878070       2.951740       3.041040       3.089610       3.129320       3.122950       3.092620       3.038480       2.981460       2.928470    
   2.277970       2.250950       2.196930       2.196910       2.348170       2.512080       2.512080       2.512110       2.510190       2.508300       2.674060       2.757390       2.758860       2.758860       2.758860       2.758860       2.773090       2.782380       2.775860       2.833010       2.930410       3.010960       3.105000       3.201600       3.258760       3.230760       3.166210       3.109870       3.053180       3.003240    
