iMOD/TUTORIALS/TUT_MetaswapAnalyser/model_MetaSWAP/meteo/Precipitation/Precipitation_20061024_L1.ASC
NCOLS                30
NROWS                30
XLLCORNER     160000.00
YLLCORNER     340000.00
CELLSIZE        1000.00
NODATA_VALUE   -9999.00
   6.693280       6.885440       7.095620       7.301380       7.441980       7.394410       7.122070       6.740820       6.363760       6.132070       6.069100       6.064850       6.072280       6.124300       6.155640       6.181770       6.220520       6.258390       6.285390       6.308500       6.327250       6.362200       6.372500       6.388760       6.382300       6.365470       6.334940       6.285290       6.207440       6.076130    
   6.652410       6.800560       6.939760       7.055240       7.099230       7.010070       6.777740       6.441250       6.048730       5.819370       5.858050       5.886530       5.912790       5.960000       5.989330       6.022480       6.046040       6.072700       6.095840       6.107170       6.114290       6.135650       6.136240       6.143480       6.131180       6.110960       6.080300       6.035030       5.963180       5.845610    
   6.560160       6.664520       6.753150       6.812840       6.790190       6.684660       6.483980       6.212160       5.924020       5.752020       5.728310       5.744450       5.762140       5.801830       5.828740       5.855140       5.871280       5.880650       5.883580       5.881380       5.884280       5.892940       5.896550       5.882640       5.864240       5.839900       5.803720       5.762470       5.698200       5.623320    
   6.438350       6.504850       6.550490       6.572840       6.528730       6.420610       6.251100       6.036480       5.833020       5.699430       5.637050       5.623860       5.621670       5.644370       5.660600       5.676970       5.684040       5.681980       5.671580       5.655700       5.637140       5.638780       5.633720       5.607280       5.582170       5.552040       5.515010       5.469040       5.403980       5.334240    
   6.300480       6.336560       6.370030       6.351850       6.292960       6.189540       6.047100       5.886620       5.734220       5.614880       5.531280       5.491630       5.478320       5.478810       5.486660       5.493020       5.486450       5.470870       5.444260       5.412510       5.394830       5.363920       5.352230       5.328370       5.295890       5.257880       5.211380       5.141910       5.067310       4.956480    
   6.155680       6.194600       6.185320       6.149550       6.082830       5.984820       5.880960       5.730130       5.593470       5.484680       5.406730       5.354450       5.327500       5.305360       5.298310       5.298380       5.289460       5.259740       5.214150       5.165800       5.133560       5.093750       5.073690       5.038160       4.999500       4.958060       4.901310       4.818200       4.723120       4.589910    
   5.992030       6.037440       6.011420       5.963560       5.920260       5.824630       5.710830       5.554790       5.440660       5.342050       5.260580       5.197540       5.151320       5.116000       5.094620       5.091320       5.084720       5.036670       4.966320       4.911880       4.858940       4.813700       4.772980       4.749960       4.707200       4.656160       4.579930       4.499180       4.394780       4.253770    
   5.851220       5.872460       5.886910       5.828820       5.751600       5.571320       5.492910       5.385140       5.281360       5.183750       5.096780       5.022560       4.961490       4.896000       4.866780       4.850800       4.846860       4.776420       4.694410       4.625730       4.570720       4.525580       4.485660       4.462540       4.419210       4.352980       4.286400       4.200070       4.082220       3.943400    
   5.764900       5.733900       5.687940       5.677560       5.487240       5.399920       5.325020       5.219250       5.116170       5.015490       4.920560       4.833450       4.755270       4.649190       4.611240       4.566880       4.521380       4.454310       4.382380       4.320170       4.271470       4.232970       4.199240       4.180710       4.127950       4.077240       4.010500       3.915650       3.806520       3.670770    
   5.643630       5.603850       5.549310       5.363550       5.327170       5.237310       5.157450       5.055250       4.949360       4.842780       4.737870       4.636300       4.539120       4.437280       4.329780       4.265520       4.185440       4.116280       4.051970       4.000930       3.964540       3.941300       3.919120       3.893880       3.865390       3.819710       3.748260       3.665480       3.559390       3.428810    
   5.639730       5.598930       5.432720       5.214190       5.135760       5.083720       5.001220       4.895770       4.785040       4.670950       4.555030       4.438350       4.307490       4.135190       3.996820       3.919750       3.846500       3.777520       3.725950       3.695540       3.682630       3.678850       3.675410       3.654760       3.623290       3.606960       3.550060       3.470860       3.367820       3.216970    
   5.635720       5.471390       5.214190       5.049880       4.991780       4.898950       4.815970       4.743440       4.627050       4.505050       4.266620       4.151820       4.009360       3.860800       3.725000       3.621420       3.524260       3.441870       3.392300       3.379360       3.390930       3.411170       3.412590       3.417610       3.407270       3.396540       3.347330       3.274790       3.178030       3.057340    
   5.496640       5.214190       5.011670       4.924800       4.857810       4.774830       4.674100       4.564860       4.294760       4.206200       4.087030       3.875660       3.759600       3.634500       3.474450       3.343970       3.216620       3.114910       3.062480       3.075580       3.110800       3.157330       3.194670       3.216340       3.218840       3.199900       3.177030       3.112050       3.022290       2.908140    
   5.214190       4.993740       4.891300       4.857810       4.759910       4.647100       4.342320       4.244450       4.138820       4.014710       3.894630       3.700080       3.573930       3.436010       3.285440       3.103590       2.941690       2.794930       2.745910       2.796300       2.880360       2.954890       2.995950       3.029270       3.041090       3.030410       3.013620       2.956720       2.875400       2.769950    
   4.985070       4.874560       4.857810       4.754940       4.647100       4.392130       4.186980       4.088780       3.982560       3.868080       3.631010       3.517510       3.392220       3.253890       3.101110       2.921260       2.739990       2.540430       2.464610       2.600790       2.699080       2.784570       2.848330       2.890270       2.910090       2.907360       2.881570       2.849250       2.776700       2.687980    
   4.866180       4.857810       4.753280       4.647100       4.408740       4.186980       4.137880       4.086110       3.885380       3.602090       3.498810       3.385280       3.260840       3.124810       2.978950       2.816410       2.651370       2.498590       2.448470       2.523160       2.621380       2.685730       2.749990       2.795240       2.820200       2.823990       2.805860       2.765210       2.717260       2.630550    
   4.857810       4.752730       4.647100       4.414270       4.186980       4.162430       4.136990       3.927860       3.602090       3.550450       3.409540       3.275820       3.165050       3.032110       2.937570       2.785200       2.626020       2.523390       2.484900       2.514760       2.578790       2.648730       2.711000       2.727030       2.753130       2.760970       2.749260       2.717050       2.663830       2.610890    
   4.752550       4.647100       4.416120       4.186980       4.174700       4.162130       3.957340       3.602090       3.576270       3.425710       3.280760       3.285700       3.153540       3.021870       2.887220       2.757620       2.626730       2.551500       2.518740       2.529170       2.568510       2.619690       2.670390       2.713040       2.711440       2.722300       2.716620       2.693050       2.650800       2.597000    
   4.647100       4.416730       4.186980       4.180840       4.174610       3.974070       3.602090       3.589180       3.434600       3.283230       3.285700       3.219620       3.108640       2.973450       2.855090       2.745160       2.650780       2.575350       2.546790       2.548330       2.572760       2.609920       2.650560       2.687730       2.716490       2.733290       2.704160       2.689550       2.665800       2.620350    
   4.416940       4.186980       4.183910       4.180810       3.982900       3.602090       3.595630       3.439210       3.284470       3.285700       3.252660       3.146850       2.973450       2.914270       2.857900       2.750340       2.657100       2.590970       2.563270       2.566090       2.582140       2.610230       2.643770       2.677030       2.705440       2.725410       2.739240       2.745250       2.747110       2.678470    
   4.186980       4.185450       4.183900       3.987430       3.602090       3.598860       3.441540       3.285080       3.285700       3.269180       3.164670       2.973450       2.943860       2.915210       2.840840       2.755110       2.666140       2.592810       2.572940       2.579790       2.591590       2.614550       2.643980       2.679760       2.709340       2.733530       2.782320       2.787840       2.778550       2.752610    
   4.186210       4.185440       3.989720       3.602090       3.600480       3.442720       3.285390       3.285700       3.277440       3.173250       2.973450       2.958650       2.944170       2.899970       2.837050       2.754030       2.634040       2.576360       2.579790       2.591060       2.601790       2.622570       2.650520       2.682130       2.738320       2.763770       2.791710       2.809560       2.814740       2.808420    
   4.186210       3.990870       3.602090       3.601280       3.443310       3.285550       3.285700       3.281570       3.177460       2.973450       2.966050       2.958760       2.934270       2.893730       2.830350       2.663720       2.578080       2.579790       2.577160       2.580570       2.601110       2.610160       2.653420       2.692550       2.731140       2.772250       2.809540       2.839460       2.859330       2.865800    
   3.991440       3.602090       3.601690       3.443600       3.285620       3.285700       3.283640       3.179540       2.973450       2.969750       2.966090       2.953030       2.928920       2.756000       2.617150       2.513220       2.515420       2.535860       2.559510       2.557210       2.559350       2.611660       2.634190       2.681670       2.731140       2.780330       2.827030       2.868990       2.903850       2.937220    
   3.602090       3.601890       3.443750       3.285660       3.285700       3.284670       3.180580       2.973450       2.971600       2.969760       2.962950       2.949340       2.672800       2.363960       2.365660       2.436230       2.446160       2.451040       2.511800       2.540760       2.555080       2.560870       2.621480       2.672660       2.727330       2.783510       2.839100       2.892080       2.948370       2.989390    
   3.601990       3.443820       3.285680       3.285700       3.285180       3.181100       2.973450       2.972530       2.971600       2.968110       2.628830       2.131040       2.284760       2.362070       2.362250       2.365660       2.417670       2.441280       2.451040       2.498170       2.507850       2.542390       2.585030       2.656340       2.716140       2.778870       2.842270       2.909950       2.968130       3.020400    
   3.443860       3.285690       3.285700       3.285440       3.181360       2.973450       2.972990       2.972530       2.970750       2.566120       2.131040       2.131040       2.131040       2.281950       2.358310       2.358850       2.365660       2.412720       2.431510       2.451040       2.478700       2.515510       2.561100       2.614930       2.695820       2.764620       2.838090       2.907210       2.970190       3.023890    
   3.285700       3.285700       3.285570       3.181490       2.973450       2.973220       2.972990       2.681790       2.412490       2.130840       2.131040       2.131040       2.131040       2.131040       2.276200       2.350410       2.352040       2.365660       2.402660       2.411980       2.441190       2.479880       2.527870       2.585080       2.648970       2.740700       2.819100       2.892900       2.957760       3.009050    
   3.285700       3.285640       3.181550       2.973450       2.973330       2.499650       1.789310       1.800110       1.810910       2.023780       2.130430       2.131040       2.131040       2.131040       2.131040       2.264500       2.333530       2.338420       2.365660       2.381980       2.408690       2.445520       2.481320       2.538500       2.613420       2.696600       2.792160       2.870630       2.937050       2.986890    
   3.285670       3.181580       2.973450       2.973390       2.404980       1.789280       1.789280       1.789310       1.800100       1.810910       2.022740       2.129220       2.131040       2.131040       2.131040       2.131040       2.241390       2.296520       2.311170       2.327930       2.332720       2.377920       2.431890       2.494220       2.569210       2.660080       2.752830       2.841530       2.913890       2.964000    
