iMOD/TUTORIALS/TUT_MetaswapAnalyser/model_MetaSWAP/meteo/Precipitation/Precipitation_20050503_L1.ASC
NCOLS                30
NROWS                30
XLLCORNER     160000.00
YLLCORNER     340000.00
CELLSIZE        1000.00
NODATA_VALUE   -9999.00
   2.053490       1.919350       1.807350       1.728300       1.716030       1.817200       2.060290       2.384270       2.701240       2.811320       2.663040       2.443900       2.221910       2.005430       1.805900       1.607220       1.457520       1.319070       1.186700       1.069570      0.9657100      0.8663000      0.7822700      0.7232300      0.6482400      0.5775300      0.5107200      0.4487900      0.3950000      0.3529000    
   2.207110       2.101010       2.025110       1.991830       2.031340       2.159390       2.395870       2.726220       3.129180       3.259950       2.937830       2.650920       2.388210       2.132240       1.911520       1.727330       1.546760       1.388230       1.255760       1.129180       1.016640      0.9095000      0.8176800      0.7502500      0.6673700      0.5880400      0.5112900      0.4372700      0.3685100      0.3121800    
   2.362760       2.281820       2.233870       2.238910       2.293850       2.423780       2.631690       2.900090       3.164040       3.221030       3.016600       2.751310       2.479540       2.229570       2.002790       1.807340       1.619220       1.450380       1.300110       1.166870       1.059200      0.9471300      0.8707000      0.7777100      0.6895400      0.6042500      0.5200600      0.4362800      0.3498100       0.000000    
   2.509450       2.447740       2.418270       2.436610       2.494870       2.606740       2.765940       2.945470       3.084000       3.101410       2.969350       2.756960       2.518440       2.281370       2.056620       1.856740       1.666610       1.494940       1.341940       1.206280       1.085610       1.010190      0.9022200      0.8069400      0.7166000      0.6289500      0.5423300      0.4554300      0.3649700       0.000000    
   2.640830       2.591540       2.578060       2.589720       2.638160       2.721750       2.829640       2.940210       3.005570       2.991460       2.889010       2.711930       2.506130       2.288250       2.077700       1.878580       1.686140       1.515520       1.363720       1.229410       1.137880       1.028910      0.9242100      0.8387100      0.7494300      0.6631800      0.5789500      0.4927800      0.4160900      0.3528800    
   2.753660       2.715380       2.695770       2.702170       2.734410       2.787910       2.859110       2.909730       2.958130       2.902620       2.802380       2.652550       2.471410       2.270080       2.065050       1.872730       1.690100       1.524540       1.378570       1.249650       1.159660       1.055480      0.9550900      0.8655600      0.7809500      0.7052700      0.6269900      0.5492400      0.4850300      0.4367900    
   2.845350       2.805970       2.783770       2.780710       2.806280       2.830400       2.856770       2.913210       2.875140       2.817830       2.717730       2.579980       2.414960       2.233790       2.033720       1.850960       1.673440       1.516450       1.381150       1.281310       1.175040       1.078090      0.9887500      0.9009400      0.8224100      0.7481000      0.6725800      0.6097300      0.5582800      0.5177300    
   2.853550       2.888370       2.861570       2.845550       2.840320       2.910070       2.898610       2.854540       2.812290       2.740710       2.637380       2.505100       2.350320       2.180790       1.988710       1.816470       1.644330       1.499340       1.387960       1.281230       1.184520       1.096590       1.015850      0.9361100      0.8653400      0.7919200      0.7307200      0.6753400      0.6338300      0.5955300    
   2.919480       2.937360       2.901020       2.876150       2.945000       2.918620       2.884030       2.814620       2.753980       2.670400       2.562320       2.431530       2.282420       2.091270       1.933500       1.773520       1.619320       1.484940       1.371850       1.274190       1.187840       1.110640       1.040350      0.9703600      0.9012000      0.8436400      0.7898800      0.7485900      0.7040900      0.6680800    
   2.954860       2.970680       2.927130       2.997620       2.961560       2.918360       2.835360       2.775740       2.700600       2.606830       2.493440       2.361700       2.214890       2.022820       1.872540       1.721970       1.569160       1.450500       1.348850       1.263220       1.190640       1.119860       1.062150       1.008510      0.9448000      0.8959900      0.8584600      0.8135400      0.7729000      0.7379200    
   2.980780       2.950890       2.978440       3.018320       2.964330       2.857510       2.812740       2.739570       2.652890       2.550530       2.431810       2.297700       2.097540       2.118150       1.885860       1.708080       1.542450       1.396730       1.276970       1.183180       1.110500       1.052400       1.003380      0.9526200      0.9226800      0.8702500      0.8333200      0.7987900      0.7672800      0.8069200    
   2.983720       2.982110       3.018320       2.964440       2.968300       2.841000       2.786810       2.707580       2.611800       2.502400       2.708200       2.516010       2.287250       2.027060       1.840490       1.656110       1.484020       1.337190       1.224050       1.145240       1.091250       1.051240       1.020070      0.9896500      0.9599000      0.9243800      0.8942500      0.8644700      0.8355100      0.8078900    
   3.003500       3.018320       2.956790       2.937560       2.906820       2.851710       2.768670       2.676670       3.071840       2.904720       2.716170       2.368510       2.190780       2.001680       1.805810       1.609440       1.423040       1.264550       1.157160       1.102000       1.072540       1.054580       1.038610       1.021530       1.002390      0.9810700      0.9514100      0.9262500      0.8999100      0.8726200    
   3.018320       2.951030       2.922190       2.906820       2.867670       2.844490       3.445780       3.286760       3.115600       2.966150       2.764480       2.377450       2.193250       1.996990       1.791680       1.581410       1.376890       1.187450       1.078510       1.060020       1.064390       1.068580       1.088420       1.086300       1.078820       1.066550       1.043000       1.022240      0.9978800      0.9699100    
   2.947670       2.914510       2.906820       2.872990       2.844490       3.311550       3.644380       3.464200       3.272300       3.068490       2.611820       2.432100       2.238760       2.033720       1.819170       1.598390       1.371460       1.146310       1.023150       1.070670       1.107860       1.132410       1.147220       1.153890       1.153650       1.147430       1.135850       1.111390       1.089520       1.061060    
   2.910660       2.906820       2.874770       2.844490       3.266810       3.644380       3.554290       3.460290       3.160800       2.838230       2.670120       2.488090       2.293640       2.088780       1.913090       1.690990       1.458950       1.262320       1.157560       1.158220       1.181560       1.206250       1.222100       1.231460       1.234850       1.232770       1.225520       1.213080       1.187300       1.163570    
   2.906820       2.875360       2.844490       3.251890       3.644380       3.599340       3.552990       3.253400       2.838230       2.754170       2.664430       2.569580       2.432640       2.231310       2.000430       1.796100       1.602770       1.442340       1.342700       1.305620       1.301840       1.308880       1.317310       1.328600       1.332520       1.332850       1.329250       1.321270       1.308220       1.270020    
   2.875560       2.844490       3.246920       3.644380       3.621860       3.598900       3.310990       2.838230       2.796200       2.735170       2.662870       2.756150       2.567750       2.332090       2.138410       1.949880       1.776250       1.633400       1.533170       1.475860       1.449090       1.439080       1.436850       1.437720       1.444390       1.445750       1.445400       1.442300       1.435310       1.411500    
   2.844490       3.245260       3.644380       3.633120       3.621710       3.342490       2.838230       2.817220       2.767050       2.709510       2.756150       2.661950       2.535310       2.485260       2.302260       2.126400       1.966390       1.829910       1.726640       1.655640       1.611110       1.585170       1.571200       1.564820       1.563260       1.564640       1.572640       1.575180       1.563500       1.552180    
   3.244710       3.644380       3.638750       3.633070       3.358890       2.838230       2.827720       2.782300       2.732830       2.756150       2.709050       2.609670       2.485260       2.393760       2.304640       2.131680       1.974230       1.840980       1.816210       1.840400       1.781080       1.740700       1.715070       1.700850       1.695570       1.697190       1.694170       1.684310       1.661340       1.686490    
   3.644380       3.641560       3.638730       3.367230       2.838230       2.832980       2.789780       2.744490       2.756150       2.732600       2.640030       2.485260       2.439510       2.394550       2.276690       2.136850       1.982300       1.918860       1.934420       2.028450       1.955200       1.900990       1.863690       1.830090       1.821530       1.824220       1.778440       1.798010       1.823440       1.851330    
   3.642970       3.641560       3.371440       2.838230       2.835600       2.793490       2.750320       2.756150       2.744380       2.653510       2.485260       2.462380       2.439770       2.370250       2.269370       2.131950       2.009580       1.981440       2.028450       2.032980       2.115290       2.048420       2.000140       1.970090       1.913710       1.900410       1.918240       1.949220       1.989770       2.037150    
   3.642970       3.373550       2.838230       2.836920       2.795340       2.753230       2.756150       2.750260       2.659820       2.485260       2.473820       2.462470       2.424140       2.359800       2.257190       2.208730       2.004940       2.028450       2.219830       2.293310       2.229970       2.211600       2.089680       2.051440       2.029870       2.033110       2.058420       2.102530       2.161050       2.227900    
   3.374610       2.838230       2.837570       2.796270       2.754690       2.756150       2.753210       2.662870       2.485260       2.479540       2.473850       2.453480       2.415470       2.799590       2.836620       2.631700       2.627840       2.553980       2.477620       2.524590       2.471340       2.303200       2.234630       2.178150       2.152220       2.157160       2.191230       2.250850       2.330940       2.437970    
   2.838230       2.837900       2.796730       2.755420       2.756150       2.754680       2.664370       2.485260       2.482400       2.479550       2.468960       2.447600       3.205070       4.171330       4.157230       3.405050       3.262310       3.227220       2.816750       2.614950       2.577840       2.471460       2.368210       2.295250       2.261010       2.266880       2.310780       2.387870       2.504110       2.626270    
   2.838070       2.796960       2.755790       2.756150       2.755410       2.665120       2.485260       2.483830       2.482400       2.476970       3.859210       5.949980       4.775920       4.185490       4.185430       4.157230       3.572820       3.297390       3.227220       2.900250       2.795680       2.627710       2.490210       2.397760       2.351290       2.357430       2.412670       2.519360       2.646640       2.795680    
   2.797070       2.755970       2.756150       2.755780       2.665480       2.485260       2.484550       2.483830       2.481070       4.143710       5.949980       5.949980       5.949980       4.796860       4.213830       4.213620       4.157230       3.609460       3.367570       3.227220       3.000280       2.789280       2.609890       2.480210       2.418960       2.425470       2.503340       2.622930       2.773390       2.940620    
   2.756060       2.756150       2.755970       2.665670       2.485260       2.484900       2.484550       4.351050       5.384490       5.952320       5.949980       5.949980       5.949980       5.949980       4.838220       4.270630       4.270020       4.157230       3.685810       3.507910       3.233980       2.967330       2.729250       2.549320       2.458890       2.474360       2.570970       2.720040       2.895350       3.077570    
   2.756150       2.756060       2.665760       2.485260       2.485080       5.510020       10.04730       10.00110       9.954750       7.291260       5.956990       5.949980       5.949980       5.949980       5.949980       4.918630       4.384640       4.382800       4.157230       3.850900       3.523050       3.186920       2.853180       2.599660       2.471690       2.500150       2.640800       2.830200       3.033060       3.230040    
   2.756100       2.665810       2.485260       2.485170       6.115590       10.04810       10.04810       10.04730       10.00110       9.954750       7.303340       5.971020       5.949980       5.949980       5.949980       5.949980       5.069900       4.613880       4.608380       4.270010       3.851510       3.456450       3.046730       2.667960       2.454650       2.534750       2.748610       2.986100       3.212600       3.418850    
