iMOD/TUTORIALS/TUT_MetaswapAnalyser/model_MetaSWAP/meteo/Precipitation/Precipitation_20050826_L1.ASC
NCOLS                30
NROWS                30
XLLCORNER     160000.00
YLLCORNER     340000.00
CELLSIZE        1000.00
NODATA_VALUE   -9999.00
   1.342100       1.333400       1.317510       1.289810       1.242230       1.151810       1.020750      0.8727400      0.7334900      0.6472400      0.6186100      0.6046300      0.5908600      0.5720800      0.5546800      0.5385700      0.5341200      0.5153600      0.4929800      0.4705800      0.4486000      0.4221000      0.4014100      0.3717500      0.3541300      0.3372200      0.3209400      0.3053100      0.2904900       0.000000    
   1.358500       1.337110       1.300340       1.258420       1.197350       1.104000      0.9824700      0.8417600      0.6917300      0.6063400      0.6162600      0.6190400      0.6164400      0.6075500      0.5954900      0.5947600      0.5759500      0.5520400      0.5318600      0.5075600      0.4831400      0.4542900      0.4309400      0.3989300      0.3789800      0.3599600      0.3418000      0.3244500      0.3194800      0.3029000    
   1.353580       1.324310       1.285020       1.235990       1.164830       1.074720      0.9656400      0.8449400      0.7308500      0.6631700      0.6503600      0.6512000      0.6523100      0.6451200      0.6352900      0.6332900      0.6156900      0.5936500      0.5683300      0.5411700      0.5172300      0.4854200      0.4479000      0.4240300      0.4014700      0.3801400      0.3733400      0.3516100      0.3317600      0.3112200    
   1.345630       1.310690       1.266380       1.213800       1.143430       1.059600      0.9653600      0.8705900      0.7876700      0.7293800      0.7041200      0.6962400      0.6933200      0.6863700      0.6782400      0.6743100      0.6574900      0.6343500      0.6063200      0.5755800      0.5441100      0.5044600      0.4714900      0.4608300      0.4340200      0.4084000      0.3838500      0.3602400      0.3385300      0.3163100    
   1.336530       1.298050       1.254810       1.198200       1.131910       1.057080      0.9772300      0.9007200      0.8345600      0.7872400      0.7612000      0.7477400      0.7424800      0.7365700      0.7214900      0.7149500      0.7113300      0.6876800      0.6567800      0.6221500      0.5734500      0.5390100      0.5015300      0.4728900      0.4433700      0.4154000      0.3888000      0.3648900      0.3404100      0.3177800    
   1.327280       1.289380       1.242030       1.187550       1.126370       1.060090      0.9892900      0.9289500      0.8719100      0.8334200      0.8058300      0.7895700      0.7809600      0.7732500      0.7638100      0.7601800      0.7472400      0.7203400      0.6829900      0.6421800      0.5898700      0.5511300      0.5104000      0.4763400      0.4445100      0.4162800      0.3878000      0.3622700      0.3366800      0.3133500    
   1.317260       1.277900       1.231590       1.179970       1.119520       1.061220       1.002600      0.9476900      0.9050100      0.8675800      0.8401900      0.8217300      0.8100000      0.8025200      0.7867200      0.7875100      0.7805500      0.7478800      0.7004700      0.6433400      0.5974800      0.5551000      0.5159700      0.4752500      0.4413400      0.4096100      0.3814600      0.3531000      0.3274200      0.3032300    
   1.308940       1.258690       1.216760       1.168830       1.117810       1.037160       1.009200      0.9674500      0.9257800      0.8909500      0.8635700      0.8431400      0.8284400      0.8180700      0.7953900      0.7970700      0.7977400      0.7569900      0.6963900      0.6431600      0.5945400      0.5500800      0.5092600      0.4671500      0.4318500      0.4007000      0.3693800      0.3399500      0.3117600      0.2870400    
   1.290150       1.249050       1.206710       1.163240       1.078230       1.033600       1.013070      0.9763700      0.9378200      0.9042900      0.8762200      0.8533400      0.8348700      0.7897800      0.7863600      0.7807900      0.7666900      0.7315300      0.6800500      0.6286800      0.5804900      0.5360200      0.4949900      0.4525500      0.4186900      0.3848300      0.3528600      0.3217700      0.2938900       0.000000    
   1.279990       1.239670       1.198800       1.106660       1.068470       1.027100       1.018650      0.9789100      0.9420200      0.9086700      0.8791300      0.8531600      0.8301000      0.7727000      0.7632400      0.7495000      0.7315800      0.6944900      0.6497200      0.6031100      0.5581000      0.5138500      0.4740700      0.4367500      0.3988200      0.3650700      0.3319500      0.3017400       0.000000       0.000000    
   1.278200       1.239490       1.159470       1.092730       1.053980       1.041650       1.013990      0.9757900      0.9394700      0.9054600      0.8738300      0.8443100      0.7622500      0.7347800      0.7360500      0.7131600      0.6856600      0.6512700      0.6125400      0.5724700      0.5330900      0.4951500      0.4586700      0.4252500      0.3902200      0.3501200      0.3179500      0.2870100       0.000000       0.000000    
   1.277200       1.192470       1.092730       1.059930       1.040280       1.028610       1.003280      0.9678900      0.9314200      0.8961900      0.8317100      0.8032100      0.7178400      0.7239800      0.6990800      0.6700800      0.6368700      0.6018600      0.5651700      0.5296000      0.4953900      0.4620500      0.4301100      0.3975500      0.3652500      0.3283400      0.2968900       0.000000       0.000000       0.000000    
   1.218760       1.092730       1.062980       1.046510       1.052740       1.029000      0.9915300      0.9541700      0.8713600      0.8423400      0.8110700      0.7425600      0.7173800      0.6899700      0.6595400      0.6248700      0.5864700      0.5468600      0.5124700      0.4822000      0.4554900      0.4278000      0.3991900      0.3697300      0.3396800      0.3093400       0.000000       0.000000       0.000000       0.000000    
   1.092730       1.064520       1.049620       1.052740       1.032090       1.014530      0.9147300      0.8826800      0.8505100      0.8018100      0.7711700      0.7150100      0.6866700      0.6554200      0.6203700      0.5806800      0.5357800      0.4899600      0.4542200      0.4348600      0.4154300      0.3935200      0.3692400      0.3428200      0.3150300      0.2864000       0.000000       0.000000       0.000000       0.000000    
   1.065290       1.051180       1.052740       1.033120       1.014530      0.9288270      0.8572200      0.8285400      0.7993300      0.7694400      0.7082200      0.6809100      0.6512100      0.6183400      0.5814600      0.5408400      0.4929000      0.4387400      0.4005500      0.3923800      0.3810500      0.3632900      0.3419200      0.3179100      0.2920700       0.000000       0.000000       0.000000       0.000000       0.000000    
   1.051960       1.052740       1.033460       1.014530      0.9335260      0.8572200      0.8428800      0.8283630      0.7765470      0.7088800      0.6823300      0.6538400      0.6228900      0.5889000      0.5513700      0.5097500      0.4630300      0.4170900      0.3837700      0.3668000      0.3512100      0.3378100      0.3175900      0.2949100       0.000000       0.000000       0.000000       0.000000       0.000000       0.000000    
   1.052740       1.033580       1.014530      0.9350920      0.8572200      0.8500500      0.8428210      0.7891680      0.7088800      0.6956050      0.6546960      0.6281700      0.5970300      0.5632400      0.5249900      0.4864400      0.4449800      0.4068000      0.3759900      0.3534500      0.3342700      0.3147800      0.2937800       0.000000       0.000000       0.000000       0.000000       0.000000       0.000000       0.000000    
   1.033620       1.014530      0.9356140      0.8572200      0.8536350      0.8500300      0.7977300      0.7088800      0.7022420      0.6547310      0.6142150      0.6002600      0.5703400      0.5383500      0.5044000      0.4690900      0.4313200      0.3976600      0.3683800      0.3437900      0.3219900      0.3008500       0.000000       0.000000       0.000000       0.000000       0.000000       0.000000       0.000000       0.000000    
   1.014530      0.9357880      0.8572200      0.8554280      0.8536280      0.8025690      0.7088800      0.7055610      0.6546700      0.6072380      0.6002600      0.5853000      0.5568130      0.5183000      0.4865800      0.4542700      0.4224200      0.3885000      0.3604500      0.3352600      0.3120400      0.2896400       0.000000       0.000000       0.000000       0.000000       0.000000       0.000000       0.000000       0.000000    
  0.9358460      0.8572200      0.8563240      0.8554250      0.8051260      0.7088800      0.7072210      0.6546240      0.6037490      0.6002600      0.5927800      0.5651680      0.5183000      0.5024400      0.4863830      0.4544230      0.4217300      0.3904570      0.3459520      0.3269800      0.3031500       0.000000       0.000000       0.000000       0.000000       0.000000       0.000000       0.000000       0.000000       0.000000    
  0.8572200      0.8567720      0.8563230      0.8064390      0.7088800      0.7080500      0.6545980      0.6020040      0.6002600      0.5965200      0.5691270      0.5183000      0.5103700      0.5023740      0.4810820      0.4541790      0.4222030      0.3598970      0.3227750      0.3185700      0.2946500       0.000000       0.000000       0.000000       0.000000       0.000000       0.000000       0.000000       0.000000       0.000000    
  0.8569960      0.8567720      0.8071030      0.7088800      0.7084650      0.6545840      0.6011320      0.6002600      0.5983900      0.5710520      0.5183000      0.5143350      0.5103480      0.4979420      0.4792120      0.4524880      0.3751040      0.3206730      0.3185700      0.2044070       0.000000       0.000000       0.000000       0.000000       0.000000       0.000000       0.000000       0.000000       0.000000       0.000000    
  0.8569960      0.8074380      0.7088800      0.7086730      0.6545770      0.6006960      0.6002600      0.5993250      0.5720000      0.5183000      0.5163170      0.5143280      0.5075420      0.4958340      0.4765470      0.3571420      0.3196210      0.3185700      0.1307440       0.000000       0.000000       0.000000       0.000000       0.000000       0.000000       0.000000       0.000000       0.000000       0.000000       0.000000    
  0.8076050      0.7088800      0.7087760      0.6545740      0.6004780      0.6002600      0.5997920      0.5724710      0.5183000      0.5173090      0.5163150      0.5127290      0.5059010      0.3699810      0.2548300      0.1596350      0.1592850      0.8986280E-01   0.000000       0.000000       0.000000       0.000000       0.000000       0.000000       0.000000       0.000000       0.000000       0.000000       0.000000       0.000000    
  0.7088800      0.7088280      0.6545720      0.6003690      0.6002600      0.6000260      0.5727060      0.5183000      0.5178040      0.5173080      0.5154510      0.5116480      0.2777220       0.000000       0.000000      0.3982120E-01   0.000000       0.000000       0.000000       0.000000       0.000000       0.000000       0.000000       0.000000       0.000000       0.000000       0.000000       0.000000       0.000000       0.000000    
  0.7088540      0.6545710      0.6003140      0.6002600      0.6001430      0.5728230      0.5183000      0.5180520      0.5178040      0.5168540      0.3088810       0.000000       0.000000       0.000000       0.000000       0.000000       0.000000       0.000000       0.000000       0.000000       0.000000       0.000000       0.000000       0.000000       0.000000       0.000000       0.000000       0.000000       0.000000       0.000000    
  0.6545700      0.6002870      0.6002600      0.6002020      0.5728820      0.5183000      0.5181760      0.5180520      0.5175700      0.2687080       0.000000       0.000000       0.000000       0.000000       0.000000       0.000000       0.000000       0.000000       0.000000       0.000000       0.000000       0.000000       0.000000       0.000000       0.000000       0.000000       0.000000       0.000000       0.000000       0.000000    
  0.6002740      0.6002600      0.6002310      0.5729110      0.5183000      0.5182380      0.5181760      0.3884500      0.2173880       0.000000       0.000000       0.000000       0.000000       0.000000       0.000000       0.000000       0.000000       0.000000       0.000000       0.000000       0.000000       0.000000       0.000000       0.000000       0.000000       0.000000       0.000000       0.000000       0.000000       0.000000    
  0.6002600      0.6002450      0.5729250      0.5183000      0.5182690      0.3109430       0.000000       0.000000       0.000000       0.000000       0.000000       0.000000       0.000000       0.000000       0.000000       0.000000       0.000000       0.000000       0.000000       0.000000       0.000000       0.000000       0.000000       0.000000       0.000000       0.000000       0.000000       0.000000       0.000000       0.000000    
  0.6002530      0.5729330      0.5183000      0.5182850      0.2695020       0.000000       0.000000       0.000000       0.000000       0.000000       0.000000       0.000000       0.000000       0.000000       0.000000       0.000000       0.000000       0.000000       0.000000       0.000000       0.000000       0.000000       0.000000       0.000000       0.000000       0.000000       0.000000       0.000000       0.000000       0.000000    
