iMOD/TUTORIALS/TUT_MetaswapAnalyser/model_MetaSWAP/meteo/Precipitation/Precipitation_20050603_L1.ASC
NCOLS                30
NROWS                30
XLLCORNER     160000.00
YLLCORNER     340000.00
CELLSIZE        1000.00
NODATA_VALUE   -9999.00
   1.095330       1.011160      0.9326300      0.8743700      0.8756100       1.007460       1.324840       1.788220       2.302640       2.628760       2.662010       2.604130       2.528350       2.452210       2.376850       2.274320       2.209610       2.122810       2.057460       1.996860       1.941740       1.871390       1.826750       1.786350       1.754270       1.727650       1.705760       1.687580       1.671590       1.668750    
   1.174640       1.118690       1.075030       1.073330       1.142780       1.322150       1.650200       2.132100       2.759000       3.129880       2.977850       2.848850       2.737810       2.617390       2.524260       2.442520       2.358980       2.253910       2.153380       2.075630       2.004440       1.922030       1.866130       1.816890       1.778790       1.748490       1.725040       1.707260       1.709780       1.704630    
   1.258600       1.231520       1.228850       1.272260       1.373870       1.573380       1.887070       2.311990       2.786030       3.067730       3.054810       2.960100       2.843600       2.746540       2.642470       2.551650       2.458860       2.364160       2.269030       2.177040       2.070080       1.975310       1.905690       1.850180       1.805300       1.770000       1.761230       1.738440       1.734810       1.714480    
   1.344790       1.341280       1.365020       1.434030       1.555170       1.749140       2.021600       2.353470       2.683600       2.905170       2.976870       2.946740       2.883400       2.805610       2.724680       2.641730       2.549570       2.446850       2.337310       2.228730       2.128250       2.017370       1.924340       1.882000       1.830410       1.789200       1.756770       1.731670       1.724070       1.703210    
   1.425000       1.438200       1.482580       1.558010       1.679620       1.853980       2.078290       2.337700       2.578700       2.756980       2.884600       2.897850       2.866400       2.821370       2.755400       2.691520       2.624130       2.517510       2.393510       2.268370       2.154400       2.056010       1.949110       1.865690       1.811430       1.768310       1.734010       1.722530       1.694140       1.666460    
   1.494080       1.521040       1.567780       1.644560       1.756550       1.905200       2.092050       2.285040       2.565840       2.683630       2.757910       2.785120       2.780570       2.767050       2.741170       2.708360       2.647240       2.534240       2.387380       2.242410       2.116350       2.012140       1.905190       1.837040       1.782840       1.729050       1.694820       1.681470       1.651030       1.620190    
   1.558600       1.579080       1.626730       1.698090       1.805670       1.926550       2.066250       2.355740       2.465450       2.560570       2.621660       2.651130       2.658570       2.655630       2.654930       2.657710       2.641080       2.511880       2.328010       2.166100       2.035370       1.933130       1.854210       1.770060       1.721310       1.682310       1.668610       1.636200       1.600220       1.569350    
   1.641360       1.641710       1.675480       1.736370       1.815640       2.076190       2.207410       2.287440       2.371540       2.436590       2.478060       2.497330       2.500740       2.497760       2.495110       2.509980       2.542890       2.387420       2.186760       2.028930       1.908920       1.819680       1.754080       1.683040       1.644660       1.634490       1.605720       1.578300       1.548660       1.520080    
   1.688990       1.665210       1.701380       1.741530       2.012690       2.072600       2.178760       2.224140       2.275860       2.312170       2.330120       2.330480       2.317310       2.292710       2.271730       2.251780       2.211120       2.100290       1.957930       1.834430       1.742080       1.677260       1.633230       1.581300       1.578400       1.558270       1.539080       1.516440       1.493970       1.468280    
   1.705420       1.674690       1.702860       1.997100       2.020210       2.058080       2.124930       2.158020       2.181120       2.190130       2.182800       2.159250       2.121730       2.069080       2.015570       1.953720       1.878020       1.782040       1.681850       1.599660       1.543450       1.516090       1.500110       1.493730       1.486160       1.481150       1.471180       1.459520       1.442550       1.420100    
   1.691030       1.694320       1.847010       2.013370       2.030690       2.028240       2.084540       2.093130       2.090940       2.074710       2.042440       1.993580       1.922610       1.911930       1.806840       1.693350       1.577690       1.470940       1.386170       1.332510       1.308440       1.305770       1.315610       1.345960       1.358230       1.355650       1.361120       1.359990       1.351600       1.379000    
   1.693620       1.811430       2.013370       2.020480       2.026950       2.016540       2.055620       2.033350       2.009270       1.970720       2.038230       1.946320       1.843170       1.717880       1.578730       1.433650       1.295510       1.182510       1.115160       1.096550       1.113510       1.149160       1.201320       1.243270       1.279870       1.285250       1.302490       1.309930       1.307270       1.294760    
   1.802670       2.013370       2.015930       2.018930       2.010920       2.043260       2.022370       1.991830       2.128590       2.041560       1.946330       1.844710       1.708710       1.555490       1.388710       1.214180       1.047660      0.9180800      0.8607800      0.8796000      0.9483100       1.023880       1.097830       1.164050       1.219720       1.263370       1.268610       1.284310       1.287140       1.277420    
   2.013370       2.013790       2.014930       2.010920       2.028520       2.031380       2.239700       2.175100       2.096360       2.000760       1.887860       1.762540       1.609060       1.437480       1.249960       1.051810      0.8499600      0.6828300      0.6294800      0.7076200      0.8185700      0.9281000       1.053820       1.145460       1.221580       1.281410       1.299120       1.323220       1.330680       1.321710    
   2.012750       2.012920       2.010920       2.023610       2.031380       2.156220       2.197570       2.125720       2.039870       1.938170       1.840890       1.698840       1.538780       1.361240       1.167860      0.9612700      0.7474200      0.5356200       0.000000      0.6268200      0.7765800      0.9136900       1.035280       1.140120       1.227380       1.296490       1.346990       1.351730       1.363300       1.358900    
   2.011920       2.010920       2.021970       2.031380       2.128390       2.197570       2.161640       2.121050       2.018000       1.968260       1.837010       1.689750       1.526700       1.349080       1.191800      0.9889900      0.7785800      0.6145200      0.5724300      0.6722200      0.8080000      0.9387000       1.062130       1.171180       1.263700       1.338340       1.394170       1.430500       1.419610       1.416420    
   2.010920       2.021420       2.031380       2.119110       2.197570       2.179610       2.160090       2.067240       1.968260       1.902640       1.800070       1.717520       1.609920       1.436500       1.225520       1.054740      0.8987300      0.7860800      0.7546500      0.8083300      0.9093600       1.025790       1.141380       1.241030       1.333250       1.409580       1.468250       1.508070       1.528290       1.482960    
   2.021240       2.031380       2.116020       2.197570       2.188590       2.179090       2.093800       1.968260       1.935450       1.842280       1.752660       1.787800       1.648040       1.484960       1.334460       1.190110       1.066350      0.9825700      0.9560600      0.9879300       1.061570       1.156710       1.258270       1.356620       1.438010       1.513210       1.572840       1.615120       1.638940       1.624400    
   2.031380       2.114990       2.197570       2.193080       2.188420       2.107430       1.968260       1.951850       1.860800       1.770230       1.787800       1.717920       1.633120       1.611680       1.481660       1.361260       1.261930       1.196240       1.173310       1.193630       1.248580       1.325480       1.412550       1.500740       1.583520       1.656330       1.707640       1.751560       1.759060       1.755750    
   2.114650       2.197570       2.195320       2.193020       2.114300       1.968260       1.960060       1.869550       1.779020       1.787800       1.752860       1.687630       1.611680       1.546670       1.484870       1.368280       1.273140       1.210490       1.329030       1.419410       1.461700       1.524270       1.598370       1.676340       1.752050       1.820800       1.866600       1.880780       1.965560       1.975280    
   2.197570       2.196450       2.195310       2.117730       1.968260       1.964160       1.873810       1.783410       1.787800       1.770330       1.709990       1.611680       1.579170       1.547740       1.466610       1.375430       1.283970       1.403240       1.540980       1.662550       1.696130       1.747650       1.810760       1.864660       1.934110       1.999190       2.092400       2.136000       2.165120       2.176750    
   2.197010       2.196440       2.119430       1.968260       1.966210       1.875930       1.785600       1.787800       1.779060       1.719950       1.611680       1.595430       1.579530       1.531170       1.463260       1.375340       1.465390       1.601760       1.662550       1.762100       1.927630       1.972780       2.028410       2.089920       2.219150       2.256650       2.309580       2.353790       2.385630       2.402700    
   2.197010       2.120290       1.968260       1.967230       1.876980       1.786700       1.787800       1.783430       1.724620       1.611680       1.603550       1.595550       1.568710       1.524650       1.456590       1.705230       1.632160       1.662550       2.068720       2.200680       2.235520       2.239950       2.338140       2.395760       2.444370       2.496680       2.546720       2.590950       2.625650       2.645900    
   2.120710       1.968260       1.967750       1.877510       1.787250       1.787800       1.785620       1.726880       1.611680       1.607620       1.603590       1.589270       1.562970       2.200440       2.514060       2.594000       2.589990       2.574330       2.559450       2.649540       2.473730       2.563510       2.620930       2.659420       2.703100       2.749400       2.795670       2.839170       2.876760       2.909570    
   1.968260       1.968000       1.877770       1.787530       1.787800       1.786710       1.728000       1.611680       1.609650       1.607630       1.600160       1.585280       2.778120       4.263260       4.251800       3.552070       3.559860       3.517430       3.063500       2.828120       2.825350       2.884280       2.907140       2.935440       2.969560       3.007760       3.048010       3.088160       3.131420       3.163640    
   1.968130       1.877900       1.787660       1.787800       1.787250       1.728550       1.611680       1.610660       1.609650       1.605810       3.099750       5.352830       4.635860       4.274660       4.274730       4.251800       3.806650       3.602290       3.517430       3.258920       3.185290       3.188670       3.198260       3.215930       3.237970       3.265250       3.295970       3.332620       3.363260       3.390990    
   1.877960       1.787730       1.787800       1.787530       1.728820       1.611680       1.611170       1.610670       1.608710       3.404170       5.352830       5.352830       5.352830       4.652700       4.297440       4.297660       4.251800       3.855070       3.687150       3.517430       3.507630       3.499890       3.495210       3.495340       3.503410       3.516340       3.537110       3.555240       3.569560       3.575760    
   1.787770       1.787800       1.787660       1.728960       1.611680       1.611430       1.611170       2.928770       4.121340       5.353830       5.352830       5.352830       5.352830       5.352830       4.685790       4.342860       4.343520       4.251800       3.963910       3.856870       3.838950       3.817520       3.794540       3.773990       3.760920       3.759120       3.760670       3.760050       3.751170       3.727480    
   1.787800       1.787730       1.729030       1.611680       1.611550       3.614030       6.617890       6.751220       6.884540       5.866120       5.355840       5.352830       5.352830       5.352830       5.352830       4.749790       4.433260       4.435240       4.251800       4.229550       4.197300       4.154910       4.098370       4.045320       4.009160       3.987300       3.971770       3.949940       3.914830       3.860620    
   1.787770       1.729060       1.611680       1.611620       4.014690       6.617990       6.617990       6.617890       6.751240       6.884540       5.871270       5.361850       5.352830       5.352830       5.352830       5.352830       4.869550       4.612750       4.618680       4.594950       4.537020       4.481920       4.408020       4.321710       4.246170       4.204860       4.170340       4.130350       4.067220       3.982950    
