iMOD/TUTORIALS/TUT_MetaswapAnalyser/model_MetaSWAP/meteo/Precipitation/Precipitation_20051025_L1.ASC
NCOLS                30
NROWS                30
XLLCORNER     160000.00
YLLCORNER     340000.00
CELLSIZE        1000.00
NODATA_VALUE   -9999.00
   5.634910       5.851740       6.069210       6.286360       6.492900       6.687190       6.855020       7.003240       7.158400       7.381370       7.700740       8.045260       8.391020       8.709190       9.025840       9.350780       9.526700       9.769720       9.972030       10.14270       10.28620       10.40500       10.51060       10.61540       10.70020       10.77970       10.85530       10.92660       10.99060       11.03550    
   5.736570       5.961770       6.204680       6.426980       6.632790       6.835540       7.018740       7.181050       7.322050       7.563290       7.968940       8.369700       8.764400       9.152630       9.513230       9.761850       10.04590       10.28400       10.48370       10.63600       10.75670       10.85250       10.93770       11.02640       11.10180       11.17900       11.25970       11.34430       11.46330       11.52940    
   5.857250       6.088030       6.319340       6.530610       6.780080       6.997410       7.204630       7.404540       7.617440       7.902850       8.296840       8.720760       9.166860       9.584080       9.986420       10.28910       10.58990       10.82730       11.00210       11.12530       11.22180       11.28690       11.35730       11.41450       11.47700       11.54850       11.66810       11.75670       11.85180       11.95930    
   5.983220       6.218260       6.455240       6.665730       6.905190       7.144220       7.384550       7.652580       7.928380       8.256720       8.645270       9.079450       9.553230       10.01820       10.47000       10.83670       11.15800       11.38980       11.53510       11.61590       11.65930       11.70850       11.73090       11.80530       11.84900       11.90770       11.98280       12.07510       12.18090       12.30730    
   6.113220       6.351390       6.554270       6.802030       7.054350       7.312710       7.581220       7.878060       8.192170       8.554320       8.949230       9.417530       9.919550       10.44170       10.94620       11.39580       11.76700       11.99030       12.08870       12.10930       12.11420       12.09550       12.08220       12.09480       12.12120       12.16910       12.23840       12.32240       12.42930       12.54000    
   6.245460       6.432380       6.680690       6.936010       7.199740       7.474580       7.763630       8.092220       8.359880       8.768680       9.214780       9.708250       10.23080       10.80410       11.42580       11.95280       12.36890       12.56610       12.57540       12.50760       12.44290       12.37610       12.32890       12.31190       12.32290       12.36550       12.42830       12.50750       12.60810       12.71220    
   6.294100       6.551660       6.803110       7.063940       7.333730       7.620480       7.926430       8.168710       8.550960       8.963010       9.420750       9.926520       10.48070       11.07810       11.79310       12.42440       12.98030       13.10980       12.96240       12.80670       12.66650       12.56120       12.49230       12.45530       12.45530       12.48670       12.53960       12.62330       12.72600       12.83300    
   6.398020       6.646940       6.915840       7.179560       7.456550       7.645950       7.951160       8.306490       8.684660       9.100690       9.559220       10.06370       10.61680       11.23410       11.98340       12.65120       13.36810       13.37880       13.12670       12.91590       12.75130       12.63110       12.55280       12.50990       12.50680       12.53000       12.59070       12.67660       12.77550       12.89420    
   6.493620       6.752520       7.004940       7.286010       7.433130       7.734920       8.039560       8.395900       8.771520       9.181110       9.628230       10.11540       10.64400       11.43400       11.95380       12.51120       12.96730       13.09280       12.98160       12.82450       12.68490       12.57860       12.50920       12.47300       12.46810       12.50420       12.57070       12.65650       12.77330       12.90590    
   6.588800       6.850200       7.099290       7.206210       7.502130       7.800280       8.110120       8.448730       8.813590       9.207400       9.632010       10.08790       10.57300       11.31890       11.78280       12.18640       12.49730       12.64850       12.64380       12.56810       12.48070       12.41240       12.36700       12.35160       12.35640       12.40320       12.47200       12.57790       12.70840       12.85880    
   6.596830       6.846100       7.104310       7.261530       7.536480       7.851070       8.142140       8.467660       8.815180       9.185850       9.579730       9.995000       10.77110       11.15870       11.49350       11.80670       12.03880       12.17540       12.21620       12.20050       12.16530       12.13350       12.11740       12.11730       12.14070       12.20590       12.29640       12.41610       12.56330       12.74940    
   6.599280       6.952190       7.261530       7.486190       7.566860       7.853480       8.134420       8.456720       8.782140       9.124780       9.553340       9.915760       10.64120       10.87990       11.17630       11.40750       11.57890       11.69110       11.75260       11.78090       11.79380       11.80370       11.80780       11.83780       11.88830       11.96150       12.06400       12.19620       12.35870       12.55080    
   6.793220       7.261530       7.475240       7.573370       7.579870       7.841940       8.117410       8.406250       8.806230       9.121120       9.434460       10.14200       10.38480       10.61700       10.84580       11.00880       11.12410       11.19710       11.26620       11.32690       11.37380       11.41890       11.46300       11.51420       11.57980       11.66610       11.77620       11.91800       12.09270       12.30190    
   7.261530       7.473310       7.576620       7.579870       7.749040       7.825300       8.203980       8.465150       8.734290       8.976720       9.257730       9.977640       10.17060       10.34760       10.49780       10.62570       10.68660       10.71160       10.75580       10.86000       10.94910       11.02230       11.09960       11.16680       11.24290       11.33580       11.45000       11.59560       11.77560       11.99420    
   7.473240       7.578240       7.579870       7.718070       7.825300       8.050770       8.123020       8.364400       8.610290       8.858160       9.635030       9.796780       9.948120       10.08100       10.18660       10.27610       10.29350       10.26240       10.28230       10.41850       10.54890       10.63750       10.71210       10.78290       10.85920       10.94950       11.06150       11.19990       11.37600       11.60200    
   7.579060       7.579870       7.707750       7.825300       7.999700       8.123020       8.243710       8.365900       8.797420       9.356830       9.491670       9.619800       9.735670       9.833010       9.901240       9.946270       9.986600       9.964150       9.984340       10.06800       10.15120       10.25490       10.32280       10.38640       10.45380       10.53310       10.63220       10.75890       10.91800       11.12160    
   7.579870       7.704310       7.825300       7.982670       8.123020       8.183360       8.244210       8.690970       9.356830       9.424250       9.449180       9.445920       9.523210       9.597480       9.683970       9.705820       9.723500       9.714140       9.725500       9.764320       9.812090       9.855820       9.893850       9.976250       10.02440       10.08290       10.15940       10.26180       10.39780       10.56940    
   7.703160       7.825300       7.977000       8.123020       8.153190       8.183530       8.618840       9.356830       9.390540       9.390140       9.388790       9.331670       9.390480       9.432900       9.459810       9.470480       9.484900       9.472700       9.468990       9.477080       9.491220       9.504910       9.516050       9.526610       9.585230       9.615090       9.660660       9.729740       9.830400       9.967390    
   7.825300       7.975110       8.123020       8.138110       8.153250       8.578100       9.356830       9.373680       9.365880       9.360230       9.331670       9.361070       9.349020       9.241010       9.253210       9.252650       9.242850       9.236760       9.215530       9.197790       9.181780       9.164740       9.145550       9.125510       9.108080       9.098450       9.146340       9.174600       9.229460       9.313640    
   7.974480       8.123020       8.130560       8.138120       8.556570       9.356830       9.365260       9.354800       9.345950       9.331670       9.346370       9.320690       9.241010       9.247110       9.248960       9.249570       9.244090       9.231710       9.048210       8.926250       8.882530       8.835580       8.785050       8.732010       8.679150       8.630790       8.575350       8.549400       8.567260       8.652710    
   8.123020       8.126790       8.130570       8.545520       9.356830       9.361040       9.349470       9.338810       9.331670       9.339020       9.309940       9.241010       9.244060       9.245690       9.248550       9.247540       9.241790       8.996840       8.795480       8.664710       8.595180       8.519740       8.438370       8.337800       8.247470       8.157740       8.078540       8.007600       7.960860       7.951800    
   8.124910       8.126790       8.539930       9.356830       9.358940       9.346850       9.335240       9.331670       9.335350       9.305410       9.241010       9.242530       9.243590       9.246100       9.247260       9.245960       8.976190       8.730090       8.664710       8.524180       8.312650       8.209840       8.098430       7.979070       7.860180       7.726590       7.595860       7.471790       7.365320       7.295010    
   8.124910       8.537120       9.356830       9.357880       9.345550       9.333450       9.331670       9.333510       9.303360       9.241010       9.241770       9.242380       9.244070       9.245650       9.246440       8.845380       8.697400       8.664710       8.244190       8.070190       7.990980       7.927660       7.794640       7.648120       7.493080       7.320590       7.146550       6.970240       6.801180       6.658550    
   8.535700       9.356830       9.357360       9.344900       9.332560       9.331670       9.332590       9.302390       9.241010       9.241390       9.241720       9.242740       9.244030       8.773930       8.388290       8.065990       8.060070       7.945930       7.804270       7.717670       7.827730       7.677000       7.519600       7.346350       7.160680       6.962290       6.751100       6.528210       6.298470       6.060010    
   9.356830       9.357090       9.344570       9.332120       9.331670       9.332130       9.301910       9.241010       9.241200       9.241370       9.241950       9.242830       8.394880       7.357560       7.359550       7.566760       7.440490       7.455440       7.561060       7.624970       7.607600       7.463020       7.275420       7.082660       6.876720       6.656490       6.419980       6.164850       5.875350       5.585020    
   9.356960       9.344410       9.331890       9.331670       9.331900       9.301680       9.241010       9.241100       9.241190       9.241510       8.545830       7.501490       7.404360       7.356120       7.355570       7.359550       7.406910       7.425540       7.455440       7.446190       7.439570       7.263300       7.073070       6.857190       6.638960       6.408200       6.162100       5.886190       5.597760       5.284620    
   9.344330       9.331780       9.331670       9.331790       9.301570       9.241010       9.241060       9.241100       9.241270       8.406300       7.501490       7.501490       7.501490       7.402290       7.353250       7.351580       7.359550       7.387120       7.395650       7.455440       7.282130       7.093360       6.891250       6.678700       6.446490       6.216740       5.971880       5.717740       5.452010       5.181180    
   9.331730       9.331670       9.331730       9.301510       9.241010       9.241030       9.241060       8.828830       8.252290       7.501500       7.501490       7.501490       7.501490       7.501490       7.398850       7.348620       7.343610       7.359550       7.337830       7.335850       7.152960       6.953820       6.741780       6.522560       6.309550       6.076160       5.853370       5.630150       5.408630       5.203550    
   9.331670       9.331700       9.301480       9.241010       9.241020       8.524050       7.448620       7.520260       7.591910       7.531660       7.501520       7.501490       7.501490       7.501490       7.501490       7.393690       7.342710       7.327670       7.359550       7.200480       7.021170       6.822690       6.638480       6.415390       6.186940       5.981660       5.785850       5.602350       5.429030       5.281510    
   9.331680       9.301460       9.241010       9.241020       8.380590       7.448530       7.448530       7.448620       7.520260       7.591910       7.531720       7.501580       7.501490       7.501490       7.501490       7.501490       7.386960       7.340910       7.295790       7.135580       7.019920       6.796240       6.556140       6.308440       6.084100       5.915090       5.768450       5.619090       5.486200       5.381210    
