iMOD/TUTORIALS/TUT_MetaswapAnalyser/model_MetaSWAP/meteo/Precipitation/Precipitation_20061113_L1.ASC
NCOLS                30
NROWS                30
XLLCORNER     160000.00
YLLCORNER     340000.00
CELLSIZE        1000.00
NODATA_VALUE   -9999.00
   2.373770       2.305300       2.232110       2.153310       2.068560       1.970710       1.862510       1.752860       1.666810       1.688390       1.840290       2.033100       2.229590       2.411920       2.583010       2.725900       2.866820       2.943470       2.991570       3.009220       3.001840       2.973210       2.934170       2.881200       2.832710       2.784870       2.740650       2.702910       2.675130       2.667800    
   2.363390       2.292570       2.216630       2.134590       2.046300       1.945570       1.834130       1.712690       1.582350       1.590640       1.818720       2.044460       2.266450       2.467590       2.656720       2.840040       2.968260       3.034810       3.076070       3.088290       3.073580       3.037970       2.992130       2.933520       2.880430       2.828710       2.780780       2.738750       2.704360       2.690220    
   2.358650       2.288080       2.213070       2.135410       2.048480       1.955420       1.857550       1.760760       1.688330       1.727240       1.900350       2.118180       2.343750       2.560060       2.754990       2.942510       3.076990       3.164320       3.205060       3.206550       3.172700       3.124710       3.060970       3.000820       2.940530       2.882750       2.828020       2.780010       2.743630       2.709250    
   2.360140       2.292290       2.221410       2.149780       2.072850       1.995370       1.922040       1.864120       1.844580       1.899670       2.041670       2.236650       2.459430       2.679140       2.892590       3.089940       3.232890       3.316650       3.342470       3.323490       3.275880       3.199200       3.128310       3.057040       2.989920       2.927400       2.870500       2.819710       2.779730       2.740430    
   2.367360       2.304180       2.242050       2.176880       2.113150       2.054250       2.006510       1.975020       1.989190       2.059200       2.207660       2.385090       2.594940       2.820280       3.048500       3.260900       3.416830       3.491510       3.489820       3.438600       3.354900       3.271360       3.184860       3.100930       3.028400       2.963210       2.905730       2.862810       2.821150       2.794190    
   2.379160       2.323490       2.266630       2.211950       2.161950       2.120690       2.087540       2.085100       2.155250       2.231550       2.352540       2.519200       2.723140       2.955870       3.199470       3.443830       3.625430       3.682130       3.630730       3.533250       3.418090       3.313910       3.215530       3.130120       3.054930       2.986190       2.931080       2.892500       2.858010       2.839580    
   2.390810       2.343450       2.294800       2.250300       2.201800       2.177000       2.168560       2.238170       2.281530       2.356740       2.473190       2.630840       2.827310       3.058380       3.312140       3.602890       3.854150       3.868930       3.730480       3.575390       3.439650       3.321760       3.220720       3.131480       3.058260       2.996760       2.954080       2.913400       2.883400       2.870440    
   2.401700       2.343300       2.308950       2.275200       2.249610       2.318970       2.317370       2.339610       2.381580       2.455240       2.563630       2.707990       2.888410       3.104970       3.341720       3.641190       3.973000       3.917700       3.715380       3.545030       3.403360       3.286360       3.189890       3.107180       3.041290       2.996060       2.952160       2.918970       2.892460       2.885280    
   2.396110       2.364810       2.331950       2.309820       2.402060       2.386800       2.391760       2.418510       2.459660       2.526870       2.622330       2.747050       2.901040       3.052540       3.269200       3.495940       3.673260       3.677280       3.558510       3.423720       3.304800       3.206180       3.125880       3.057640       3.013440       2.970320       2.936450       2.905790       2.891950       2.888480    
   2.411180       2.384670       2.356750       2.471800       2.457740       2.446450       2.463750       2.481340       2.517430       2.573980       2.652030       2.751530       2.871050       2.968750       3.125590       3.269210       3.366790       3.375540       3.315580       3.231750       3.151480       3.088330       3.033800       2.989930       2.959620       2.931030       2.902630       2.888020       2.880490       2.880670    
   2.414380       2.384200       2.433030       2.518920       2.499980       2.518250       2.516340       2.530110       2.558090       2.601050       2.658840       2.730100       2.756020       2.895740       2.990110       3.054550       3.086330       3.077480       3.039540       2.992710       2.950210       2.915850       2.888890       2.874590       2.850310       2.842800       2.834330       2.830060       2.830570       2.864670    
   2.415530       2.437630       2.518920       2.543380       2.544740       2.557220       2.553170       2.567760       2.585890       2.613920       2.716980       2.751170       2.736380       2.793140       2.822790       2.832850       2.821240       2.795790       2.771560       2.759960       2.759760       2.764910       2.771150       2.776440       2.780660       2.782560       2.786090       2.790660       2.797190       2.806580    
   2.455390       2.518920       2.562360       2.577300       2.609860       2.595360       2.589850       2.591110       2.692190       2.705200       2.712530       2.674200       2.685800       2.687040       2.672320       2.636320       2.582630       2.529790       2.510770       2.533200       2.578470       2.622780       2.660590       2.690780       2.714290       2.732650       2.745640       2.758250       2.770120       2.782390    
   2.518920       2.571180       2.593580       2.609860       2.612430       2.632060       2.747100       2.732780       2.721540       2.701670       2.692510       2.646170       2.631350       2.602150       2.553100       2.479960       2.381640       2.284800       2.261760       2.336640       2.426740       2.505450       2.537040       2.581330       2.615670       2.642610       2.663990       2.682540       2.699510       2.716210    
   2.575420       2.601720       2.609860       2.618120       2.632060       2.705220       2.736500       2.720190       2.704710       2.688330       2.626170       2.606720       2.576300       2.530320       2.463970       2.378160       2.257670       2.109710       2.065890       2.197860       2.311120       2.401960       2.474210       2.531070       2.575610       2.610620       2.638580       2.660980       2.680960       2.686050    
   2.605790       2.609860       2.620010       2.632060       2.691260       2.736500       2.728340       2.720470       2.694080       2.663080       2.640200       2.609350       2.567340       2.510840       2.440740       2.347680       2.212490       2.113770       2.092840       2.171160       2.265460       2.358870       2.431460       2.490480       2.537780       2.575580       2.606100       2.631470       2.653680       2.674220    
   2.609860       2.620640       2.632060       2.686610       2.736500       2.732420       2.728440       2.701490       2.663080       2.651640       2.643350       2.630860       2.589030       2.530310       2.407220       2.332530       2.252950       2.193080       2.180660       2.221180       2.287330       2.356700       2.419780       2.486270       2.532430       2.570070       2.600840       2.626600       2.649260       2.675030    
   2.620850       2.632060       2.685060       2.736500       2.734460       2.732450       2.706360       2.663080       2.657360       2.656670       2.652050       2.673240       2.627040       2.503960       2.446730       2.386110       2.325540       2.285880       2.276510       2.299420       2.343710       2.396130       2.447810       2.494330       2.547000       2.581150       2.609370       2.633220       2.654630       2.679660    
   2.632060       2.684540       2.736500       2.735480       2.734470       2.709090       2.663080       2.660220       2.662600       2.662640       2.673240       2.650140       2.590510       2.557790       2.509560       2.461710       2.420500       2.385890       2.377990       2.391390       2.420880       2.458800       2.498530       2.535800       2.568450       2.595950       2.631690       2.651480       2.673640       2.695740    
   2.684370       2.736500       2.735990       2.735480       2.710530       2.663080       2.661650       2.665420       2.667940       2.673240       2.661690       2.617920       2.557790       2.533680       2.509690       2.463920       2.422700       2.394790       2.449970       2.492670       2.512120       2.538640       2.567550       2.595300       2.619700       2.639920       2.657210       2.676530       2.737510       2.755330    
   2.736500       2.736250       2.735990       2.711270       2.663080       2.662360       2.666800       2.670590       2.673240       2.667460       2.627660       2.557790       2.545730       2.533720       2.502430       2.465440       2.427140       2.483340       2.547300       2.601920       2.614460       2.632280       2.652030       2.671920       2.687780       2.699810       2.768010       2.771470       2.772260       2.773280    
   2.736370       2.736250       2.711650       2.663080       2.662720       2.667480       2.671920       2.673240       2.670350       2.631540       2.557790       2.551760       2.545750       2.527290       2.500530       2.465000       2.510490       2.574610       2.601920       2.648190       2.728180       2.739390       2.751600       2.762470       2.826780       2.830150       2.829710       2.823910       2.814890       2.807750    
   2.736370       2.711840       2.663080       2.662900       2.667820       2.672580       2.673240       2.671800       2.633230       2.557790       2.554780       2.551770       2.541600       2.524520       2.497610       2.618720       2.588260       2.601920       2.801430       2.864940       2.871650       2.862330       2.908840       2.916630       2.921310       2.918210       2.908370       2.891780       2.870340       2.848340    
   2.711930       2.663080       2.662990       2.667990       2.672910       2.673240       2.672520       2.634010       2.557790       2.556280       2.554780       2.549380       2.539300       2.836220       2.987000       3.031520       3.029340       3.033770       3.040770       3.090660       3.001710       3.026620       3.031260       3.035430       3.033340       3.023590       3.005260       2.978090       2.943040       2.882840    
   2.663080       2.663040       2.668070       2.673070       2.673240       2.672880       2.634390       2.557790       2.557040       2.556280       2.553480       2.547820       3.100700       3.786440       3.781150       3.468470       3.476970       3.456760       3.267950       3.166700       3.179610       3.183230       3.167570       3.168440       3.162160       3.147290       3.122490       3.086810       3.020850       2.967170    
   2.663060       2.668120       2.673160       2.673240       2.673060       2.634570       2.557790       2.557410       2.557040       2.555600       3.272150       4.351580       3.979560       3.792170       3.791730       3.781150       3.586400       3.497180       3.456760       3.357680       3.318790       3.330880       3.337680       3.316240       3.308020       3.290610       3.262560       3.205780       3.154320       3.091400    
   2.668140       2.673200       2.673240       2.673150       2.634670       2.557790       2.557600       2.557410       2.556680       3.417590       4.351580       4.351580       4.351580       3.988080       3.803620       3.802300       3.781150       3.610520       3.537590       3.456760       3.475570       3.489280       3.496790       3.497120       3.471010       3.454050       3.413670       3.373130       3.322830       3.264200    
   2.673220       2.673240       2.673190       2.634710       2.557790       2.557700       2.557600       3.143820       3.720650       4.351960       4.351580       4.351580       4.351580       4.351580       4.005380       3.827410       3.823460       3.781150       3.666590       3.618430       3.641520       3.658410       3.668180       3.670380       3.663450       3.630100       3.602430       3.566410       3.522350       3.473650    
   2.673240       2.673220       2.634730       2.557790       2.557740       3.453380       4.796860       4.850230       4.903600       4.536630       4.352730       4.351580       4.351580       4.351580       4.351580       4.040220       3.877610       3.865760       3.781150       3.810020       3.833480       3.850280       3.882120       3.867330       3.855380       3.840070       3.810890       3.782040       3.745770       3.705770    
   2.673230       2.634750       2.557790       2.557770       3.632580       4.796930       4.796930       4.796860       4.850240       4.903600       4.538600       4.355040       4.351580       4.351580       4.351580       4.351580       4.108240       3.985930       3.950370       3.987250       4.076240       4.080430       4.078370       4.070000       4.059470       4.051250       4.037700       4.019680       3.987510       3.953230    
