iMOD/TUTORIALS/TUT_MetaswapAnalyser/model_MetaSWAP/meteo/Precipitation/Precipitation_20050708_L1.ASC
NCOLS                30
NROWS                30
XLLCORNER     160000.00
YLLCORNER     340000.00
CELLSIZE        1000.00
NODATA_VALUE   -9999.00
   2.393500       2.113270       1.840760       1.569290       1.282990      0.9610400      0.6300500       0.000000       0.000000       0.000000       0.000000       0.000000       0.000000       0.000000       0.000000       0.000000       0.000000      0.6071800      0.6874400      0.7759100      0.8713200      0.9737000       1.077480       1.194960       1.296470       1.396120       1.492510       1.583600       1.665700       1.733030    
   2.251910       1.974890       1.702830       1.417610       1.120500      0.8110700       0.000000       0.000000       0.000000       0.000000       0.000000       0.000000       0.000000       0.000000       0.000000       0.000000       0.000000       0.000000       0.000000      0.6648600      0.7603500      0.8644100      0.9711900       1.090790       1.196480       1.300460       1.401830       1.499520       1.595780       1.673150    
   2.126280       1.854520       1.578890       1.299220       1.017770      0.7340400       0.000000       0.000000       0.000000       0.000000       0.000000       0.000000       0.000000       0.000000       0.000000       0.000000       0.000000       0.000000       0.000000       0.000000      0.6612700      0.7665000      0.8873900      0.9956400       1.102720       1.207480       1.314020       1.412790       1.509310       1.599150    
   2.018270       1.756340       1.491020       1.225600      0.9610500      0.7093700       0.000000       0.000000       0.000000       0.000000       0.000000       0.000000       0.000000       0.000000       0.000000       0.000000       0.000000       0.000000       0.000000       0.000000       0.000000      0.6919100      0.8013100      0.9134900       1.019280       1.121040       1.218450       1.311890       1.402610       1.489430    
   1.931460       1.683110       1.435660       1.187280      0.9469500      0.7242600       0.000000       0.000000       0.000000       0.000000       0.000000       0.000000       0.000000       0.000000       0.000000       0.000000       0.000000       0.000000       0.000000       0.000000       0.000000      0.6237500      0.7338800      0.8386300      0.9404300       1.035910       1.124610       1.206990       1.280890       1.342520    
   1.866020       1.636920       1.404280       1.176290      0.9590700      0.7607500      0.6171400       0.000000       0.000000       0.000000       0.000000       0.000000       0.000000       0.000000       0.000000       0.000000       0.000000       0.000000       0.000000       0.000000       0.000000       0.000000      0.6767700      0.7800700      0.8754000      0.9598800       1.036780       1.104230       1.159870       1.201310    
   1.828800       1.608390       1.393820       1.185420       1.044340      0.8543400      0.6897900       0.000000       0.000000       0.000000       0.000000       0.000000       0.000000       0.000000       0.000000       0.000000       0.000000       0.000000       0.000000       0.000000       0.000000       0.000000      0.6380400      0.7350700      0.8214500      0.8964000      0.9601400       1.010990       1.048340       1.073220    
   1.790120       1.713800       1.492350       1.288680       1.096590      0.8888800      0.7396300      0.6193600       0.000000       0.000000       0.000000       0.000000       0.000000       0.000000       0.000000       0.000000       0.000000       0.000000       0.000000       0.000000       0.000000       0.000000      0.6183000      0.7060600      0.7811600      0.8436900      0.8921500      0.9273100      0.9459800      0.9574700    
   1.926090       1.732810       1.535640       1.336430       1.110770      0.9554100      0.8143900      0.6986500      0.6024700       0.000000       0.000000       0.000000       0.000000       0.000000       0.000000       0.000000       0.000000       0.000000       0.000000       0.000000       0.000000       0.000000      0.6163400      0.6917900      0.7540700      0.8015600      0.8349300      0.8505800      0.8587000      0.8553500    
   1.942500       1.763870       1.580460       1.334760       1.171170       1.026330      0.8904500      0.7804400      0.6850100      0.6027100       0.000000       0.000000       0.000000       0.000000       0.000000       0.000000       0.000000       0.000000       0.000000       0.000000       0.000000       0.000000      0.6294300      0.6898500      0.7370100      0.7693000      0.7834400      0.7889900      0.7822200      0.7647800    
   1.944870       1.762280       1.517140       1.389470       1.242470       1.092500      0.9701500      0.8650100      0.7717700      0.6894300      0.6162800       0.000000       0.000000       0.000000       0.000000       0.000000       0.000000       0.000000       0.000000       0.000000       0.000000      0.6043500      0.6607700      0.7055800      0.7327600      0.7479400      0.7516800      0.7425100      0.7214800      0.6853100    
   1.944950       1.653440       1.389470       1.327480       1.311870       1.173020       1.055310      0.9520900      0.8623700      0.7821300      0.6759000      0.6177100       0.000000       0.000000       0.000000       0.000000       0.000000       0.000000       0.000000       0.000000      0.6110400      0.6566400      0.6911000      0.7171800      0.7314900      0.7333100      0.7229200      0.7005600      0.6671100      0.6240200    
   1.778950       1.389470       1.355520       1.339000       1.366130       1.241900       1.138780       1.044280      0.8976300      0.8274700      0.7664700       0.000000       0.000000       0.000000       0.000000       0.000000       0.000000       0.000000      0.6280600      0.6606100      0.6885300      0.7117100      0.7281300      0.7360300      0.7341100      0.7216000      0.6980600      0.6640000      0.6199000       0.000000    
   1.389470       1.365920       1.352570       1.366130       1.308880       1.318610       1.129930       1.051290      0.9800600      0.8551700      0.8074400      0.6658000      0.6484800      0.6385800      0.6388700      0.6563800      0.6860300      0.7257200      0.7565600      0.7646600      0.7675900      0.7683600      0.7412700      0.7293800      0.7109400      0.6849400      0.6513200      0.6091600       0.000000       0.000000    
   1.370220       1.359350       1.366130       1.331210       1.318610       1.187020       1.112530       1.050000      0.9935400      0.9434100      0.7654400      0.7479500      0.7366600      0.7334100      0.7405700      0.7643200      0.7994900      0.8538200      0.8815600      0.8445000      0.8169900      0.7934000      0.7697700      0.7434700      0.7126500      0.6762000      0.6335300       0.000000       0.000000       0.000000    
   1.362740       1.366130       1.338650       1.318610       1.206050       1.112530       1.081260       1.052020      0.9588650      0.8485100      0.8313500      0.8192700      0.8134900      0.8155200      0.8358200      0.8552400      0.8891100      0.9203000      0.9272000      0.8984900      0.8629500      0.8274400      0.7918400      0.7543500      0.7136200      0.6688100      0.6195200       0.000000       0.000000       0.000000    
   1.366130       1.341130       1.318610       1.212400       1.112530       1.096900       1.081940      0.9851660      0.8485100      0.8399300      0.8715860      0.8846400      0.8980400      0.8992100      0.9136500      0.9253700      0.9446100      0.9567100      0.9526000      0.9282000      0.8923500      0.8519400      0.8090900      0.7634900      0.7154000      0.6642600      0.6100700       0.000000       0.000000       0.000000    
   1.341960       1.318610       1.214510       1.112530       1.104710       1.097120       1.003130      0.8485100      0.8442200      0.8927170      0.9294000      0.9741600      0.9686300      0.9677100      0.9692800      0.9748700      0.9843500      0.9843200      0.9727600      0.9474400      0.9113500      0.8685000      0.8213000      0.7708000      0.7171100      0.6611800      0.6033100       0.000000       0.000000       0.000000    
   1.318610       1.215220       1.112530       1.108620       1.104790       1.013370      0.8485100      0.8463650      0.9022770      0.9517800      0.9741600      0.9713950      0.9813380       1.014850       1.012740       1.012340       1.010700       1.006180      0.9891600      0.9616500      0.9246500      0.8802600      0.8303900      0.7763500      0.7190800      0.6594600       0.000000       0.000000       0.000000       0.000000    
   1.215450       1.112530       1.110580       1.108650       1.018820      0.8485100      0.8474380      0.9068570      0.9629700      0.9741600      0.9727770      0.9854360       1.014850       1.013800       1.013310       1.011930       1.009740       1.002010      0.9822980      0.9727900      0.9347300      0.8892700      0.8377200      0.7812700      0.7210700      0.6583100       0.000000       0.000000       0.000000       0.000000    
   1.112530       1.111550       1.110580       1.021640      0.8485100      0.8479740      0.9091060      0.9685650      0.9741600      0.9734690      0.9868060       1.014850       1.014320       1.013990       1.013010       1.011660       1.007890      0.9906020      0.9772500      0.9817100      0.9428900      0.8968400      0.8443400      0.7872700      0.7251400      0.6597000       0.000000       0.000000       0.000000       0.000000    
   1.112040       1.111560       1.023070      0.8485100      0.8482420      0.9102220      0.9713620      0.9741600      0.9738140      0.9873210       1.014850       1.014590       1.014390       1.013770       1.012880       1.010850      0.9942690      0.9794800      0.9817100      0.9577200      0.9485600      0.9032500      0.8511800      0.7929300      0.7241200      0.6608700       0.000000       0.000000       0.000000       0.000000    
   1.112040       1.023790      0.8485100      0.8483760      0.9107790      0.9727610      0.9741600      0.9739870      0.9875360       1.014850       1.014720       1.014610       1.014250       1.013680       1.012500      0.9969480      0.9805950      0.9817100      0.9723460      0.9658800      0.9392840      0.9270400      0.8698600      0.8076700      0.7358300      0.6645800       0.000000       0.000000       0.000000       0.000000    
   1.024160      0.8485100      0.8484430      0.9110570      0.9734610      0.9741600      0.9740740      0.9876330       1.014850       1.014780       1.014730       1.014520       1.014180      0.9935710      0.9854230      0.9855190      0.9861350      0.9804610      0.9757290      0.9840750      0.9832000      0.9343700      0.8658000      0.8092200      0.7455500      0.6749600       0.000000       0.000000       0.000000       0.000000    
  0.8485100      0.8484770      0.9111960      0.9738100      0.9741600      0.9741170      0.9876790       1.014850       1.014820       1.014790       1.014680       1.014480      0.9776420      0.9332360      0.9338500      0.9700360      0.9898280      0.9905600      0.9819610      0.9772330      0.9849500      0.9220800      0.8761700      0.8230200      0.7623700      0.6937600      0.6167700       0.000000       0.000000       0.000000    
  0.8484930      0.9112660      0.9739850      0.9741600      0.9741380      0.9877020       1.014850       1.014830       1.014820       1.014760      0.9579320      0.8728600      0.9126680      0.9327010      0.9326210      0.9338500      0.9703330      0.9890950      0.9905600      0.9759750      0.9635500      0.9289900      0.8887600      0.8410400      0.7862800      0.7232600      0.6508400       0.000000       0.000000       0.000000    
  0.9113000      0.9740730      0.9741600      0.9741490      0.9877130       1.014850       1.014840       1.014830       1.014800      0.9466460      0.8728600      0.8728600      0.8728600      0.9118740      0.9316330      0.9313920      0.9338500      0.9678260      0.9876300      0.9905600      0.9648400      0.9357600      0.9023600      0.8637100      0.8176700      0.7647300      0.7024800      0.6292100       0.000000       0.000000    
  0.9741160      0.9741600      0.9741550      0.9877180       1.014850       1.014850       1.014840      0.9262500      0.8852040      0.8727200      0.8728600      0.8728600      0.8728600      0.8728600      0.9103830      0.9296560      0.9289350      0.9338500      0.9592650      0.9847000      0.9639500      0.9416300      0.9168200      0.8887800      0.8600200      0.8193000      0.7723100      0.7166000      0.6528600       0.000000    
  0.9741600      0.9741570      0.9877210       1.014850       1.014850      0.9052680      0.7409100      0.7007130      0.6605200      0.8016990      0.8724400      0.8728600      0.8728600      0.8728600      0.8728600      0.9076240      0.9261830      0.9240200      0.9338500      0.9279500      0.9228300      0.9175800      0.9197800      0.9223800      0.9031800      0.8834800      0.8581400      0.8254200      0.7860600      0.7460400    
  0.9741590      0.9877220       1.014850       1.014850      0.8833440      0.7408920      0.7408920      0.7409100      0.7007080      0.6605200      0.8009780      0.8715990      0.8728600      0.8728600      0.8728600      0.8728600      0.9025170      0.9206800      0.9141900      0.9128900      0.9317700      0.9321700      0.9343500      0.9376400      0.9447100      0.9564300      0.9618400      0.9516400      0.9383700      0.9238200    
