iMOD/TUTORIALS/TUT_MetaswapAnalyser/model_MetaSWAP/meteo/Precipitation/Precipitation_20061005_L1.ASC
NCOLS                30
NROWS                30
XLLCORNER     160000.00
YLLCORNER     340000.00
CELLSIZE        1000.00
NODATA_VALUE   -9999.00
   5.508200       5.450910       5.398480       5.350140       5.298640       5.252720       5.200500       5.144860       5.091380       5.060740       5.056450       5.061550       5.067000       5.071290       5.078310       5.116600       5.158530       5.175030       5.190400       5.208580       5.230320       5.254090       5.284600       5.328670       5.369060       5.414990       5.466270       5.522330       5.582100       5.640040    
   5.516040       5.455140       5.393150       5.339390       5.280380       5.227890       5.170870       5.108840       5.042370       5.004290       5.013790       5.018930       5.025760       5.051510       5.061860       5.099230       5.112480       5.083730       5.101390       5.119700       5.142640       5.169080       5.202940       5.250040       5.295880       5.348210       5.406820       5.471100       5.547560       5.612060    
   5.510080       5.447240       5.386710       5.319060       5.260530       5.204090       5.145150       5.084220       5.027280       4.992540       4.983440       4.982750       4.999770       5.005610       4.995570       5.015530       5.023480       5.034180       5.048510       5.067180       5.094960       5.122820       5.165300       5.205920       5.252830       5.306100       5.374120       5.438260       5.503790       5.577880    
   5.498580       5.434360       5.371730       5.302340       5.243390       5.184270       5.125060       5.066320       5.017730       4.977430       4.960360       4.952860       4.959060       4.953120       4.950940       4.962500       4.968420       4.977920       4.991800       5.010550       5.034520       5.075180       5.108890       5.158830       5.205340       5.257660       5.315740       5.379340       5.444990       5.519540    
   5.482700       5.417620       5.345640       5.284160       5.223480       5.163600       5.105180       5.040080       4.995040       4.959670       4.962160       4.943360       4.926430       4.913980       4.903390       4.904820       4.910780       4.918570       4.931760       4.950370       4.983270       5.012720       5.046730       5.089730       5.135490       5.186680       5.243090       5.299910       5.366000       5.432600    
   5.463380       5.391600       5.327680       5.264810       5.203020       5.142630       5.066560       5.017680       4.986180       4.977340       4.942100       4.913780       4.886680       4.869560       4.850240       4.844250       4.842570       4.847470       4.859200       4.876770       4.907490       4.936150       4.969280       5.008370       5.052710       5.103950       5.157760       5.211260       5.272400       5.333200    
   5.417290       5.373220       5.308330       5.244440       5.153780       5.096730       5.041790       5.012870       5.006020       4.959060       4.917950       4.882290       4.851290       4.820170       4.789270       4.776620       4.768270       4.770110       4.780610       4.802470       4.824580       4.851760       4.884070       4.920640       4.962820       5.009620       5.055540       5.110640       5.168500       5.225390    
   5.453670       5.285100       5.250200       5.189470       5.129860       5.084470       5.045240       5.043580       4.988400       4.937290       4.890520       4.848010       4.809450       4.772500       4.724760       4.706390       4.691290       4.690060       4.701270       4.715820       4.735570       4.760610       4.790810       4.825100       4.864670       4.903050       4.951190       5.002440       5.057830       5.110880    
   5.383420       5.261520       5.200850       5.166350       5.122100       5.061280       5.022920       5.027090       4.968700       4.913230       4.860900       4.811800       4.765950       4.689890       4.660740       4.637160       4.619120       4.610920       4.614560       4.624690       4.641270       4.663740       4.691500       4.723180       4.754350       4.795170       4.839590       4.889610       4.938700       4.989250    
   5.363500       5.237820       5.176350       5.138090       5.100480       5.038210       5.073280       5.009830       4.948020       4.888110       4.830290       4.774730       4.721670       4.635010       4.597530       4.565640       4.539680       4.526400       4.522360       4.527200       4.539920       4.562300       4.587580       4.617240       4.644720       4.681750       4.724800       4.767800       4.813540       4.861580    
   5.342180       5.259220       5.167140       5.116290       5.053670       5.169550       5.058800       4.992700       4.927450       4.863180       4.800010       4.738110       4.622130       4.591310       4.533230       4.494470       4.459690       4.435670       4.422730       4.421200       4.429490       4.445210       4.466310       4.487140       4.518090       4.554580       4.590120       4.629090       4.671590       4.728090    
   5.342240       5.221210       5.116290       5.100100       5.032060       5.137480       5.023540       4.976610       4.908090       4.839710       4.791880       4.720850       4.595010       4.525780       4.469050       4.420160       4.376600       4.340910       4.321630       4.317540       4.325100       4.339850       4.356700       4.378430       4.402620       4.429650       4.459580       4.493180       4.531010       4.573450    
   5.274500       5.116290       5.132490       5.115220       5.198370       5.078710       5.010100       4.941020       4.902780       4.845730       4.769710       4.594880       4.536830       4.476430       4.409150       4.348550       4.291090       4.244320       4.216290       4.213020       4.220670       4.235290       4.251830       4.269280       4.287800       4.308120       4.331430       4.358400       4.390310       4.428070    
   5.116290       5.150990       5.156790       5.198370       5.115330       5.068910       5.041250       4.967070       4.891720       4.819580       4.740810       4.566100       4.502570       4.435300       4.364360       4.285780       4.213450       4.145050       4.110340       4.111800       4.126090       4.140480       4.125120       4.131500       4.138550       4.147640       4.161710       4.179710       4.204550       4.237700    
   5.160810       5.177580       5.198370       5.127540       5.068910       5.054460       5.053220       4.976160       4.897520       4.817080       4.595840       4.534100       4.468080       4.397480       4.322000       4.242920       4.155980       4.062380       4.012540       4.025200       4.030070       4.033210       4.033030       4.030890       4.028360       4.027220       4.029460       4.038640       4.054060       4.070640    
   5.187980       5.198370       5.131610       5.068910       5.058860       5.053220       5.014690       4.975630       4.833710       4.644070       4.584730       4.521150       4.453070       4.380270       4.296540       4.215100       4.110090       4.034590       3.987040       3.974040       3.967370       3.956630       3.944290       3.929700       3.914370       3.900220       3.889540       3.884880       3.890930       3.906140    
   5.198370       5.132960       5.068910       5.060330       5.053220       5.033950       5.014510       4.867030       4.644070       4.614400       4.559610       4.517260       4.440150       4.367730       4.259450       4.184110       4.102550       4.035310       3.984410       3.951210       3.926250       3.902150       3.876140       3.845420       3.815870       3.787130       3.761670       3.742400       3.732470       3.738640    
   5.133410       5.068910       5.060820       5.053220       5.043590       5.033900       4.889890       4.644070       4.629240       4.574590       4.524050       4.530840       4.459730       4.331060       4.259710       4.187420       4.107240       4.042330       3.986620       3.940280       3.899370       3.859450       3.817940       3.774120       3.726150       3.680740       3.638180       3.601780       3.575310       3.564180    
   5.068910       5.060980       5.053220       5.048400       5.043570       4.902860       4.644070       4.636650       4.581240       4.527440       4.530840       4.495290       4.415100       4.338780       4.269770       4.200190       4.131920       4.054660       3.994110       3.937870       3.883810       3.829230       3.772180       3.711970       3.649140       3.585390       3.521130       3.465020       3.420700       3.388930    
   5.061040       5.053220       5.050810       5.048400       4.909730       4.644070       4.640360       4.584390       4.529140       4.530840       4.513060       4.445000       4.338780       4.304280       4.269580       4.200630       4.128920       4.060230       3.978070       3.944000       3.879070       3.811450       3.739660       3.663050       3.582110       3.498540       3.413310       3.336530       3.303520       3.245080    
   5.053220       5.052020       5.050810       4.913250       4.644070       4.642220       4.585930       4.529990       4.530840       4.521950       4.456920       4.338780       4.321530       4.304210       4.258160       4.199710       4.129930       4.015750       3.951850       3.959700       3.885970       3.807160       3.721920       3.627040       3.528200       3.424180       3.360360       3.254390       3.156360       3.074410    
   5.052620       5.052010       4.915040       4.644070       4.643140       4.586690       4.530420       4.530840       4.526400       4.462120       4.338780       4.330150       4.321510       4.294630       4.254030       4.195930       4.052170       3.955780       3.959700       3.915910       3.902060       3.814720       3.718300       3.611940       3.539220       3.417330       3.284680       3.150450       3.021930       2.908390    
   5.052620       4.915940       4.644070       4.643610       4.587070       4.530630       4.530840       4.528620       4.464530       4.338780       4.334470       4.330150       4.315430       4.290060       4.248200       4.126720       3.957740       3.959700       3.975410       3.954430       3.901960       3.841540       3.788600       3.668170       3.534500       3.387600       3.230140       3.066530       2.904210       2.755360    
   4.916390       4.644070       4.643840       4.587270       4.530730       4.530840       4.529730       4.465690       4.338780       4.336620       4.334460       4.326680       4.311880       4.369940       4.314650       4.177070       4.173720       4.116480       4.048710       4.071590       4.006790       3.944670       3.830120       3.700110       3.552510       3.387530       3.207020       3.014700       2.816830       2.624200    
   4.644070       4.643950       4.587360       4.530790       4.530840       4.530280       4.466260       4.338780       4.337700       4.336620       4.332590       4.324340       4.453710       4.628720       4.626070       4.419760       4.399750       4.387740       4.210840       4.120120       4.136390       4.034360       3.895630       3.759730       3.602260       3.422960       3.223400       3.006760       2.777040       2.541690    
   4.644010       4.587410       4.530810       4.530840       4.530560       4.466540       4.338780       4.338240       4.337700       4.335640       4.559500       4.901970       4.721970       4.631340       4.631360       4.626070       4.479510       4.411750       4.387740       4.263920       4.217180       4.121090       4.006440       3.849670       3.687290       3.498630       3.285860       3.052750       2.804990       2.546870    
   4.587430       4.530830       4.530840       4.530700       4.466680       4.338780       4.338510       4.338240       4.337190       4.607360       4.901970       4.901970       4.901970       4.725840       4.636600       4.636650       4.626070       4.492490       4.435770       4.387740       4.314370       4.226990       4.120160       3.987800       3.809640       3.616700       3.396300       3.156610       2.906290       2.656410    
   4.530830       4.530840       4.530770       4.466750       4.338780       4.338640       4.338510       4.529640       4.709880       4.902070       4.901970       4.901970       4.901970       4.901970       4.733440       4.647060       4.647240       4.626070       4.520400       4.483790       4.422530       4.349140       4.257160       4.137640       3.981600       3.775820       3.551580       3.310560       3.067010       2.837050    
   4.530840       4.530810       4.466790       4.338780       4.338710       4.695100       5.229770       5.167180       5.104600       4.969800       4.902290       4.901970       4.901970       4.901970       4.901970       4.748060       4.667880       4.668410       4.626070       4.583990       4.537140       4.482100       4.412870       4.315910       4.174040       3.978610       3.741300       3.499580       3.264110       3.050590    
   4.530820       4.466800       4.338780       4.338750       4.766470       5.229820       5.229820       5.229770       5.167180       5.104600       4.970340       4.902920       4.901970       4.901970       4.901970       4.901970       4.775130       4.709180       4.710740       4.680120       4.649330       4.614250       4.572700       4.513760       4.399770       4.194800       3.950700       3.706350       3.476470       3.274350    
