iMOD/TUTORIALS/TUT_MetaswapAnalyser/model_MetaSWAP/meteo/Precipitation/Precipitation_20070101_L1.ASC
NCOLS                30
NROWS                30
XLLCORNER     160000.00
YLLCORNER     340000.00
CELLSIZE        1000.00
NODATA_VALUE   -9999.00
   2.236210       2.227620       2.219180       2.200010       2.134380       1.995100       1.762040       1.495130       1.248170       1.109710       1.095800       1.105960       1.098020       1.094800       1.096550       1.099840       1.077230       1.096120       1.122130       1.156300       1.196830       1.260720       1.308180       1.361440       1.408010       1.452480       1.494230       1.532780       1.567750       1.602940    
   2.185150       2.158750       2.129660       2.073060       1.964650       1.811130       1.596150       1.340550       1.067830      0.9242400      0.9670100      0.9832100      0.9896200      0.9810800      0.9766200      0.9482200      0.9549300      0.9810900       1.015190       1.059000       1.110740       1.183400       1.241530       1.303710       1.357760       1.407810       1.453240       1.493690       1.525100       1.558870    
   2.135260       2.093090       2.038030       1.940900       1.838530       1.686220       1.493260       1.275040       1.057630      0.9436700      0.9125100      0.9156200      0.9039900      0.8824800      0.8685300      0.8348700      0.8371800      0.8578000      0.8970000      0.9511800       1.016560       1.099900       1.173850       1.240190       1.301660       1.357270       1.401530       1.444950       1.484700       1.513700    
   2.086220       2.033060       1.965910       1.856000       1.744610       1.603700       1.437880       1.265630       1.091130      0.9626700      0.9091600      0.8781400      0.8443300      0.8006000      0.7632700      0.7167900      0.7106300      0.7316800      0.7794200      0.8467900      0.9248400       1.011530       1.106440       1.176360       1.244720       1.305450       1.358340       1.403370       1.443230       1.471210    
   2.042130       1.982640       1.882230       1.795050       1.687570       1.559850       1.417070       1.202450       1.079280      0.9781900      0.9063500      0.8486300      0.7954600      0.7259200      0.6658500      0.6003700      0.5782600      0.5999500      0.6600600      0.7442400      0.8413000      0.9362100       1.042190       1.126410       1.200450       1.264830       1.319710       1.369220       1.405360       1.433290    
   2.004940       1.910260       1.839020       1.753700       1.653010       1.538060       1.350320       1.202370       1.105790       1.003150      0.9137300      0.8301100      0.7598900      0.6702000      0.5631600      0.4872100      0.4468600      0.4719800      0.5539700      0.6610800      0.7756700      0.8834600      0.9972800       1.086660       1.164380       1.231540       1.286870       1.336070       1.371110       1.397530    
   1.969970       1.878490       1.808750       1.727550       1.543960       1.449550       1.347390       1.224800       1.119800       1.021680      0.9268500      0.8322500      0.7338000      0.6352600      0.5084100      0.3977800      0.3157400      0.3542100      0.4743000      0.6077800      0.7348900      0.8513800      0.9552400       1.061530       1.140170       1.206020       1.264880       1.307510       1.340610       1.364080    
   1.965480       1.756320       1.673530       1.605880       1.529110       1.462620       1.330560       1.233880       1.139650       1.044880      0.9491000      0.8502200      0.7454400      0.6286200      0.4976800      0.3723100      0.2456200      0.3096800      0.4559300      0.5969400      0.7273900      0.8446500      0.9477000       1.051870       1.128060       1.196030       1.246390       1.285190       1.313770       1.332930    
   1.788580       1.736130       1.679510       1.593240       1.545320       1.466730       1.340010       1.251580       1.164640       1.075070      0.9824900      0.8857000      0.7832900      0.6389300      0.5475300      0.4451400      0.3784700      0.4089800      0.5149300      0.6370000      0.7559300      0.8645800      0.9603900       1.058030       1.133340       1.190650       1.235460       1.268950       1.291710       1.305190    
   1.771870       1.722440       1.669980       1.634960       1.547970       1.477040       1.350020       1.274470       1.195270       1.112790       1.026930      0.9374000      0.8442700      0.7096700      0.6263200      0.5670400      0.5316500      0.5513300      0.6203100      0.7128200      0.8096500      0.9083400      0.9915200       1.063280       1.145140       1.194450       1.232130       1.258340       1.274170       1.280720    
   1.769240       1.721430       1.666260       1.637660       1.577640       1.473260       1.369330       1.301900       1.231010       1.157080       1.080410       1.001520      0.8634600      0.8112000      0.7478400      0.7007700      0.6896500      0.7048900      0.7533600      0.8218400      0.8972600      0.9710000       1.038350       1.101270       1.149680       1.216750       1.245710       1.263790       1.271510       1.259890    
   1.767520       1.698650       1.637660       1.596800       1.590760       1.509630       1.406030       1.332840       1.270600       1.206050       1.158830       1.089600      0.9618800      0.9137500      0.8658700      0.8376300      0.8304600      0.8545900      0.8895400      0.9374200      0.9908200       1.044340       1.097530       1.141880       1.178570       1.226440       1.245740       1.255100       1.254580       1.244550    
   1.728490       1.637660       1.600380       1.585940       1.581120       1.482090       1.432170       1.379590       1.350860       1.280800       1.222960       1.093780       1.050720       1.013480      0.9817700      0.9693300      0.9736700      0.9930000       1.026730       1.055850       1.091110       1.125480       1.158730       1.188430       1.212660       1.230010       1.260190       1.260830       1.251920       1.233310    
   1.637660       1.600670       1.583530       1.581120       1.522000       1.502780       1.491730       1.444710       1.396190       1.363830       1.313260       1.162540       1.131860       1.108000       1.094230       1.090260       1.105390       1.134570       1.156790       1.173760       1.186490       1.202910       1.226420       1.243520       1.256790       1.264500       1.285090       1.277610       1.260850       1.234180    
   1.600440       1.582320       1.581120       1.535300       1.502780       1.512990       1.544460       1.503080       1.460790       1.418420       1.255990       1.230380       1.209450       1.195580       1.191430       1.191960       1.217790       1.256820       1.282780       1.264490       1.268810       1.270610       1.275300       1.280110       1.282760       1.281390       1.274490       1.281140       1.258660       1.233170    
   1.581720       1.581120       1.539730       1.502780       1.520080       1.544460       1.523770       1.502780       1.427640       1.328290       1.307270       1.289390       1.276260       1.269680       1.248950       1.265480       1.303050       1.332530       1.346040       1.335660       1.323550       1.337010       1.334220       1.331520       1.327000       1.319010       1.306140       1.287170       1.281420       1.245550    
   1.581120       1.541210       1.502780       1.522440       1.544460       1.534120       1.523670       1.445620       1.328290       1.317780       1.324790       1.341700       1.300540       1.302340       1.339700       1.350780       1.361300       1.378970       1.387240       1.383340       1.373850       1.363750       1.354240       1.373800       1.363890       1.350880       1.333600       1.311060       1.282410       1.247810    
   1.541700       1.502780       1.523230       1.544460       1.539290       1.534080       1.457920       1.328290       1.323040       1.335540       1.349500       1.357310       1.356120       1.387980       1.393000       1.402270       1.406380       1.417640       1.423090       1.421240       1.414170       1.404550       1.393700       1.381720       1.399620       1.383180       1.362920       1.338170       1.308460       1.253030    
   1.502780       1.523490       1.544460       1.541870       1.539280       1.464900       1.328290       1.325660       1.339520       1.353410       1.357310       1.356710       1.383350       1.431980       1.437030       1.444590       1.453050       1.451820       1.455670       1.454550       1.449050       1.440390       1.429450       1.416490       1.401310       1.383480       1.393580       1.367610       1.315570       1.261190    
   1.523580       1.544460       1.543170       1.541870       1.468580       1.328290       1.326980       1.341230       1.355360       1.357310       1.357010       1.382340       1.431980       1.434500       1.437870       1.444890       1.449820       1.453510       1.472620       1.485540       1.481190       1.473590       1.463160       1.450080       1.434310       1.415630       1.368040       1.310590       1.289680       1.293960    
   1.544460       1.543810       1.543170       1.470480       1.328290       1.327630       1.342030       1.356330       1.357310       1.357160       1.382160       1.431980       1.433240       1.434780       1.439090       1.444190       1.449410       1.478400       1.500520       1.515510       1.512260       1.505800       1.496210       1.453780       1.439190       1.421570       1.368680       1.347380       1.323670       1.298110    
   1.544140       1.543810       1.471440       1.328290       1.327960       1.342420       1.356820       1.357310       1.357240       1.382150       1.431980       1.432610       1.433340       1.435700       1.439350       1.444230       1.479100       1.508020       1.515510       1.512040       1.508340       1.504770       1.497830       1.487470       1.473860       1.415840       1.398130       1.377490       1.354400       1.334140    
   1.544140       1.471920       1.328290       1.328130       1.342610       1.357070       1.357310       1.357270       1.382170       1.431980       1.432300       1.432640       1.433880       1.436130       1.439760       1.485700       1.511760       1.515510       1.534540       1.536100       1.532890       1.525270       1.522910       1.514590       1.467440       1.444110       1.427560       1.407670       1.385020       1.360460    
   1.472160       1.328290       1.328210       1.342700       1.357190       1.357310       1.357290       1.382180       1.431980       1.432140       1.432310       1.432940       1.434220       1.479100       1.518790       1.554420       1.554050       1.557460       1.561540       1.574520       1.563850       1.562210       1.507790       1.505330       1.498130       1.486140       1.469630       1.449110       1.425300       1.399530    
   1.328290       1.328250       1.342750       1.357250       1.357310       1.357300       1.382190       1.431980       1.432060       1.432140       1.432460       1.433160       1.512560       1.607720       1.606610       1.590090       1.597460       1.592590       1.583130       1.574000       1.585180       1.544280       1.549450       1.549740       1.544240       1.532770       1.515700       1.493800       1.468470       1.439410    
   1.328270       1.342780       1.357280       1.357310       1.357310       1.382200       1.431980       1.432020       1.432060       1.432220       1.512280       1.631810       1.616660       1.608820       1.608830       1.606610       1.602250       1.602320       1.592590       1.591400       1.572980       1.587040       1.596600       1.599970       1.596240       1.584800       1.566290       1.542590       1.513900       1.481920    
   1.342790       1.357290       1.357310       1.357310       1.382200       1.431980       1.432000       1.432020       1.432100       1.528040       1.631810       1.631810       1.631810       1.618290       1.611030       1.611050       1.606610       1.607470       1.612060       1.592590       1.614840       1.634420       1.649330       1.657060       1.655160       1.642990       1.622240       1.594150       1.561830       1.527110    
   1.357300       1.357310       1.357310       1.382200       1.431980       1.431990       1.432000       1.521600       1.583230       1.631950       1.631810       1.631810       1.631810       1.631810       1.621480       1.615440       1.615490       1.606610       1.618600       1.631530       1.659650       1.685940       1.707900       1.721540       1.722960       1.708500       1.681980       1.648090       1.610830       1.572720    
   1.357310       1.357310       1.382200       1.431980       1.431980       1.609250       1.875140       1.832710       1.790270       1.685010       1.632230       1.631810       1.631810       1.631810       1.631810       1.627630       1.624220       1.624370       1.606610       1.643680       1.681650       1.719470       1.753980       1.794590       1.799120       1.780110       1.744510       1.702260       1.658720       1.616380    
   1.357310       1.382200       1.431980       1.431980       1.644680       1.875120       1.875120       1.875140       1.832710       1.790270       1.685720       1.633070       1.631810       1.631810       1.631810       1.631810       1.639020       1.641670       1.642130       1.684280       1.727530       1.773420       1.820010       1.862220       1.879130       1.848340       1.796400       1.752960       1.702890       1.656390    
