iMOD/TUTORIALS/TUT_MetaswapAnalyser/model_MetaSWAP/meteo/Precipitation/Precipitation_20050312_L1.ASC
NCOLS                30
NROWS                30
XLLCORNER     160000.00
YLLCORNER     340000.00
CELLSIZE        1000.00
NODATA_VALUE   -9999.00
   2.847650       2.937030       3.033520       3.138020       3.252850       3.376770       3.510120       3.646500       3.776520       3.872050       3.923430       3.959990       3.989400       4.024450       4.043650       4.063520       4.037960       4.032310       4.020210       4.003040       3.983280       3.960830       3.942650       3.942210       3.929950       3.921730       3.916740       3.913240       3.908090       3.890360    
   2.794790       2.883100       2.980110       3.082400       3.194610       3.314220       3.442300       3.576740       3.715220       3.811650       3.840690       3.867080       3.892300       3.930550       3.950210       3.937250       3.939290       3.924290       3.908260       3.887710       3.864950       3.840550       3.821020       3.818850       3.807150       3.800300       3.797610       3.797540       3.793530       3.781540    
   2.739030       2.824060       2.915200       3.014900       3.120560       3.231960       3.349460       3.470160       3.586260       3.670130       3.715760       3.746990       3.779390       3.813480       3.831450       3.824470       3.825060       3.814990       3.795670       3.770480       3.742550       3.714950       3.706800       3.689180       3.677300       3.670980       3.665810       3.668920       3.668290       3.674400    
   2.677750       2.757900       2.843200       2.935610       3.031460       3.132150       3.235890       3.339300       3.434780       3.510710       3.564270       3.604870       3.642080       3.678820       3.705040       3.708330       3.709730       3.696800       3.671580       3.639550       3.606510       3.589410       3.562540       3.539950       3.528310       3.522920       3.522860       3.526920       3.528670       3.538190    
   2.611630       2.685620       2.765290       2.847130       2.932670       3.020970       3.110100       3.197020       3.276980       3.345130       3.405720       3.449520       3.487400       3.528770       3.564790       3.581940       3.582990       3.565870       3.531160       3.489090       3.462570       3.428080       3.399270       3.380430       3.369390       3.364800       3.365160       3.361620       3.367000       3.365770    
   2.541580       2.609770       2.679480       2.751880       2.826440       2.902150       2.976160       3.049890       3.116040       3.183740       3.235230       3.280780       3.319140       3.364460       3.411200       3.441520       3.453740       3.430770       3.381080       3.326300       3.290180       3.252780       3.224000       3.206680       3.197550       3.194630       3.196010       3.192400       3.194780       3.189220    
   2.455540       2.528520       2.589630       2.652220       2.714000       2.777610       2.839830       2.898590       2.964240       3.013840       3.058370       3.099440       3.139600       3.180080       3.239620       3.283540       3.316980       3.281050       3.206200       3.147670       3.096240       3.059340       3.035350       3.020060       3.014910       3.015630       3.011970       3.017710       3.020380       3.015830    
   2.405480       2.426610       2.495370       2.548320       2.601090       2.644710       2.700710       2.760420       2.803360       2.841980       2.876760       2.909160       2.941490       2.977730       3.034900       3.078500       3.134590       3.078160       2.993650       2.926960       2.879440       2.848660       2.831670       2.823470       2.824770       2.822940       2.832530       2.841810       2.850160       2.848880    
   2.324870       2.341540       2.386120       2.445910       2.477660       2.518970       2.563710       2.612730       2.643500       2.670090       2.692930       2.713130       2.732430       2.789370       2.798010       2.814950       2.821400       2.785760       2.727510       2.677060       2.642810       2.624290       2.618630       2.620680       2.622820       2.637230       2.653050       2.670610       2.681210       2.686150    
   2.249030       2.257060       2.293160       2.315640       2.364750       2.395440       2.445030       2.468120       2.486780       2.500810       2.510390       2.516140       2.519060       2.560780       2.549580       2.532470       2.508410       2.476980       2.439500       2.409740       2.394100       2.392550       2.401690       2.418310       2.430070       2.453300       2.479480       2.500450       2.517770       2.529830    
   2.239110       2.266420       2.270040       2.214280       2.238940       2.307580       2.316490       2.328560       2.335580       2.337200       2.333290       2.323950       2.368760       2.387630       2.327210       2.277970       2.223650       2.175660       2.137940       2.117100       2.114010       2.125160       2.146090       2.166820       2.199880       2.229780       2.260780       2.290130       2.316620       2.380370    
   2.238940       2.247460       2.214280       2.163740       2.132860       2.179910       2.180540       2.195940       2.192250       2.182330       2.264890       2.226550       2.251740       2.165160       2.097080       2.023910       1.953700       1.892240       1.859220       1.854870       1.872900       1.904150       1.938790       1.979040       2.019800       2.058020       2.096130       2.131940       2.164830       2.194220    
   2.227180       2.214280       2.136940       2.100860       2.068870       2.065460       2.064940       2.058970       2.188680       2.165550       2.122390       2.135450       2.061280       1.979090       1.891430       1.796050       1.703030       1.629290       1.593930       1.609360       1.648610       1.699710       1.752680       1.804460       1.853920       1.900700       1.942810       1.983810       2.021980       2.057220    
   2.214280       2.126240       2.084870       2.068870       2.033290       1.965550       2.144440       2.116500       2.081300       2.055260       2.001200       2.001460       1.915710       1.820690       1.716270       1.605120       1.489230       1.384150       1.349310       1.391040       1.458830       1.527010       1.588990       1.647970       1.702550       1.753240       1.798960       1.843220       1.884990       1.924610    
   2.121560       2.076870       2.068870       2.022570       1.965550       2.072380       2.107140       2.068430       2.022270       1.968050       1.972930       1.888560       1.795530       1.693350       1.581750       1.466500       1.334440       1.195540       1.144510       1.238350       1.315970       1.390420       1.457750       1.518940       1.574910       1.626570       1.674710       1.718480       1.761690       1.796750    
   2.072870       2.068870       2.019000       1.965550       2.048360       2.107140       2.087790       2.065950       2.006240       1.966230       1.885790       1.797850       1.702200       1.598870       1.493020       1.376000       1.257920       1.152090       1.116110       1.163940       1.232000       1.289720       1.350850       1.407430       1.459810       1.508610       1.554580       1.598530       1.640140       1.682330    
   2.068870       2.017810       1.965550       2.040350       2.107140       2.097460       2.086960       2.031550       1.966230       1.926010       1.816450       1.728240       1.640430       1.540080       1.432840       1.327680       1.234550       1.158790       1.127260       1.142700       1.184180       1.234680       1.286560       1.322980       1.368940       1.412630       1.454470       1.495080       1.535210       1.571620    
   2.017410       1.965550       2.037680       2.107140       2.102300       2.097190       2.045550       1.966230       1.946120       1.825810       1.716190       1.704150       1.608860       1.496640       1.400340       1.307960       1.233100       1.171900       1.140400       1.139260       1.160000       1.192630       1.230340       1.269390       1.294120       1.330610       1.366370       1.401840       1.437650       1.471870    
   1.965550       2.036790       2.107140       2.104720       2.102210       2.052820       1.966230       1.956180       1.830500       1.710170       1.704150       1.656500       1.570750       1.473350       1.385570       1.303520       1.232300       1.186840       1.153900       1.142370       1.148140       1.165470       1.189430       1.216630       1.245110       1.273880       1.289130       1.318070       1.345740       1.377930    
   2.036490       2.107140       2.105930       2.104690       2.056490       1.966230       1.961200       1.832840       1.707160       1.704150       1.680330       1.601190       1.473350       1.429460       1.387480       1.307130       1.240890       1.191010       1.157820       1.148690       1.143160       1.147880       1.159480       1.175270       1.193430       1.212920       1.237170       1.255990       1.272510       1.285570    
   2.107140       2.106540       2.105920       2.058340       1.966230       1.963720       1.834020       1.705660       1.704150       1.692240       1.614750       1.473350       1.451410       1.430100       1.374690       1.311830       1.246340       1.180010       1.153010       1.157320       1.142710       1.136900       1.137620       1.147310       1.155220       1.165150       1.167760       1.180960       1.196620       1.215940    
   2.106840       2.106530       2.059260       1.966230       1.964970       1.834600       1.704900       1.704150       1.698190       1.621120       1.473350       1.462380       1.451620       1.418730       1.372210       1.310960       1.210130       1.155160       1.157320       1.150780       1.152320       1.136650       1.127130       1.122290       1.113900       1.114690       1.117320       1.121970       1.129210       1.140080    
   2.106840       2.059710       1.966230       1.965600       1.834900       1.704530       1.704150       1.701170       1.624200       1.473350       1.467860       1.462450       1.444240       1.414180       1.367300       1.253280       1.156240       1.157320       1.155680       1.153340       1.142410       1.133850       1.112810       1.098760       1.087850       1.080420       1.075140       1.071680       1.070280       1.072490    
   2.059940       1.966230       1.965920       1.835040       1.704340       1.704150       1.702660       1.625720       1.473350       1.470610       1.467890       1.458180       1.440290       1.390670       1.312330       1.218190       1.216850       1.191450       1.162060       1.161280       1.154350       1.134870       1.108870       1.086570       1.068590       1.054050       1.041950       1.031320       1.021690       1.016400    
   1.966230       1.966070       1.835120       1.704240       1.704150       1.703410       1.626470       1.473350       1.471980       1.470610       1.465560       1.455450       1.393730       1.338820       1.336960       1.284060       1.281480       1.276370       1.205800       1.171580       1.168200       1.131460       1.109650       1.080380       1.056110       1.036050       1.018940       1.003220      0.9895500      0.9722600    
   1.966150       1.835150       1.704200       1.704150       1.703780       1.626840       1.473350       1.472660       1.471980       1.469380       1.509580       1.578130       1.420120       1.340670       1.340690       1.336960       1.300960       1.286590       1.276370       1.213970       1.192180       1.145570       1.104200       1.079850       1.050320       1.026470       1.006800      0.9910400      0.9730900      0.9528300    
   1.835170       1.704170       1.704150       1.703960       1.627030       1.473350       1.473010       1.472670       1.471340       1.521440       1.578130       1.578130       1.578130       1.422860       1.344360       1.344420       1.336960       1.303930       1.296820       1.276370       1.219130       1.165580       1.117090       1.075400       1.050780       1.025010       1.007010      0.9913500      0.9766000      0.9619300    
   1.704160       1.704150       1.704060       1.627120       1.473350       1.473180       1.473010       1.613190       1.635170       1.578410       1.578130       1.578130       1.578130       1.578130       1.428240       1.351710       1.351880       1.336960       1.305570       1.317260       1.253870       1.192820       1.136230       1.087390       1.049940       1.031730       1.016160       1.005710      0.9976600      0.9920800    
   1.704150       1.704100       1.627170       1.473350       1.473260       1.688380       2.011140       2.023440       2.035740       1.731430       1.578970       1.578130       1.578130       1.578130       1.578130       1.438720       1.366280       1.366800       1.336960       1.291690       1.242510       1.190400       1.134350       1.103700       1.062230       1.040530       1.036070       1.033350       1.033130       1.035850    
   1.704130       1.627190       1.473350       1.473310       1.731510       2.011210       2.011210       2.011140       2.023450       2.035740       1.732880       1.580660       1.578130       1.578130       1.578130       1.578130       1.458590       1.395080       1.396640       1.351030       1.289720       1.234970       1.175310       1.116030       1.075080       1.070420       1.081280       1.074100       1.081800       1.090420    
