iMOD/TUTORIALS/TUT_MetaswapAnalyser/model_MetaSWAP/meteo/Precipitation/Precipitation_20051121_L1.ASC
NCOLS                30
NROWS                30
XLLCORNER     160000.00
YLLCORNER     340000.00
CELLSIZE        1000.00
NODATA_VALUE   -9999.00
   0.000000       0.000000       0.000000       0.000000       0.000000       0.000000       0.000000       0.000000       0.000000       0.000000       0.000000       0.000000       0.000000       0.000000       0.000000       0.000000       0.000000       0.000000       0.000000       0.000000       0.000000      0.1956500      0.2100900      0.2313600      0.2487100      0.2675400      0.2881000      0.3106200      0.3351800      0.3685000    
   0.000000       0.000000       0.000000       0.000000       0.000000       0.000000       0.000000       0.000000       0.000000       0.000000       0.000000       0.000000       0.000000       0.000000       0.000000       0.000000       0.000000       0.000000       0.000000       0.000000      0.1771800      0.2043400      0.2210600      0.2446900      0.2637300      0.2838600      0.3052900      0.3282800      0.3607600      0.3926600    
   0.000000       0.000000       0.000000       0.000000       0.000000       0.000000       0.000000       0.000000       0.000000       0.000000       0.000000       0.000000       0.000000       0.000000       0.000000       0.000000       0.000000       0.000000       0.000000       0.000000      0.1718300      0.2000600      0.2237300      0.2432300      0.2633800      0.2843900      0.3155300      0.3381000      0.3675700      0.3896200    
   0.000000       0.000000       0.000000       0.000000       0.000000       0.000000       0.000000       0.000000       0.000000       0.000000       0.000000       0.000000       0.000000       0.000000       0.000000       0.000000       0.000000       0.000000       0.000000       0.000000       0.000000      0.1868500      0.2197900      0.2495200      0.2711700      0.2929300      0.3150700      0.3377500      0.3666700      0.3874600    
   0.000000       0.000000       0.000000       0.000000       0.000000       0.000000       0.000000       0.000000       0.000000       0.000000       0.000000       0.000000       0.000000       0.000000       0.000000       0.000000       0.000000       0.000000       0.000000       0.000000      0.1710900      0.1952500      0.2333700      0.2465200      0.2691200      0.2913600      0.3136200      0.3439900      0.3660300      0.3891900    
   0.000000       0.000000       0.000000       0.000000       0.000000       0.000000       0.000000       0.000000       0.000000       0.000000       0.000000       0.000000       0.000000       0.000000       0.000000       0.000000       0.000000       0.000000       0.000000       0.000000       0.000000      0.1894900      0.2291200      0.2548900      0.2789000      0.2894900      0.3114600      0.3419200      0.3639700      0.3872500    
   0.000000       0.000000       0.000000       0.000000       0.000000       0.000000       0.000000       0.000000       0.000000       0.000000       0.000000       0.000000       0.000000       0.000000       0.000000       0.000000       0.000000       0.000000       0.000000       0.000000       0.000000      0.1863800      0.2134200      0.2534200      0.2775700      0.3000200      0.3319900      0.3527400      0.3601100      0.3821600    
   0.000000       0.000000       0.000000       0.000000       0.000000       0.000000       0.000000       0.000000       0.000000       0.000000       0.000000       0.000000       0.000000       0.000000       0.000000       0.000000       0.000000       0.000000       0.000000       0.000000       0.000000      0.1873600      0.2143800      0.2538600      0.2773600      0.3096000      0.3302400      0.3500200      0.3836700      0.4039200    
   0.000000       0.000000       0.000000       0.000000       0.000000       0.000000       0.000000       0.000000       0.000000       0.000000       0.000000       0.000000       0.000000       0.000000       0.000000       0.000000       0.000000       0.000000       0.000000       0.000000       0.000000      0.1929300      0.2183400      0.2564000      0.2886100      0.3093800      0.3285700      0.3615500      0.3796600      0.3980700    
   0.000000       0.000000       0.000000       0.000000       0.000000       0.000000       0.000000       0.000000       0.000000       0.000000       0.000000       0.000000       0.000000       0.000000       0.000000       0.000000       0.000000       0.000000       0.000000       0.000000      0.1782500      0.2023100      0.2248800      0.2450400      0.2909700      0.3097700      0.3418300      0.3585700      0.3747300      0.3909400    
   0.000000       0.000000       0.000000       0.000000       0.000000       0.000000       0.000000       0.000000       0.000000       0.000000       0.000000       0.000000       0.000000       0.000000       0.000000       0.000000       0.000000       0.000000       0.000000      0.1735900      0.1955800      0.2170400      0.2367800      0.2635800      0.2934100      0.3250600      0.3407900      0.3553600      0.3692800      0.3828800    
   0.000000       0.000000       0.000000       0.000000       0.000000       0.000000       0.000000       0.000000       0.000000       0.000000       0.000000       0.000000       0.000000       0.000000       0.000000       0.000000       0.000000       0.000000      0.1782000      0.1937100      0.2115900      0.2293200      0.2642200      0.2815200      0.2969200      0.3316400      0.3451400      0.3574200      0.3689100      0.3799900    
   0.000000       0.000000       0.000000       0.000000       0.000000       0.000000       0.000000       0.000000       0.000000       0.000000       0.000000       0.000000       0.000000       0.000000      0.1895800      0.1850700      0.1825900      0.1838700      0.1965300      0.2138400      0.2387100      0.2569700      0.2733700      0.2877500      0.3003300      0.3114500      0.3434800      0.3531800      0.3620700      0.3704000    
   0.000000       0.000000       0.000000       0.000000       0.000000       0.000000      0.1707000       0.000000       0.000000      0.1735700      0.1732100      0.1754700      0.1753200      0.1755600      0.1764300      0.2044200      0.2041000      0.2000100      0.2045500      0.2311700      0.2510600      0.2679100      0.3072400      0.3221600      0.3344800      0.3446700      0.3731200      0.3804300      0.3862800      0.3908100    
   0.000000       0.000000       0.000000       0.000000       0.000000      0.1186670      0.1853000      0.1849900      0.1848200      0.1848300      0.1968400      0.1967600      0.1970100      0.1976800      0.1988100      0.2264600      0.2204000      0.2072000      0.2096800      0.2415000      0.2703900      0.2873800      0.3003000      0.3103200      0.3182100      0.3244900      0.3296100      0.3540000      0.3573500      0.3777700    
   0.000000       0.000000       0.000000       0.000000      0.1013220      0.1853000      0.1851450      0.1850370      0.1893370      0.2027100      0.2031400      0.2039500      0.2052200      0.2069800      0.1991700      0.2029700      0.2635300      0.2505600      0.2508000      0.2683900      0.2855900      0.3116400      0.3231200      0.3314600      0.3373400      0.3412800      0.3437300      0.3451000      0.3657600      0.3648000    
   0.000000       0.000000       0.000000      0.9554070E-01  0.1853000      0.1852220      0.1851610      0.1905570      0.2027100      0.2029250      0.2061780      0.2098000      0.1990100      0.2021400      0.2470700      0.2472300      0.2887200      0.2832500      0.2841100      0.2919300      0.3015900      0.3097300      0.3155500      0.3359700      0.3384000      0.3390100      0.3382200      0.3364800      0.3342200      0.3623700    
   0.000000       0.000000      0.9361360E-01  0.1853000      0.1852610      0.1852280      0.1909130      0.2027100      0.2028170      0.2067300      0.2105450      0.2112900      0.2137300      0.2548700      0.2560400      0.2572100      0.3101200      0.3077000      0.3081900      0.3115700      0.3160400      0.3198000      0.3219600      0.3222700      0.3385800      0.3356400      0.3313300      0.3261500      0.3207400      0.3269200    
   0.000000      0.9297120E-01  0.1853000      0.1852810      0.1852630      0.1910280      0.2027100      0.2027640      0.2068930      0.2109180      0.2112900      0.2125100      0.2353170      0.2613800      0.2630800      0.2648300      0.2665400      0.3258600      0.3258800      0.3269300      0.3281700      0.3286100      0.3275800      0.3247300      0.3200300      0.3136600      0.3230300      0.3139200      0.3161200      0.3312800    
  0.9275710E-01  0.1853000      0.1852900      0.1852810      0.1910700      0.2027100      0.2027370      0.2069520      0.2111040      0.2112900      0.2119000      0.2301240      0.2613800      0.2622300      0.2630970      0.2648170      0.2857430      0.3060930      0.3335160      0.3392100      0.3384100      0.3364400      0.3327400      0.3269500      0.3189500      0.3088500      0.3199400      0.3213000      0.3913200      0.3783100    
  0.1853000      0.1852950      0.1852910      0.1910880      0.2027100      0.2027230      0.2069770      0.2111970      0.2112900      0.2115950      0.2286740      0.2613800      0.2618050      0.2622360      0.2633810      0.2712190      0.2855510      0.3239020      0.3444550      0.3497000      0.3476400      0.3439400      0.3380500      0.3556300      0.3432000      0.3276600      0.4192800      0.3896800      0.3598200      0.3331000    
  0.1852980      0.1852950      0.1910960      0.2027100      0.2027170      0.2069890      0.2112430      0.2112900      0.2114430      0.2282350      0.2613800      0.2615930      0.2618070      0.2624740      0.2656120      0.2733840      0.3154900      0.3470770      0.3497000      0.3611770      0.3861900      0.3805000      0.3719000      0.3597300      0.4423800      0.4525600      0.4159900      0.3755700      0.3343700      0.2883600    
  0.1852980      0.1911000      0.2027100      0.2027130      0.2069940      0.2112670      0.2112900      0.2113660      0.2280870      0.2613800      0.2614860      0.2615930      0.2619580      0.2632980      0.2671560      0.3340940      0.3483890      0.3497000      0.3807930      0.3732200      0.4177100      0.4201400      0.5105100      0.4880600      0.4836300      0.4616300      0.4142600      0.3611300      0.3056400      0.2538400    
  0.1911020      0.2027100      0.2027120      0.2069970      0.2112780      0.2112900      0.2113280      0.2280310      0.2613800      0.2614330      0.2614860      0.2616790      0.2622830      0.3355530      0.4044970      0.4677470      0.4675950      0.4527340      0.4309390      0.4390750      0.3602500      0.5414700      0.5713800      0.5419900      0.5043900      0.4577300      0.4019500      0.3381500      0.2693500      0.2170400    
  0.2027100      0.2027110      0.2069990      0.2112840      0.2112900      0.2113090      0.2280070      0.2613800      0.2614070      0.2614330      0.2615330      0.2618160      0.3919980      0.5500330      0.5498000      0.5448860      0.5872580      0.5854900      0.5167470      0.4805230      0.5179000      0.5342400      0.5850300      0.5532900      0.5122400      0.4608100      0.3986600      0.3264400      0.2648700      0.1745000    
  0.2027100      0.2069990      0.2112870      0.2112900      0.2113000      0.2279970      0.2613800      0.2613930      0.2614070      0.2614580      0.3972520      0.6007400      0.5672790      0.5504420      0.5502660      0.5498000      0.5748900      0.5890250      0.5854900      0.5619000      0.5634200      0.5519700      0.5344100      0.5692800      0.5269000      0.4732100      0.4079300      0.3561500      0.2639700       0.000000    
  0.2070000      0.2112890      0.2112900      0.2112950      0.2279920      0.2613800      0.2613870      0.2613930      0.2614190      0.4243190      0.6007400      0.6007400      0.6007400      0.5679000      0.5512600      0.5507310      0.5498000      0.5752460      0.5925600      0.5854900      0.5807900      0.5721900      0.5574300      0.5338400      0.5491800      0.4960400      0.4606700      0.3807600      0.2933000      0.2045400    
  0.2112890      0.2112900      0.2112920      0.2279890      0.2613800      0.2613830      0.2613870      0.3602950      0.4707490      0.6007830      0.6007400      0.6007400      0.6007400      0.6007400      0.5693330      0.5532500      0.5516620      0.5498000      0.5731330      0.5996300      0.5985200      0.5943900      0.5846700      0.5658300      0.5660700      0.5593400      0.4955000      0.4235900      0.3475700      0.2748000    
  0.2112900      0.2112910      0.2279880      0.2613800      0.2613820      0.4633850      0.7664100      0.7116940      0.6569800      0.6196010      0.6008680      0.6007400      0.6007400      0.6007400      0.6007400      0.5726090      0.5582870      0.5535250      0.5498000      0.5576100      0.5660300      0.5738700      0.6084100      0.6346600      0.6042300      0.5593700      0.5392700      0.4783100      0.4162500      0.3599300    
  0.2112910      0.2279870      0.2613800      0.2613810      0.5037570      0.7663650      0.7663650      0.7664100      0.7116920      0.6569800      0.6198160      0.6011240      0.6007400      0.6007400      0.6007400      0.6007400      0.5797480      0.5715370      0.5572500      0.5681800      0.6202400      0.6294900      0.6382200      0.6421500      0.6281200      0.5846000      0.5287300      0.5013600      0.4895500      0.4475900    
