iMOD/TUTORIALS/TUT_MetaswapAnalyser/model_MetaSWAP/meteo/Precipitation/Precipitation_20050910_L1.ASC
NCOLS                30
NROWS                30
XLLCORNER     160000.00
YLLCORNER     340000.00
CELLSIZE        1000.00
NODATA_VALUE   -9999.00
   34.15700       34.95420       35.87910       36.78870       37.29760       36.69370       34.76820       32.20880       29.54930       27.04620       24.74670       22.61880       20.65130       18.79190       17.03480       15.42490       14.07310       12.54820       11.06100       9.644800       8.308250       7.059880       5.907980       4.871630       3.925130       3.089490       2.368720       1.768270       1.296620      0.9574700    
   35.47950       36.16220       36.84210       37.39370       37.50500       36.86940       35.41030       33.38640       31.10230       28.86100       26.80320       24.83480       22.94570       21.18490       19.43140       17.95280       16.24270       14.63330       12.98310       11.34860       9.779590       8.295700       6.918930       5.672900       4.532200       3.519990       2.639680       1.895580       1.304930      0.8694100    
   36.40090       36.94870       37.44510       37.73750       37.64570       37.04880       35.88900       34.28500       32.42290       30.52150       28.68730       26.90550       25.20290       23.50390       21.85850       20.35480       18.60200       16.78120       14.91870       13.05980       11.27890       9.558260       7.975960       6.503560       5.174090       3.991990       2.971590       2.082200       1.334740      0.7653800    
   37.01700       37.44480       37.78940       37.92650       37.78300       37.25170       36.31660       35.02420       33.53600       31.96410       30.38280       28.83050       27.27570       25.77690       24.23200       22.73600       20.98120       19.05320       16.99840       14.90040       12.84040       10.92720       9.089620       7.433860       5.915800       4.567450       3.389310       2.379340       1.527550      0.8554500    
   37.39870       37.73360       37.94590       38.02450       37.86450       37.41550       36.66930       35.58540       34.44070       33.19060       31.63700       30.41060       29.18440       27.92530       26.58500       25.16810       23.49210       21.47150       19.20000       16.83520       14.54120       12.32440       10.26410       8.402050       6.711010       5.216300       3.919500       2.808050       1.921750       1.268180    
   37.59950       37.82430       38.00750       38.05040       37.90560       37.54250       36.90280       36.06620       34.53740       33.69200       32.78360       31.84590       30.88530       29.89930       28.72780       27.62260       26.11120       23.99290       21.43520       18.76280       16.19010       13.73160       11.45910       9.394500       7.548890       5.938810       4.542110       3.361070       2.437800       1.764340    
   37.70120       37.82620       37.97630       38.01030       37.81790       37.54040       37.09680       35.43540       34.92580       34.32820       33.68020       33.00480       32.31430       31.60480       30.61740       29.93620       28.85730       26.56880       23.58540       20.62250       17.76850       15.09740       12.63830       10.41020       8.425670       6.690850       5.185360       3.962450       2.995770       2.270700    
   37.51890       37.72280       37.75570       37.79820       37.72600       35.73390       35.66570       35.43780       35.11750       34.73450       34.31040       33.86170       33.39720       32.91640       32.03550       31.66060       31.14970       28.61420       25.36030       22.20200       19.19020       16.36320       13.75470       11.39020       9.286740       7.421700       5.864490       4.574190       3.531990       2.747340    
   37.28520       37.52070       37.64810       37.59850       35.27850       35.32020       35.36560       35.27470       35.11380       34.90600       34.66470       34.39820       34.10530       33.04100       32.85050       32.43710       31.47100       29.38270       26.51780       23.44700       20.39950       17.48290       14.76620       12.29350       10.05470       8.140320       6.508630       5.136420       4.045640       3.192640    
   37.07890       37.24350       37.37530       34.59280       34.69560       34.79670       34.94060       34.94870       34.91290       34.84250       34.74430       34.61800       34.45040       33.32700       33.19720       32.71940       31.63830       29.81050       27.29570       24.40090       21.38460       18.43240       15.63900       13.08330       10.76590       8.780050       7.064110       5.651990       4.499590       3.581870    
   37.10560       37.23260       35.77570       33.89120       34.07160       34.20310       34.37180       34.45960       34.51710       34.54970       34.55920       34.53940       33.15730       33.00410       32.94530       32.62790       31.76640       30.21380       27.98320       25.25720       22.28730       19.29780       16.44580       13.78800       11.41960       9.386650       7.633230       6.158360       4.941030       3.903660    
   37.10790       36.00130       33.89120       33.43490       33.30210       33.51240       33.71690       33.81150       33.93310       34.03720       33.46240       33.61020       32.31940       32.51700       32.71120       32.56640       31.93740       30.64390       28.59820       25.92580       22.92170       19.87180       16.90290       14.23760       11.86020       9.783880       7.998900       6.490010       5.233890       4.203370    
   35.99750       33.89120       33.17230       32.88840       32.47470       32.70830       32.89180       33.05860       32.27070       32.47370       32.69530       30.84760       31.40570       31.87810       32.23070       32.32700       32.04050       31.10820       29.22740       26.47700       23.29250       20.14500       17.18840       14.50310       12.11790       10.03490       8.243810       6.721140       5.443560       4.383430    
   33.89120       33.05490       32.68150       32.47470       32.31460       31.76080       30.74680       30.99470       31.23920       31.47970       31.71950       29.79590       30.39470       30.93970       31.40410       31.76110       31.89050       31.54510       29.86540       26.74890       23.37200       20.14640       17.24430       14.58840       12.23650       10.18110       8.405800       6.888810       5.605110       4.527760    
   32.99970       32.57810       32.47470       32.18340       31.76080       30.69670       29.58250       29.81950       30.05440       30.28770       27.92750       28.54450       29.13400       29.68790       30.19630       30.65910       31.04830       31.37820       30.07800       26.38560       22.94370       19.78400       16.92050       14.35650       12.08700       10.09970       8.377110       6.898010       5.637730       4.563490    
   32.52640       32.47470       32.13960       31.76080       30.68000       29.58250       29.70100       29.81880       29.02260       25.92870       26.51640       27.07980       27.61340       28.10820       28.55110       28.91960       29.28730       29.10370       27.66540       24.85070       21.80960       18.92270       16.26420       13.86470       11.72800       9.847180       8.208270       6.793030       5.581070       4.548300    
   32.47470       32.12500       31.76080       30.67440       29.58250       29.64180       29.70080       28.61780       25.92870       26.22250       25.82720       25.45930       25.89560       26.27580       26.83770       26.94820       26.82730       26.22410       24.83750       22.69360       20.20880       17.70560       15.33350       13.16220       11.20000       9.457680       7.928720       6.600170       5.455390       4.514750    
   32.12020       31.76080       30.67260       29.58250       29.61210       29.64170       28.47220       25.92870       26.07560       25.38720       24.80550       24.15180       24.40590       24.63920       24.71130       24.61320       24.25580       23.48300       22.19760       20.43990       18.40040       16.28080       14.21710       12.28450       10.52650       8.943990       7.544130       6.319900       5.259630       4.383990    
   31.76080       30.67200       29.58250       29.59730       29.61210       28.41370       25.92870       26.00220       25.20440       24.47870       24.15180       24.27890       23.95440       22.62060       22.53720       22.27550       21.76860       20.94740       19.76600       18.26840       16.56020       14.76690       12.99140       11.30300       9.742000       8.328320       7.073740       5.964840       5.035770       4.154100    
   30.67180       29.58250       29.58990       29.59730       28.38790       25.92870       25.96540       25.12050       24.31520       24.15180       24.21530       23.75140       22.62060       22.57890       22.47780       22.19380       21.66380       20.82730       17.91040       16.23060       14.77400       13.24680       11.72360       10.26120       8.896660       7.651000       6.444320       5.500070       4.682860       3.951730    
   29.58250       29.58620       29.58990       28.37600       25.92870       25.94710       25.08000       24.23350       24.15180       24.18360       23.68480       22.62060       22.59980       22.55910       22.41680       22.11180       21.56160       18.00530       15.28520       14.33980       13.08000       11.76890       10.46060       9.102790       7.924890       6.845590       5.952890       5.086090       4.323310       3.661180    
   29.58440       29.58620       28.37020       25.92870       25.93790       25.06000       24.19270       24.15180       24.16770       23.66020       22.62060       22.61020       22.59310       22.52520       22.36260       22.03010       18.16620       14.81250       14.33980       12.93830       11.39510       10.26550       9.142840       8.061800       7.105630       6.183060       5.343860       4.592100       3.927080       3.347350    
   29.58440       28.36740       25.92870       25.93330       25.05010       24.17220       24.15180       24.15970       23.65010       22.62060       22.61540       22.60800       22.57620       22.49360       22.30600       17.44070       14.57610       14.33980       11.31340       9.988580       9.390560       8.944930       8.026990       7.100820       6.229550       5.440020       4.723790       4.079930       3.506630       3.002440    
   28.36600       25.92870       25.93100       25.04520       24.16200       24.15180       24.15580       23.64560       22.62060       22.61800       22.61470       22.59980       22.55930       18.00210       13.89970       10.10840       10.06830       9.346050       8.453530       7.986760       8.582060       7.765220       6.882160       6.104590       5.378500       4.712680       4.109300       3.565820       3.077590       2.665410    
   25.92870       25.92980       25.04270       24.15690       24.15180       24.15380       23.64340       22.62060       22.61930       22.61770       22.61080       22.59130       14.47170       4.609990       4.632700       6.417080       5.680750       5.796760       6.826800       7.385240       7.391460       6.563440       5.851320       5.182500       4.567540       4.011570       3.512610       3.063870       2.677810       2.299400    
   25.92930       25.04150       24.15440       24.15180       24.15280       23.64240       22.62060       22.61990       22.61920       22.61600       14.78330       3.048290       4.070560       4.587140       4.587280       4.632700       5.286590       5.564730       5.796760       6.138450       6.182200       5.525990       4.900290       4.320400       3.802150       3.345820       2.944920       2.603890       2.276210       1.966370    
   25.04090       24.15310       24.15180       24.15230       23.64190       22.62060       22.62030       22.61990       22.61840       13.22300       3.048290       3.048290       3.048290       4.036830       4.541450       4.541850       4.632700       5.152170       5.332700       5.796760       5.183370       4.586740       4.026930       3.523180       3.086830       2.722030       2.424530       2.159060       1.914860       1.683110    
   24.15240       24.15180       24.15210       23.64160       22.62060       22.62040       22.62030       17.38970       10.96750       3.047310       3.048290       3.048290       3.048290       3.048290       3.970300       4.449800       4.451010       4.632700       4.846530       4.868640       4.298920       3.748430       3.237340       2.789430       2.419500       2.147080       1.936950       1.759740       1.597110       1.442300    
   24.15180       24.15190       23.64150       22.62060       22.62050       14.28560       1.783430       1.741800       1.700200       2.596280       3.045360       3.048290       3.048290       3.048290       3.048290       3.841270       4.265690       4.269310       4.632700       4.088000       3.549450       3.029670       2.511720       2.106840       1.810290       1.623950       1.505150       1.412520       1.323850       1.235230    
   24.15190       23.64150       22.62060       22.62060       12.61850       1.783140       1.783140       1.783430       1.741770       1.700200       2.591270       3.039490       3.048290       3.048290       3.048290       3.048290       3.600100       3.895040       3.905930       3.399140       2.817810       2.363070       1.926540       1.532570       1.257370       1.164610       1.143000       1.127200       1.097990       1.060540    
