iMOD/TUTORIALS/TUT_MetaswapAnalyser/model_MetaSWAP/meteo/Precipitation/Precipitation_20051213_L1.ASC
NCOLS                30
NROWS                30
XLLCORNER     160000.00
YLLCORNER     340000.00
CELLSIZE        1000.00
NODATA_VALUE   -9999.00
  0.5204400      0.5073200      0.4953200      0.4821300      0.4642300      0.4293100      0.3778900      0.3207200      0.2702900      0.2522200      0.2711300      0.3009700      0.3323200      0.3639900      0.3944200      0.4236000      0.4593900      0.4847000      0.5071300      0.5276500      0.5466900      0.5612600      0.5783500      0.5937700      0.6111200      0.6287100      0.6465600      0.6645000      0.6821400      0.6979400    
  0.5264100      0.5089000      0.4907400      0.4697900      0.4447400      0.4059400      0.3560600      0.2986400      0.2376300      0.2164600      0.2559100      0.2934000      0.3291700      0.3636900      0.3960600      0.4338300      0.4619200      0.4862600      0.5094800      0.5297200      0.5482300      0.5625700      0.5790700      0.5940100      0.6108300      0.6279600      0.6454400      0.6631300      0.6792500      0.6952700    
  0.5276500      0.5067400      0.4845800      0.4640400      0.4321200      0.3936500      0.3485000      0.2999400      0.2567700      0.2440400      0.2669300      0.2999500      0.3343700      0.3683400      0.4007100      0.4366000      0.4650600      0.4901400      0.5119500      0.5310600      0.5492200      0.5626200      0.5764200      0.5921500      0.6081700      0.6246300      0.6400600      0.6575800      0.6745400      0.6922300    
  0.5259900      0.5030000      0.4786800      0.4582100      0.4268200      0.3913800      0.3532500      0.3160200      0.2881900      0.2799800      0.2921700      0.3166400      0.3463100      0.3775600      0.4087700      0.4420100      0.4703300      0.4945800      0.5148300      0.5320200      0.5473600      0.5608800      0.5725700      0.5856300      0.6008100      0.6166000      0.6329600      0.6497600      0.6662000      0.6834800    
  0.5226400      0.4988300      0.4831300      0.4556500      0.4260900      0.3948800      0.3637100      0.3383900      0.3184000      0.3113600      0.3188000      0.3368600      0.3614300      0.3890300      0.4185100      0.4486300      0.4760800      0.4986000      0.5159700      0.5300600      0.5403800      0.5528700      0.5629900      0.5775300      0.5917600      0.6067100      0.6222100      0.6371700      0.6530800      0.6678400    
  0.5183100      0.5070300      0.4816600      0.4554100      0.4283900      0.4013200      0.3792400      0.3575100      0.3433900      0.3376700      0.3419200      0.3549600      0.3759400      0.4002800      0.4233900      0.4548200      0.4829100      0.5029300      0.5157300      0.5256100      0.5331600      0.5435200      0.5523600      0.5648100      0.5783200      0.5934200      0.6081400      0.6221700      0.6366800      0.6497800    
  0.5336200      0.5053800      0.4810300      0.4564700      0.4373800      0.4133300      0.3914400      0.3753100      0.3629100      0.3576400      0.3600700      0.3697200      0.3855800      0.4077600      0.4257200      0.4580400      0.4891500      0.5048000      0.5102100      0.5138100      0.5205600      0.5293400      0.5399700      0.5493200      0.5624400      0.5763700      0.5897300      0.6041200      0.6182500      0.6304700    
  0.5282000      0.5168100      0.4882700      0.4649400      0.4422400      0.4238900      0.4045000      0.3887100      0.3776800      0.3722700      0.3728800      0.3793500      0.3912400      0.4084400      0.4201200      0.4506100      0.4852400      0.4943000      0.4932200      0.4957500      0.5014200      0.5098600      0.5205400      0.5301400      0.5434300      0.5563900      0.5707100      0.5847700      0.5967500      0.6091300    
  0.5360000      0.5170200      0.4942400      0.4674600      0.4504400      0.4307200      0.4131900      0.3987900      0.3882300      0.3820700      0.3805600      0.3836700      0.3911600      0.3838400      0.4058300      0.4285500      0.4498200      0.4611800      0.4646300      0.4687700      0.4756300      0.4852400      0.4970900      0.5077700      0.5208400      0.5354500      0.5500400      0.5626200      0.5762200      0.5884400    
  0.5341200      0.5170200      0.4954600      0.4781400      0.4544400      0.4361100      0.4196800      0.4059100      0.3951400      0.3877300      0.3838100      0.3833000      0.3859700      0.3686900      0.3836500      0.3990900      0.4134200      0.4216800      0.4278600      0.4349900      0.4446200      0.4564700      0.4705200      0.4857700      0.4976000      0.5131800      0.5267900      0.5415400      0.5552200      0.5675100    
  0.5354070      0.5155330      0.4927720      0.4804700      0.4613700      0.4398800      0.4242500      0.4105600      0.3991400      0.3901600      0.3836200      0.3793700      0.3446400      0.3530600      0.3648600      0.3701700      0.3755300      0.3803700      0.3869000      0.3965600      0.4095700      0.4251300      0.4421900      0.4591100      0.4753100      0.4892600      0.5054500      0.5206300      0.5345300      0.5466500    
  0.5353590      0.5060460      0.4804700      0.4676870      0.4639000      0.4463200      0.4306000      0.4133100      0.4010000      0.3903200      0.3815100      0.3736200      0.3340300      0.3410700      0.3404700      0.3385600      0.3370900      0.3379300      0.3438300      0.3561700      0.3734000      0.3931600      0.4120000      0.4322500      0.4518100      0.4673700      0.4843800      0.5000300      0.5141900      0.5267600    
  0.5193680      0.4804700      0.4694060      0.4644550      0.4650100      0.4485700      0.4327900      0.4180500      0.4042600      0.3896000      0.3780500      0.3348900      0.3299700      0.3240700      0.3175800      0.3087400      0.2998400      0.2948000      0.2993000      0.3155000      0.3374000      0.3617200      0.3856900      0.4084500      0.4296900      0.4493200      0.4640900      0.4800600      0.4943500      0.5069500    
  0.4804700      0.4699050      0.4647320      0.4650100      0.4545530      0.4500800      0.4340100      0.4189000      0.4044000      0.3963400      0.3817000      0.3276400      0.3195800      0.3098100      0.2978000      0.2837500      0.2669100      0.2518600      0.2544500      0.2779100      0.3075100      0.3363600      0.3616500      0.3858800      0.4079300      0.4279400      0.4433500      0.4593100      0.4735500      0.4861000    
  0.4700640      0.4648710      0.4650100      0.4565480      0.4500800      0.4434470      0.4462500      0.4297300      0.4135000      0.3974000      0.3352800      0.3259800      0.3151900      0.3023700      0.2869400      0.2678600      0.2456700      0.2193000      0.2161000      0.2535300      0.2866100      0.3170500      0.3444800      0.3691600      0.3913400      0.4112300      0.4290300      0.4422400      0.4561300      0.4667400    
  0.4649410      0.4650100      0.4572130      0.4500800      0.4465920      0.4462500      0.4379900      0.4298270      0.3958730      0.3428600      0.3337300      0.3234200      0.3115900      0.2978600      0.2819300      0.2635600      0.2456400      0.2263800      0.2263100      0.2504200      0.2797300      0.3070300      0.3328000      0.3561800      0.3772100      0.3960500      0.4128800      0.4278700      0.4387500      0.4505200    
  0.4650100      0.4574340      0.4500800      0.4476410      0.4462500      0.4421200      0.4380220      0.4016370      0.3428600      0.3382950      0.3321780      0.3234300      0.3116400      0.2982900      0.2889300      0.2718100      0.2559200      0.2451400      0.2464000      0.2609400      0.2825200      0.3059200      0.3287400      0.3485800      0.3677100      0.3849500      0.4003900      0.4141800      0.4265100      0.4364100    
  0.4575080      0.4500800      0.4479900      0.4462500      0.4441850      0.4421310      0.4061600      0.3428600      0.3405780      0.3362450      0.3304400      0.3374500      0.3243900      0.3101200      0.2957500      0.2819100      0.2705400      0.2639900      0.2653700      0.2751000      0.2906400      0.3089000      0.3277200      0.3458500      0.3612900      0.3763700      0.3899500      0.4021200      0.4131100      0.4239600    
  0.4500800      0.4481070      0.4462500      0.4452170      0.4441890      0.4088340      0.3428600      0.3417190      0.3382150      0.3339450      0.3374500      0.3309200      0.3223830      0.3175700      0.3053600      0.2943200      0.2858100      0.2816300      0.2827800      0.2896000      0.3008800      0.3147800      0.3297000      0.3444900      0.3584600      0.3712500      0.3812700      0.3914600      0.4014500      0.4099600    
  0.4481460      0.4462500      0.4457340      0.4452190      0.4102750      0.3428600      0.3422890      0.3391880      0.3356970      0.3374500      0.3341850      0.3270810      0.3175700      0.3114650      0.3057500      0.2951630      0.2872530      0.2834070      0.2948040      0.3035000      0.3116700      0.3220700      0.3335300      0.3451200      0.3561600      0.3662600      0.3750400      0.3838400      0.3859700      0.3925700    
  0.4462500      0.4459920      0.4457340      0.4110220      0.3428600      0.3425750      0.3396720      0.3365740      0.3374500      0.3358180      0.3290710      0.3175700      0.3145170      0.3115950      0.3041260      0.2960560      0.2886080      0.2983960      0.3100050      0.3165100      0.3223400      0.3299300      0.3384500      0.3469900      0.3552000      0.3625600      0.3640000      0.3694800      0.3746200      0.3801600    
  0.4461210      0.4459920      0.4114020      0.3428600      0.3427170      0.3399140      0.3370120      0.3374500      0.3366340      0.3299770      0.3175700      0.3160440      0.3145610      0.3100800      0.3039260      0.2962630      0.3025650      0.3132580      0.3165100      0.3238100      0.3325800      0.3378900      0.3439100      0.3500100      0.3512500      0.3556300      0.3592000      0.3618700      0.3640900      0.3667100    
  0.4461210      0.4115940      0.3428600      0.3427890      0.3400340      0.3372310      0.3374500      0.3370420      0.3304080      0.3175700      0.3168070      0.3160580      0.3135610      0.3095220      0.3034230      0.3126550      0.3148840      0.3165100      0.3350260      0.3429800      0.3446520      0.3470000      0.3473500      0.3504400      0.3525800      0.3546400      0.3557000      0.3555300      0.3544700      0.3535700    
  0.4116900      0.3428600      0.3428240      0.3400950      0.3373400      0.3374500      0.3372460      0.3306170      0.3175700      0.3171880      0.3168120      0.3154750      0.3130470      0.3335520      0.3429590      0.3454400      0.3456350      0.3488770      0.3531520      0.3568050      0.3533800      0.3524100      0.3518100      0.3537600      0.3551500      0.3555000      0.3544200      0.3516300      0.3471700      0.3404700    
  0.3428600      0.3428420      0.3401250      0.3373950      0.3374500      0.3373480      0.3307210      0.3175700      0.3173790      0.3171900      0.3164920      0.3151110      0.3556580      0.4079560      0.4077000      0.3790130      0.3758010      0.3747600      0.3649350      0.3596700      0.3602300      0.3575000      0.3583700      0.3590900      0.3592400      0.3583200      0.3558000      0.3511700      0.3429400      0.3333500    
  0.3428510      0.3401400      0.3374230      0.3374500      0.3373990      0.3307720      0.3175700      0.3174750      0.3173800      0.3170200      0.3699750      0.4505400      0.4224030      0.4082610      0.4082120      0.4077000      0.3869170      0.3768420      0.3747600      0.3685050      0.3654000      0.3652200      0.3652300      0.3651700      0.3646600      0.3632200      0.3602600      0.3544000      0.3465000      0.3355100    
  0.3401470      0.3374360      0.3374500      0.3374250      0.3307980      0.3175700      0.3175220      0.3174750      0.3172920      0.3810910      0.4505400      0.4505400      0.4505400      0.4228540      0.4088700      0.4087240      0.4077000      0.3883660      0.3789250      0.3747600      0.3736300      0.3728600      0.3723100      0.3718500      0.3712500      0.3701000      0.3675100      0.3632300      0.3570200      0.3490500    
  0.3374430      0.3374500      0.3374370      0.3308110      0.3175700      0.3175460      0.3175220      0.3608650      0.4036180      0.4505550      0.4505400      0.4505400      0.4505400      0.4505400      0.4237960      0.4101860      0.4097480      0.4077000      0.3920800      0.3830900      0.3815900      0.3804000      0.3794600      0.3788500      0.3795500      0.3787700      0.3777100      0.3758000      0.3728800      0.3697700    
  0.3374500      0.3374440      0.3308170      0.3175700      0.3175580      0.3944550      0.5098100      0.5004900      0.4911700      0.4641230      0.4505840      0.4505400      0.4505400      0.4505400      0.4505400      0.4257340      0.4131120      0.4117950      0.4077000      0.4027700      0.3984200      0.3945700      0.3948200      0.3878400      0.3870700      0.3879900      0.3896100      0.3908200      0.3916900      0.3931800    
  0.3374470      0.3308200      0.3175700      0.3175640      0.4098540      0.5098270      0.5098270      0.5098100      0.5004890      0.4911700      0.4642000      0.4506710      0.4505400      0.4505400      0.4505400      0.4505400      0.4295350      0.4198400      0.4158900      0.4106900      0.4137000      0.4073600      0.4016400      0.3968400      0.3948100      0.3974000      0.4016200      0.4072300      0.4117200      0.4170400    
