iMOD/TUTORIALS/TUT_MetaswapAnalyser/model_MetaSWAP/meteo/Precipitation/Precipitation_20051219_L1.ASC
NCOLS                30
NROWS                30
XLLCORNER     160000.00
YLLCORNER     340000.00
CELLSIZE        1000.00
NODATA_VALUE   -9999.00
   2.544180       2.624370       2.710270       2.799650       2.882180       2.951510       2.995030       3.022630       3.037070       3.016090       2.957040       2.892280       2.834790       2.789850       2.754390       2.730910       2.711220       2.713070       2.726110       2.750480       2.785490       2.831250       2.884830       2.950260       3.016600       3.086610       3.157200       3.223380       3.276580       3.299470    
   2.610300       2.692000       2.776290       2.862350       2.941070       3.013970       3.073320       3.123510       3.171080       3.168130       3.093950       3.029950       2.975260       2.933550       2.901000       2.871670       2.860390       2.865830       2.876670       2.897090       2.927540       2.968470       3.017920       3.080160       3.145140       3.216290       3.291710       3.368020       3.421690       3.466230    
   2.665040       2.745580       2.828550       2.907280       2.984420       3.057860       3.122200       3.177370       3.219360       3.221840       3.180630       3.132160       3.088230       3.054200       3.030300       3.007860       2.998730       2.997790       3.005140       3.021260       3.047450       3.083270       3.132710       3.186420       3.248910       3.319580       3.379970       3.467500       3.556090       3.644120    
   2.707710       2.785930       2.865490       2.941930       3.018840       3.089650       3.152030       3.199280       3.235570       3.245440       3.230160       3.202360       3.173020       3.151370       3.134750       3.120260       3.114140       3.113030       3.117450       3.128880       3.148770       3.183670       3.223090       3.252310       3.311010       3.379110       3.456160       3.541610       3.631440       3.729410    
   2.739840       2.815030       2.889850       2.965280       3.037460       3.104060       3.162610       3.211070       3.244580       3.259940       3.251940       3.241810       3.228330       3.217800       3.217580       3.213430       3.201500       3.198720       3.197630       3.201790       3.218080       3.240130       3.273610       3.317190       3.368540       3.428270       3.494940       3.561500       3.631730       3.680560    
   2.762900       2.837030       2.908930       2.979370       3.046570       3.108510       3.162800       3.208920       3.229920       3.251450       3.263360       3.267460       3.268370       3.269520       3.276510       3.281790       3.285800       3.282530       3.275230       3.272010       3.280750       3.295950       3.322260       3.356510       3.398780       3.448520       3.500620       3.547270       3.589360       3.605140    
   2.787170       2.853370       2.920550       2.986030       3.047920       3.105360       3.156200       3.180210       3.214940       3.242680       3.262080       3.275740       3.287020       3.298880       3.319130       3.336490       3.353260       3.346710       3.328710       3.320160       3.319200       3.328150       3.346330       3.373930       3.406560       3.443150       3.474920       3.508060       3.529140       3.526050    
   2.839350       2.864550       2.925690       2.986390       3.043950       3.058310       3.116220       3.157870       3.195250       3.225410       3.249330       3.268920       3.286680       3.304270       3.333350       3.357830       3.389010       3.375660       3.351740       3.337080       3.332370       3.336910       3.349540       3.370070       3.393800       3.413530       3.437800       3.455540       3.457740       3.444220    
   2.849940       2.870240       2.928090       2.982530       2.985670       3.038060       3.093580       3.132720       3.169370       3.200300       3.226280       3.248650       3.269180       3.301810       3.319550       3.339520       3.355180       3.352720       3.337320       3.325760       3.321120       3.323760       3.332720       3.347790       3.358350       3.375020       3.388490       3.391340       3.386570       3.365740    
   2.855780       2.871920       2.925330       2.914100       2.965190       3.013660       3.062880       3.102910       3.138020       3.168330       3.194340       3.216960       3.237270       3.273540       3.284380       3.296880       3.303360       3.304100       3.299040       3.294390       3.293760       3.291610       3.298890       3.308970       3.315870       3.325560       3.327430       3.326030       3.314040       3.288610    
   2.841230       2.884340       2.901450       2.894450       2.941900       2.983170       3.031980       3.069180       3.102050       3.130640       3.155220       3.176290       3.220300       3.263400       3.255660       3.253950       3.249380       3.241650       3.233250       3.227360       3.225680       3.228150       3.233690       3.235790       3.239490       3.238350       3.238840       3.232670       3.217410       3.213270    
   2.840560       2.880370       2.894450       2.908830       2.915280       2.953170       2.998850       3.032280       3.062430       3.088560       3.174190       3.184000       3.222900       3.211100       3.201960       3.192890       3.181490       3.170820       3.163200       3.160970       3.163470       3.168910       3.168690       3.174700       3.179320       3.182560       3.179510       3.169810       3.151720       3.123870    
   2.851700       2.894450       2.896610       2.899490       2.883690       2.928860       2.962990       2.993680       3.110410       3.125370       3.135790       3.175030       3.169820       3.160500       3.144530       3.127940       3.108860       3.091520       3.083770       3.086100       3.089620       3.097990       3.105850       3.112020       3.115480       3.115130       3.111400       3.099580       3.080030       3.051740    
   2.894450       2.891590       2.891590       2.883690       2.902480       2.894900       3.042470       3.062480       3.078240       3.091740       3.098140       3.133460       3.123790       3.109390       3.089970       3.063760       3.035810       3.007990       2.996680       3.005490       3.019330       3.031640       3.042730       3.049420       3.052430       3.051070       3.045980       3.033220       3.013270       2.985340    
   2.889340       2.887640       2.883690       2.893690       2.894900       2.985790       3.020010       3.036310       3.048400       3.056030       3.101930       3.092930       3.079280       3.060720       3.036920       3.005990       2.971520       2.931570       2.913710       2.936320       2.956490       2.970920       2.981280       2.987710       2.990070       2.987960       2.980750       2.969160       2.949620       2.921690    
   2.885660       2.883690       2.890760       2.894900       2.966900       3.020010       3.028160       3.034910       3.053550       3.073470       3.065800       3.053770       3.037210       3.015940       2.993370       2.962580       2.929450       2.894590       2.878620       2.886690       2.898950       2.913020       2.921260       2.926080       2.927260       2.924420       2.917060       2.904580       2.887790       2.863240    
   2.883690       2.889780       2.894900       2.960600       3.020010       3.024090       3.027690       3.047520       3.073470       3.069630       3.045070       3.017170       3.002810       2.980520       2.961720       2.929200       2.896280       2.868850       2.852920       2.849900       2.853370       2.858100       2.861780       2.868400       2.868100       2.864630       2.857490       2.846110       2.829900       2.810720    
   2.889460       2.894900       2.958500       3.020010       3.022050       3.023930       3.043190       3.073470       3.071550       3.043900       3.016170       3.015160       2.991050       2.957450       2.927720       2.896500       2.867280       2.842560       2.825160       2.815750       2.811940       2.810770       2.810170       2.808980       2.811390       2.807350       2.800690       2.790830       2.777160       2.760210    
   2.894900       2.957800       3.020010       3.021030       3.022000       3.040660       3.073470       3.072510       3.043950       3.015660       3.015160       3.003110       2.972630       2.926870       2.897170       2.866630       2.836940       2.814840       2.795340       2.781290       2.771800       2.765340       2.760560       2.756450       2.752300       2.747500       2.746230       2.738270       2.728620       2.700610    
   2.957570       3.020010       3.020520       3.021010       3.039290       3.073470       3.072990       3.044100       3.015410       3.015160       3.009130       2.979440       2.926870       2.912020       2.896890       2.866910       2.839470       2.815710       2.769360       2.745860       2.731610       2.720510       2.711850       2.704970       2.699320       2.694320       2.668890       2.661170       2.668640       2.669360    
   3.020010       3.020260       3.020510       3.038570       3.073470       3.073230       3.044200       3.015290       3.015160       3.012150       2.982650       2.926870       2.919450       2.911930       2.891940       2.867760       2.840700       2.772340       2.727670       2.709490       2.690870       2.675500       2.663200       2.632130       2.625970       2.621840       2.631560       2.629180       2.626230       2.621530    
   3.020140       3.020260       3.038210       3.073470       3.073350       3.044260       3.015220       3.015160       3.013650       2.984210       2.926870       2.923160       2.919410       2.907770       2.890540       2.866800       2.781770       2.718580       2.709490       2.674560       2.623310       2.605880       2.591690       2.581030       2.588070       2.585080       2.583790       2.584430       2.585670       2.585280    
   3.020140       3.038020       3.073470       3.073410       3.044290       3.015190       3.015160       3.014410       2.984970       2.926870       2.925010       2.923150       2.916780       2.905910       2.888370       2.771550       2.714040       2.709490       2.618970       2.574800       2.569390       2.559920       2.559120       2.545770       2.536880       2.533930       2.534760       2.539080       2.545300       2.551320    
   3.037920       3.073470       3.073440       3.044300       3.015180       3.015160       3.014780       2.985350       2.926870       2.925940       2.925010       2.921650       2.915280       2.798290       2.695360       2.605410       2.604610       2.572100       2.531760       2.517020       2.526290       2.531530       2.511070       2.493650       2.483180       2.479800       2.482920       2.491290       2.503160       2.515310    
   3.073470       3.073460       3.044310       3.015170       3.015160       3.014970       2.985540       2.926870       2.926410       2.925940       2.924200       2.920650       2.720050       2.482360       2.482100       2.518800       2.497570       2.499740       2.500540       2.503460       2.507760       2.475530       2.460010       2.438470       2.425900       2.422720       2.428250       2.440860       2.457710       2.478330    
   3.073460       3.044310       3.015160       3.015160       3.015070       2.985640       2.926870       2.926640       2.926410       2.925520       2.796510       2.605890       2.523810       2.482690       2.482620       2.482100       2.490910       2.495400       2.499740       2.481940       2.476340       2.432420       2.394990       2.380790       2.365340       2.362240       2.370410       2.386710       2.409670       2.436050    
   3.044310       3.015160       3.015160       3.015110       2.985680       2.926870       2.926750       2.926640       2.926190       2.772040       2.605890       2.605890       2.605890       2.524310       2.483340       2.483140       2.482100       2.486400       2.491070       2.499740       2.443930       2.391030       2.344740       2.309630       2.301220       2.298310       2.309450       2.331240       2.358840       2.388350    
   3.015160       3.015160       3.015140       2.985710       2.926870       2.926810       2.926750       2.914350       2.800950       2.606050       2.605890       2.605890       2.605890       2.605890       2.525380       2.484780       2.484190       2.482100       2.472690       2.482390       2.417520       2.353760       2.295700       2.250240       2.224960       2.231390       2.248300       2.276390       2.308830       2.340670    
   3.015160       3.015150       2.985720       2.926870       2.926840       2.901490       2.863500       2.870660       2.877820       2.696960       2.606360       2.605890       2.605890       2.605890       2.605890       2.527690       2.488060       2.486280       2.482100       2.426540       2.365070       2.299760       2.235690       2.191010       2.156580       2.158140       2.190530       2.227170       2.264920       2.299140    
   3.015150       2.985720       2.926870       2.926860       2.896460       2.863530       2.863530       2.863500       2.870670       2.877820       2.697780       2.607310       2.605890       2.605890       2.605890       2.605890       2.532620       2.495810       2.490460       2.431130       2.364110       2.287630       2.205890       2.127600       2.082870       2.102510       2.150490       2.188590       2.232850       2.268360    
