iMOD/TUTORIALS/TUT_MetaswapAnalyser/model_MetaSWAP/meteo/Precipitation/Precipitation_20051019_L1.ASC
NCOLS                30
NROWS                30
XLLCORNER     160000.00
YLLCORNER     340000.00
CELLSIZE        1000.00
NODATA_VALUE   -9999.00
   4.467370       4.488140       4.508520       4.527900       4.536360       4.557640       4.574960       4.585890       4.591080       4.600980       4.613460       4.633460       4.650380       4.675910       4.695560       4.709440       4.745090       4.766670       4.795870       4.829120       4.866490       4.917640       4.962720       4.939810       4.990320       5.043680       5.098900       5.154620       5.208750       5.245580    
   4.495160       4.513830       4.547920       4.564340       4.566670       4.584240       4.597650       4.604780       4.604610       4.613230       4.643310       4.662090       4.684240       4.706620       4.728320       4.762910       4.787960       4.811660       4.838090       4.871890       4.909410       4.960310       5.004880       4.986470       5.036360       5.089050       5.143740       5.199230       5.270630       5.308030    
   4.530790       4.546800       4.563000       4.560970       4.595980       4.610760       4.622280       4.629710       4.634370       4.648250       4.671600       4.694310       4.712900       4.739960       4.761430       4.794720       4.820850       4.849170       4.880250       4.914460       4.947900       4.998040       4.981800       5.027520       5.076480       5.128150       5.201120       5.252670       5.294340       5.346280    
   4.562630       4.576410       4.590520       4.585240       4.602470       4.618490       4.632790       4.658040       4.667170       4.681300       4.702860       4.723210       4.743320       4.768550       4.791810       4.823650       4.850370       4.879040       4.910200       4.944200       4.981120       4.962970       5.015400       5.082130       5.128620       5.176850       5.226100       5.275590       5.317120       5.368100    
   4.590440       4.602310       4.591080       4.607190       4.623090       4.638460       4.653250       4.665980       4.681860       4.701180       4.722220       4.748750       4.774800       4.800260       4.816760       4.846100       4.887510       4.918650       4.952080       4.987790       4.973530       5.010420       5.061320       5.103090       5.148190       5.194610       5.241490       5.278410       5.325680       5.368190    
   4.614050       4.597520       4.611800       4.626480       4.641310       4.656160       4.670940       4.684230       4.703340       4.720270       4.740800       4.763440       4.794670       4.816530       4.842410       4.869140       4.897250       4.927620       4.960440       4.995410       4.988660       5.024610       5.074430       5.116510       5.160240       5.203710       5.248050       5.282330       5.324550       5.361010    
   4.640140       4.616520       4.629370       4.642780       4.656410       4.670650       4.685390       4.703960       4.717880       4.734920       4.753850       4.774490       4.796520       4.826810       4.847670       4.872380       4.898430       4.927650       4.959710       4.962900       4.994240       5.029570       5.068310       5.120220       5.163000       5.205980       5.237220       5.279040       5.317380       5.350040    
   4.705110       4.672450       4.643480       4.655720       4.668520       4.692300       4.703430       4.714800       4.728960       4.744480       4.761430       4.779750       4.799340       4.821360       4.846230       4.868430       4.891760       4.919490       4.932560       4.958770       4.989870       5.025300       5.064180       5.116060       5.158430       5.189140       5.230940       5.270390       5.320710       5.349590    
   4.728450       4.694100       4.699880       4.665480       4.693110       4.703730       4.713450       4.723190       4.735750       4.749300       4.763870       4.779470       4.796120       4.806890       4.838010       4.857310       4.878750       4.893640       4.916510       4.943450       4.975560       5.012200       5.052190       5.104870       5.136610       5.179020       5.219810       5.273830       5.306680       5.334230    
   4.748210       4.713140       4.716900       4.740120       4.702720       4.712080       4.717950       4.727970       4.738600       4.749840       4.761690       4.774160       4.787340       4.789530       4.812130       4.838330       4.846350       4.865170       4.887870       4.916170       4.950320       4.991160       5.033430       5.077110       5.121850       5.164640       5.221120       5.257750       5.289790       5.316420    
   4.733330       4.726080       4.731740       4.756810       4.758920       4.713450       4.721210       4.729420       4.737920       4.746650       4.755530       4.764550       4.754100       4.766120       4.782320       4.796060       4.814550       4.832310       4.857570       4.891170       4.931990       4.977670       5.025690       5.066100       5.130080       5.183070       5.224480       5.261190       5.292440       5.296730    
   4.732720       4.736990       4.756810       4.766410       4.771560       4.768280       4.768190       4.727910       4.734230       4.740390       4.735670       4.742890       4.728040       4.745700       4.753740       4.760300       4.770480       4.785770       4.810340       4.847760       4.894570       4.946190       5.005490       5.058150       5.108310       5.162550       5.204610       5.241370       5.272220       5.296680    
   4.740100       4.756810       4.769140       4.774960       4.778360       4.776030       4.774050       4.772180       4.748850       4.716150       4.721100       4.719600       4.721780       4.722490       4.724100       4.722230       4.722650       4.732090       4.754290       4.804440       4.858270       4.918030       4.977060       5.033370       5.085850       5.133740       5.183940       5.220740       5.251210       5.274980    
   4.756810       4.770240       4.776660       4.778360       4.778940       4.782430       4.747130       4.745540       4.743660       4.733390       4.731670       4.706720       4.705390       4.701660       4.695180       4.687570       4.677220       4.671800       4.697840       4.751440       4.819880       4.887280       4.930110       4.986370       5.038380       5.085740       5.136380       5.173200       5.204100       5.228760    
   4.770730       4.777510       4.778360       4.779910       4.782430       4.749070       4.717660       4.718240       4.718070       4.716900       4.730420       4.722790       4.713450       4.701880       4.687500       4.662150       4.643160       4.616740       4.634400       4.713630       4.778080       4.844680       4.906720       4.964110       5.016690       5.064240       5.106520       5.151090       5.181720       5.184370    
   4.777940       4.778360       4.780230       4.782430       4.749720       4.717660       4.717950       4.717990       4.721230       4.731700       4.724190       4.715500       4.705250       4.693060       4.668060       4.652420       4.632180       4.622420       4.643070       4.700760       4.766480       4.820560       4.878500       4.932520       4.982250       5.027460       5.067950       5.103530       5.140280       5.165170    
   4.778360       4.780340       4.782430       4.749940       4.717660       4.717800       4.717870       4.722220       4.731700       4.727950       4.715930       4.710990       4.687380       4.676240       4.659790       4.649040       4.641350       4.644830       4.668080       4.712370       4.767670       4.825680       4.882380       4.922180       4.969910       5.013540       5.052750       5.087310       5.117060       5.147340    
   4.780380       4.782430       4.750010       4.717660       4.717730       4.717780       4.722400       4.731700       4.729820       4.715390       4.704120       4.697260       4.687470       4.669380       4.661250       4.656120       4.655770       4.666310       4.690440       4.728280       4.775490       4.826860       4.878660       4.928600       4.961070       5.002440       5.039810       5.072900       5.101550       5.125370    
   4.782430       4.750030       4.717660       4.717700       4.717720       4.722400       4.731700       4.730760       4.714970       4.700690       4.697260       4.692360       4.680950       4.669680       4.665490       4.665290       4.671050       4.684690       4.709230       4.743540       4.785250       4.831100       4.878160       4.924240       4.967810       5.007880       5.028800       5.060000       5.086800       5.086750    
   4.750040       4.717660       4.717680       4.717690       4.722380       4.731700       4.731230       4.714730       4.698980       4.697260       4.694810       4.685060       4.669680       4.667590       4.666820       4.667280       4.673680       4.688320       4.732080       4.756480       4.794510       4.836160       4.879200       4.921680       4.962110       4.999440       5.008660       5.032600       5.069870       5.081540    
   4.717660       4.717670       4.717680       4.722360       4.731700       4.731470       4.714610       4.698120       4.697260       4.696040       4.686700       4.669680       4.668630       4.668030       4.667230       4.669260       4.676430       4.724400       4.761470       4.766460       4.802040       4.840650       4.880500       4.895420       4.932720       4.967440       5.004110       5.031750       5.055810       5.076740    
   4.717660       4.717670       4.722350       4.731700       4.731580       4.714540       4.697690       4.697260       4.696650       4.687420       4.669680       4.669160       4.668780       4.667960       4.668170       4.670970       4.720100       4.763960       4.766460       4.784190       4.784060       4.820080       4.857120       4.893790       4.939390       4.968310       4.997140       5.022210       5.043630       5.060660    
   4.717660       4.722350       4.731700       4.731640       4.714510       4.697470       4.697260       4.696950       4.687750       4.669680       4.669420       4.669210       4.668630       4.668300       4.669030       4.717050       4.765210       4.766460       4.783830       4.788140       4.811070       4.826370       4.868820       4.904130       4.932630       4.965350       4.991900       5.014470       5.033250       5.049270    
   4.722340       4.731700       4.731670       4.714500       4.697370       4.697260       4.697110       4.687910       4.669680       4.669550       4.669430       4.669090       4.668710       4.672180       4.704790       4.759900       4.760780       4.776390       4.793530       4.796540       4.792210       4.832630       4.867620       4.901450       4.933200       4.961800       4.986360       5.006250       5.021330       5.027500    
   4.731700       4.731690       4.714490       4.697310       4.697260       4.697180       4.687990       4.669680       4.669610       4.669550       4.669360       4.669080       4.674670       4.682040       4.682740       4.731700       4.753710       4.755090       4.783040       4.795910       4.800860       4.832140       4.866470       4.899890       4.931160       4.959040       4.982480       5.000600       5.007910       5.015000    
   4.731690       4.714480       4.697290       4.697260       4.697220       4.688030       4.669680       4.669650       4.669620       4.669510       4.632420       4.577050       4.646460       4.681330       4.681350       4.682740       4.729570       4.752330       4.755090       4.784630       4.794670       4.828830       4.863510       4.897340       4.929030       4.957210       4.980690       4.993910       5.006110       5.011640    
   4.714480       4.697270       4.697260       4.697240       4.688050       4.669680       4.669660       4.669650       4.669590       4.625130       4.577050       4.577050       4.577050       4.645400       4.679890       4.679960       4.682740       4.728130       4.749570       4.755090       4.787880       4.822700       4.858390       4.893560       4.926600       4.956100       4.976740       4.996490       5.010630       5.019490    
   4.697270       4.697260       4.697250       4.688060       4.669680       4.669670       4.669660       4.586290       4.562330       4.576920       4.577050       4.577050       4.577050       4.577050       4.643310       4.676990       4.677170       4.682740       4.725100       4.744050       4.777360       4.813310       4.850730       4.888080       4.919720       4.951770       4.979090       5.001490       5.019230       5.033430    
   4.697260       4.697260       4.688060       4.669680       4.669680       4.520380       4.296470       4.316350       4.336240       4.496430       4.576660       4.577050       4.577050       4.577050       4.577050       4.639250       4.671050       4.671610       4.682740       4.718530       4.757430       4.798720       4.840180       4.877620       4.916340       4.951080       4.981320       5.006960       5.028820       5.048120    
   4.697260       4.688060       4.669680       4.669680       4.490490       4.296420       4.296420       4.296470       4.316350       4.336240       4.495760       4.575880       4.577050       4.577050       4.577050       4.577050       4.631730       4.658810       4.660470       4.696550       4.735800       4.778770       4.824110       4.870510       4.916130       4.958560       4.996520       5.010720       5.037040       5.060900    
