iMOD/TUTORIALS/TUT_MetaswapAnalyser/model_MetaSWAP/meteo/Precipitation/Precipitation_20060216_L1.ASC
NCOLS                30
NROWS                30
XLLCORNER     160000.00
YLLCORNER     340000.00
CELLSIZE        1000.00
NODATA_VALUE   -9999.00
   10.62750       10.69590       10.76000       10.79510       10.73990       10.47110       9.962600       9.344810       8.741980       8.319770       8.106270       7.960600       7.831580       7.745670       7.653410       7.560970       7.523830       7.454810       7.405010       7.362960       7.325510       7.306330       7.269600       7.223130       7.174200       7.114830       7.042020       6.951770       6.837900       6.691900    
   10.37310       10.38480       10.39450       10.32870       10.17190       9.859900       9.392390       8.816660       8.188570       7.760530       7.650500       7.528920       7.407490       7.301210       7.196130       7.131680       7.057300       6.990040       6.940060       6.911870       6.892400       6.891850       6.876870       6.853120       6.827120       6.791370       6.743500       6.680490       6.611170       6.491970    
   10.09630       10.05490       9.979190       9.860260       9.666960       9.340710       8.909460       8.404450       7.890840       7.520660       7.322020       7.167120       7.017640       6.892390       6.764000       6.674510       6.591750       6.535620       6.504740       6.493450       6.484440       6.503290       6.504620       6.506550       6.500810       6.485210       6.473730       6.430870       6.373560       6.292670    
   9.802380       9.717900       9.596140       9.442260       9.198960       8.879840       8.492290       8.081630       7.660250       7.321110       7.068360       6.860560       6.677650       6.513450       6.359100       6.240470       6.146500       6.091450       6.072730       6.080300       6.102500       6.115570       6.155160       6.192970       6.203780       6.203020       6.189260       6.161540       6.119700       6.059180    
   9.506210       9.389570       9.267290       9.067170       8.813860       8.506260       8.153740       7.785300       7.422090       7.097950       6.843820       6.602410       6.374850       6.171070       5.978500       5.822590       5.720930       5.669400       5.669890       5.702680       5.744880       5.794330       5.851520       5.879110       5.904630       5.916470       5.912840       5.892690       5.849730       5.774240    
   9.217510       9.121040       8.946200       8.732900       8.478080       8.183620       7.877810       7.527000       7.249600       6.922620       6.626360       6.354740       6.097580       5.856790       5.621360       5.429200       5.291690       5.245210       5.274710       5.337740       5.405390       5.474610       5.547240       5.598110       5.634790       5.648280       5.650840       5.632930       5.587320       5.506550    
   8.946220       8.841890       8.654610       8.435220       8.211890       7.928090       7.620810       7.374290       7.044260       6.727150       6.425010       6.137400       5.860730       5.582690       5.307490       5.067950       4.873810       4.845520       4.924560       5.016070       5.107760       5.191930       5.265500       5.337370       5.382670       5.409600       5.416960       5.398670       5.348610       5.269850    
   8.693680       8.572790       8.431190       8.208470       7.958830       7.768350       7.486990       7.173330       6.859320       6.548640       6.245210       5.949860       5.661320       5.362590       5.061260       4.800580       4.545310       4.549390       4.656650       4.761150       4.859990       4.950970       5.031380       5.109550       5.160820       5.194050       5.203370       5.187550       5.128620       5.059680    
   8.515720       8.343290       8.148780       7.981150       7.842810       7.568430       7.300590       6.999050       6.695640       6.391770       6.090770       5.794410       5.503470       5.146810       4.897390       4.662880       4.485370       4.439810       4.489760       4.572160       4.662840       4.752460       4.834900       4.916450       4.973120       5.008330       5.020660       4.989170       4.953090       4.888170    
   8.312370       8.135640       7.940220       7.872030       7.662670       7.396300       7.136180       6.848870       6.555180       6.258940       5.963240       5.670610       5.383630       5.050630       4.787610       4.584300       4.438280       4.372030       4.381280       4.436660       4.514810       4.593080       4.675160       4.747330       4.817820       4.855820       4.851210       4.843880       4.809910       4.748630    
   8.306220       8.129410       7.914050       7.708330       7.469860       7.252060       7.000040       6.722790       6.438710       6.150950       5.862480       5.576280       5.211670       4.924900       4.692140       4.509190       4.374910       4.302620       4.293650       4.334430       4.406220       4.491710       4.577560       4.655680       4.697680       4.741880       4.760590       4.753900       4.720460       4.641030    
   8.300150       8.014500       7.708330       7.435140       7.336230       7.092150       6.853050       6.620390       6.346150       6.067650       5.702890       5.437560       5.084380       4.867800       4.629950       4.450240       4.311100       4.225970       4.203670       4.237970       4.309660       4.397970       4.473860       4.552790       4.616120       4.671690       4.692380       4.687320       4.655410       4.596640    
   8.120510       7.708330       7.412700       7.281190       7.226150       7.002980       6.759810       6.507520       6.129230       5.896940       5.640500       5.277580       5.048150       4.824210       4.585910       4.401130       4.246910       4.142830       4.111120       4.150720       4.230090       4.326350       4.420610       4.503610       4.569500       4.614310       4.648550       4.644600       4.613700       4.555810    
   7.708330       7.400210       7.253670       7.226150       7.050010       6.920890       6.527390       6.298890       6.064240       5.831910       5.589570       5.243060       5.022990       4.805740       4.594500       4.374170       4.198170       4.056290       4.015960       4.086080       4.193740       4.303630       4.401150       4.486950       4.554170       4.599780       4.633540       4.630470       4.600680       4.543930    
   7.393650       7.239910       7.226150       7.065680       6.920890       6.640830       6.474220       6.255650       6.031710       5.803910       5.423740       5.219070       5.013330       4.808300       4.605550       4.390190       4.200910       4.013900       3.951270       4.084660       4.208520       4.324380       4.427060       4.513460       4.580740       4.626460       4.648590       4.657620       4.629000       4.582030    
   7.233030       7.226150       7.070910       6.920890       6.678650       6.474220       6.364930       6.253860       5.925840       5.612100       5.423420       5.232250       5.040150       4.848700       4.659160       4.474830       4.288560       4.146230       4.106180       4.187000       4.298360       4.401000       4.499190       4.582870       4.648690       4.693970       4.716570       4.714890       4.699070       4.646100    
   7.226150       7.072650       6.920890       6.691250       6.474220       6.419580       6.364340       6.039180       5.612100       5.517760       5.377940       5.266500       5.089280       4.916570       4.762800       4.598660       4.436520       4.340290       4.311600       4.353400       4.433800       4.525600       4.614600       4.682360       4.743860       4.786940       4.809100       4.808540       4.784160       4.758360    
   7.073230       6.920890       6.695450       6.474220       6.446900       6.419380       6.108800       5.612100       5.564930       5.434850       5.310980       5.355450       5.192640       5.029010       4.878280       4.740830       4.608150       4.539930       4.518740       4.544450       4.602820       4.676660       4.752930       4.822940       4.870050       4.910520       4.932200       4.933090       4.911980       4.880530    
   6.920890       6.696850       6.474220       6.460560       6.446830       6.146790       5.612100       5.588520       5.460110       5.333210       5.355450       5.274040       5.178590       5.137270       5.009390       4.896550       4.805410       4.738240       4.724360       4.744310       4.790230       4.851160       4.916880       4.979300       5.032360       5.071610       5.082850       5.085590       5.079830       5.056160    
   6.697320       6.474220       6.467390       6.460540       6.166570       5.612100       5.600310       5.472100       5.344330       5.355450       5.314750       5.236340       5.137270       5.073330       5.014400       4.903780       4.813400       4.756000       4.860830       4.947170       4.987570       5.041060       5.099800       5.156820       5.206410       5.244180       5.284820       5.308830       5.367990       5.301010    
   6.474220       6.470800       6.467380       6.176650       5.612100       5.606200       5.477970       5.349890       5.355450       5.335100       5.260950       5.137270       5.105300       5.075000       4.997170       4.910530       4.824400       4.925790       5.048630       5.150090       5.189960       5.240760       5.296270       5.366560       5.415060       5.452860       5.576180       5.582770       5.564960       5.520470    
   6.472510       6.470800       6.181730       5.612100       5.609150       5.480880       5.352670       5.355450       5.345270       5.272190       5.137270       5.121280       5.105860       5.059160       4.994230       4.910700       4.982030       5.099360       5.150090       5.249380       5.408100       5.460450       5.516670       5.571450       5.702090       5.736620       5.769980       5.782160       5.770580       5.738880    
   6.472510       6.184290       5.612100       5.610630       5.482330       5.354060       5.355450       5.350360       5.277550       5.137270       5.129280       5.121470       5.095430       5.053080       4.988030       5.131200       5.124730       5.150090       5.459690       5.576090       5.628070       5.640860       5.762080       5.834150       5.893160       5.949930       5.985820       6.001620       5.995300       5.963540    
   6.185570       5.612100       5.611360       5.483050       5.354760       5.355450       5.352910       5.280160       5.137270       5.133270       5.129340       5.115390       5.090000       5.312260       5.490130       5.641310       5.644330       5.712210       5.794660       5.863200       5.744080       5.886860       5.949990       6.036570       6.109700       6.166050       6.203740       6.222060       6.220570       6.218080    
   5.612100       5.611730       5.483410       5.355100       5.355450       5.354180       5.281450       5.137270       5.135270       5.133290       5.126000       5.111580       5.549500       6.114330       6.112510       6.014610       6.154880       6.138570       6.018020       5.944680       5.982320       6.032530       6.154050       6.247840       6.325130       6.382620       6.419270       6.436070       6.453670       6.433670    
   5.611920       5.483590       5.355280       5.355450       5.354810       5.282090       5.137270       5.136270       5.135280       5.131520       5.413770       5.849000       6.026860       6.115520       6.116150       6.112510       6.146720       6.171190       6.138570       6.125640       6.107640       6.225590       6.336810       6.458010       6.539510       6.595740       6.626500       6.649130       6.638540       6.611660    
   5.483680       5.355360       5.355450       5.355130       5.282410       5.137270       5.136770       5.136270       5.134360       5.475720       5.849000       5.849000       5.849000       6.028570       6.117910       6.119790       6.112510       6.164620       6.203810       6.138570       6.274040       6.409540       6.537110       6.646810       6.751160       6.802790       6.829790       6.822540       6.790490       6.737210    
   5.355410       5.355450       5.355290       5.282560       5.137270       5.137020       5.136770       5.155270       5.407570       5.848790       5.849000       5.849000       5.849000       5.849000       6.031230       6.121420       6.127070       6.112510       6.203600       6.269060       6.423150       6.579280       6.727960       6.854820       6.937400       7.003760       7.006790       6.972430       6.909680       6.821300    
   5.355450       5.355370       5.282640       5.137270       5.137150       5.031190       4.872590       5.043130       5.213670       5.636630       5.848360       5.849000       5.849000       5.849000       5.849000       6.034720       6.124690       6.141620       6.112510       6.294240       6.485300       6.680800       6.836170       7.036590       7.148940       7.182760       7.164890       7.095710       6.998830       6.876810    
   5.355410       5.282680       5.137270       5.137210       5.009920       4.872300       4.872300       4.872590       5.043130       5.213670       5.635500       5.847080       5.849000       5.849000       5.849000       5.849000       6.038140       6.119950       6.170730       6.366880       6.499860       6.740100       6.981800       7.207100       7.356410       7.365090       7.295940       7.181350       7.057210       6.907780    
