iMOD/TUTORIALS/TUT_MetaswapAnalyser/model_MetaSWAP/meteo/Precipitation/Precipitation_20060804_L1.ASC
NCOLS                30
NROWS                30
XLLCORNER     160000.00
YLLCORNER     340000.00
CELLSIZE        1000.00
NODATA_VALUE   -9999.00
   12.79710       13.18000       13.46550       13.56510       13.27740       12.18410       10.31400       8.214360       6.404120       5.590160       5.790430       6.254360       6.728320       7.122010       7.410600       7.582690       7.459320       7.312400       7.012580       6.590390       6.075500       5.452480       4.844450       4.235020       3.636950       3.070020       2.546740       2.078620       1.679250       1.372970    
   12.14430       12.35570       12.40860       12.22410       11.65800       10.53050       8.908430       7.019670       5.099600       4.328040       5.098660       5.796680       6.405220       6.914670       7.286030       7.397280       7.440180       7.251650       6.971110       6.551260       6.034360       5.413790       4.801920       4.186910       3.582730       3.006350       2.468180       1.977240       1.603500       1.248190    
   11.45090       11.52940       11.43300       11.11620       10.46880       9.434660       8.089570       6.600580       5.277730       4.763450       5.146960       5.757820       6.373280       6.901170       7.284190       7.444700       7.503090       7.375090       7.074290       6.633400       6.102770       5.464050       4.837130       4.204220       3.586280       2.995480       2.520630       1.982530       1.497960       1.064100    
   10.81600       10.80270       10.62390       10.25470       9.618890       8.745870       7.703680       6.664940       5.822870       5.459500       5.605600       6.040440       6.575330       7.071290       7.485400       7.693510       7.759480       7.615200       7.276140       6.788360       6.204710       5.581840       4.890850       4.361440       3.714840       3.096650       2.514060       1.971440       1.478010       1.022750    
   10.26440       10.19780       10.00330       9.625170       9.075950       8.378940       7.601050       6.878150       6.318360       6.069820       6.207690       6.524530       6.969250       7.444380       7.817330       8.079790       8.240590       8.071120       7.668640       7.109270       6.481750       5.798720       5.065970       4.391890       3.740700       3.125040       2.551660       2.037900       1.567910       1.186500    
   9.801620       9.714740       9.506400       9.174140       8.724690       8.187030       7.636910       7.122700       6.832040       6.685080       6.736560       6.983730       7.363900       7.810920       8.282850       8.614210       8.732030       8.498470       7.968750       7.297890       6.593280       5.865890       5.112340       4.426230       3.777340       3.174540       2.619690       2.134040       1.704440       1.367330    
   9.420090       9.313480       9.127590       8.850980       8.527070       8.115090       7.697800       7.476000       7.250220       7.133900       7.188270       7.398740       7.732030       8.149030       8.673170       9.084690       9.334960       8.980690       8.238600       7.454270       6.668210       5.908180       5.182370       4.457870       3.818260       3.229670       2.712660       2.239920       1.840950       1.524830    
   8.757160       9.050220       8.877600       8.649640       8.370020       8.179390       7.953420       7.739370       7.554290       7.484680       7.543130       7.724710       8.011790       8.381360       8.909140       9.326310       9.747260       9.214410       8.328010       7.476720       6.668000       5.902960       5.183010       4.471540       3.849090       3.299700       2.786810       2.337670       1.939120       1.640380    
   8.526360       8.790890       8.657210       8.466740       8.405870       8.165650       8.036110       7.908470       7.781720       7.741030       7.795810       7.943870       8.173080       8.659240       8.920760       9.166720       9.236040       8.843080       8.128770       7.344570       6.573640       5.837890       5.144770       4.459050       3.882270       3.335590       2.845750       2.390650       2.032410       1.737380    
   8.301260       8.578950       8.472690       8.506190       8.334900       8.154380       8.168440       8.028860       7.938630       7.911120       7.952120       8.058700       8.218890       8.642860       8.762830       8.820650       8.705610       8.342670       7.763230       7.085250       6.387620       5.715130       5.066500       4.457070       3.871260       3.351870       2.854100       2.448780       2.099490       1.805770    
   8.410710       8.450970       8.491410       8.407800       8.273240       8.316420       8.209410       8.104120       8.033930       8.007090       8.025960       8.085690       8.519410       8.464260       8.451930       8.392670       8.206510       7.855740       7.363830       6.788150       6.179990       5.570930       4.978610       4.433170       3.863140       3.348550       2.905750       2.510980       2.165240       1.848500    
   8.399920       8.440220       8.407800       8.316810       8.218590       8.303120       8.225460       8.140380       8.078390       8.043590       7.945020       7.969650       8.347590       8.254720       8.166200       8.006240       7.747380       7.388370       6.941380       6.441660       5.914700       5.378210       4.829540       4.312400       3.820730       3.322280       2.900200       2.519150       2.180300       1.883120    
   8.403390       8.407800       8.346330       8.293100       8.367610       8.306100       8.221650       8.145400       7.942040       7.917200       7.894500       8.286070       8.178490       8.050520       7.879860       7.641750       7.323940       6.936250       6.521310       6.083600       5.634360       5.167230       4.692360       4.221700       3.765850       3.333230       2.891040       2.521920       2.188540       1.890620    
   8.407800       8.363020       8.330350       8.367610       8.316280       8.275140       8.013440       7.955010       7.901510       7.875110       7.824050       8.191800       8.034220       7.847910       7.614320       7.316380       6.931240       6.504950       6.099100       5.754490       5.384940       4.983000       4.552930       4.122500       3.697930       3.288900       2.867040       2.508920       2.181190       1.883870    
   8.371850       8.348980       8.367610       8.319680       8.275140       8.037160       7.822890       7.775340       7.727130       7.676430       8.180770       8.014100       7.829280       7.612620       7.349000       7.033410       6.631990       6.153020       5.740150       5.485690       5.184230       4.828680       4.444010       4.045420       3.645740       3.255320       2.881990       2.497800       2.174490       1.859820    
   8.358300       8.367610       8.320810       8.275140       8.045060       7.822890       7.799120       7.775120       7.865200       8.281910       8.104530       7.915040       7.704220       7.461440       7.193600       6.854630       6.443800       6.015350       5.635990       5.332690       5.016220       4.703010       4.337410       3.957180       3.573500       3.196200       2.833220       2.490420       2.142920       1.852140    
   8.367610       8.321190       8.275140       8.047700       7.822890       7.811000       7.799040       7.930340       8.281910       8.193220       7.983100       7.823370       7.620950       7.366940       7.046030       6.716230       6.352540       5.973800       5.614780       5.283790       4.954200       4.608530       4.245630       3.912800       3.538500       3.168660       2.811110       2.472220       2.156550       1.878430    
   8.321310       8.275140       8.048580       7.822890       7.816950       7.810980       7.955570       8.281910       8.237570       8.011180       7.807010       7.790660       7.557150       7.245260       6.959310       6.643700       6.306740       5.957470       5.611830       5.273690       4.934360       4.584900       4.223060       3.852280       3.517510       3.149420       2.792590       2.454020       2.139400       1.885890    
   8.275140       8.048870       7.822890       7.819920       7.816940       7.966350       8.281910       8.259740       8.024030       7.798840       7.790660       7.673900       7.442740       7.177880       6.901240       6.601360       6.282340       5.957170       5.622930       5.285650       4.942340       4.589120       4.224960       3.852460       3.476990       3.105610       2.778730       2.436040       2.153890       1.888610    
   8.048970       7.822890       7.821400       7.819920       7.971280       8.281910       8.270820       8.030220       7.794750       7.790660       7.732280       7.521300       7.177880       7.039560       6.893490       6.594980       6.280290       5.954150       5.507490       5.314230       4.971130       4.615900       4.248590       3.871710       3.490230       3.111010       2.768130       2.472710       2.152380       1.861190    
   7.822890       7.822150       7.821400       7.973630       8.281910       8.276370       8.033260       7.792700       7.790660       7.761470       7.555530       7.177880       7.108720       7.036980       6.842680       6.589590       6.276470       5.687040       5.335840       5.357450       5.017830       4.662830       4.292920       3.945550       3.551850       3.157420       2.839910       2.465430       2.116320       1.804650    
   7.822520       7.822150       7.974770       8.281910       8.279140       8.034780       7.791680       7.790660       7.776070       7.571390       7.177880       7.143300       7.107860       6.996130       6.823080       6.569580       5.851440       5.346650       5.357450       5.169390       5.132890       4.774360       4.398020       4.005640       3.627830       3.259770       2.851670       2.454090       2.080940       1.745770    
   7.822520       7.975340       8.281910       8.280520       8.035530       7.791170       7.790660       7.783360       7.579000       7.177880       7.160590       7.143010       7.082430       6.975690       6.796260       6.036250       5.352050       5.357450       5.286490       5.220290       5.019950       4.857310       4.535500       4.133160       3.731070       3.306790       2.876610       2.451310       2.046160       1.680160    
   7.975620       8.281910       8.281220       8.035910       7.790920       7.790660       7.787010       7.582730       7.177880       7.169240       7.160490       7.128680       7.067040       6.726120       6.214170       5.586730       5.585120       5.473450       5.349660       5.398830       5.307700       5.027480       4.617080       4.236890       3.824530       3.386660       2.933200       2.476670       2.031950       1.604320    
   8.281910       8.281560       8.036100       7.790790       7.790660       7.788840       7.584570       7.177880       7.173560       7.169200       7.152800       7.118740       6.604460       6.050080       6.050090       5.839980       5.823030       5.812790       5.560850       5.429860       5.489960       5.085760       4.747290       4.372090       3.956190       3.505750       3.031100       2.545140       2.047030       1.583950    
   8.281740       8.036190       7.790720       7.790660       7.789750       7.585490       7.177880       7.175720       7.173550       7.165190       6.718060       6.074770       6.058560       6.050410       6.050070       6.050090       5.901660       5.833270       5.812790       5.601930       5.491930       5.223480       4.910620       4.542690       4.129210       3.670800       3.179830       2.657870       2.151000       1.656240    
   8.036240       7.790690       7.790660       7.790200       7.585940       7.177880       7.176800       7.175710       7.171480       6.641270       6.074770       6.074770       6.074770       6.059000       6.051060       6.050040       6.050090       5.910510       5.853740       5.812790       5.613060       5.377050       5.094340       4.754210       4.346400       3.884820       3.370490       2.849880       2.335650       1.847970    
   7.790680       7.790660       7.790430       7.586170       7.177880       7.177340       7.176800       6.714400       6.370460       6.074300       6.074770       6.074770       6.074770       6.074770       6.060090       6.053050       6.049990       6.050090       5.925410       5.894700       5.731720       5.537620       5.298440       4.995220       4.610320       4.138780       3.621340       3.092070       2.581340       2.115680    
   7.790660       7.790550       7.586290       7.177880       7.177610       6.383520       5.192920       5.263250       5.333600       5.826420       6.073350       6.074770       6.074770       6.074770       6.074770       6.062480       6.059080       6.049900       6.050090       5.944050       5.823970       5.682400       5.532000       5.277500       4.914380       4.437970       3.899160       3.358950       2.852860       2.405100    
   7.790600       7.586340       7.177880       7.177740       6.224750       5.192640       5.192640       5.192920       5.263230       5.333600       5.823980       6.070500       6.074770       6.074770       6.074770       6.074770       6.066060       6.077240       6.049710       5.970930       5.957770       5.843960       5.717350       5.551210       5.254090       4.748110       4.172450       3.616190       3.115220       2.681100    
