iMOD/TUTORIALS/TUT_MetaswapAnalyser/model_MetaSWAP/meteo/Precipitation/Precipitation_20060820_L1.ASC
NCOLS                30
NROWS                30
XLLCORNER     160000.00
YLLCORNER     340000.00
CELLSIZE        1000.00
NODATA_VALUE   -9999.00
   2.901550       2.750190       2.592050       2.450980       2.386030       2.513350       2.873780       3.361310       3.873940       4.310410       4.630750       4.881400       5.073480       5.220400       5.328530       5.440580       5.412710       5.428180       5.412180       5.363550       5.278560       5.137890       4.971420       4.792990       4.547220       4.273480       3.983520       3.696330       3.443530       3.275170    
   3.113220       3.011070       2.920360       2.864800       2.888420       3.052740       3.370140       3.801660       4.293380       4.704420       4.943670       5.141540       5.299300       5.442150       5.525240       5.514950       5.539820       5.578000       5.564180       5.520270       5.438900       5.297240       5.121800       4.924170       4.649770       4.335290       3.989970       3.628970       3.288690       3.022920    
   3.379200       3.327730       3.296070       3.298290       3.387590       3.574190       3.868060       4.246260       4.659430       5.009680       5.251710       5.428380       5.575050       5.662300       5.727630       5.713410       5.724470       5.728390       5.721190       5.690420       5.622270       5.487980       5.341550       5.102850       4.808790       4.464480       4.085020       3.660190       3.214040       2.786220    
   3.684670       3.680360       3.700840       3.747070       3.872440       4.073720       4.350710       4.687240       5.034450       5.344160       5.576600       5.743730       5.851200       5.917640       5.943200       5.913710       5.905240       5.911380       5.924830       5.921640       5.876290       5.807600       5.615790       5.383360       5.076410       4.713250       4.301860       3.850520       3.369250       2.876670    
   4.018640       4.056260       4.093350       4.197340       4.352370       4.564890       4.831140       5.148160       5.453110       5.728420       5.878800       6.057940       6.170620       6.213520       6.200360       6.145910       6.112650       6.131060       6.187820       6.233340       6.268430       6.184140       5.998560       5.755030       5.442740       5.074620       4.664420       4.230680       3.800550       3.449740    
   4.372780       4.406790       4.509200       4.646820       4.826640       5.050930       5.330260       5.622830       5.723030       6.024600       6.268020       6.447860       6.556600       6.580300       6.550520       6.426510       6.339980       6.387570       6.528620       6.648900       6.726400       6.664620       6.485000       6.237550       5.921190       5.555250       5.159140       4.761270       4.398760       4.137240    
   4.676460       4.792470       4.927800       5.094930       5.320330       5.559180       5.827740       5.842420       6.168330       6.462710       6.717280       6.912400       7.030410       7.060650       7.025500       6.811040       6.594810       6.719300       7.018330       7.259620       7.338410       7.284630       7.116090       6.835370       6.507900       6.139400       5.757650       5.389180       5.072960       4.851730    
   5.014000       5.207660       5.377540       5.572230       5.798390       5.692580       5.965910       6.302210       6.629560       6.944670       7.228460       7.461040       7.621650       7.694680       7.718460       7.487130       7.115500       7.379040       7.819300       8.069010       8.142550       8.062350       7.858730       7.542700       7.188620       6.808010       6.425510       6.071960       5.777860       5.569790    
   5.429710       5.607510       5.800190       6.025820       5.806930       6.107260       6.396420       6.757280       7.112050       7.463500       7.795890       8.091640       8.331370       8.657680       8.676050       8.603860       8.537620       8.700760       8.988690       9.159190       9.158750       9.002210       8.725400       8.344740       7.943930       7.529490       7.131560       6.776310       6.483950       6.273890    
   5.813390       6.005530       6.223730       5.885610       6.185680       6.510040       6.838750       7.212990       7.605200       8.006000       8.404110       8.786540       9.138750       9.637250       9.842650       9.990850       10.10620       10.30430       10.47320       10.50890       10.37220       10.08660       9.692610       9.238540       8.739090       8.273160       7.844120       7.469430       7.166250       6.945300    
   5.828330       6.014220       6.084090       6.221490       6.536970       6.907960       7.250010       7.658200       8.094010       8.552500       9.027690       9.512690       10.29470       10.54870       10.91330       11.36120       11.76450       12.07330       12.21020       12.11860       11.81090       11.34830       10.79930       10.22270       9.654900       9.090420       8.610380       8.201060       7.872260       7.562070    
   5.838240       6.037030       6.221490       6.703990       6.871510       7.258510       7.628780       8.079330       8.560030       9.078180       9.379480       9.998280       10.94660       11.43750       12.16520       12.87760       13.53060       13.99080       14.10750       13.83570       13.27650       12.57050       11.82700       11.09430       10.41180       9.765000       9.231330       8.786180       8.433360       8.173410    
   5.944410       6.221490       6.785050       7.028740       7.185970       7.548580       7.978760       8.453580       8.630170       9.229970       9.882440       10.73810       11.50830       12.36250       13.32410       14.32660       15.31130       16.04760       16.17510       15.62640       14.71860       13.71570       12.74480       11.85340       11.05920       10.36860       9.747190       9.265910       8.888950       8.613410    
   6.221490       6.824970       7.107360       7.185970       7.522640       7.833380       7.853700       8.366090       8.936860       9.528160       10.24270       11.23210       12.10550       13.09870       14.23050       15.52740       16.91410       18.17170       18.38470       17.29850       15.92400       14.61870       13.45560       12.43150       11.54600       10.79170       10.12870       9.616400       9.217990       8.928400    
   6.844770       7.146660       7.185970       7.514000       7.833380       7.891080       7.986150       8.515760       9.108420       9.772790       10.73580       11.55200       12.48280       13.54990       14.77960       16.22640       17.86450       19.75850       20.25570       18.30370       16.59600       15.12120       13.84650       12.74930       11.81170       11.01940       10.36140       9.796280       9.381990       9.083830    
   7.166320       7.185970       7.511120       7.833380       7.903540       7.986150       8.250960       8.536780       9.388570       10.15730       10.88080       11.70030       12.63070       13.68810       14.88780       16.23550       17.70540       19.04260       19.24480       18.02380       16.53410       15.12150       13.87250       12.78180       11.84200       11.04360       10.37750       9.835670       9.380530       9.068960    
   7.185970       7.510160       7.833380       7.907690       7.986150       8.118550       8.257960       9.083400       10.15730       10.51910       11.16550       11.66490       12.54410       13.52010       14.56820       15.69950       16.80240       17.57520       17.64500       16.94420       15.85260       14.68010       13.56170       12.52960       11.63230       10.85730       10.20220       9.662960       9.234880       8.856180    
   7.509840       7.833380       7.909070       7.986150       8.052350       8.120890       8.904300       10.15730       10.33820       10.96220       11.54470       11.42440       12.21940       13.08000       13.97550       14.85710       15.63550       16.10000       16.10880       15.64060       14.84750       13.91220       12.95860       12.05350       11.21340       10.48350       9.854580       9.327610       8.901280       8.545370    
   7.833380       7.909530       7.986150       8.019250       8.053130       8.808710       10.15730       10.24770       10.87330       11.48450       11.42440       11.82190       12.30470       12.49500       13.21070       13.87310       14.40150       14.69900       14.66730       14.31460       13.71340       12.96840       12.17070       11.38250       10.64140       9.968650       9.360790       8.852550       8.406280       8.087870    
   7.909690       7.986150       8.002700       8.019510       8.759600       10.15730       10.20250       10.83140       11.45450       11.42440       11.62310       12.01150       12.49500       12.85280       13.19290       13.82840       14.32450       14.58930       13.70450       13.03040       12.55070       11.94510       11.27630       10.59460       9.935250       9.320970       8.791730       8.273980       7.859350       7.512480    
   7.986150       7.994430       8.002790       8.734780       10.15730       10.17990       10.81100       11.43940       11.42440       11.52380       11.88850       12.49500       12.67390       12.84690       13.29140       13.78200       14.24740       13.37000       12.42070       11.81110       11.40910       10.90250       10.33420       9.767110       9.180810       8.621210       8.078130       7.610510       7.205110       6.870040    
   7.990290       7.994450       8.722320       10.15730       10.16860       10.80090       11.43190       11.42440       11.47410       11.83290       12.49500       12.58450       12.67200       12.93740       13.30680       13.77360       13.06530       12.11590       11.81110       11.18580       10.33720       9.900100       9.408110       8.889030       8.359390       7.849240       7.360320       6.910530       6.509390       6.165900    
   7.990300       8.716090       10.15730       10.16300       10.79590       11.42820       11.42440       11.44920       11.80660       12.49500       12.53970       12.58380       12.73130       12.97200       13.33930       12.22260       11.96350       11.81110       10.06500       9.350150       9.103470       8.923120       8.491330       8.027030       7.557370       7.086760       6.630220       6.198380       5.799540       5.447900    
   8.712980       10.15730       10.16010       10.79340       11.42630       11.42440       11.43680       11.79380       12.49500       12.51740       12.53950       12.61830       12.76240       11.01550       9.839690       9.024860       9.003840       8.674400       8.255470       7.913070       8.363110       7.993830       7.634030       7.205090       6.770840       6.340120       5.918150       5.507860       5.112860       4.736440    
   10.15730       10.15870       10.79210       11.42530       11.42440       11.43060       11.78750       12.49500       12.50620       12.51730       12.55840       12.64010       9.276190       5.001250       5.019300       6.460060       6.107240       6.196580       7.043790       7.503180       7.463040       7.182160       6.793030       6.406530       6.017520       5.631580       5.250060       4.871080       4.485460       4.105760    
   10.15800       10.79150       11.42490       11.42440       11.42750       11.78440       12.49500       12.50060       12.50620       12.52730       9.032610       3.723670       4.560800       4.983560       4.983190       5.019300       5.709870       6.017890       6.196580       6.562340       6.683400       6.359050       6.018370       5.654830       5.309680       4.972170       4.640400       4.303980       3.965330       3.613410    
   10.79120       11.42460       11.42440       11.42600       11.78280       12.49500       12.49780       12.50060       12.51130       8.302680       3.723670       3.723670       3.723670       4.534730       4.948190       4.947080       5.019300       5.605710       5.839210       6.196580       5.906330       5.596660       5.278550       4.964120       4.649130       4.364420       4.089850       3.821390       3.550420       3.277060    
   11.42450       11.42440       11.42520       11.78200       12.49500       12.49640       12.49780       9.948310       7.093640       3.722700       3.723670       3.723670       3.723670       3.723670       4.483880       4.878200       4.874860       5.019300       5.367750       5.481840       5.195940       4.895900       4.593070       4.303030       4.043120       3.803760       3.599600       3.406580       3.217030       3.036630    
   11.42440       11.42480       11.78170       12.49500       12.49570       8.466960       2.422970       2.353230       2.283520       3.240990       3.720760       3.723670       3.723670       3.723670       3.723670       4.386560       4.740420       4.730430       5.019300       4.773300       4.507480       4.227270       3.950110       3.690760       3.458450       3.291460       3.159280       3.046280       2.936910       2.837920    
   11.42460       11.78150       12.49500       12.49530       7.660450       2.422630       2.422630       2.422970       2.353210       2.283520       3.236010       3.714940       3.723670       3.723670       3.723670       3.723670       4.207270       4.471540       4.441560       4.198540       3.955690       3.676880       3.389630       3.110190       2.898920       2.815340       2.780930       2.736610       2.694570       2.659650    
