iMOD/TUTORIALS/TUT_MetaswapAnalyser/model_MetaSWAP/meteo/Precipitation/Precipitation_20061102_L1.ASC
NCOLS                30
NROWS                30
XLLCORNER     160000.00
YLLCORNER     340000.00
CELLSIZE        1000.00
NODATA_VALUE   -9999.00
  0.5663500      0.5916000      0.6161200      0.6361600      0.6443900      0.6230100      0.5694800      0.4991000      0.4298300      0.3933500      0.3963500      0.4080100      0.4194700      0.4274100      0.4319400      0.4418200      0.4527600      0.4476600      0.4463900      0.4444300      0.4416700      0.4247400      0.4187200      0.4031200      0.3957300      0.3873100      0.3782000      0.3690400      0.3611600      0.3533500    
  0.5541600      0.5698600      0.5823000      0.5871900      0.5797300      0.5502100      0.4987700      0.4302400      0.3509300      0.3128000      0.3393400      0.3596300      0.3737600      0.3888900      0.3958400      0.4082300      0.4116300      0.4106300      0.4076300      0.4086400      0.4089900      0.3969400      0.3939100      0.3817700      0.3765500      0.3697700      0.3615500      0.3522600      0.3428400      0.3335600    
  0.5402100      0.5476200      0.5503700      0.5469700      0.5297300      0.4978500      0.4512400      0.3939800      0.3364900      0.3084800      0.3161200      0.3294800      0.3439500      0.3529800      0.3574500      0.3665400      0.3701800      0.3740900      0.3785400      0.3831500      0.3819900      0.3743400      0.3663600      0.3651700      0.3620800      0.3569900      0.3496800      0.3404300      0.3261600      0.3160600    
  0.5262800      0.5272000      0.5232600      0.5137100      0.4932200      0.4626100      0.4230500      0.3790400      0.3387000      0.3165200      0.3108300      0.3145300      0.3204600      0.3242900      0.3262400      0.3312300      0.3342000      0.3390800      0.3459300      0.3537400      0.3612100      0.3547300      0.3492500      0.3505800      0.3499300      0.3470800      0.3419300      0.3344000      0.3218700      0.3114500    
  0.5136600      0.5098600      0.5029600      0.4885800      0.4674500      0.4395900      0.4066400      0.3749800      0.3435000      0.3215100      0.3104300      0.3068900      0.3049800      0.3030900      0.2993600      0.2985800      0.3007800      0.3065100      0.3164600      0.3282300      0.3312800      0.3407900      0.3369100      0.3384100      0.3404400      0.3403500      0.3382300      0.3306500      0.3269700      0.3250500    
  0.5030300      0.4969200      0.4858500      0.4701700      0.4496100      0.4246400      0.4024500      0.3717800      0.3381400      0.3235500      0.3097900      0.3003200      0.2926500      0.2855600      0.2756300      0.2688100      0.2659900      0.2725800      0.2869100      0.3032900      0.3114600      0.3240200      0.3238300      0.3306200      0.3353000      0.3361200      0.3375700      0.3345100      0.3362900      0.3405900    
  0.4939500      0.4855500      0.4730400      0.4569800      0.4463900      0.4223200      0.3967100      0.3589200      0.3434100      0.3244600      0.3090700      0.2962800      0.2845200      0.2722400      0.2556200       0.000000       0.000000       0.000000      0.2618900      0.2778700      0.2954700      0.3104300      0.3228500      0.3221900      0.3294100      0.3351700      0.3356300      0.3408600      0.3460100      0.3546300    
  0.4816300      0.4894000      0.4756500      0.4581300      0.4380900      0.4076100      0.3767700      0.3634600      0.3430600      0.3247200      0.3084900      0.2937900      0.2795800      0.2647100       0.000000       0.000000       0.000000       0.000000       0.000000      0.2652800      0.2839200      0.3000400      0.3139300      0.3153300      0.3246800      0.3284400      0.3368300      0.3456000      0.3586000      0.3696600    
  0.4907700      0.4825700      0.4676600      0.4515100      0.4211700      0.4020000      0.3720900      0.3616500      0.3426000      0.3248000      0.3082900      0.2927400      0.2775400       0.000000       0.000000       0.000000       0.000000       0.000000       0.000000      0.2590500      0.2763700      0.2922900      0.3067700      0.3094300      0.3157600      0.3264400      0.3373200      0.3525800      0.3648800      0.3791100    
  0.4862600      0.4777300      0.4628300      0.4312400      0.4156700      0.3978100      0.3787400      0.3602300      0.3422000      0.3249400      0.3085200      0.2928100      0.2775800       0.000000       0.000000       0.000000       0.000000       0.000000       0.000000      0.2553500      0.2699000      0.2860800      0.3004900      0.3143500      0.3114000      0.3235400      0.3400400      0.3534600      0.3684600      0.3854800    
  0.4872570      0.4756070      0.4495150      0.4262600      0.4102300      0.4084700      0.3766600      0.3591600      0.3419400      0.3252000      0.3090600      0.2935200      0.2623600      0.2555300       0.000000       0.000000       0.000000       0.000000       0.000000       0.000000      0.2636200      0.2766900      0.2901500      0.3000400      0.3173800      0.3209600      0.3347400      0.3499500      0.3671000      0.3881800    
  0.4867010      0.4596600      0.4262600      0.4160350      0.4070600      0.4058300      0.3740800      0.3584100      0.3418200      0.3255600      0.3146600      0.2986300      0.2668500      0.2673000      0.2547000       0.000000       0.000000       0.000000       0.000000       0.000000      0.2575700      0.2699100      0.2825600      0.2960900      0.3100500      0.3117100      0.3261000      0.3422600      0.3607800      0.3821300    
  0.4674630      0.4262600      0.4191780      0.4138250      0.4205900      0.3889500      0.3730000      0.3569200      0.3477600      0.3323700      0.3160400      0.2980100      0.2828200      0.2685100      0.2553900       0.000000       0.000000       0.000000       0.000000       0.000000       0.000000      0.2613000      0.2741100      0.2873000      0.3009900      0.3155400      0.3170900      0.3335800      0.3527800      0.3753400    
  0.4262600      0.4208090      0.4172080      0.4205900      0.3990930      0.3877400      0.3814000      0.3650700      0.3487100      0.3245000      0.3095100      0.2993800      0.2840100      0.2692200      0.2551300       0.000000       0.000000       0.000000       0.000000       0.000000       0.000000       0.000000      0.2703800      0.2839100      0.2976800      0.3121300      0.3143800      0.3307400      0.3498800      0.3726100    
  0.4216390      0.4188990      0.4205900      0.4024740      0.3877400      0.3849430      0.3856900      0.3694400      0.3530700      0.3366800      0.3239300      0.3069100      0.2902500      0.2739500      0.2579900       0.000000       0.000000       0.000000       0.000000       0.000000       0.000000       0.000000      0.2582300      0.2700600      0.2821000      0.2948300      0.3088500      0.3113700      0.3293100      0.3505800    
  0.4197440      0.4205900      0.4036010      0.3877400      0.3861240      0.3856900      0.3775650      0.3694000      0.3504450      0.3425900      0.3254700      0.3085600      0.2918800      0.2754300       0.000000       0.000000       0.000000       0.000000       0.000000       0.000000       0.000000       0.000000       0.000000      0.2587200      0.2684300      0.2787300      0.2902100      0.3035500      0.3064900      0.3257900    
  0.4205900      0.4039770      0.3877400      0.3865180      0.3856900      0.3816280      0.3775520      0.3600000      0.3425900      0.3340300      0.3188220      0.3105700      0.2827600      0.2664400      0.2755500      0.2571100       0.000000       0.000000       0.000000       0.000000       0.000000       0.000000       0.000000       0.000000       0.000000      0.2611400      0.2693700      0.2792300      0.2915000      0.2976200    
  0.4041020      0.3877400      0.3866490      0.3856900      0.3836590      0.3816230      0.3654420      0.3425900      0.3383100      0.3222210      0.3087450      0.3069200      0.2885700      0.3003200      0.2813400      0.2637100       0.000000       0.000000       0.000000       0.000000       0.000000       0.000000       0.000000       0.000000       0.000000       0.000000       0.000000       0.000000      0.2602000      0.2728100    
  0.3877400      0.3866930      0.3856900      0.3846740      0.3836570      0.3683290      0.3425900      0.3404500      0.3235750      0.3078320      0.3069200      0.2977450      0.3004700      0.3060700      0.2875000      0.2704100      0.2554000       0.000000       0.000000       0.000000       0.000000       0.000000       0.000000       0.000000       0.000000       0.000000       0.000000       0.000000       0.000000       0.000000    
  0.3867080      0.3856900      0.3851820      0.3846740      0.3698130      0.3425900      0.3415200      0.3241820      0.3073760      0.3069200      0.3023320      0.3028010      0.3060700      0.2967850      0.2879930      0.2711030      0.1752700      0.8513330E-01   0.000000       0.000000       0.000000       0.000000       0.000000       0.000000       0.000000       0.000000       0.000000       0.000000       0.000000       0.000000    
  0.3856900      0.3854360      0.3851820      0.3705650      0.3425900      0.3420550      0.3244720      0.3071480      0.3069200      0.3046260      0.3045310      0.3060700      0.3014270      0.2969490      0.2852940      0.2447890      0.1771690      0.5208070E-01   0.000000       0.000000       0.000000       0.000000       0.000000       0.000000       0.000000       0.000000       0.000000       0.000000       0.000000       0.000000    
  0.3855630      0.3854360      0.3709430      0.3425900      0.3423230      0.3246140      0.3070340      0.3069200      0.3057730      0.3055370      0.3060700      0.3037490      0.3014820      0.2945570      0.2756770      0.2357510      0.9480770E-01   0.000000       0.000000       0.000000       0.000000       0.000000       0.000000       0.000000       0.000000       0.000000       0.000000       0.000000       0.000000       0.000000    
  0.3855630      0.3711330      0.3425900      0.3424560      0.3246850      0.3069770      0.3069200      0.3063470      0.3060750      0.3060700      0.3049090      0.3037670      0.2999290      0.2905720      0.2686620      0.1212470       0.000000       0.000000       0.000000       0.000000       0.000000       0.000000       0.000000       0.000000       0.000000       0.000000       0.000000       0.000000       0.000000       0.000000    
  0.3712280      0.3425900      0.3425230      0.3247200      0.3069490      0.3069200      0.3066330      0.3063530      0.3060700      0.3054900      0.3049150      0.3028690      0.2980900      0.2147910      0.1134130       0.000000       0.000000       0.000000       0.000000       0.000000       0.000000       0.000000       0.000000       0.000000       0.000000       0.000000       0.000000       0.000000       0.000000       0.000000    
  0.3425900      0.3425570      0.3247370      0.3069340      0.3069200      0.3067770      0.3064940      0.3060700      0.3057800      0.3054920      0.3044250      0.3019580      0.1631500       0.000000       0.000000       0.000000       0.000000       0.000000       0.000000       0.000000       0.000000       0.000000       0.000000       0.000000       0.000000       0.000000       0.000000       0.000000       0.000000       0.000000    
  0.3425730      0.3247460      0.3069270      0.3069200      0.3068480      0.3065650      0.3060700      0.3059250      0.3057810      0.3052320      0.1823750       0.000000       0.000000       0.000000       0.000000       0.000000       0.000000       0.000000       0.000000       0.000000       0.000000       0.000000       0.000000       0.000000       0.000000       0.000000       0.000000       0.000000       0.000000       0.000000    
  0.3247510      0.3069240      0.3069200      0.3068840      0.3066010      0.3060700      0.3059970      0.3059250      0.3056460      0.1586770       0.000000       0.000000       0.000000       0.000000       0.000000       0.000000       0.000000       0.000000       0.000000       0.000000       0.000000       0.000000       0.000000       0.000000       0.000000       0.000000       0.000000       0.000000       0.000000       0.000000    
  0.3069220      0.3069200      0.3069020      0.3066190      0.3060700      0.3060340      0.3059980      0.2994020      0.1906080       0.000000       0.000000       0.000000       0.000000       0.000000       0.000000       0.000000       0.000000       0.000000       0.000000       0.000000       0.000000       0.000000       0.000000       0.000000       0.000000       0.000000       0.000000       0.000000       0.000000       0.000000    
  0.3069200      0.3069110      0.3066280      0.3060700      0.3060520      0.3157010      0.3301800      0.3051100      0.2800400      0.9336120E-01   0.000000       0.000000       0.000000       0.000000       0.000000       0.000000       0.000000       0.000000       0.000000       0.000000       0.000000       0.000000       0.000000       0.000000       0.000000       0.000000       0.000000       0.000000       0.000000       0.000000    
  0.3069160      0.3066320      0.3060700      0.3060610      0.3176700      0.3302220      0.3302220      0.3301800      0.3051090      0.2800400      0.9340490E-01   0.000000       0.000000       0.000000       0.000000       0.000000       0.000000       0.000000       0.000000       0.000000       0.000000       0.000000       0.000000       0.000000       0.000000       0.000000       0.000000       0.000000       0.000000       0.000000    
