iMOD/TUTORIALS/TUT_MetaswapAnalyser/model_MetaSWAP/meteo/Precipitation/Precipitation_20050531_L1.ASC
NCOLS                30
NROWS                30
XLLCORNER     160000.00
YLLCORNER     340000.00
CELLSIZE        1000.00
NODATA_VALUE   -9999.00
  0.3326700      0.3280300      0.3201100      0.3112300      0.3086500      0.3230800      0.3582100      0.4024200      0.4604600      0.5913400      0.8362100       1.141980       1.483630       1.849990       2.218330       2.625730       2.925420       3.250370       3.544320       3.804280       4.030650       4.216030       4.382030       4.530480       4.649060       4.747890       4.828730       4.893160       4.943170       4.980430    
  0.3320600      0.3300200      0.3265300      0.3240800      0.3275600      0.3395500      0.3601000      0.3819400      0.3969200      0.5028300      0.7890900       1.113350       1.465550       1.870380       2.259220       2.598120       2.957830       3.296740       3.592820       3.852130       4.075940       4.258980       4.422470       4.569100       4.687290       4.786540       4.868100       4.932810       4.990270       5.025460    
  0.3414000      0.3429500      0.3444200      0.3487100      0.3566000      0.3708800      0.3918200      0.4193300      0.4639600      0.5896800      0.8349300       1.146270       1.513940       1.903400       2.304020       2.665010       3.033040       3.367050       3.659750       3.911000       4.124590       4.299610       4.464000       4.599560       4.716860       4.817490       4.911060       4.977490       5.025500       5.058330    
  0.3589200      0.3645100      0.3711900      0.3812900      0.3955300      0.4169000      0.4480800      0.4953800      0.5718900      0.7136000      0.9356000       1.231570       1.581560       1.972240       2.380110       2.762150       3.136710       3.468420       3.749370       3.983680       4.180870       4.357020       4.495940       4.635990       4.751700       4.854020       4.942840       5.017090       5.074250       5.114660    
  0.3831600      0.3930400      0.4054700      0.4213600      0.4434300      0.4746300      0.5194000      0.5853300      0.6842900      0.8358200       1.039670       1.327480       1.672030       2.063590       2.480030       2.888980       3.276710       3.602120       3.860660       4.067230       4.249030       4.400070       4.526230       4.650360       4.765880       4.872870       4.970790       5.057500       5.134480       5.202390    
  0.4130100      0.4270700      0.4446100      0.4673300      0.4977500      0.5393300      0.6001800      0.6785100      0.7439700      0.9213900       1.142980       1.424600       1.763990       2.155940       2.598360       3.035020       3.440330       3.751170       3.966780       4.131000       4.280270       4.410940       4.526200       4.646420       4.763800       4.877850       4.988320       5.092770       5.192700       5.287220    
  0.4468500      0.4650900      0.4881200      0.5175100      0.5601900      0.6106900      0.6790200      0.6993400      0.8416800       1.011800       1.232460       1.508440       1.841280       2.229870       2.696270       3.165440       3.625210       3.901430       4.040570       4.161130       4.273650       4.387790       4.504880       4.615130       4.737480       4.862150       4.986850       5.112970       5.237480       5.358880    
  0.4930600      0.5123700      0.5397400      0.5747000      0.6196400      0.6173900      0.6630500      0.7811500      0.9138200       1.085340       1.302230       1.569410       1.889940       2.264070       2.733990       3.204360       3.723580       3.937660       4.021700       4.111840       4.210940       4.318880       4.435290       4.549800       4.680760       4.817300       4.961300       5.109950       5.268710       5.417120    
  0.5397600      0.5556700      0.5879900      0.6278300      0.6017300      0.6668700      0.7122200      0.8371600      0.9712000       1.140140       1.349240       1.602650       1.902940       2.317370       2.692250       3.098110       3.482380       3.731470       3.868860       3.977240       4.084660       4.198880       4.322350       4.446040       4.587570       4.740990       4.904550       5.086180       5.264110       5.445400    
  0.5816400      0.6004400      0.6366500      0.5873700      0.6416700      0.7102600      0.7758200      0.8814200       1.013290       1.175900       1.373190       1.608010       1.881440       2.274340       2.590600       2.922290       3.225190       3.465250       3.637870       3.775230       3.902150       4.030510       4.166490       4.312630       4.458250       4.628110       4.821030       5.017030       5.225040       5.441720    
  0.5790330      0.6062430      0.6112150      0.6204000      0.6768400      0.7665500      0.8103900      0.9139000       1.040610       1.193770       1.376070       1.588970       1.945980       2.175910       2.436390       2.713770       2.972760       3.195770       3.380800       3.540470       3.689040       3.836400       3.988650       4.149040       4.331860       4.504980       4.707020       4.926470       5.163290       5.397410    
  0.5805290      0.6042230      0.6204000      0.6889500      0.7065900      0.7978100      0.8362800      0.9352800       1.054490       1.195980       1.342340       1.533210       1.860270       2.062400       2.285620       2.513360       2.730180       2.927540       3.107530       3.275580       3.437660       3.598780       3.770030       3.943370       4.128390       4.315520       4.533360       4.772930       5.036020       5.322580    
  0.5903390      0.6204000      0.6976500      0.7292800      0.7519700      0.7757600      0.8537800      0.9469300       1.033100       1.162400       1.311010       1.602050       1.769010       1.948160       2.130380       2.315470       2.493140       2.662770       2.829740       3.001410       3.175000       3.346530       3.520330       3.700780       3.892670       4.100850       4.315600       4.568890       4.851620       5.166520    
  0.6204000      0.7026610      0.7406250      0.7519700      0.7728470      0.7908100      0.8360500      0.9222900       1.022870       1.143070       1.273820       1.543230       1.682970       1.830480       1.980700       2.125740       2.267170       2.401260       2.552040       2.727110       2.904940       3.080130       3.279170       3.465120       3.661360       3.873440       4.093130       4.352700       4.645400       4.976640    
  0.7053320      0.7462970      0.7519700      0.7718760      0.7908100      0.8249730      0.8480600      0.9264100       1.016390       1.118320       1.374770       1.482160       1.597420       1.717410       1.838060       1.952800       2.061710       2.159550       2.286670       2.480350       2.660770       2.837220       3.012630       3.192170       3.381320       3.585930       3.812210       4.052660       4.341640       4.674620    
  0.7491340      0.7519700      0.7715520      0.7908100      0.8212810      0.8480600      0.8872350      0.9302870       1.075970       1.242740       1.324670       1.413920       1.508660       1.606390       1.711310       1.806220       1.897150       1.988050       2.106950       2.263560       2.426930       2.584050       2.745180       2.910520       3.084890       3.273800       3.483390       3.720480       3.978820       4.293270    
  0.7519700      0.7714440      0.7908100      0.8200500      0.8480600      0.8676480      0.8885270       1.034060       1.242740       1.283700       1.320800       1.345060       1.430370       1.511070       1.593580       1.674000       1.754880       1.842590       1.947300       2.071770       2.206730       2.345430       2.486690       2.625580       2.778380       2.944130       3.128450       3.337750       3.579050       3.840180    
  0.7714080      0.7908100      0.8196400      0.8480600      0.8578540      0.8680780       1.008240       1.242740       1.263220       1.287240       1.311340       1.277620       1.343100       1.417260       1.484900       1.552970       1.624880       1.702720       1.791070       1.890960       1.999160       2.112100       2.228420       2.348980       2.469610       2.606680       2.759190       2.932820       3.133890       3.362160    
  0.7908100      0.8195030      0.8480600      0.8529570      0.8579970      0.9942290       1.242740       1.252980       1.273060       1.294480       1.277620       1.310360       1.341580       1.328330       1.383770       1.440290       1.499010       1.567070       1.638790       1.717350       1.801390       1.889090       1.979480       2.072920       2.171070       2.276740       2.387380       2.520540       2.670240       2.866660    
  0.8194580      0.8480600      0.8505080      0.8530050      0.9869810       1.242740       1.247860       1.266490       1.286050       1.277620       1.293990       1.314470       1.328330       1.356050       1.384130       1.441020       1.502120       1.568290       1.573610       1.551170       1.613370       1.677420       1.742620       1.809010       1.877590       1.950300       2.048280       2.136250       2.259620       2.375360    
  0.8480600      0.8492840      0.8505240      0.9833080       1.242740       1.245300       1.263310       1.281830       1.277620       1.285800       1.303600       1.328330       1.342190       1.356170       1.393730       1.442430       1.503810       1.502020       1.472410       1.393650       1.436260       1.478840       1.520740       1.578620       1.618690       1.659390       1.716730       1.765650       1.824940       1.901050    
  0.8486720      0.8492900      0.9814640       1.242740       1.244020       1.261740       1.279730       1.277620       1.281710       1.298840       1.328330       1.335260       1.342230       1.364030       1.397440       1.446660       1.454990       1.433030       1.393650       1.373320       1.290050       1.312370       1.332630       1.350250       1.378740       1.392420       1.402560       1.413490       1.429570       1.457340    
  0.8486740      0.9805410       1.242740       1.243380       1.260960       1.278670       1.277620       1.279670       1.296630       1.328330       1.331790       1.335270       1.347170       1.367900       1.402710       1.352820       1.413340       1.393650       1.211640       1.141070       1.149110       1.143310       1.162580       1.160770       1.153800       1.141610       1.124820       1.104350       1.083490       1.069670    
  0.9800800       1.242740       1.243060       1.260570       1.278150       1.277620       1.278640       1.295560       1.328330       1.330060       1.331800       1.338080       1.350120       1.172540       1.082480       1.054860       1.051670       1.025370      0.9880540      0.9385100      0.9920800       1.007730      0.9963800      0.9790300      0.9561700      0.9270000      0.8908500      0.8475700      0.7985400      0.7347400    
   1.242740       1.242900       1.260370       1.277880       1.277620       1.278130       1.295040       1.328330       1.329200       1.330060       1.333310       1.340000       1.000060      0.5705760      0.5723900      0.7442000      0.6995760      0.7096800      0.8238440      0.8845870      0.8849400      0.8672900      0.8499300      0.8219500      0.7886200      0.7490100      0.7019700      0.6464200      0.5707900      0.5004900    
   1.242820       1.260280       1.277750       1.277620       1.277880       1.294780       1.328330       1.328760       1.329200       1.330860       1.001280      0.5015000      0.5462340      0.5689740      0.5687610      0.5723900      0.6531680      0.6894730      0.7096800      0.7625980      0.7767400      0.7488500      0.7174300      0.6877800      0.6488900      0.6052000      0.5555100      0.4901300      0.4258700      0.3536100    
   1.260230       1.277690       1.277620       1.277750       1.294650       1.328330       1.328550       1.328760       1.329610      0.9328660      0.5015000      0.5015000      0.5015000      0.5438870      0.5657710      0.5651320      0.5723900      0.6411280      0.6692650      0.7096800      0.6790300      0.6452000      0.6085500      0.5697000      0.5331200      0.4905100      0.4391700      0.3889700      0.3353000      0.2797500    
   1.277650       1.277620       1.277680       1.294590       1.328330       1.328440       1.328550       1.085900      0.8170470      0.5013970      0.5015000      0.5015000      0.5015000      0.5015000      0.5395150      0.5597900      0.5578750      0.5723900      0.6131780      0.6288500      0.5934100      0.5549700      0.5144000      0.4733000      0.4333900      0.3958400      0.3570200      0.3185100      0.2801200      0.2447100    
   1.277620       1.277650       1.294560       1.328330       1.328380      0.9450600      0.3700200      0.3633580      0.3567000      0.4529530      0.5011900      0.5015000      0.5015000      0.5015000      0.5015000      0.5316390      0.5491060      0.5433600      0.5723900      0.5417900      0.5072100      0.4688800      0.4381900      0.3946300      0.3517500      0.3185100      0.2931500      0.2679400      0.2443300       0.000000    
   1.277640       1.294540       1.328330       1.328360      0.8683200      0.3699660      0.3699660      0.3700200      0.3633540      0.3567000      0.4524220      0.5005690      0.5015000      0.5015000      0.5015000      0.5015000      0.5180750      0.5315670      0.5143300      0.4816000      0.4704000      0.4207900      0.3692300      0.3181400      0.2773300      0.2568500      0.2445400       0.000000       0.000000       0.000000    
