iMOD/TUTORIALS/TUT_MetaswapAnalyser/model_MetaSWAP/meteo/Precipitation/Precipitation_20050726_L1.ASC
NCOLS                30
NROWS                30
XLLCORNER     160000.00
YLLCORNER     340000.00
CELLSIZE        1000.00
NODATA_VALUE   -9999.00
   1.925940       1.835270       1.746430       1.662190       1.581110       1.529830       1.497280       1.474880       1.457340       1.451020       1.460930       1.474910       1.487600       1.498190       1.506810       1.483580       1.482250       1.472350       1.457250       1.436900       1.412010       1.386670       1.355370       1.328200       1.291960       1.254490       1.216460       1.178860       1.143410       1.117510    
   2.001680       1.911750       1.801510       1.727390       1.654540       1.606540       1.570370       1.541650       1.515920       1.506400       1.522690       1.538570       1.553320       1.544210       1.549080       1.551620       1.546660       1.571350       1.556460       1.535870       1.509940       1.482420       1.448470       1.418150       1.377450       1.334470       1.289760       1.244190       1.228460       1.189010    
   2.042120       1.960480       1.882230       1.797620       1.724860       1.680080       1.644200       1.615510       1.592400       1.585710       1.592790       1.607740       1.608390       1.615390       1.636430       1.646790       1.645940       1.637770       1.622320       1.600420       1.572660       1.543820       1.516530       1.478010       1.436760       1.393020       1.379920       1.325580       1.275450       1.216710    
   2.083130       2.009330       1.939080       1.862910       1.808770       1.763140       1.726280       1.691780       1.671760       1.660700       1.666970       1.675930       1.679360       1.692960       1.704440       1.715130       1.715580       1.707300       1.690580       1.666960       1.638260       1.613120       1.580070       1.579880       1.536260       1.489130       1.438570       1.384730       1.333470       1.271930    
   2.123480       2.056890       1.981670       1.925880       1.876550       1.834670       1.800830       1.766490       1.750910       1.745330       1.723750       1.736250       1.754680       1.771940       1.772170       1.784560       1.808060       1.802330       1.786250       1.762690       1.748110       1.715960       1.682270       1.640380       1.598950       1.554530       1.507330       1.466200       1.413770       1.366780    
   2.162340       2.092530       2.036860       1.985950       1.940850       1.902440       1.862840       1.837060       1.811550       1.776410       1.782140       1.793970       1.812890       1.829340       1.846630       1.865300       1.874770       1.868490       1.848680       1.822140       1.804880       1.773710       1.742130       1.706800       1.669050       1.626590       1.584790       1.550350       1.507030       1.470320    
   2.204330       2.140570       2.089440       2.042680       1.987560       1.954050       1.927000       1.885470       1.831260       1.829130       1.833710       1.844200       1.859590       1.881040       1.896900       1.922670       1.941950       1.933170       1.906210       1.886490       1.858460       1.830030       1.800800       1.772020       1.739850       1.705840       1.680810       1.643120       1.606390       1.576230    
   2.233450       2.175640       2.120300       2.079070       2.042520       2.014370       1.959370       1.886930       1.877660       1.874710       1.877800       1.886450       1.900110       1.918810       1.935050       1.963750       1.994430       1.980650       1.955640       1.930070       1.906180       1.883220       1.860330       1.838490       1.813620       1.798930       1.769510       1.739480       1.701850       1.679820    
   2.250040       2.219290       2.176400       2.127510       2.097120       2.067200       2.008540       1.927400       1.917600       1.913320       1.914350       1.920360       1.930920       1.931690       1.955890       1.978620       1.995380       1.993190       1.978330       1.961810       1.946420       1.932210       1.918300       1.905600       1.902220       1.883510       1.862610       1.829100       1.809440       1.790640    
   2.287420       2.260380       2.220040       2.186880       2.144070       2.115240       1.977980       1.962370       1.951570       1.945510       1.943960       1.946560       1.952830       1.944520       1.961570       1.978800       1.984780       1.989960       1.988050       1.984250       1.981320       1.976920       1.974660       1.971370       1.980240       1.971830       1.948090       1.935920       1.921550       1.905720    
   2.293520       2.255950       2.224180       2.229430       2.197070       1.993580       2.008630       1.992430       1.980330       1.972180       1.967690       1.966430       1.941200       1.930880       1.932210       1.951130       1.968940       1.981370       1.992520       2.004770       2.018800       2.033620       2.047650       2.070050       2.064530       2.068350       2.068420       2.063710       2.054260       2.027130    
   2.294260       2.250770       2.229430       2.183460       2.236960       2.025500       2.043190       2.018340       2.004790       1.994450       1.947490       1.948080       1.918560       1.905380       1.922910       1.936980       1.949670       1.966060       1.985380       2.011410       2.042060       2.074010       2.103210       2.130260       2.152970       2.172520       2.183910       2.188420       2.185570       2.175230    
   2.277520       2.229430       2.159230       2.153670       2.070370       2.088590       2.067170       2.048720       1.974050       1.961250       1.957290       1.870150       1.885320       1.899310       1.912800       1.922070       1.930450       1.943110       1.971730       2.012700       2.064560       2.115550       2.163900       2.207910       2.246390       2.278220       2.304770       2.320060       2.325320       2.319740    
   2.229430       2.142760       2.112020       2.070370       2.089740       2.110250       2.008010       1.995130       1.984800       1.992250       1.984080       1.869650       1.882790       1.894370       1.903460       1.910620       1.907560       1.916350       1.949230       2.017840       2.091000       2.162170       2.230040       2.291890       2.347430       2.395390       2.436640       2.464880       2.480510       2.481880    
   2.133440       2.091190       2.070370       2.090120       2.110250       2.025690       1.958820       1.950610       1.944830       1.941200       1.818070       1.836260       1.853910       1.870170       1.884090       1.898320       1.903070       1.902360       1.936460       2.031740       2.128330       2.217160       2.301530       2.380880       2.454150       2.519780       2.575710       2.622100       2.651310       2.664140    
   2.080780       2.070370       2.090250       2.110250       2.031590       1.958820       1.954720       1.951420       1.909210       1.800200       1.817950       1.836100       1.854220       1.871770       1.887150       1.902490       1.919900       1.939650       1.989330       2.076640       2.173950       2.281980       2.381320       2.477730       2.569580       2.654740       2.730460       2.793500       2.842800       2.869650    
   2.070370       2.090290       2.110250       2.033550       1.958820       1.956770       1.954990       1.903890       1.800200       1.809070       1.823420       1.836790       1.854940       1.875420       1.896540       1.920570       1.952650       1.991930       2.052700       2.137340       2.236950       2.343780       2.453860       2.578820       2.690080       2.796800       2.895450       2.981800       3.051100       3.101470    
   2.090300       2.110250       2.034210       1.958820       1.957790       1.956860       1.903960       1.800200       1.804640       1.818040       1.831420       1.826060       1.849810       1.881210       1.909410       1.942060       1.987310       2.039710       2.109450       2.197900       2.301930       2.417180       2.540190       2.668260       2.813640       2.944430       3.069740       3.184240       3.281790       3.356470    
   2.110250       2.034430       1.958820       1.958310       1.957820       1.904700       1.800200       1.802420       1.815540       1.828740       1.826060       1.837930       1.861300       1.888110       1.921870       1.961980       2.011090       2.079520       2.157010       2.251420       2.361890       2.486420       2.622800       2.768810       2.921860       3.078490       3.249660       3.397860       3.530660       3.639100    
   2.034500       1.958820       1.958560       1.958320       1.905260       1.800200       1.801310       1.814320       1.827400       1.826060       1.832000       1.853350       1.888110       1.904990       1.923990       1.964980       2.017530       2.082540       2.221060       2.294110       2.411750       2.546040       2.696120       2.860720       3.037870       3.224360       3.412630       3.600660       3.854960       4.011320    
   1.958820       1.958690       1.958570       1.905580       1.800200       1.800750       1.813720       1.826730       1.826060       1.829030       1.849880       1.888110       1.896550       1.905700       1.931320       1.968830       2.021680       2.190610       2.308680       2.323250       2.447510       2.591080       2.754450       2.934690       3.136840       3.355490       3.675340       3.908270       4.128990       4.319490    
   1.958760       1.958690       1.905760       1.800200       1.800480       1.813430       1.826400       1.826060       1.827540       1.848270       1.888110       1.892330       1.896790       1.911190       1.935280       1.973940       2.164070       2.315970       2.323250       2.410930       2.462040       2.613620       2.788960       2.989540       3.303490       3.557280       3.831540       4.117160       4.399320       4.654710    
   1.958760       1.905850       1.800200       1.800340       1.813280       1.826230       1.826060       1.826800       1.847500       1.888110       1.890220       1.892410       1.900100       1.914420       1.940140       2.131250       2.319610       2.323250       2.404850       2.443230       2.558140       2.620410       2.880490       3.099190       3.350700       3.636000       3.952950       4.295310       4.649190       4.987440    
   1.905900       1.800200       1.800270       1.813200       1.826140       1.826060       1.826430       1.847120       1.888110       1.889160       1.890250       1.894240       1.902310       1.943920       2.069690       2.258730       2.263320       2.344200       2.436830       2.441980       2.424430       2.670190       2.861350       3.088290       3.355500       3.666200       4.021370       4.418450       4.848590       5.286680    
   1.800200       1.800230       1.813170       1.826100       1.826060       1.826250       1.846930       1.888110       1.888640       1.889170       1.891220       1.895600       1.955290       2.018980       2.021030       2.152550       2.193270       2.203400       2.352650       2.425280       2.459540       2.614520       2.806750       3.034710       3.309510       3.636700       4.019710       4.459450       4.952040       5.494060    
   1.800220       1.813150       1.826080       1.826060       1.826150       1.846840       1.888110       1.888370       1.888640       1.889680       1.863100       1.819760       1.950930       2.016980       2.016920       2.021030       2.132570       2.183140       2.203400       2.339920       2.391860       2.535010       2.712060       2.936180       3.208670       3.540850       3.936720       4.395470       4.919250       5.505130    
   1.813140       1.826070       1.826060       1.826110       1.846790       1.888110       1.888240       1.888370       1.888900       1.856190       1.819760       1.819760       1.819760       1.947990       2.012990       2.012810       2.021030       2.122700       2.162880       2.203400       2.304880       2.430180       2.588200       2.790700       3.053660       3.379490       3.772280       4.229060       4.739210       5.284130    
   1.826070       1.826060       1.826080       1.846770       1.888110       1.888180       1.888240       1.827090       1.809410       1.819660       1.819760       1.819760       1.819760       1.819760       1.942280       2.005140       2.004590       2.021030       2.103490       2.122360       2.204890       2.306550       2.436840       2.610920       2.847630       3.161280       3.544030       3.982590       4.454610       4.926810    
   1.826060       1.826070       1.846760       1.888110       1.888140       1.763630       1.576810       1.609840       1.642860       1.760510       1.819450       1.819760       1.819760       1.819760       1.819760       1.931430       1.989790       1.988160       2.021030       2.067150       2.122570       2.190960       2.282550       2.403150       2.605860       2.902300       3.277630       3.695400       4.125920       4.534270    
   1.826070       1.846750       1.888110       1.888130       1.738690       1.576800       1.576800       1.576810       1.609840       1.642860       1.759970       1.818820       1.819760       1.819760       1.819760       1.819760       1.911580       1.960170       1.955290       1.987160       2.028620       2.068820       2.117690       2.188780       2.337450       2.629470       3.002190       3.408650       3.801650       4.159930    
