iMOD/TUTORIALS/TUT_MetaswapAnalyser/model_MetaSWAP/meteo/Precipitation/Precipitation_20060523_L1.ASC
NCOLS                30
NROWS                30
XLLCORNER     160000.00
YLLCORNER     340000.00
CELLSIZE        1000.00
NODATA_VALUE   -9999.00
   2.093020       2.116970       2.141930       2.169020       2.184580       2.227620       2.273970       2.316510       2.358220       2.419840       2.508910       2.601120       2.686750       2.761410       2.822940       2.868400       2.888030       2.898790       2.891770       2.869340       2.834690       2.791370       2.742120       2.686660       2.632060       2.577830       2.525410       2.476750       2.435140       2.405970    
   2.150860       2.186110       2.245630       2.282660       2.299100       2.348760       2.399070       2.445250       2.482300       2.551750       2.676030       2.795250       2.903500       2.999160       3.078610       3.129860       3.164280       3.171700       3.154680       3.116410       3.062250       2.997610       2.926480       2.849550       2.773500       2.697880       2.623630       2.551940       2.492730       2.437260    
   2.231900       2.275160       2.320890       2.326840       2.410810       2.468940       2.528780       2.588900       2.651090       2.742090       2.868550       3.004510       3.135030       3.252150       3.352590       3.422100       3.462350       3.466090       3.435030       3.375970       3.297640       3.207970       3.110830       3.012520       2.914470       2.817680       2.729910       2.634760       2.540770       2.453090    
   2.313170       2.363510       2.416970       2.419500       2.486900       2.559070       2.636000       2.739250       2.825700       2.939050       3.069780       3.227590       3.377530       3.517620       3.641930       3.736440       3.785650       3.783160       3.731990       3.644960       3.536580       3.417500       3.294940       3.181460       3.061050       2.943580       2.828960       2.716690       2.606030       2.498500    
   2.393590       2.450030       2.437540       2.507820       2.583920       2.666500       2.756620       2.851300       2.966130       3.098620       3.278920       3.436040       3.610230       3.780430       3.939950       4.070430       4.139970       4.129820       4.048890       3.923960       3.780330       3.628850       3.478690       3.333230       3.193240       3.058900       2.930010       2.806490       2.690750       2.589640    
   2.472100       2.442430       2.513520       2.590610       2.674640       2.766690       2.870530       2.975210       3.159040       3.302700       3.459690       3.634310       3.830870       4.027680       4.243790       4.414830       4.516210       4.490640       4.358580       4.182170       3.997280       3.814240       3.639240       3.473550       3.316900       3.169160       3.029360       2.898630       2.779640       2.678220    
   2.479050       2.507800       2.583830       2.666620       2.760400       2.860020       2.970480       3.160560       3.300140       3.448450       3.615560       3.802110       4.008040       4.240580       4.500870       4.736350       4.919630       4.856580       4.636410       4.403960       4.180830       3.972500       3.778620       3.597770       3.428700       3.270270       3.122230       2.985300       2.861860       2.754620    
   2.553790       2.619250       2.651640       2.738620       2.834070       3.045740       3.143090       3.277840       3.415210       3.569250       3.741590       3.933460       4.145920       4.384110       4.676060       4.940430       5.221400       5.094040       4.812150       4.552080       4.313440       4.093790       3.890670       3.701770       3.525440       3.360430       3.206460       3.063640       2.933400       2.817590    
   2.622560       2.678800       2.758720       2.798650       3.027860       3.130040       3.229290       3.369060       3.508850       3.664030       3.835780       4.024910       4.231610       4.516730       4.738840       4.951280       5.095120       5.037970       4.840930       4.612500       4.387450       4.173850       3.972930       3.783920       3.605880       3.438310       3.280400       3.132530       2.995120       2.870070    
   2.676450       2.731960       2.813260       3.051320       3.098660       3.202490       3.316740       3.442960       3.581650       3.733690       3.899510       4.078760       4.269770       4.535760       4.716300       4.869960       4.937190       4.909240       4.781380       4.603610       4.410090       4.216070       4.027270       3.845510       3.671250       3.504490       3.345080       3.192790       3.048740       2.914090    
   2.672560       2.740560       2.928240       3.116430       3.208770       3.284020       3.376640       3.500670       3.635380       3.780940       3.936880       4.101650       4.368470       4.477030       4.596390       4.719450       4.786860       4.773720       4.690000       4.558740       4.402450       4.235540       4.065690       3.896950       3.730900       3.567600       3.408090       3.252700       3.102070       2.953350    
   2.674690       2.864450       3.116430       3.232610       3.264880       3.386820       3.469020       3.544020       3.672690       3.809590       3.895790       4.050580       4.298710       4.380430       4.513590       4.606490       4.653880       4.648140       4.589430       4.492400       4.369650       4.231020       4.083680       3.931120       3.776020       3.619650       3.463050       3.306690       3.151140       2.997210    
   2.816570       3.116430       3.248000       3.302620       3.340360       3.405080       3.509440       3.620730       3.654380       3.752260       3.889540       4.069850       4.198440       4.318170       4.428190       4.499850       4.534710       4.529830       4.489370       4.420740       4.328810       4.218250       4.093760       3.959330       3.817720       3.670690       3.519140       3.363910       3.205330       3.043870    
   3.116430       3.256570       3.321490       3.340360       3.395440       3.440880       3.436890       3.546620       3.661890       3.727440       3.854500       4.040100       4.152280       4.254130       4.338430       4.403770       4.425750       4.419600       4.393520       4.352250       4.289750       4.205450       4.089420       3.971550       3.843230       3.706310       3.561950       3.410510       3.252260       3.087270    
   3.261070       3.330920       3.340360       3.392230       3.440880       3.413430       3.362530       3.471210       3.584420       3.700820       3.929120       4.030190       4.125650       4.210500       4.278990       4.317170       4.338230       4.330520       4.307560       4.293410       4.250630       4.185350       4.101000       4.001070       3.888080       3.763680       3.628780       3.483860       3.328730       3.161300    
   3.335640       3.340360       3.391160       3.440880       3.405610       3.362530       3.416870       3.472720       3.641690       3.810310       3.904270       3.995840       4.081630       4.157590       4.243760       4.279590       4.315220       4.298630       4.280860       4.267920       4.239380       4.190580       4.123460       4.040090       3.942230       3.831120       3.707440       3.571380       3.423020       3.261800    
   3.340360       3.390800       3.440880       3.403010       3.362530       3.389700       3.417370       3.585400       3.810310       3.857290       3.942550       3.961930       4.080880       4.143990       4.239910       4.266700       4.280690       4.279880       4.273770       4.263630       4.242960       4.207300       4.155710       4.088210       4.006250       3.910310       3.800640       3.677230       3.539900       3.388680    
   3.390680       3.440880       3.402140       3.362530       3.376110       3.389870       3.550700       3.810310       3.833800       3.930340       4.001150       4.040380       4.100000       4.163400       4.204170       4.234760       4.257440       4.268100       4.272200       4.269780       4.258180       4.234570       4.197460       4.146390       4.081030       4.001690       3.908280       3.800520       3.678160       3.541600    
   3.440880       3.401850       3.362530       3.369320       3.376170       3.531750       3.810310       3.822050       3.927120       4.020770       4.040380       4.070190       4.109000       4.132210       4.174530       4.209680       4.237470       4.260580       4.274590       4.281940       4.281120       4.270260       4.247940       4.213280       4.165710       4.104800       4.029680       3.940370       3.836850       3.721090    
   3.401750       3.362530       3.365930       3.369340       3.521890       3.810310       3.816180       3.926090       4.030570       4.040380       4.055280       4.087940       4.132210       4.153370       4.172140       4.207230       4.235910       4.257550       4.286160       4.297870       4.309090       4.311960       4.305170       4.287680       4.258670       4.217400       4.167190       4.100040       4.029670       3.926600    
   3.362530       3.364230       3.365930       3.516870       3.810310       3.813250       3.925690       4.035480       4.040380       4.047830       4.078950       4.132210       4.142790       4.152570       4.177580       4.205090       4.233560       4.280450       4.306840       4.315810       4.339940       4.357390       4.366920       4.377830       4.366190       4.343950       4.327730       4.282800       4.221310       4.140740    
   3.363380       3.364230       3.514330       3.810310       3.811780       3.925510       4.037930       4.040380       4.044110       4.074840       4.132210       4.137500       4.142520       4.157650       4.178410       4.205410       4.269250       4.311330       4.315810       4.349400       4.392450       4.421940       4.445430       4.461740       4.474320       4.488910       4.481570       4.461470       4.426030       4.368160    
   3.363380       3.513060       3.810310       3.811040       3.925430       4.039150       4.040380       4.042240       4.072890       4.132210       4.134850       4.137410       4.145890       4.159530       4.180490       4.257950       4.313570       4.315810       4.380080       4.420760       4.444930       4.465530       4.503260       4.547230       4.588690       4.604130       4.622050       4.629530       4.624200       4.600510    
   3.512430       3.810310       3.810680       3.925390       4.039770       4.040380       4.041310       4.071930       4.132210       4.133530       4.134830       4.139390       4.147610       4.144650       4.209950       4.321290       4.323120       4.372270       4.431240       4.434350       4.449080       4.495630       4.557260       4.620170       4.675940       4.723840       4.763890       4.796380       4.820740       4.831310    
   3.810310       3.810490       3.925370       4.040070       4.040380       4.040850       4.071460       4.132210       4.132870       4.133520       4.135910       4.140610       4.122090       4.090460       4.092690       4.247750       4.327180       4.330440       4.403770       4.438610       4.419610       4.523830       4.612790       4.693700       4.767330       4.832770       4.890610       4.942710       4.991020       5.036990    
   3.810400       3.925360       4.040230       4.040380       4.040610       4.071220       4.132210       4.132540       4.132870       4.134100       3.989150       3.767860       3.981180       4.088340       4.088220       4.092690       4.247990       4.323910       4.330440       4.411680       4.447130       4.553670       4.658550       4.758820       4.848170       4.926830       4.995590       5.059080       5.116800       5.176420    
   3.925350       4.040300       4.040380       4.040500       4.071110       4.132210       4.132380       4.132540       4.133170       3.958370       3.767860       3.767860       3.767860       3.978070       4.084090       4.083760       4.092690       4.244930       4.317380       4.330440       4.449530       4.572940       4.696100       4.812830       4.917150       5.004030       5.079330       5.137070       5.187320       5.229910    
   4.040340       4.040380       4.040440       4.071050       4.132210       4.132290       4.132370       3.861940       3.761440       3.767460       3.767860       3.767860       3.767860       3.767860       3.972110       4.075840       4.074820       4.092690       4.239190       4.304330       4.437240       4.578120       4.721300       4.857220       4.984040       5.070630       5.133620       5.179050       5.209970       5.222800    
   4.040380       4.040410       4.071020       4.132210       4.132250       3.669600       2.975630       3.012650       3.049690       3.527390       3.766670       3.767860       3.767860       3.767860       3.767860       3.960980       4.059990       4.056960       4.092690       4.229300       4.380700       4.544840       4.734290       4.903790       5.030020       5.114110       5.163130       5.189720       5.198130       5.184240    
   4.040390       4.071000       4.132210       4.132230       3.576960       2.975500       2.975500       2.975630       3.012640       3.049690       3.525350       3.764300       3.767860       3.767860       3.767860       3.767860       3.941260       4.030340       4.021220       4.163320       4.357470       4.529320       4.716970       4.908740       5.064320       5.137440       5.164210       5.171010       5.161160       5.128550    
