iMOD/TUTORIALS/TUT_MetaswapAnalyser/model_MetaSWAP/meteo/Precipitation/Precipitation_20060728_L1.ASC
NCOLS                30
NROWS                30
XLLCORNER     160000.00
YLLCORNER     340000.00
CELLSIZE        1000.00
NODATA_VALUE   -9999.00
   20.56160       22.61190       24.61670       26.34100       27.18670       26.08650       22.87870       18.84990       15.15430       12.97860       12.34830       12.12830       11.96580       11.72160       11.45260       11.06630       10.53560       10.05340       9.531660       8.964130       8.361940       7.666710       7.028380       6.344990       5.729820       5.136820       4.576110       4.059670       3.604610       3.236990    
   19.67830       21.29670       22.66630       23.59630       23.62190       22.32870       19.71540       16.29870       12.64210       10.67550       10.97970       11.13470       11.16360       11.01180       10.82290       10.44250       10.09410       9.751940       9.273080       8.762210       8.211640       7.566110       6.962040       6.306690       5.702900       5.109810       4.536730       3.994260       3.476970       3.072910    
   18.61850       19.83780       20.76410       21.17230       20.80500       19.56400       17.46180       14.82850       12.24530       10.77570       10.56490       10.62450       10.62880       10.53710       10.40360       10.09670       9.787950       9.422830       9.008070       8.547630       8.027690       7.429640       6.812210       6.233630       5.647860       5.063840       4.461510       3.910130       3.384130       2.903300    
   17.53270       18.43320       19.02820       19.14690       18.71340       17.64210       16.02170       14.08890       12.33680       11.17640       10.66120       10.48780       10.37530       10.25110       10.07980       9.795760       9.495810       9.156570       8.780550       8.364200       7.904700       7.334900       6.749700       6.158210       5.594270       5.027470       4.465850       3.916060       3.384460       2.879560    
   16.50420       17.17050       17.51260       17.52820       17.10770       16.24660       15.03500       13.64840       12.39060       11.44950       10.81190       10.48470       10.28310       10.08780       9.872710       9.585340       9.258780       8.933240       8.592230       8.217600       7.732030       7.267280       6.703630       6.165780       5.618190       5.066030       4.519930       3.992240       3.497130       3.074690    
   15.57420       16.01510       16.27820       16.24560       15.88830       15.22270       14.31240       13.29960       12.29750       11.50370       10.96230       10.58750       10.29710       10.03850       9.793020       9.446630       9.097790       8.786270       8.491420       8.162540       7.720190       7.279860       6.737640       6.219720       5.684900       5.142730       4.614790       4.113340       3.657420       3.280950    
   14.73480       15.06760       15.26240       15.22470       14.92760       14.42640       13.76190       12.89960       12.15490       11.55250       11.06950       10.69060       10.37470       10.07570       9.814680       9.402870       8.980620       8.699280       8.476020       8.144620       7.780050       7.352850       6.876870       6.309640       5.782140       5.253400       4.740010       4.255330       3.818950       3.456940    
   13.94770       14.30830       14.40220       14.37960       14.17420       13.54440       13.12930       12.55210       12.03000       11.55230       11.14090       10.79130       10.48000       10.19150       9.952670       9.510200       9.002100       8.773500       8.568130       8.284180       7.919200       7.488230       7.008290       6.437970       5.909640       5.384860       4.874970       4.397290       3.925500       3.574760    
   13.30880       13.62860       13.76720       13.70100       13.22970       12.99510       12.71830       12.27860       11.88980       11.51970       11.18480       10.88550       10.60870       10.57420       10.18780       9.798980       9.415450       9.119940       8.851980       8.528700       8.135610       7.681990       7.184160       6.599320       6.063200       5.530440       5.016610       4.479220       4.056690       3.687240    
   12.77730       13.05090       13.18400       12.77790       12.67430       12.52330       12.28500       12.02040       11.73900       11.46280       11.20490       10.96800       10.74590       10.78060       10.49770       10.16810       9.889280       9.561080       9.223720       8.839310       8.395250       7.922940       7.395100       6.847800       6.232550       5.686650       5.097250       4.615300       4.172720       3.776750    
   12.76680       13.00410       12.81670       12.25390       12.23510       12.01950       11.94780       11.77140       11.57800       11.38370       11.19960       11.02980       11.25980       10.95950       10.87490       10.60100       10.31980       10.01760       9.661580       9.235130       8.742850       8.203220       7.636560       7.062150       6.411680       5.826710       5.291790       4.785700       4.314010       3.852260    
   12.73860       12.71040       12.25390       11.91190       11.80960       11.68490       11.67120       11.52590       11.40450       11.28060       11.09430       10.99970       11.31290       11.33310       11.16400       10.96440       10.74470       10.47670       10.10910       9.633660       9.079700       8.484870       7.811130       7.202920       6.608950       5.972690       5.419640       4.893480       4.396870       3.932760    
   12.53200       12.25390       11.77350       11.57930       11.34890       11.40540       11.37280       11.31660       11.13840       11.05940       11.01080       11.82090       11.63850       11.48750       11.39250       11.27280       11.13800       10.92480       10.56740       10.01640       9.358800       8.697630       8.044620       7.410650       6.799180       6.210890       5.581800       5.038650       4.519040       4.023410    
   12.25390       11.71010       11.46410       11.34890       11.27690       11.07640       10.93760       10.93320       10.92010       10.93660       10.92770       11.79060       11.65760       11.55890       11.49460       11.48210       11.44770       11.36100       11.00470       10.35230       9.626060       8.916390       8.207050       7.557290       6.938130       6.345760       5.718920       5.168840       4.636630       4.120100    
   11.67980       11.40650       11.34890       11.23410       11.07640       10.88940       10.65420       10.67680       10.69410       10.71350       11.91100       11.76750       11.65630       11.58030       11.54130       11.53690       11.57310       11.64200       11.36070       10.50030       9.744790       9.018770       8.339030       7.698690       7.091100       6.509920       5.949170       5.347470       4.813120       4.258940    
   11.37770       11.34890       11.21980       11.07640       10.87330       10.65420       10.66550       10.67500       10.99360       11.88990       11.74270       11.62020       11.52580       11.46140       11.42770       11.42050       11.46780       11.39470       11.04570       10.37310       9.646320       9.014970       8.370710       7.761930       7.183740       6.629960       6.093970       5.569250       4.999140       4.483320    
   11.34890       11.21500       11.07640       10.86800       10.65420       10.65980       10.66490       11.05600       11.88990       11.81630       11.60890       11.40810       11.31580       11.24740       11.28620       11.21160       11.12810       10.94850       10.60240       10.08370       9.484060       8.874420       8.284040       7.804210       7.276900       6.769570       6.276110       5.789700       5.303800       4.834380    
   11.21340       11.07640       10.86620       10.65420       10.65700       10.65970       11.06770       11.88990       11.85310       11.61890       11.39590       11.38360       11.24700       11.08480       10.97130       10.85310       10.71340       10.48910       10.16200       9.732870       9.240080       8.726020       8.217690       7.727590       7.337910       6.893010       6.458940       6.028880       5.595850       5.217350    
   11.07640       10.86560       10.65420       10.65560       10.65700       11.06860       11.88990       11.87150       11.62700       11.38970       11.38360       11.31530       11.11460       10.74290       10.60030       10.44670       10.26450       10.03210       9.727140       9.360090       8.950520       8.523400       8.098720       7.688220       7.296410       6.922340       6.635440       6.279000       5.982420       5.634540    
   10.86540       10.65420       10.65490       10.65560       11.06780       11.88990       11.88070       11.63170       11.38670       11.38360       11.34950       11.13910       10.74290       10.67160       10.59660       10.43720       10.24780       10.00790       9.333950       8.974370       8.630560       8.278670       7.933050       7.603440       7.294310       7.005160       6.745160       6.571190       6.350920       6.090500    
   10.65420       10.65460       10.65490       11.06700       11.88990       11.88530       11.63420       11.38510       11.38360       11.36650       11.15380       10.74290       10.70730       10.67040       10.56850       10.42720       10.23090       9.388180       8.775220       8.576060       8.284530       7.996150       7.722010       7.484060       7.259090       7.060680       7.025380       6.862500       6.690100       6.492230    
   10.65440       10.65460       11.06660       11.88990       11.88760       11.63550       11.38440       11.38360       11.37510       11.16170       10.74290       10.72510       10.70680       10.64870       10.55530       10.40890       9.459600       8.675640       8.576060       8.262230       7.926100       7.689040       7.476510       7.296360       7.230150       7.174720       7.112940       7.066880       7.020280       6.942700    
   10.65440       11.06640       11.88990       11.88880       11.63610       11.38400       11.38360       11.37930       11.16580       10.74290       10.73400       10.72490       10.69350       10.63700       10.53760       9.239350       8.625850       8.576060       7.825030       7.528430       7.419730       7.337580       7.257600       7.140010       7.070110       7.071840       7.118950       7.199950       7.298190       7.382830    
   11.06620       11.88990       11.88930       11.63640       11.38380       11.38360       11.38150       11.16790       10.74290       10.73840       10.73390       10.71750       10.68510       9.226700       8.069480       7.144710       7.147100       7.096240       7.034290       6.933410       7.130770       7.015140       6.801810       6.771700       6.797750       6.885310       7.034900       7.241680       7.493430       7.780570    
   11.88990       11.88960       11.63660       11.38370       11.38360       11.38250       11.16900       10.74290       10.74070       10.73840       10.73000       10.71220       8.134580       5.027450       5.038660       5.819570       5.661170       5.718130       6.327680       6.641020       6.736050       6.449050       6.366400       6.368720       6.443560       6.598770       6.836510       7.154280       7.562320       8.016110    
   11.88980       11.63670       11.38360       11.38360       11.38310       11.16950       10.74290       10.74180       10.74070       10.73640       8.135960       4.249620       4.758830       5.016130       5.016250       5.038660       5.431340       5.604220       5.718130       6.018160       6.056230       5.955190       5.905250       5.895920       6.001200       6.206350       6.512260       6.925100       7.413550       7.982690    
   11.63670       11.38360       11.38360       11.38330       11.16980       10.74290       10.74230       10.74180       10.73960       7.622440       4.249620       4.249620       4.249620       4.742100       4.993500       4.993830       5.038660       5.364360       5.490300       5.718130       5.562230       5.438520       5.369030       5.381120       5.474860       5.713530       6.076570       6.533250       7.064020       7.639780    
   11.38360       11.38360       11.38350       11.16990       10.74290       10.74260       10.74230       8.966100       6.839830       4.249140       4.249620       4.249620       4.249620       4.249620       4.709030       4.948000       4.949000       5.038660       5.210370       5.262470       5.076270       4.915650       4.805350       4.783440       4.890860       5.140200       5.542770       6.037590       6.580330       7.121420    
   11.38360       11.38350       11.17000       10.74290       10.74280       7.976490       3.827340       3.733990       3.640670       4.045340       4.248180       4.249620       4.249620       4.249620       4.249620       4.644680       4.856350       4.859340       5.038660       4.822210       4.607400       4.404480       4.215530       4.142020       4.227400       4.526020       4.969990       5.503980       6.053820       6.568550    
   11.38360       11.17000       10.74290       10.74280       7.423290       3.827240       3.827240       3.827340       3.733980       3.640670       4.042890       4.245310       4.249620       4.249620       4.249620       4.249620       4.523740       4.671040       4.680030       4.445660       4.160030       3.929870       3.703060       3.518100       3.526470       3.894430       4.438290       5.010420       5.560490       6.059000    
