iMOD/TUTORIALS/TUT_MetaswapAnalyser/model_MetaSWAP/meteo/Precipitation/Precipitation_20050415_L1.ASC
NCOLS                30
NROWS                30
XLLCORNER     160000.00
YLLCORNER     340000.00
CELLSIZE        1000.00
NODATA_VALUE   -9999.00
   1.593190       1.568760       1.538250       1.498460       1.438550       1.353700       1.236480       1.105140      0.9867300      0.9323800      0.9561800       1.004490       1.061270       1.128980       1.203320       1.296050       1.401150       1.517350       1.645930       1.788540       1.943600       2.113410       2.286690       2.454270       2.633940       2.811900       2.985090       3.150540       3.305270       3.445700    
   1.551020       1.518530       1.478400       1.426390       1.353850       1.264310       1.151850       1.022930      0.8847800      0.8271600      0.8924500      0.9567300       1.021790       1.098390       1.175820       1.267700       1.366900       1.479450       1.609290       1.750550       1.904080       2.071830       2.243620       2.410900       2.590160       2.768680       2.943640       3.112220       3.260870       3.408810    
   1.513010       1.474370       1.427320       1.363800       1.293410       1.206740       1.105390      0.9960300      0.8947200      0.8547700      0.8863600      0.9410800       1.005170       1.074450       1.149180       1.237200       1.334250       1.445560       1.571840       1.712330       1.868580       2.035800       2.198030       2.375170       2.554970       2.734820       2.901100       3.074930       3.240640       3.397330    
   1.480530       1.438230       1.388150       1.323950       1.255470       1.176750       1.091030       1.006430      0.9352900      0.9036500      0.9133500      0.9510500       1.001520       1.062000       1.129670       1.210590       1.303340       1.412480       1.538540       1.679900       1.833980       1.992190       2.168360       2.335600       2.516910       2.699350       2.880570       3.058130       3.228780       3.391680    
   1.454610       1.410910       1.355740       1.299340       1.235890       1.166900       1.096220       1.024630      0.9742300      0.9485300      0.9477000      0.9695100       1.007860       1.056610       1.116260       1.186850       1.269380       1.375290       1.501610       1.644630       1.789660       1.954590       2.132760       2.315160       2.498150       2.682770       2.866840       3.046890       3.222470       3.388500    
   1.435440       1.388270       1.340270       1.287250       1.229980       1.170390       1.108630       1.052660       1.000320      0.9840900      0.9825900      0.9975500       1.025640       1.061220       1.106070       1.163730       1.239530       1.343480       1.473830       1.621350       1.770990       1.937900       2.117190       2.297800       2.482520       2.672040       2.858990       3.042580       3.222090       3.392490    
   1.429620       1.379370       1.333790       1.284920       1.228320       1.177860       1.129920       1.063670       1.038460       1.020740       1.016980       1.026100       1.045850       1.074580       1.105650       1.149050       1.207820       1.313000       1.452960       1.599030       1.759270       1.927340       2.102380       2.288890       2.475070       2.664170       2.853000       3.041790       3.227570       3.403670    
   1.487850       1.378990       1.327130       1.283480       1.238970       1.193510       1.124130       1.097070       1.071370       1.055800       1.051090       1.056770       1.071520       1.093940       1.118380       1.153080       1.192610       1.303330       1.445000       1.596400       1.755880       1.923220       2.097900       2.284580       2.471740       2.661340       2.854280       3.046910       3.237020       3.419690    
   1.485970       1.382840       1.343730       1.294250       1.252040       1.214280       1.146450       1.125570       1.103700       1.090090       1.085350       1.089400       1.101700       1.114250       1.143890       1.182680       1.240320       1.336730       1.462350       1.605650       1.760400       1.924840       2.097840       2.283900       2.470160       2.662550       2.858100       3.055480       3.250430       3.440680    
   1.494410       1.391300       1.355320       1.317890       1.270770       1.237700       1.179310       1.154580       1.135830       1.124080       1.119920       1.123600       1.135170       1.146430       1.177660       1.221960       1.287960       1.376330       1.490990       1.625640       1.775340       1.930360       2.100780       2.279870       2.471680       2.665000       2.863610       3.064040       3.264900       3.463330    
   1.470480       1.413680       1.350140       1.336040       1.304500       1.261230       1.205460       1.184060       1.167960       1.157980       1.154740       1.158700       1.157610       1.203780       1.239040       1.276270       1.331680       1.409050       1.509540       1.631000       1.770050       1.923520       2.088950       2.263400       2.449690       2.637130       2.835680       3.039440       3.246630       3.484550    
   1.469750       1.392580       1.336040       1.329860       1.328380       1.299450       1.242560       1.213980       1.200170       1.191860       1.231230       1.230010       1.226790       1.256110       1.278520       1.313360       1.364240       1.435230       1.528650       1.644350       1.779100       1.929130       2.092010       2.265160       2.447750       2.644950       2.844660       3.051250       3.263540       3.479830    
   1.428760       1.336040       1.338970       1.339460       1.350530       1.290820       1.270730       1.254270       1.305080       1.280860       1.273510       1.283540       1.286260       1.296760       1.316540       1.346670       1.390380       1.452520       1.539790       1.653080       1.786240       1.934210       2.093950       2.264050       2.443780       2.632730       2.837480       3.044680       3.259940       3.482410    
   1.336040       1.342630       1.344990       1.350530       1.319490       1.317130       1.384830       1.364200       1.347370       1.326050       1.319450       1.327510       1.329260       1.337880       1.354010       1.379020       1.413760       1.462480       1.542310       1.658520       1.793040       1.939280       2.083760       2.247090       2.420250       2.603410       2.803680       3.008280       3.223560       3.449580    
   1.344240       1.347760       1.350530       1.329050       1.317130       1.377530       1.430630       1.411230       1.395260       1.383180       1.395610       1.389100       1.388130       1.393050       1.404210       1.415960       1.442300       1.474850       1.544140       1.665620       1.796670       1.935820       2.083860       2.241160       2.408170       2.585420       2.773510       2.980360       3.192670       3.436590    
   1.349150       1.350530       1.332240       1.317130       1.375100       1.430630       1.420930       1.412370       1.410820       1.453610       1.442460       1.436080       1.434810       1.439010       1.446560       1.463250       1.482360       1.521110       1.591400       1.699300       1.823910       1.951710       2.093570       2.244590       2.405160       2.575830       2.757290       2.950350       3.162130       3.381090    
   1.350530       1.333300       1.317130       1.374290       1.430630       1.425780       1.421310       1.424430       1.453610       1.448040       1.468260       1.484610       1.480080       1.484340       1.481900       1.501380       1.532400       1.576720       1.643950       1.735910       1.845890       1.968360       2.100980       2.233070       2.383100       2.543190       2.714010       2.896370       3.091170       3.315020    
   1.333650       1.317130       1.374020       1.430630       1.428210       1.425910       1.431280       1.453610       1.450820       1.479800       1.504580       1.524540       1.524830       1.516800       1.529580       1.550110       1.583770       1.628760       1.691260       1.772100       1.868790       1.978180       2.098200       2.227870       2.356620       2.504260       2.662240       2.831280       3.012150       3.214620    
   1.317130       1.373930       1.430630       1.429420       1.428250       1.434750       1.453610       1.452220       1.484670       1.514560       1.524540       1.524680       1.532770       1.564890       1.577960       1.598720       1.629050       1.676120       1.733120       1.804600       1.889540       1.986230       2.093240       2.209690       2.335200       2.469790       2.603160       2.756810       2.929890       3.103560    
   1.373900       1.430630       1.430020       1.429430       1.436510       1.453610       1.452910       1.486920       1.519550       1.524540       1.524610       1.536720       1.564890       1.571420       1.580520       1.601910       1.634630       1.679430       1.780780       1.832850       1.906980       1.991560       2.085650       2.188580       2.299930       2.419600       2.544200       2.691850       2.848700       2.993690    
   1.430630       1.430330       1.430030       1.437390       1.453610       1.453260       1.488000       1.522040       1.524540       1.524580       1.537690       1.564890       1.568160       1.572280       1.584620       1.605690       1.638660       1.759420       1.845040       1.857220       1.921100       1.994060       2.075550       2.161320       2.258600       2.363230       2.494760       2.614310       2.741160       2.876340    
   1.430480       1.430330       1.437840       1.453610       1.453440       1.488540       1.523290       1.524540       1.524560       1.537920       1.564890       1.566520       1.568440       1.575020       1.587530       1.609650       1.742420       1.851130       1.857220       1.901990       1.927640       1.989880       2.059560       2.136360       2.231050       2.327950       2.424380       2.525940       2.633090       2.746900    
   1.430480       1.438060       1.453610       1.453520       1.488810       1.523920       1.524540       1.524550       1.537980       1.564890       1.565710       1.566620       1.569990       1.577000       1.590730       1.741270       1.854170       1.857220       1.909480       1.930900       1.967930       1.987710       2.059560       2.123960       2.197190       2.274010       2.355120       2.439510       2.527180       2.619950    
   1.438180       1.453610       1.453570       1.488940       1.524230       1.524540       1.524540       1.537990       1.564890       1.565300       1.565740       1.567440       1.571200       1.708040       1.819090       1.912820       1.912550       1.927480       1.943830       1.947820       1.934160       2.000260       2.044140       2.099220       2.159590       2.224440       2.292410       2.361810       2.431330       2.493630    
   1.453610       1.453590       1.489010       1.524380       1.524540       1.524540       1.537990       1.564890       1.565090       1.565310       1.566160       1.568130       1.808260       2.096280       2.094420       1.998310       1.971750       1.967880       1.958980       1.952760       1.961490       1.984550       2.031400       2.075760       2.125900       2.181000       2.239170       2.297630       2.346390       2.398120    
   1.453600       1.489040       1.524460       1.524540       1.524540       1.537990       1.564890       1.564990       1.565100       1.565520       1.893520       2.384010       2.193900       2.098340       2.098150       2.094420       2.014510       1.975620       1.967880       1.967450       1.962630       1.985520       2.013270       2.055180       2.096810       2.145220       2.198080       2.245850       2.296290       2.339790    
   1.489060       1.524500       1.524540       1.524540       1.537990       1.564890       1.564940       1.564990       1.565200       1.958430       2.384010       2.384010       2.384010       2.196970       2.102460       2.101870       2.094420       2.020110       1.983350       1.967880       1.977810       1.990090       2.006970       2.031430       2.072520       2.117630       2.166130       2.221190       2.275270       2.325980    
   1.524520       1.524540       1.524540       1.537990       1.564890       1.564920       1.564940       1.905170       2.160630       2.384290       2.384010       2.384010       2.384010       2.384010       2.203260       2.111080       2.109330       2.094420       2.034780       1.998820       1.999320       2.000460       2.005290       2.019000       2.047100       2.095750       2.152570       2.215720       2.279980       2.344540    
   1.524540       1.524540       1.537990       1.564890       1.564900       2.193090       3.135240       3.030400       2.925550       2.565290       2.384850       2.384010       2.384010       2.384010       2.384010       2.216060       2.129490       2.124240       2.094420       2.078000       2.059910       2.041180       2.032530       2.013990       2.032130       2.080550       2.152800       2.228820       2.305760       2.383370    
   1.524540       1.537990       1.564890       1.564900       2.318850       3.135460       3.135460       3.135240       3.030400       2.925550       2.566750       2.386540       2.384010       2.384010       2.384010       2.384010       2.241430       2.169810       2.154050       2.131710       2.125600       2.089630       2.052400       2.020420       2.019660       2.077550       2.161820       2.261350       2.351060       2.438170    
