iMOD/TUTORIALS/TUT_MetaswapAnalyser/model_MetaSWAP/meteo/Precipitation/Precipitation_20050929_L1.ASC
NCOLS                30
NROWS                30
XLLCORNER     160000.00
YLLCORNER     340000.00
CELLSIZE        1000.00
NODATA_VALUE   -9999.00
   2.004790       1.963980       1.928100       1.892120       1.843660       1.765270       1.648030       1.510060       1.377880       1.318590       1.346830       1.400480       1.458870       1.525700       1.597320       1.692560       1.822420       1.938760       2.080300       2.246290       2.437460       2.647650       2.888410       3.150230       3.439660       3.749760       4.073920       4.397900       4.692750       4.901310    
   2.004670       1.948540       1.894380       1.833030       1.755460       1.656560       1.529690       1.378660       1.209560       1.128760       1.192560       1.247390       1.298310       1.360440       1.420650       1.517740       1.612270       1.724390       1.869860       2.047980       2.256170       2.488460       2.753620       3.043610       3.365880       3.716200       4.092280       4.486260       4.875030       5.184330    
   1.994490       1.925000       1.853050       1.769820       1.680620       1.571630       1.443950       1.302480       1.165290       1.096110       1.105140       1.132330       1.166000       1.200480       1.239220       1.310860       1.393960       1.509640       1.661940       1.850780       2.070710       2.320300       2.600150       2.913700       3.258040       3.634880       4.046750       4.493660       4.966960       5.446160    
   1.977790       1.897980       1.814580       1.718460       1.618930       1.507850       1.386740       1.264360       1.153640       1.084300       1.056070       1.046870       1.050920       1.057190       1.071730       1.114270       1.181790       1.291250       1.446760       1.645030       1.880050       2.140340       2.431250       2.755230       3.108270       3.492960       3.912090       4.368690       4.860060       5.387900    
   1.958330       1.871300       1.771990       1.676340       1.573700       1.464140       1.350400       1.238460       1.141680       1.066920       1.015490      0.9834100      0.9554000      0.9324700      0.9170800      0.9245000      0.9710200       1.072980       1.234130       1.443560       1.685690       1.959910       2.254130       2.574830       2.922560       3.295650       3.693720       4.106500       4.530070       4.893120    
   1.938700       1.835230       1.741350       1.643120       1.540220       1.433530       1.331630       1.220920       1.117390       1.045420      0.9819500      0.9275300      0.8772300      0.8282200      0.7741200      0.7471600      0.7619300      0.8575500       1.032340       1.256160       1.507090       1.782880       2.073110       2.385690       2.715890       3.060220       3.418260       3.771190       4.104910       4.359220    
   1.944860       1.811930       1.716480       1.617810       1.525200       1.420770       1.316450       1.191430       1.108580       1.028700      0.9560900      0.8880300      0.8207500      0.7504300      0.6651100      0.5979000      0.5595000      0.6591400      0.8644300       1.100140       1.354990       1.624040       1.905980       2.194590       2.498140       2.808790       3.113580       3.412160       3.673390       3.865490    
   1.921010       1.850160       1.710140       1.611500       1.510830       1.361080       1.271020       1.185380       1.099210       1.017650      0.9401100      0.8646800      0.7886300      0.7077800      0.6054200      0.5209600      0.4297000      0.5476900      0.7660500      0.9973400       1.239250       1.490780       1.750880       2.013030       2.284080       2.549450       2.814050       3.059680       3.266380       3.419380    
   1.923180       1.842840       1.742790       1.601660       1.440160       1.347950       1.261630       1.179480       1.095150       1.013790      0.9349900      0.8576600      0.7804200      0.6657400      0.6007100      0.5393000      0.5133600      0.5893700      0.7506300      0.9471700       1.160600       1.384610       1.615800       1.846420       2.076480       2.308240       2.529380       2.727320       2.896310       3.020040    
   1.912640       1.839950       1.741290       1.548750       1.429020       1.340010       1.262210       1.178500       1.096740       1.017270      0.9400300      0.8647900      0.7915700      0.6799300      0.6288200      0.5949100      0.5976800      0.6579100      0.7764000      0.9332400       1.112290       1.301200       1.499660       1.701100       1.890900       2.084450       2.263450       2.426510       2.562180       2.662440    
   1.916110       1.831290       1.667980       1.541940       1.452050       1.343930       1.262340       1.182100       1.103580       1.027220      0.9533300      0.8823700      0.7508300      0.6777600      0.6521700      0.6405100      0.6581300      0.7148700      0.8119700      0.9410400       1.091520       1.254810       1.424600       1.592380       1.759270       1.908380       2.055970       2.185890       2.292450       2.341840    
   1.914170       1.739330       1.541940       1.475600       1.452150       1.371880       1.290540       1.189650       1.114810       1.042220      0.9057000      0.8504000      0.7296600      0.7078900      0.6881900      0.6857400      0.7064600      0.7557400      0.8347500      0.9392200       1.061860       1.195590       1.330740       1.470040       1.606050       1.728030       1.844730       1.946220       2.028670       2.088930    
   1.797830       1.541940       1.482000       1.454200       1.456250       1.377720       1.300020       1.223710       1.042290      0.9714800      0.9177600      0.7811400      0.7539200      0.7323600      0.7185800      0.7196900      0.7387500      0.7800000      0.8446700      0.9308600       1.028850       1.136820       1.248180       1.359020       1.465910       1.565700       1.648350       1.724500       1.785410       1.829220    
   1.541940       1.483850       1.455220       1.456250       1.406720       1.386200       1.164120       1.104680       1.047350      0.9986700      0.9464800      0.7931300      0.7706200      0.7534000      0.7438000      0.7434700      0.7574000      0.7877100      0.8408800      0.9125500      0.9954100       1.082470       1.176920       1.264010       1.346260       1.421290       1.480860       1.534940       1.576610       1.604930    
   1.484450       1.455740       1.456250       1.416390       1.386200       1.240760       1.171970       1.115260       1.060820       1.009160      0.8437900      0.8187600      0.7971600      0.7803300      0.7697400      0.7602200      0.7684400      0.7854900      0.8256800      0.8955400      0.9650100       1.035550       1.104300       1.169320       1.228790       1.281120       1.325050       1.353830       1.378290       1.384040    
   1.455990       1.456250       1.419610       1.386200       1.266310       1.171970       1.143620       1.116020       1.015400      0.8763700      0.8519500      0.8297700      0.8107000      0.7956800      0.7849300      0.7814100      0.7899500      0.8005700      0.8298700      0.8780700      0.9308300      0.9831400       1.032200       1.076570       1.114970       1.146440       1.170470       1.186950       1.191300       1.193760    
   1.456250       1.420690       1.386200       1.274830       1.171970       1.157790       1.143870       1.037850      0.8763700      0.8641600      0.8533540      0.8388200      0.8199200      0.8070800      0.8136200      0.8069400      0.8046300      0.8139800      0.8350800      0.8666400      0.9025400      0.9378100      0.9696100      0.9966500       1.017090       1.030740       1.037630       1.038330       1.033790       1.023870    
   1.421050       1.386200       1.277670       1.171970       1.164880       1.157880       1.053970      0.8763700      0.8702650      0.8636170      0.8543400      0.8698600      0.8512700      0.8377800      0.8265600      0.8197700      0.8162400      0.8224400      0.8358100      0.8549400      0.8763800      0.8965600      0.9128500      0.9235700      0.9281900      0.9258000      0.9172200      0.9035900      0.8865800      0.8701900    
   1.386200       1.278610       1.171970       1.168430       1.164910       1.063270      0.8763700      0.8733170      0.8684420      0.8621000      0.8698600      0.8605650      0.8515050      0.8471100      0.8362700      0.8290700      0.8259700      0.8262800      0.8329000      0.8422000      0.8517600      0.8589600      0.8615800      0.8581300      0.8478900      0.8309600      0.8086000      0.7817900      0.7549700      0.7305000    
   1.278930       1.171970       1.170200       1.168430       1.068240      0.8763700      0.8748440      0.8707940      0.8659800      0.8698600      0.8652130      0.8572600      0.8471100      0.8416900      0.8374830      0.8304370      0.8271070      0.8283830      0.8290260      0.8287100      0.8286800      0.8250300      0.8159200      0.8000600      0.7769200      0.7468600      0.7147100      0.6781200      0.6279500      0.5922400    
   1.171970       1.171080       1.170200       1.070810      0.8763700      0.8756070      0.8719580      0.8679200      0.8698600      0.8675360      0.8598610      0.8471100      0.8444000      0.8420940      0.8365370      0.8316760      0.8286420      0.8242860      0.8218750      0.8150400      0.8074200      0.7950000      0.7761100      0.7526300      0.7182300      0.6763200      0.6192500      0.5690800      0.5198000      0.4760300    
   1.171530       1.171090       1.072120      0.8763700      0.8759880      0.8725370      0.8688900      0.8698600      0.8686980      0.8610920      0.8471100      0.8457550      0.8445350      0.8410100      0.8367690      0.8322850      0.8236200      0.8184570      0.8150400      0.8043570      0.7906100      0.7715700      0.7450200      0.7098100      0.6557300      0.6019200      0.5442000      0.4833600      0.4238000       0.000000    
   1.171530       1.072770      0.8763700      0.8761790      0.8728260      0.8693750      0.8698600      0.8692790      0.8616900      0.8471100      0.8464320      0.8458000      0.8437670      0.8407710      0.8366880      0.8151070      0.8167490      0.8150400      0.7844380      0.7731300      0.7575920      0.7481800      0.7061100      0.6638200      0.6110400      0.5503500      0.4831900      0.4123200       0.000000       0.000000    
   1.073110      0.8763700      0.8762750      0.8729710      0.8696170      0.8698600      0.8695700      0.8619850      0.8471100      0.8467710      0.8464470      0.8453330      0.8434460      0.7957540      0.7716770      0.7659360      0.7661100      0.7594240      0.7513130      0.7452250      0.7556500      0.7219500      0.6810200      0.6358800      0.5793300      0.5123000      0.4371800       0.000000       0.000000       0.000000    
  0.8763700      0.8763220      0.8730430      0.8697390      0.8698600      0.8697150      0.8621310      0.8471100      0.8469410      0.8467760      0.8461840      0.8450750      0.7609430      0.6606820      0.6617900      0.7097690      0.7149490      0.7171800      0.7291500      0.7355830      0.7348000      0.7015100      0.6674700      0.6202500      0.5601200      0.4881500      0.4071500       0.000000       0.000000       0.000000    
  0.8763460      0.8730790      0.8697990      0.8698600      0.8697870      0.8622040      0.8471100      0.8470250      0.8469420      0.8466340      0.7136030      0.5149900      0.6111360      0.6595000      0.6595740      0.6617900      0.6962280      0.7127180      0.7171800      0.7186120      0.7163000      0.6934600      0.6599100      0.6144500      0.5531800      0.4784100       0.000000       0.000000       0.000000       0.000000    
  0.8730970      0.8698300      0.8698600      0.8698240      0.8622400      0.8471100      0.8470680      0.8470260      0.8468670      0.6874320      0.5149900      0.5149900      0.5149900      0.6093720      0.6571360      0.6573590      0.6617900      0.6932230      0.7082550      0.7171800      0.7061700      0.6884100      0.6600700      0.6171500      0.5585300      0.4829000       0.000000       0.000000       0.000000       0.000000    
  0.8698450      0.8698600      0.8698420      0.8622580      0.8471100      0.8470890      0.8470680      0.6352400      0.5397220      0.5146370      0.5149900      0.5149900      0.5149900      0.5149900      0.6057890      0.6522580      0.6529280      0.6617900      0.6856650      0.6993300      0.6939600      0.6839200      0.6646800      0.6301100      0.5741600      0.5003800      0.4136600       0.000000       0.000000       0.000000    
  0.8698600      0.8698510      0.8622680      0.8471100      0.8470990      0.5082530       0.000000       0.000000       0.000000      0.3423720      0.5139300      0.5149900      0.5149900      0.5149900      0.5149900      0.5985510      0.6420570      0.6440650      0.6617900      0.6643600      0.6675900      0.6694000      0.6622000      0.6481300      0.6028400      0.5275200      0.4386300       0.000000       0.000000       0.000000    
  0.8698550      0.8622720      0.8471100      0.8471050      0.4404930       0.000000       0.000000       0.000000       0.000000       0.000000      0.3405670      0.5118110      0.5149900      0.5149900      0.5149900      0.5149900      0.5842290      0.6203170      0.6263400      0.6313300      0.6330700      0.6460700      0.6598300      0.6669900      0.6411300      0.5598100      0.4637200       0.000000       0.000000       0.000000    
