iMOD/TUTORIALS/TUT_MetaswapAnalyser/model_MetaSWAP/meteo/Precipitation/Precipitation_20051220_L1.ASC
NCOLS                30
NROWS                30
XLLCORNER     160000.00
YLLCORNER     340000.00
CELLSIZE        1000.00
NODATA_VALUE   -9999.00
  0.1202500      0.1268500      0.1329700      0.1367100      0.1330900      0.1130400       0.000000       0.000000       0.000000       0.000000       0.000000       0.000000       0.000000       0.000000       0.000000       0.000000      0.8997000E-01  0.1004400      0.1104100      0.1196700      0.1281100      0.1355400      0.1421300      0.1477100      0.1522600      0.1558200      0.1583400      0.1597600      0.1599800      0.1587400    
  0.1170800      0.1206000      0.1216200      0.1188400      0.1088300      0.8836000E-01   0.000000       0.000000       0.000000       0.000000       0.000000       0.000000       0.000000       0.000000       0.000000       0.000000      0.8920000E-01  0.1006400      0.1115800      0.1220400      0.1317700      0.1405000      0.1483800      0.1552300      0.1609900      0.1657500      0.1694600      0.1720900      0.1730500      0.1729900    
  0.1129600      0.1139300      0.1121700      0.1066100      0.9420000E-01   0.000000       0.000000       0.000000       0.000000       0.000000       0.000000       0.000000       0.000000       0.000000       0.000000       0.000000      0.8936000E-01  0.1014000      0.1133600      0.1249700      0.1357900      0.1457700      0.1549500      0.1629100      0.1698400      0.1757600      0.1801900      0.1841500      0.1868900      0.1886700    
  0.1092800      0.1085800      0.1051700      0.9875000E-01  0.8742000E-01   0.000000       0.000000       0.000000       0.000000       0.000000       0.000000       0.000000       0.000000       0.000000       0.000000       0.000000      0.9040000E-01  0.1028000      0.1156000      0.1283000      0.1404400      0.1517700      0.1617300      0.1702600      0.1782400      0.1852300      0.1912500      0.1963200      0.2003000      0.2034400    
  0.1065900      0.1049900      0.1018200      0.9500000E-01  0.8529000E-01   0.000000       0.000000       0.000000       0.000000       0.000000       0.000000       0.000000       0.000000       0.000000       0.000000      0.8103000E-01  0.9191000E-01  0.1044400      0.1181000      0.1319300      0.1455600      0.1577400      0.1685600      0.1783000      0.1871000      0.1948800      0.2016900      0.2073300      0.2121200      0.2153600    
  0.1050200      0.1040400      0.1001500      0.9418000E-01  0.8626000E-01   0.000000       0.000000       0.000000       0.000000       0.000000       0.000000       0.000000       0.000000       0.000000       0.000000      0.8442000E-01  0.9402000E-01  0.1067800      0.1217900      0.1369600      0.1515900      0.1645700      0.1760400      0.1864800      0.1957900      0.2040200      0.2113100      0.2174000      0.2224300      0.2257600    
  0.1089300      0.1036600      0.1002300      0.9530000E-01  0.9173000E-01  0.8434000E-01   0.000000       0.000000       0.000000       0.000000       0.000000       0.000000       0.000000       0.000000      0.8396000E-01  0.8941000E-01  0.9612000E-01  0.1096900      0.1269800      0.1437500      0.1586800      0.1720600      0.1840400      0.1944900      0.2040400      0.2125500      0.2198700      0.2263300      0.2315500      0.2351000    
  0.1078200      0.1122900      0.1052500      0.1010700      0.9599000E-01  0.9050000E-01  0.8558000E-01   0.000000       0.000000       0.000000       0.000000       0.000000      0.8224000E-01  0.8688000E-01  0.9359000E-01  0.9799000E-01  0.1017200      0.1168000      0.1354900      0.1521400      0.1669700      0.1802000      0.1920200      0.2023600      0.2118500      0.2201500      0.2277200      0.2342400      0.2393300      0.2434100    
  0.1144400      0.1146100      0.1118800      0.1046100      0.1008400      0.9679000E-01  0.9355000E-01  0.8998000E-01  0.8773000E-01  0.8692000E-01  0.8772000E-01  0.9010000E-01  0.9387000E-01  0.1021900      0.1061800      0.1118400      0.1193900      0.1316400      0.1472600      0.1623900      0.1762400      0.1887400      0.2000100      0.2099000      0.2188600      0.2271800      0.2346200      0.2408100      0.2464400      0.2508000    
  0.1167500      0.1175200      0.1154200      0.1118900      0.1058600      0.1030600      0.1009800      0.9881000E-01  0.9757000E-01  0.9753000E-01  0.9885000E-01  0.1015700      0.1056600      0.1158400      0.1207600      0.1269600      0.1349900      0.1469000      0.1602200      0.1735100      0.1859900      0.1972500      0.2076600      0.2171500      0.2253300      0.2332600      0.2401100      0.2466900      0.2524000      0.2570700    
  0.1171730      0.1165630      0.1153000      0.1163700      0.1143200      0.1090700      0.1082200      0.1070700      0.1067200      0.1074100      0.1093000      0.1125000      0.1242300      0.1333200      0.1351900      0.1423600      0.1507000      0.1610600      0.1721600      0.1832500      0.1938600      0.2037800      0.2130000      0.2214400      0.2291000      0.2361900      0.2432000      0.2496800      0.2555500      0.2620600    
  0.1169270      0.1163520      0.1163700      0.1187120      0.1196300      0.1182900      0.1182400      0.1146900      0.1151100      0.1164700      0.1266800      0.1296300      0.1425600      0.1424000      0.1477300      0.1550700      0.1635800      0.1728700      0.1828800      0.1926300      0.2018600      0.2105200      0.2182400      0.2259300      0.2332400      0.2399500      0.2465600      0.2528500      0.2587600      0.2642300    
  0.1166760      0.1163700      0.1204230      0.1220800      0.1245300      0.1252700      0.1249100      0.1250400      0.1363300      0.1345800      0.1368100      0.1454700      0.1489200      0.1535600      0.1587400      0.1658800      0.1739800      0.1826600      0.1916600      0.2002500      0.2080300      0.2155200      0.2226200      0.2293800      0.2358900      0.2422000      0.2480700      0.2540500      0.2599000      0.2655800    
  0.1163700      0.1211570      0.1233050      0.1245300      0.1268730      0.1308200      0.1443500      0.1444900      0.1452100      0.1426100      0.1452000      0.1553500      0.1588200      0.1633400      0.1688800      0.1748000      0.1824800      0.1902700      0.1980700      0.2057900      0.2127400      0.2192200      0.2279000      0.2341900      0.2402400      0.2461000      0.2515700      0.2572200      0.2628400      0.2684500    
  0.1214940      0.1239180      0.1245300      0.1274080      0.1308200      0.1411600      0.1483100      0.1491300      0.1504600      0.1524100      0.1684200      0.1701600      0.1727600      0.1762100      0.1804400      0.1824300      0.1888800      0.1955500      0.2025700      0.2102800      0.2174700      0.2236800      0.2294400      0.2348800      0.2401100      0.2452200      0.2503200      0.2552000      0.2604200      0.2652700    
  0.1242240      0.1245300      0.1275860      0.1308200      0.1400970      0.1483100      0.1487200      0.1493000      0.1570100      0.1760400      0.1769900      0.1786400      0.1810000      0.1840400      0.1870700      0.1913800      0.1978600      0.2024300      0.2077400      0.2136100      0.2190600      0.2246600      0.2294600      0.2339300      0.2382000      0.2424000      0.2466200      0.2509800      0.2553600      0.2602300    
  0.1245300      0.1276450      0.1308200      0.1397420      0.1483100      0.1485150      0.1487770      0.1577680      0.1760400      0.1765150      0.1841160      0.1861300      0.1871900      0.1899500      0.1984700      0.2014300      0.2035800      0.2074700      0.2117200      0.2161500      0.2203400      0.2241400      0.2275700      0.2316400      0.2349500      0.2381900      0.2415000      0.2449800      0.2487300      0.2530000    
  0.1276650      0.1308200      0.1396240      0.1483100      0.1484120      0.1485340      0.1577750      0.1760400      0.1762770      0.1867810      0.1944550      0.2027800      0.2033800      0.2027700      0.2048300      0.2071200      0.2083200      0.2113500      0.2145000      0.2176200      0.2205400      0.2231500      0.2254600      0.2275200      0.2302400      0.2324200      0.2346600      0.2370800      0.2398000      0.2430300    
  0.1308200      0.1395850      0.1483100      0.1483610      0.1484190      0.1576900      0.1760400      0.1761590      0.1880990      0.1986170      0.2027800      0.2030800      0.2044470      0.2088600      0.2103300      0.2119200      0.2135700      0.2141800      0.2162000      0.2180800      0.2197400      0.2211100      0.2222100      0.2231000      0.2238700      0.2246200      0.2262900      0.2275000      0.2290100      0.2308700    
  0.1395720      0.1483100      0.1483360      0.1483630      0.1576280      0.1760400      0.1760990      0.1887550      0.2006990      0.2027800      0.2029300      0.2047920      0.2088600      0.2095950      0.2103700      0.2119400      0.2132230      0.2146500      0.2165140      0.2176500      0.2180300      0.2181300      0.2179700      0.2176100      0.2171200      0.2166000      0.2161400      0.2157400      0.2152900      0.2164400    
  0.1483100      0.1483230      0.1483360      0.1575920      0.1760400      0.1760700      0.1890830      0.2017390      0.2027800      0.2028550      0.2048400      0.2088600      0.2092280      0.2096080      0.2106350      0.2118440      0.2132710      0.2155800      0.2170550      0.2164600      0.2155500      0.2143400      0.2128800      0.2112000      0.2094100      0.2075500      0.2046100      0.2030300      0.2017200      0.2009200    
  0.1483160      0.1483230      0.1575730      0.1760400      0.1760550      0.1892460      0.2022600      0.2027800      0.2028170      0.2048340      0.2088600      0.2090440      0.2092320      0.2098240      0.2106960      0.2119170      0.2147830      0.2167580      0.2164600      0.2148070      0.2124100      0.2098600      0.2070700      0.2040800      0.2006600      0.1969100      0.1937800      0.1906200      0.1875900      0.1847100    
  0.1483160      0.1575630      0.1760400      0.1760470      0.1893280      0.2025200      0.2027800      0.2027990      0.2048230      0.2088600      0.2089520      0.2090450      0.2093660      0.2099170      0.2108120      0.2123320      0.2166090      0.2164600      0.2114380      0.2098500      0.2073320      0.2062000      0.2016600      0.1970200      0.1908100      0.1858900      0.1815400      0.1769500      0.1722200      0.1677300    
  0.1575580      0.1760400      0.1760440      0.1893690      0.2026500      0.2027800      0.2027890      0.2048150      0.2088600      0.2089060      0.2089520      0.2091210      0.2094430      0.2094110      0.2086960      0.2076760      0.2076550      0.2063690      0.2050790      0.2046350      0.2072900      0.2009000      0.1908900      0.1858200      0.1806700      0.1754200      0.1699400      0.1640400      0.1576100      0.1503500    
  0.1760400      0.1760420      0.1893900      0.2027150      0.2027800      0.2027850      0.2048110      0.2088600      0.2088830      0.2089060      0.2089930      0.2091720      0.2087060      0.2076840      0.2075500      0.2038910      0.1987640      0.1988500      0.2000160      0.2007530      0.2019800      0.1905200      0.1837500      0.1773700      0.1711400      0.1650300      0.1588000      0.1520700      0.1441300      0.1352300    
  0.1760410      0.1894000      0.2027470      0.2027800      0.2027820      0.2048090      0.2088600      0.2088710      0.2088830      0.2089270      0.2252780      0.2496600      0.2218300      0.2078690      0.2078180      0.2075500      0.2015960      0.1986780      0.1988500      0.1958270      0.1929900      0.1848900      0.1766500      0.1686600      0.1614500      0.1548000      0.1483700      0.1415700      0.1336700      0.1242900    
  0.1894050      0.2027640      0.2027800      0.2027810      0.2048080      0.2088600      0.2088660      0.2088710      0.2088940      0.2284820      0.2496600      0.2496600      0.2496600      0.2221080      0.2082390      0.2080860      0.2075500      0.2013080      0.1985050      0.1988500      0.1894900      0.1794300      0.1692600      0.1597100      0.1514600      0.1446300      0.1389500      0.1327900      0.1260700      0.1184700    
  0.2027720      0.2027800      0.2027810      0.2048070      0.2088600      0.2088630      0.2088660      0.2371130      0.2485970      0.2496980      0.2496600      0.2496600      0.2496600      0.2496600      0.2227160      0.2090810      0.2086230      0.2075500      0.2003250      0.1981600      0.1868400      0.1744900      0.1618900      0.1502700      0.1420700      0.1348800      0.1297500      0.1252700      0.1205700      0.1155900    
  0.2027800      0.2027800      0.2048070      0.2088600      0.2088610      0.2565930      0.3281800      0.3250010      0.3218200      0.2738170      0.2497740      0.2496600      0.2496600      0.2496600      0.2496600      0.2240380      0.2110690      0.2096950      0.2075500      0.1967400      0.1839400      0.1694800      0.1569700      0.1421700      0.1303100      0.1239700      0.1210400      0.1188200      0.1163000      0.1135800    
  0.2027800      0.2048070      0.2088600      0.2088610      0.2661480      0.3281970      0.3281970      0.3281800      0.3250020      0.3218200      0.2740130      0.2500010      0.2496600      0.2496600      0.2496600      0.2496600      0.2268000      0.2159630      0.2118400      0.1998000      0.1910800      0.1722900      0.1518600      0.1314700      0.1167700      0.1131700      0.1136700      0.1137900      0.1129100      0.1117300    
