iMOD/TUTORIALS/TUT_MetaswapAnalyser/model_MetaSWAP/meteo/Precipitation/Precipitation_20050124_L1.ASC
NCOLS                30
NROWS                30
XLLCORNER     160000.00
YLLCORNER     340000.00
CELLSIZE        1000.00
NODATA_VALUE   -9999.00
   1.667500       1.599520       1.540360       1.487580       1.438480       1.380600       1.312810       1.240370       1.170290       1.122590       1.100660       1.085030       1.069200       1.055510       1.035230       1.012760       1.003740      0.9727100      0.9368200      0.8977900      0.8560800      0.8153100      0.7697300      0.7233700      0.6745100      0.6245600      0.5738700      0.5231000      0.4734900      0.4267000    
   1.692600       1.622000       1.553420       1.494260       1.438760       1.375480       1.305920       1.230490       1.150570       1.097580       1.089130       1.076960       1.061850       1.048250       1.027540       1.019100      0.9903400      0.9562100      0.9205100      0.8802500      0.8372500      0.7949100      0.7481400      0.7005700      0.6505800      0.5993200      0.5469300      0.4937800      0.4404100      0.3904600    
   1.702870       1.630920       1.564060       1.506210       1.436880       1.371380       1.302530       1.231060       1.161110       1.114760       1.092360       1.075150       1.058320       1.041400       1.019490       1.005110      0.9762000      0.9424200      0.9043000      0.8626800      0.8198300      0.7762000      0.7295600      0.6802400      0.6296100      0.5776500      0.5237000      0.4690300      0.4126100      0.3571500    
   1.704730       1.632410       1.564120       1.506250       1.440400       1.374140       1.307230       1.237790       1.177120       1.131550       1.102270       1.076840       1.056190       1.035550       1.012210      0.9919000      0.9631100      0.9287200      0.8894600      0.8465500      0.8011700      0.7566700      0.7107600      0.6606300      0.6102500      0.5587300      0.5059300      0.4517000      0.3955600      0.3389400    
   1.699950       1.628220       1.570850       1.503690       1.437930       1.373050       1.309360       1.242080       1.189220       1.145040       1.107680       1.081080       1.054010       1.028980       1.004390      0.9782200      0.9490200      0.9137600      0.8728800      0.8284300      0.7836000      0.7360900      0.6908600      0.6431100      0.5937500      0.5436500      0.4927700      0.4407300      0.3895400      0.3412300    
   1.690000       1.634230       1.565440       1.498880       1.434090       1.370960       1.307660       1.244120       1.188030       1.145590       1.109420       1.078170       1.048120       1.020640      0.9834900      0.9629500      0.9357800      0.8995800      0.8564800      0.8103700      0.7646700      0.7173800      0.6728400      0.6255800      0.5781300      0.5309700      0.4830300      0.4348900      0.3887800      0.3462700    
   1.695120       1.624810       1.557330       1.491960       1.425050       1.363910       1.305210       1.233160       1.185680       1.143280       1.105540       1.071770       1.040820       1.006600      0.9627300      0.9448900      0.9214500      0.8834000      0.8367600      0.7903700      0.7434600      0.6972100      0.6515400      0.6090600      0.5641100      0.5193300      0.4742400      0.4307700      0.3892300      0.3505000    
   1.699240       1.607810       1.542220       1.478670       1.416990       1.330920       1.275530       1.224890       1.178450       1.135610       1.096310       1.060130       1.026410      0.9873400      0.9336600      0.9173400      0.8993200      0.8586200      0.8110200      0.7643800      0.7191100      0.6750400      0.6319100      0.5922100      0.5503100      0.5080500      0.4672400      0.4273800      0.3891500      0.3532600    
   1.681220       1.593080       1.529500       1.467440       1.373350       1.318000       1.263510       1.213500       1.167120       1.123450       1.082380       1.043630       1.006740      0.9148300      0.8986000      0.8788800      0.8538900      0.8180700      0.7759900      0.7331400      0.6913000      0.6506500      0.6109700      0.5747200      0.5355200      0.4976000      0.4602200      0.4237000      0.3884400      0.3549400    
   1.665980       1.576910       1.515300       1.412600       1.357350       1.303120       1.247850       1.199260       1.152560       1.107770       1.064750       1.023220      0.9828100      0.8890000      0.8577600      0.8348600      0.8049100      0.7722200      0.7356200      0.6980700      0.6611500      0.6242400      0.5888300      0.5538200      0.5212600      0.4869100      0.4529000      0.4194100      0.3868200      0.3554500    
   1.659410       1.586060       1.474680       1.393930       1.339470       1.282510       1.231420       1.182930       1.135700       1.089660       1.044600       1.000230      0.8767800      0.8577000      0.8162400      0.7889200      0.7586100      0.7252700      0.6911800      0.6579500      0.6260600      0.5951200      0.5645800      0.5333300      0.5026300      0.4737300      0.4430200      0.4125500      0.3825800      0.3549100    
   1.660410       1.528520       1.393930       1.337400       1.321260       1.263620       1.212750       1.165300       1.117510       1.070240       1.026820      0.9792500      0.8515600      0.8148400      0.7749500      0.7438700      0.7105200      0.6768600      0.6453400      0.6173100      0.5916900      0.5668000      0.5409700      0.5149900      0.4882000      0.4636700      0.4359600      0.4080800      0.3802800      0.3527800    
   1.579170       1.393930       1.333600       1.308110       1.294960       1.243120       1.194480       1.146160       1.103300       1.055140       1.005960      0.8387300      0.8113900      0.7804400      0.7361000      0.7009900      0.6635000      0.6272800      0.5975600      0.5760300      0.5573900      0.5390600      0.5192200      0.4976200      0.4744700      0.4500900      0.4278300      0.4022200      0.3763500      0.3504300    
   1.393930       1.331010       1.301540       1.294960       1.254140       1.224330       1.183170       1.134480       1.085530       1.036180      0.9858900      0.8125800      0.7832900      0.7499900      0.7123300      0.6630800      0.6200300      0.5772300      0.5484700      0.5363900      0.5271000      0.5151600      0.4986900      0.4806200      0.4603900      0.4385200      0.4180500      0.3944400      0.3703600      0.3460200    
   1.329540       1.298250       1.294960       1.257810       1.224330       1.190710       1.164630       1.116440       1.067670       1.018060      0.8116700      0.7856900      0.7559700      0.7221300      0.6837400      0.6336400      0.5877300      0.5359200      0.5045900      0.5074400      0.5040200      0.4958600      0.4835800      0.4680200      0.4499100      0.4299000      0.4085500      0.3886900      0.3660100      0.3434400    
   1.296600       1.294960       1.259030       1.224330       1.193220       1.164630       1.140540       1.116250       1.004510      0.8158500      0.7928300      0.7665200      0.7366400      0.7029000      0.6631700      0.6220500      0.5736700      0.5311200      0.5044900      0.4977000      0.4929900      0.4844400      0.4729800      0.4584900      0.4415200      0.4226700      0.4024500      0.3813500      0.3618700      0.3399900    
   1.294960       1.259440       1.224330       1.194060       1.164630       1.152580       1.140470       1.019280      0.8158500      0.8043400      0.7750060      0.7513600      0.7185300      0.6870400      0.6587800      0.6192400      0.5717400      0.5382600      0.5140200      0.4998600      0.4898900      0.4796100      0.4673600      0.4517500      0.4348900      0.4163700      0.3966500      0.3761800      0.3553800      0.3368600    
   1.259580       1.224330       1.194340       1.164630       1.158610       1.152560       1.032050      0.8158500      0.8100950      0.7787160      0.7499150      0.7484700      0.7196600      0.6880800      0.6537700      0.6182000      0.5747700      0.5462300      0.5231300      0.5057300      0.4916900      0.4783700      0.4641700      0.4484500      0.4301700      0.4113300      0.3915100      0.3711800      0.3507900      0.3312200    
   1.224330       1.194430       1.164630       1.161620       1.158600       1.039770      0.8158500      0.8129730      0.7804650      0.7491920      0.7484700      0.7340650      0.7100750      0.6840900      0.6525800      0.6204400      0.5889700      0.5539100      0.5315200      0.5125000      0.4957500      0.4798100      0.4635200      0.4462300      0.4277500      0.4081900      0.3869300      0.3662200      0.3461500      0.3268500    
   1.194460       1.164630       1.163120       1.161620       1.043960      0.8158500      0.8144110      0.7813180      0.7488310      0.7484700      0.7412680      0.7191750      0.6840900      0.6683350      0.6523700      0.6206630      0.5877730      0.5581330      0.5287320      0.5194000      0.5008500      0.4828400      0.4646100      0.4456400      0.4257400      0.4049400      0.3840500      0.3630200      0.3419100      0.3209300    
   1.164630       1.163880       1.163120       1.046140      0.8158500      0.8151310      0.7817400      0.7486510      0.7484700      0.7448690      0.7232510      0.6840900      0.6762130      0.6682650      0.6471230      0.6202690      0.5888570      0.5447670      0.5228650      0.5263300      0.5065100      0.4868900      0.4669600      0.4466100      0.4252600      0.4030500      0.3805200      0.3576200      0.3351500      0.3140800    
   1.164250       1.163880       1.047250      0.8158500      0.8154900      0.7819500      0.7485600      0.7484700      0.7466690      0.7251700      0.6840900      0.6801510      0.6761890      0.6638670      0.6452190      0.6187490      0.5609640      0.5245980      0.5263300      0.5150500      0.5123100      0.4916000      0.4704000      0.4484400      0.4258000      0.4007500      0.3766300      0.3519800      0.3275800      0.3050700    
   1.164250       1.047810      0.8158500      0.8156700      0.7820550      0.7485150      0.7484700      0.7475700      0.7261000      0.6840900      0.6821210      0.6801430      0.6734020      0.6617580      0.6426120      0.5799690      0.5254640      0.5263300      0.5223140      0.5184200      0.5049720      0.4951800      0.4731300      0.4502900      0.4253100      0.4011000      0.3751600      0.3482500      0.3210700      0.2950200    
   1.048090      0.8158500      0.8157600      0.7821080      0.7484930      0.7484700      0.7480200      0.7265570      0.6840900      0.6831050      0.6821180      0.6785560      0.6717680      0.6569560      0.6129150      0.5496690      0.5494500      0.5387950      0.5268460      0.5294550      0.5245300      0.5012400      0.4765400      0.4534300      0.4289800      0.4030800      0.3756000      0.3465700      0.3162800      0.2867400    
  0.8158500      0.8158050      0.7821340      0.7484810      0.7484700      0.7482450      0.7267840      0.6840900      0.6835980      0.6831040      0.6812600      0.6774810      0.6617720      0.6505530      0.6500500      0.5934290      0.5740940      0.5725700      0.5459130      0.5326630      0.5343800      0.5060400      0.4829700      0.4592300      0.4341600      0.4075900      0.3792500      0.3488200      0.3168200      0.2817400    
  0.8158280      0.7821470      0.7484760      0.7484700      0.7483570      0.7268970      0.6840900      0.6838440      0.6835970      0.6826540      0.6952810      0.7172800      0.6731850      0.6510270      0.6510560      0.6500500      0.6001210      0.5756180      0.5725700      0.5489650      0.5390800      0.5152200      0.4903400      0.4667000      0.4414800      0.4150000      0.3868400      0.3569500      0.3239100      0.2875600    
  0.7821530      0.7484730      0.7484700      0.7484140      0.7269540      0.6840900      0.6839670      0.6838440      0.6833650      0.6992180      0.7172800      0.7172800      0.7172800      0.6738790      0.6519750      0.6520630      0.6500500      0.6022460      0.5786650      0.5725700      0.5498300      0.5256800      0.5004500      0.4746000      0.4508500      0.4252900      0.3986500      0.3703900      0.3397500      0.3071500    
  0.7484710      0.7484700      0.7484420      0.7269820      0.6840900      0.6840290      0.6839670      0.7181840      0.7262500      0.7173320      0.7172800      0.7172800      0.7172800      0.7172800      0.6752050      0.6538120      0.6540750      0.6500500      0.6076970      0.5847600      0.5620600      0.5376200      0.5119100      0.4858100      0.4593800      0.4376300      0.4140900      0.3891700      0.3627200      0.3358500    
  0.7484700      0.7484560      0.7269960      0.6840900      0.6840590      0.7458250      0.8385100      0.8300350      0.8215600      0.7521830      0.7174380      0.7172800      0.7172800      0.7172800      0.7172800      0.6776660      0.6573120      0.6581000      0.6500500      0.6234100      0.5950800      0.5651900      0.5318700      0.4961000      0.4722200      0.4512100      0.4328000      0.4121200      0.3902600      0.3685500    
  0.7484630      0.7270030      0.6840900      0.6840750      0.7582140      0.8385290      0.8385290      0.8385100      0.8300340      0.8215600      0.7524550      0.7177530      0.7172800      0.7172800      0.7172800      0.7172800      0.6819970      0.6637870      0.6661500      0.6399600      0.6065400      0.5777400      0.5468100      0.5149500      0.4871200      0.4684200      0.4527700      0.4384900      0.4207000      0.4028800    
