iMOD/TUTORIALS/TUT_MetaswapAnalyser/model_MetaSWAP/meteo/Precipitation/Precipitation_20060722_L1.ASC
NCOLS                30
NROWS                30
XLLCORNER     160000.00
YLLCORNER     340000.00
CELLSIZE        1000.00
NODATA_VALUE   -9999.00
   3.246950       3.128480       3.001240       2.872180       2.763820       2.692120       2.665180       2.641180       2.595910       2.547140       2.505100       2.453120       2.385290       2.304690       2.213100       2.115080       2.009210       1.906580       1.796180       1.683980       1.569780       1.451150       1.331560       1.217950       1.091160      0.9626200      0.8341300      0.7090300      0.5935700       0.000000    
   3.288470       3.186890       3.085450       2.981050       2.897240       2.828860       2.780000       2.730050       2.658720       2.594270       2.565500       2.517110       2.450310       2.368950       2.273660       2.168390       2.057470       1.936940       1.826440       1.708880       1.589400       1.465600       1.340250       1.219710       1.085860      0.9489100      0.8098100      0.6707000      0.5319200       0.000000    
   3.346900       3.258640       3.168890       3.091690       3.012220       2.944510       2.885110       2.823360       2.756470       2.693310       2.644110       2.588380       2.516990       2.428700       2.323910       2.210520       2.092450       1.972130       1.851230       1.729640       1.612420       1.484810       1.364550       1.229130       1.089440      0.9455900      0.7909500      0.6414000       0.000000       0.000000    
   3.407720       3.330370       3.252250       3.184580       3.112410       3.046290       2.983200       2.916420       2.857210       2.791150       2.729590       2.662490       2.582080       2.484090       2.372480       2.250340       2.124560       1.999210       1.875850       1.753020       1.628400       1.516350       1.380870       1.232390       1.090580      0.9446800      0.7949000      0.6413400       0.000000       0.000000    
   3.468340       3.399390       3.337360       3.267210       3.199720       3.134800       3.070680       3.007770       2.944220       2.877730       2.812490       2.732990       2.640210       2.531190       2.415180       2.281890       2.136930       2.006580       1.883010       1.761510       1.648950       1.519990       1.385580       1.251500       1.108250      0.9619000      0.8136300      0.6679900      0.5229800       0.000000    
   3.527200       3.470100       3.405400       3.340660       3.276630       3.213130       3.138620       3.086380       3.029620       2.964490       2.887700       2.800490       2.701140       2.583600       2.449170       2.300290       2.151190       2.019020       1.901750       1.785720       1.674260       1.545610       1.410360       1.270550       1.127660      0.9864200      0.8426000      0.7059200      0.5764200       0.000000    
   3.585550       3.526570       3.466770       3.405980       3.328360       3.268740       3.207310       3.164930       3.105800       3.034540       2.954880       2.863750       2.757780       2.635110       2.492110       2.326150       2.153530       2.026030       1.924820       1.824130       1.704540       1.575060       1.438490       1.297240       1.154360       1.012140      0.8771900      0.7452100      0.6275900      0.5291500    
   3.531580       3.555380       3.500540       3.445180       3.388270       3.280930       3.286410       3.233380       3.167930       3.095800       3.014730       2.921940       2.814380       2.688810       2.545050       2.372630       2.175330       2.060190       1.973120       1.864890       1.741990       1.608700       1.468840       1.325430       1.181930       1.045410      0.9091200      0.7820700      0.6679700      0.5728800    
   3.542840       3.603300       3.551910       3.497290       3.376430       3.324020       3.338360       3.286720       3.221250       3.148890       3.067650       2.975200       2.869060       2.752040       2.610520       2.452150       2.290190       2.155650       2.040200       1.918020       1.785520       1.645110       1.500100       1.353370       1.213380       1.071700      0.9368700      0.8110600      0.6995300      0.6039300    
   3.581530       3.647190       3.597400       3.462120       3.411120       3.359390       3.391400       3.331470       3.266140       3.194010       3.113450       3.022670       2.919870       2.811000       2.677740       2.535670       2.385470       2.247850       2.113100       1.974550       1.829920       1.681060       1.529910       1.379430       1.236660       1.094050      0.9580000      0.8333100      0.7208800      0.6226200    
   3.620000       3.608710       3.549030       3.489420       3.440770       3.441720       3.427800       3.368000       3.302800       3.231080       3.151540       3.062860       2.976040       2.897370       2.748810       2.610970       2.468270       2.319860       2.167590       2.011330       1.852280       1.692610       1.534570       1.384650       1.233600       1.091780      0.9578600      0.8339800      0.7215200      0.6310700    
   3.619680       3.566790       3.489420       3.483260       3.462370       3.469200       3.458290       3.396630       3.331400       3.259930       3.248590       3.151890       3.065800       2.922240       2.798230       2.664920       2.522070       2.372930       2.213560       2.048590       1.881640       1.715820       1.556150       1.398480       1.246990       1.102990      0.9674600      0.8415000      0.7259500      0.6214000    
   3.579600       3.489420       3.503650       3.501420       3.540480       3.535520       3.479770       3.419430       3.452320       3.368760       3.280090       3.170790       3.067550       2.955150       2.832910       2.700810       2.557660       2.402550       2.240510       2.069760       1.901780       1.733200       1.568480       1.409060       1.256110       1.110640      0.9735400      0.8453400      0.7265200      0.6172100    
   3.489420       3.513620       3.520950       3.540480       3.542310       3.550940       3.625070       3.554630       3.478360       3.410440       3.318620       3.193170       3.089180       2.976200       2.853450       2.719970       2.572780       2.414640       2.245000       2.078600       1.908370       1.739930       1.544290       1.382150       1.228120       1.082880      0.9476900      0.8209800      0.7034200      0.5944400    
   3.518560       3.530720       3.540480       3.544580       3.550940       3.608530       3.649590       3.577380       3.499280       3.414690       3.296180       3.200030       3.095580       2.981950       2.858140       2.722920       2.574560       2.408360       2.235230       2.053150       1.881160       1.708130       1.540320       1.379200       1.225840       1.080980      0.9450300      0.8187500      0.7002800      0.5909500    
   3.535600       3.540480       3.545330       3.550940       3.603020       3.649590       3.613480       3.575420       3.472220       3.397530       3.306560       3.207980       3.100950       2.984570       2.840880       2.704290       2.538490       2.381920       2.212560       2.038110       1.863830       1.700570       1.535270       1.375990       1.223920       1.079910      0.9445000      0.8178300      0.7001600      0.5897100    
   3.540480       3.545580       3.550940       3.601180       3.649590       3.631540       3.612830       3.514660       3.397530       3.352050       3.257300       3.210770       3.077590       2.958220       2.790720       2.657020       2.514300       2.357460       2.191350       2.020870       1.850110       1.681730       1.517760       1.368850       1.218280       1.075530      0.9412800      0.8159000      0.6994200      0.5918700    
   3.545670       3.550940       3.600570       3.649590       3.640560       3.631320       3.539140       3.397530       3.374790       3.271550       3.187210       3.163650       3.053460       2.893850       2.767870       2.631550       2.489170       2.333440       2.170340       2.003340       1.835730       1.670100       1.508460       1.352450       1.211570       1.070170      0.9372800      0.8135400      0.6994200      0.5951200    
   3.550940       3.600370       3.649590       3.645080       3.640490       3.552140       3.397530       3.386160       3.276590       3.175430       3.163650       3.108550       2.995820       2.872310       2.743790       2.605780       2.458420       2.310070       2.149560       1.985560       1.820820       1.657710       1.498230       1.344020       1.196430       1.056580      0.9318700      0.8096200      0.6977100      0.5970000    
   3.600300       3.649590       3.647330       3.645050       3.558810       3.397530       3.391840       3.278690       3.169540       3.163650       3.136100       3.035080       2.872310       2.808050       2.740630       2.602660       2.458090       2.306020       2.072410       1.967540       1.805300       1.644490       1.487000       1.334430       1.188130       1.049230      0.9173200      0.7963800      0.6983500      0.6024100    
   3.649590       3.648460       3.647330       3.562180       3.397530       3.394690       3.279660       3.166590       3.163650       3.149880       3.051790       2.872310       2.840180       2.807000       2.717110       2.600460       2.455590       2.148850       1.958430       1.949310       1.789160       1.630350       1.474660       1.321370       1.176520       1.038550      0.9250000      0.8015200      0.6886300      0.5888800    
   3.649030       3.648460       3.563870       3.397530       3.396110       3.280130       3.165120       3.163650       3.156760       3.059410       2.872310       2.856250       2.839830       2.788100       2.708190       2.591050       2.221620       1.953870       1.949310       1.835740       1.768750       1.612160       1.458580       1.309440       1.186580       1.047120      0.9144300      0.7892800      0.6735900      0.5708000    
   3.649020       3.564720       3.397530       3.396820       3.280360       3.164390       3.163650       3.160210       3.063030       2.872310       2.864280       2.856130       2.828060       2.778700       2.695780       2.276270       1.951590       1.949310       1.814570       1.745380       1.660670       1.597090       1.467220       1.318580       1.174810       1.036120      0.9030600      0.7755500      0.6549000      0.5449500    
   3.565150       3.397530       3.397170       3.280480       3.164020       3.163650       3.161930       3.064800       2.872310       2.868290       2.864240       2.849490       2.820960       2.594050       2.280090       1.909500       1.908930       1.826930       1.732700       1.727830       1.722010       1.603320       1.451770       1.304400       1.162650       1.026250      0.8941400      0.7650300      0.6384600      0.5189400    
   3.397530       3.397350       3.280530       3.163830       3.163650       3.162790       3.065670       2.872310       2.870300       2.868280       2.860670       2.844900       2.482720       2.074260       2.073670       1.946600       1.867990       1.868540       1.769510       1.724900       1.733660       1.578290       1.434840       1.289230       1.150680       1.018460      0.8902800      0.7629400      0.6355100       0.000000    
   3.397440       3.280560       3.163740       3.163650       3.163220       3.066110       2.872310       2.871310       2.870300       2.866420       2.633640       2.297180       2.149040       2.074840       2.074860       2.073670       1.935840       1.867430       1.868540       1.756780       1.719020       1.561370       1.409160       1.272460       1.138400       1.013390      0.8938400      0.7766900      0.6523400      0.5189500    
   3.280580       3.163700       3.163650       3.163430       3.066320       2.872310       2.871810       2.871300       2.869340       2.592940       2.297180       2.297180       2.297180       2.149860       2.076000       2.076040       2.073670       1.933710       1.866320       1.868540       1.705880       1.545080       1.390530       1.247280       1.124620       1.010510      0.9073100      0.8042100      0.6966300      0.5828400    
   3.163670       3.163650       3.163540       3.066430       2.872310       2.872060       2.871810       2.823980       2.623440       2.297310       2.297180       2.297180       2.297180       2.297180       2.151410       2.078300       2.078410       2.073670       1.926330       1.864100       1.697750       1.531720       1.371570       1.225740       1.103030       1.009300      0.9265500      0.8471800      0.7642100      0.6781400    
   3.163650       3.163600       3.066480       2.872310       2.872180       2.857790       2.836300       2.759870       2.683450       2.426310       2.297580       2.297180       2.297180       2.297180       2.297180       2.154130       2.082820       2.083160       2.073670       1.899000       1.720730       1.541030       1.362280       1.199100       1.080190       1.004210      0.9546200      0.9049600      0.8493200      0.7893800    
   3.163620       3.066510       2.872310       2.872250       2.855110       2.836460       2.836460       2.836300       2.759870       2.683450       2.427020       2.298390       2.297180       2.297180       2.297180       2.297180       2.158100       2.091630       2.092650       1.918170       1.729880       1.547240       1.360650       1.180620       1.048890       1.005660      0.9929800      0.9805600      0.9510000      0.9119700    
