iMOD/TUTORIALS/TUT_MetaswapAnalyser/model_MetaSWAP/meteo/Precipitation/Precipitation_20050131_L1.ASC
NCOLS                30
NROWS                30
XLLCORNER     160000.00
YLLCORNER     340000.00
CELLSIZE        1000.00
NODATA_VALUE   -9999.00
   5.110700       5.236780       5.368350       5.503990       5.641760       5.770040       5.887670       5.995400       6.082030       6.095220       6.024190       5.929860       5.835380       5.750590       5.665650       5.581940       5.493420       5.433620       5.379640       5.333460       5.294540       5.259060       5.232170       5.205280       5.187590       5.172540       5.158660       5.143920       5.125200       5.092500    
   5.125230       5.246770       5.374240       5.503920       5.635830       5.762520       5.885490       6.006120       6.126750       6.153180       6.039200       5.931460       5.828630       5.734890       5.646710       5.550820       5.478220       5.425260       5.373110       5.326820       5.287930       5.252630       5.225970       5.199980       5.182800       5.168670       5.156390       5.144400       5.141790       5.112560    
   5.128140       5.243740       5.362710       5.485970       5.610060       5.728750       5.843500       5.951130       6.037940       6.050920       5.980470       5.886090       5.786880       5.698560       5.616800       5.527960       5.456930       5.394460       5.340520       5.294750       5.259140       5.225180       5.195220       5.175410       5.159920       5.147860       5.151440       5.141030       5.125980       5.113730    
   5.122120       5.230150       5.340350       5.452490       5.561740       5.667550       5.766320       5.854880       5.911130       5.919510       5.876600       5.804160       5.719010       5.639860       5.560690       5.479070       5.410330       5.349880       5.297910       5.254150       5.217970       5.186300       5.160630       5.157170       5.142510       5.130740       5.120970       5.112300       5.100120       5.092100    
   5.108400       5.207720       5.308140       5.407270       5.503720       5.594630       5.675770       5.742880       5.781720       5.786990       5.750020       5.698140       5.632310       5.563520       5.487400       5.414670       5.357380       5.301420       5.253920       5.214400       5.177800       5.151760       5.128410       5.113890       5.101140       5.090780       5.081640       5.067040       5.056770       5.038340    
   5.088370       5.176590       5.266120       5.353650       5.437020       5.513340       5.581780       5.630430       5.648920       5.646140       5.625110       5.583790       5.528910       5.467660       5.407260       5.341110       5.280690       5.228740       5.185680       5.150430       5.118330       5.095820       5.075850       5.062410       5.051930       5.044330       5.035460       5.019610       5.005400       4.981550    
   5.059510       5.139450       5.218650       5.294760       5.370410       5.432400       5.483480       5.506800       5.519190       5.520160       5.501640       5.466510       5.419150       5.363880       5.313580       5.251020       5.193170       5.145940       5.108540       5.075460       5.051290       5.033000       5.019560       5.006990       4.999230       4.992240       4.977990       4.968040       4.953090       4.928160    
   5.033500       5.105860       5.173630       5.237920       5.296440       5.327800       5.368510       5.387660       5.401650       5.399470       5.381500       5.349720       5.307200       5.255820       5.214540       5.155420       5.099370       5.057240       5.023430       4.997340       4.978010       4.964580       4.955790       4.947450       4.943170       4.931940       4.926500       4.917330       4.904530       4.880260    
   5.006050       5.061140       5.120120       5.174240       5.198070       5.240460       5.271770       5.281730       5.289880       5.284450       5.265820       5.235460       5.195680       5.168970       5.113110       5.057660       5.007340       4.966830       4.935790       4.913840       4.899680       4.891860       4.888610       4.885380       4.878500       4.878190       4.875500       4.871470       4.857860       4.836590    
   4.968300       5.015430       5.065940       5.080900       5.122020       5.155830       5.166860       5.181180       5.184190       5.175490       5.155440       5.125170       5.086520       5.069600       5.010350       4.957440       4.911060       4.871540       4.843290       4.825970       4.817970       4.816240       4.819620       4.825220       4.821310       4.825490       4.829720       4.825780       4.815720       4.798380    
   4.964970       5.016560       5.044340       5.015110       5.048610       5.053280       5.077910       5.086410       5.084850       5.072990       5.051090       5.020050       5.022910       4.976230       4.919440       4.862370       4.811030       4.770370       4.743360       4.730290       4.728740       4.735060       4.745780       4.752280       4.767340       4.772860       4.778490       4.779150       4.773700       4.765920    
   4.964090       5.010250       5.015110       4.982550       4.978200       4.975330       4.994440       4.997720       4.992170       4.977370       4.971480       4.936690       4.938980       4.888070       4.821810       4.761620       4.707500       4.664680       4.640210       4.634460       4.642730       4.659020       4.676150       4.696180       4.714700       4.727000       4.737940       4.743560       4.742920       4.735320    
   4.974720       5.015110       4.954790       4.933240       4.888280       4.909410       4.916360       4.915550       4.932150       4.912300       4.884040       4.920750       4.862680       4.799790       4.729990       4.664710       4.603660       4.556020       4.532670       4.538600       4.557350       4.585010       4.614120       4.642090       4.667360       4.688830       4.702090       4.712900       4.717320       4.714760    
   5.015110       4.942240       4.910760       4.888280       4.879640       4.841240       4.877540       4.870960       4.856740       4.833920       4.804200       4.844510       4.785330       4.720950       4.652210       4.577840       4.507990       4.445790       4.423530       4.445170       4.483000       4.522450       4.528950       4.558590       4.585780       4.609890       4.628260       4.643990       4.654600       4.659480    
   4.936290       4.899520       4.888280       4.869720       4.841240       4.847900       4.824930       4.814700       4.797430       4.772980       4.835990       4.781660       4.721810       4.656830       4.587170       4.510780       4.434190       4.353780       4.323890       4.365980       4.406160       4.445650       4.482940       4.517890       4.550190       4.579400       4.604940       4.623960       4.640100       4.650780    
   4.893900       4.888280       4.866410       4.841240       4.838020       4.824930       4.819820       4.812350       4.802580       4.825200       4.776870       4.723400       4.665130       4.602500       4.534660       4.465690       4.382670       4.324960       4.304960       4.330930       4.369630       4.406210       4.445300       4.483140       4.519180       4.552810       4.583360       4.610090       4.630060       4.646820    
   4.888280       4.865310       4.841240       4.834730       4.824930       4.822370       4.819030       4.814990       4.825200       4.801030       4.729940       4.674140       4.616850       4.558100       4.475590       4.415530       4.360370       4.320450       4.305640       4.318110       4.346950       4.383000       4.421910       4.456230       4.494870       4.532320       4.567670       4.599970       4.628230       4.647870    
   4.864940       4.841240       4.833630       4.824930       4.823650       4.822110       4.820400       4.825200       4.813120       4.733680       4.662120       4.650100       4.594350       4.496700       4.441690       4.389660       4.346120       4.316190       4.304250       4.311260       4.332980       4.364090       4.400710       4.440430       4.476210       4.517160       4.557280       4.595360       4.630130       4.658770    
   4.841240       4.833270       4.824930       4.824290       4.823560       4.822840       4.825200       4.819160       4.735640       4.656110       4.650100       4.622220       4.551180       4.463560       4.414120       4.368840       4.330710       4.309780       4.299770       4.304400       4.321870       4.349240       4.383800       4.423380       4.466310       4.511150       4.551100       4.595360       4.635640       4.670610    
   4.833150       4.824930       4.824610       4.824260       4.823970       4.825200       4.822180       4.736640       4.653100       4.650100       4.636160       4.571770       4.463560       4.438840       4.415510       4.371220       4.336440       4.313420       4.298660       4.295520       4.310460       4.335350       4.368490       4.408240       4.453130       4.501720       4.549900       4.598520       4.623750       4.670620    
   4.824930       4.824770       4.824600       4.824510       4.825200       4.823690       4.737140       4.651600       4.650100       4.643130       4.580400       4.463560       4.451200       4.439300       4.408520       4.374390       4.340360       4.304410       4.289670       4.283830       4.297080       4.320320       4.352620       4.390320       4.437620       4.490500       4.517690       4.577490       4.638400       4.698040    
   4.824850       4.824770       4.824770       4.825200       4.824440       4.737400       4.650850       4.650100       4.646620       4.584300       4.463560       4.457380       4.451350       4.433010       4.407410       4.374430       4.317950       4.286750       4.283830       4.286190       4.277660       4.299820       4.331790       4.373140       4.396260       4.451750       4.515290       4.583900       4.655180       4.726150    
   4.824850       4.824900       4.825200       4.824820       4.737520       4.650480       4.650100       4.648360       4.586140       4.463560       4.460470       4.457430       4.447250       4.430590       4.404950       4.318870       4.285290       4.283830       4.253170       4.247650       4.261010       4.278750       4.285830       4.326800       4.378210       4.439800       4.510920       4.589350       4.672420       4.756560    
   4.824960       4.825200       4.825010       4.737590       4.650290       4.650100       4.649230       4.587040       4.463560       4.462020       4.460490       4.455050       4.445090       4.362870       4.282610       4.209010       4.209280       4.208700       4.207710       4.195020       4.217640       4.231180       4.261260       4.302240       4.356620       4.424050       4.503320       4.592400       4.688510       4.796020    
   4.825200       4.825110       4.737620       4.650190       4.650100       4.649660       4.587480       4.463560       4.462790       4.462020       4.459180       4.453540       4.320070       4.168710       4.168690       4.163580       4.132460       4.134730       4.164040       4.180450       4.172400       4.187230       4.231410       4.272560       4.329660       4.402760       4.490600       4.590830       4.707650       4.822060    
   4.825150       4.737630       4.650150       4.650100       4.649880       4.587700       4.463560       4.463170       4.462790       4.461330       4.357130       4.205450       4.180900       4.168650       4.168730       4.168690       4.143880       4.130180       4.134730       4.145980       4.151300       4.158320       4.179630       4.236800       4.296020       4.374900       4.471810       4.589380       4.711380       4.839610    
   4.737640       4.650120       4.650100       4.649990       4.587810       4.463560       4.463370       4.463170       4.462430       4.338430       4.205450       4.205450       4.205450       4.180810       4.168530       4.168760       4.168690       4.141920       4.125640       4.134730       4.125490       4.127240       4.143730       4.179640       4.255040       4.340120       4.451450       4.575720       4.709630       4.847520    
   4.650110       4.650100       4.650050       4.587870       4.463560       4.463460       4.463370       4.450670       4.359740       4.205540       4.205450       4.205450       4.205450       4.205450       4.180540       4.168140       4.168830       4.168690       4.138640       4.116540       4.101640       4.096260       4.104990       4.135030       4.194560       4.300980       4.422620       4.561070       4.707270       4.853810    
   4.650100       4.650070       4.587890       4.463560       4.463510       4.468880       4.476960       4.445340       4.413720       4.275130       4.205740       4.205450       4.205450       4.205450       4.205450       4.179810       4.166910       4.168970       4.168690       4.134580       4.106330       4.085950       4.071260       4.082160       4.141770       4.247900       4.395900       4.551900       4.711720       4.867870    
   4.650090       4.587910       4.463560       4.463540       4.470060       4.477060       4.477060       4.476960       4.445340       4.413720       4.275630       4.206310       4.205450       4.205450       4.205450       4.205450       4.178050       4.163050       4.169260       4.132190       4.083140       4.060030       4.042870       4.039830       4.083040       4.207000       4.371470       4.554540       4.731040       4.896720    
