iMOD/TUTORIALS/TUT_MetaswapAnalyser/model_MetaSWAP/meteo/Precipitation/Precipitation_20050111_L1.ASC
NCOLS                30
NROWS                30
XLLCORNER     160000.00
YLLCORNER     340000.00
CELLSIZE        1000.00
NODATA_VALUE   -9999.00
   1.844180       1.829870       1.816150       1.802130       1.783870       1.758690       1.722650       1.682350       1.648270       1.649720       1.692240       1.746570       1.800730       1.847060       1.893370       1.937900       1.965200       1.985340       2.004270       2.017080       2.025070       2.022830       2.024980       2.037040       2.038160       2.040690       2.045090       2.051230       2.057970       2.060720    
   1.843580       1.829440       1.814800       1.798500       1.777080       1.750750       1.716430       1.675410       1.629370       1.628330       1.697580       1.763710       1.827260       1.884150       1.937030       1.976820       2.013770       2.034360       2.046480       2.057180       2.062600       2.058700       2.058960       2.069100       2.070150       2.073760       2.080640       2.091000       2.110570       2.119090    
   1.842580       1.829140       1.814520       1.796320       1.777790       1.753990       1.725570       1.694760       1.670950       1.681180       1.733790       1.798750       1.866670       1.926330       1.980450       2.023760       2.061640       2.088390       2.104510       2.112020       2.106390       2.098590       2.105430       2.102060       2.101010       2.103450       2.117720       2.128470       2.142790       2.163260    
   1.842750       1.830520       1.817140       1.801070       1.784520       1.765880       1.746380       1.730500       1.726640       1.743690       1.786950       1.846330       1.912950       1.974260       2.034230       2.082560       2.121700       2.146450       2.157520       2.158350       2.153080       2.149240       2.134160       2.134660       2.129500       2.128200       2.131640       2.140610       2.154330       2.176420    
   1.844340       1.833810       1.821720       1.809850       1.797300       1.784780       1.774120       1.769230       1.776390       1.799880       1.846910       1.901770       1.964920       2.029240       2.091140       2.145880       2.190740       2.212420       2.215610       2.206960       2.206160       2.190530       2.167030       2.147650       2.137690       2.131850       2.130630       2.132090       2.140290       2.148560    
   1.847290       1.838890       1.830150       1.821380       1.813110       1.806380       1.801000       1.806460       1.827300       1.858010       1.897670       1.949560       2.010890       2.078320       2.149200       2.212360       2.258900       2.274470       2.263550       2.241100       2.227720       2.203800       2.174070       2.154780       2.139120       2.123020       2.115770       2.110070       2.109090       2.107030    
   1.854680       1.846380       1.840030       1.834330       1.826760       1.825480       1.828220       1.848740       1.872520       1.900610       1.939950       1.990070       2.049650       2.117160       2.194580       2.268100       2.329810       2.333450       2.299310       2.270430       2.236030       2.204810       2.177110       2.144750       2.123820       2.106500       2.090090       2.079150       2.067400       2.058040    
   1.865530       1.851750       1.846460       1.844080       1.843550       1.842620       1.865330       1.885410       1.905500       1.934250       1.972340       2.019700       2.075780       2.140720       2.217990       2.292930       2.372580       2.357640       2.311570       2.267330       2.227490       2.191840       2.160070       2.123680       2.098210       2.073260       2.053900       2.036700       2.023750       2.007530    
   1.867940       1.861600       1.859620       1.857320       1.854850       1.859980       1.887200       1.910230       1.931070       1.959020       1.994540       2.037570       2.087630       2.157910       2.213900       2.271070       2.313250       2.311020       2.279650       2.240120       2.201220       2.164860       2.131400       2.092490       2.060950       2.034630       2.010400       1.991330       1.969220       1.948150    
   1.876670       1.871480       1.870860       1.864710       1.867910       1.874530       1.914330       1.929450       1.949690       1.975570       2.007250       2.044490       2.086530       2.145930       2.189710       2.226120       2.243940       2.244670       2.223520       2.191670       2.156650       2.125860       2.092790       2.061140       2.019260       1.989720       1.965210       1.937540       1.910830       1.885230    
   1.875670       1.873000       1.870540       1.875090       1.879490       1.911700       1.928950       1.943550       1.962170       1.985010       2.011960       2.042500       2.096540       2.128180       2.142890       2.166860       2.179590       2.176380       2.159270       2.133390       2.103260       2.071450       2.039150       2.004680       1.976140       1.940790       1.909080       1.877850       1.847240       1.820250    
   1.875900       1.873570       1.875090       1.892110       1.888810       1.923380       1.940530       1.953240       1.969540       1.988760       2.017130       2.039870       2.085510       2.081540       2.102720       2.114090       2.115790       2.109040       2.093190       2.071870       2.046800       2.018950       1.989730       1.958340       1.925850       1.883700       1.849360       1.814930       1.780710       1.747100    
   1.875840       1.875090       1.899800       1.906940       1.925070       1.939380       1.948650       1.959970       1.981730       1.996850       2.012560       2.022030       2.038440       2.052010       2.062790       2.063660       2.056310       2.041910       2.026810       2.009880       1.989460       1.965650       1.938200       1.907750       1.874960       1.840420       1.795210       1.758110       1.720720       1.683480    
   1.875090       1.903990       1.916010       1.925070       1.936940       1.946360       1.965310       1.973940       1.983710       2.001480       2.011340       2.008740       2.018090       2.023680       2.023770       2.018060       2.002760       1.979900       1.960080       1.949650       1.934720       1.914210       1.875710       1.843780       1.809050       1.772310       1.726160       1.686880       1.647410       1.608180    
   1.906170       1.920540       1.925070       1.936120       1.946360       1.966360       1.987420       1.992700       1.998360       2.003970       1.993410       1.999150       2.002060       2.000810       1.993920       1.981470       1.958510       1.926180       1.901750       1.891050       1.878420       1.856230       1.828540       1.796460       1.761000       1.723020       1.683310       1.634550       1.593180       1.550860    
   1.922800       1.925070       1.935850       1.946360       1.966710       1.987420       1.990060       1.992830       1.994160       1.981630       1.985520       1.987260       1.985880       1.980300       1.967100       1.950170       1.921990       1.894330       1.870430       1.852790       1.832230       1.814300       1.785480       1.752250       1.715480       1.676030       1.634750       1.592420       1.542300       1.500200    
   1.925070       1.935760       1.946360       1.966830       1.987420       1.988740       1.990100       1.989670       1.981630       1.983570       1.980420       1.977380       1.969970       1.961360       1.938690       1.921360       1.899050       1.873850       1.849370       1.826210       1.801470       1.773070       1.740520       1.714290       1.675850       1.634750       1.591880       1.548170       1.504520       1.456720    
   1.935730       1.946360       1.966870       1.987420       1.988080       1.988750       1.987540       1.981630       1.982600       1.977960       1.973850       1.970320       1.962630       1.936620       1.922540       1.904800       1.882080       1.857510       1.832000       1.805700       1.777510       1.746240       1.711380       1.673020       1.641590       1.598570       1.553930       1.508760       1.464240       1.422870    
   1.946360       1.966880       1.987420       1.987750       1.988080       1.986500       1.981630       1.982120       1.976920       1.972080       1.970320       1.966480       1.948760       1.925450       1.910630       1.892720       1.872080       1.844720       1.818240       1.789890       1.759160       1.725400       1.688230       1.647710       1.604250       1.558570       1.521110       1.474180       1.429760       1.386590    
   1.966890       1.987420       1.987590       1.987750       1.985990       1.981630       1.981870       1.976440       1.971200       1.970320       1.968400       1.952750       1.925450       1.918040       1.909600       1.891810       1.869840       1.845010       1.800600       1.778520       1.745990       1.710250       1.671040       1.628410       1.582730       1.534730       1.483010       1.435230       1.380470       1.347030    
   1.987420       1.987500       1.987590       1.985740       1.981630       1.981750       1.976200       1.970760       1.970320       1.969360       1.954230       1.925450       1.921750       1.917700       1.906480       1.890420       1.868890       1.812420       1.775060       1.771610       1.737930       1.700760       1.659900       1.612600       1.564900       1.514530       1.454480       1.403110       1.354210       1.310500    
   1.987460       1.987500       1.985610       1.981630       1.981690       1.976090       1.970540       1.970320       1.969840       1.954840       1.925450       1.923600       1.921630       1.915310       1.904870       1.888600       1.823340       1.773340       1.771610       1.747010       1.731490       1.693850       1.652140       1.606330       1.547540       1.495840       1.440950       1.385730       1.332600       1.284710    
   1.987460       1.985550       1.981630       1.981660       1.976030       1.970430       1.970320       1.970080       1.955110       1.925450       1.924520       1.923560       1.920180       1.913930       1.902920       1.837160       1.772470       1.771610       1.754070       1.742150       1.714570       1.695910       1.646940       1.599620       1.548280       1.493160       1.434980       1.375350       1.316630       1.262620    
   1.985520       1.981630       1.981650       1.976000       1.970380       1.970320       1.970200       1.955240       1.925450       1.924990       1.924510       1.922750       1.919220       1.901610       1.858950       1.797720       1.796520       1.776380       1.753160       1.755510       1.752800       1.698780       1.655880       1.608790       1.556650       1.499710       1.438620       1.374550       1.309390       1.241270    
   1.981630       1.981640       1.975990       1.970350       1.970320       1.970260       1.955300       1.925450       1.925220       1.924980       1.924080       1.922160       1.896860       1.870010       1.869410       1.832560       1.824160       1.821430       1.781640       1.761840       1.758220       1.721830       1.672570       1.626460       1.574560       1.516920       1.453990       1.386610       1.311120       1.240000    
   1.981630       1.975980       1.970330       1.970320       1.970290       1.955330       1.925450       1.925330       1.925220       1.924760       1.938700       1.961130       1.900970       1.870720       1.870610       1.869410       1.840130       1.826890       1.821430       1.787780       1.774490       1.742320       1.704990       1.653070       1.602740       1.545800       1.482710       1.410160       1.338150       1.263590    
   1.975980       1.970330       1.970320       1.970300       1.955350       1.925450       1.925390       1.925330       1.925100       1.942190       1.961130       1.961130       1.961130       1.902020       1.872130       1.871810       1.869410       1.842800       1.832350       1.821430       1.796980       1.768670       1.735340       1.695660       1.641380       1.586610       1.521950       1.455180       1.386040       1.317280    
   1.970320       1.970320       1.970310       1.955360       1.925450       1.925420       1.925390       1.945010       1.955590       1.961150       1.961130       1.961130       1.961130       1.961130       1.904210       1.875160       1.874220       1.869410       1.848020       1.843270       1.823160       1.799950       1.772260       1.738160       1.695490       1.637080       1.577340       1.514150       1.450800       1.391520    
   1.970320       1.970320       1.955360       1.925450       1.925440       1.956220       2.002420       2.003310       2.004200       1.975550       1.961200       1.961130       1.961130       1.961130       1.961130       1.908740       1.881840       1.879020       1.869410       1.857970       1.845030       1.829890       1.817200       1.791110       1.752270       1.702420       1.641970       1.582860       1.525900       1.475240    
   1.970320       1.955360       1.925450       1.925440       1.962400       2.002440       2.002440       2.002420       2.003310       2.004200       1.975660       1.961330       1.961130       1.961130       1.961130       1.961130       1.917790       1.897090       1.888630       1.881330       1.888650       1.875380       1.861400       1.844420       1.816540       1.769910       1.715070       1.657590       1.605510       1.562080    
