iMOD/TUTORIALS/TUT_MetaswapAnalyser/model_MetaSWAP/meteo/Precipitation/Precipitation_20050408_L1.ASC
NCOLS                30
NROWS                30
XLLCORNER     160000.00
YLLCORNER     340000.00
CELLSIZE        1000.00
NODATA_VALUE   -9999.00
  0.3890900      0.3833300      0.3718200      0.3588600      0.3560400      0.3832200      0.4502800      0.5392600      0.6282300      0.6830200      0.6919100      0.6849300      0.6753500      0.6663800      0.6623700      0.6645900      0.6541600      0.6818300      0.7200900      0.7720200      0.8379200      0.9172700       1.010980       1.116110       1.236500       1.368540       1.509490       1.653750       1.790150       1.905880    
  0.3652500      0.3651900      0.3631200      0.3639700      0.3762800      0.4088400      0.4668900      0.5460100      0.6393500      0.6933600      0.6770900      0.6619400      0.6479900      0.6363500      0.6315200      0.6151700      0.6289300      0.6561500      0.7001500      0.7567200      0.8282700      0.9141600       1.015230       1.129020       1.259630       1.404660       1.563050       1.731610       1.898460       2.049790    
  0.3513700      0.3561800      0.3613300      0.3710700      0.3891900      0.4219000      0.4710400      0.5336100      0.5993500      0.6375300      0.6369800      0.6246200      0.6102200      0.5985100      0.5922600      0.5801600      0.5934800      0.6218100      0.6663800      0.7272500      0.8070800      0.8989200       1.004100       1.126480       1.264380       1.418370       1.586240       1.774160       1.983730       2.186900    
  0.3439000      0.3521200      0.3616000      0.3751200      0.3953500      0.4249700      0.4642000      0.5091800      0.5522800      0.5793300      0.5856600      0.5784700      0.5662600      0.5537600      0.5455500      0.5359800      0.5475200      0.5768200      0.6250500      0.6911100      0.7732700      0.8714600      0.9827600       1.106290       1.247280       1.404040       1.577520       1.768690       1.983190       2.203980    
  0.3405200      0.3507000      0.3620700      0.3767300      0.3961900      0.4213700      0.4515400      0.4842400      0.5128000      0.5312600      0.5379200      0.5323800      0.5201700      0.5058000      0.4940500      0.4845500      0.4912900      0.5211600      0.5740700      0.6461800      0.7314100      0.8321700      0.9460500       1.075670       1.215130       1.367750       1.533220       1.716470       1.895080       2.052870    
  0.3398500      0.3500000      0.3621900      0.3766200      0.3940800      0.4147200      0.4379300      0.4607400      0.4832000      0.4943100      0.4967300      0.4904900      0.4775200      0.4602500      0.4467400      0.4287000      0.4283500      0.4595000      0.5205600      0.6005600      0.6913600      0.7945800      0.9083700       1.032070       1.165820       1.311670       1.462030       1.621520       1.765180       1.879860    
  0.3431600      0.3504600      0.3623800      0.3757200      0.3913800      0.4077600      0.4246800      0.4450000      0.4569700      0.4637100      0.4633600      0.4557200      0.4415200      0.4218700      0.4077800      0.3772000      0.3596000      0.3956600      0.4712600      0.5578400      0.6533600      0.7564000      0.8670200      0.9855000       1.110520       1.240940       1.380960       1.509580       1.626800       1.715570    
  0.3621900      0.3565500      0.3635700      0.3753100      0.3878400      0.4000000      0.4180700      0.4288000      0.4368500      0.4401600      0.4377500      0.4292400      0.4148200      0.3949600      0.3841600      0.3483200      0.3115300      0.3572600      0.4403400      0.5285200      0.6219800      0.7211600      0.8260800      0.9366400       1.051040       1.174820       1.289610       1.397580       1.501610       1.569870    
  0.3665200      0.3590700      0.3687300      0.3746200      0.3838000      0.3941400      0.4094800      0.4167800      0.4217900      0.4228700      0.4193300      0.4109000      0.3977900      0.4081900      0.3792000      0.3531200      0.3423800      0.3725200      0.4357000      0.5132800      0.5988800      0.6906600      0.7875200      0.8885900      0.9983400       1.101020       1.199860       1.301850       1.376570       1.432260    
  0.3704600      0.3625500      0.3710500      0.3756300      0.3817900      0.3899300      0.4026100      0.4081900      0.4112000      0.4109800      0.4071200      0.3995800      0.3888300      0.4087000      0.3860400      0.3703900      0.3708900      0.3950300      0.4432100      0.5080000      0.5835900      0.6647600      0.7523700      0.8429800      0.9411300       1.030920       1.126940       1.201510       1.263080       1.308330    
  0.3639800      0.3680200      0.3715200      0.3768500      0.3836800      0.3889700      0.3987600      0.4027100      0.4044600      0.4036000      0.3999600      0.3937100      0.4351700      0.4166600      0.4002200      0.3891300      0.3912100      0.4109200      0.4490900      0.5029500      0.5684900      0.6420500      0.7206000      0.8066400      0.8984400      0.9720600       1.043690       1.106240       1.156870       1.197820    
  0.3636520      0.3700930      0.3768500      0.3835700      0.3847700      0.3912000      0.3996600      0.3999700      0.4009800      0.3999100      0.4047900      0.3987900      0.4442200      0.4278900      0.4112900      0.4019300      0.4031300      0.4186800      0.4502400      0.4969900      0.5554900      0.6217100      0.7039400      0.7774200      0.8493900      0.9164000      0.9777700       1.030200       1.071430       1.099740    
  0.3668520      0.3768500      0.3840690      0.3868750      0.3889800      0.3974100      0.4004700      0.4021800      0.4122000      0.4094100      0.4058200      0.4777300      0.4567000      0.4375400      0.4214300      0.4110300      0.4086300      0.4181200      0.4445900      0.4883300      0.5489600      0.6119500      0.6776200      0.7433100      0.8067500      0.8657400      0.9171000      0.9607300      0.9938500       1.015030    
  0.3768500      0.3844570      0.3879280      0.3889800      0.3956970      0.4007000      0.4154000      0.4161000      0.4154300      0.4135700      0.4101600      0.4873800      0.4670900      0.4483500      0.4320100      0.4188500      0.4112500      0.4112900      0.4320600      0.4804500      0.5365400      0.5958700      0.6516800      0.7096300      0.7647600      0.8153100      0.8587800      0.8948500      0.9213100      0.9369000    
  0.3846850      0.3884540      0.3889800      0.3951260      0.4007000      0.4137400      0.4251200      0.4253700      0.4244100      0.4222800      0.5247400      0.5032100      0.4826300      0.4634100      0.4459700      0.4301800      0.4172400      0.4061600      0.4202100      0.4727800      0.5273300      0.5816200      0.6351800      0.6868400      0.7352900      0.7790900      0.8167700      0.8461000      0.8672900      0.8752800    
  0.3887170      0.3889800      0.3949350      0.4007000      0.4131870      0.4251200      0.4252450      0.4249670      0.4578120      0.5591900      0.5377400      0.5170300      0.4972800      0.4788200      0.4624500      0.4475800      0.4277400      0.4248200      0.4410300      0.4800000      0.5257400      0.5749800      0.6219600      0.6670100      0.7089500      0.7465300      0.7785400      0.8037700      0.8205200      0.8291100    
  0.3889800      0.3948720      0.4007000      0.4130020      0.4251200      0.4251820      0.4251110      0.4668040      0.5591900      0.5484650      0.5333300      0.5325900      0.5145300      0.4974200      0.4644000      0.4555800      0.4505300      0.4531500      0.4685200      0.4972900      0.5338300      0.5732900      0.6130200      0.6546700      0.6909200      0.7233300      0.7508000      0.7723500      0.7871100      0.7906800    
  0.3948510      0.4007000      0.4129410      0.4251200      0.4251510      0.4251380      0.4690720      0.5591900      0.5538280      0.5374860      0.5263450      0.5201000      0.5082900      0.4921700      0.4831700      0.4768700      0.4749100      0.4797900      0.4935500      0.5162200      0.5453000      0.5777300      0.6111300      0.6438000      0.6777700      0.7056400      0.7293500      0.7480600      0.7611400      0.7652400    
  0.4007000      0.4129200      0.4251200      0.4251360      0.4251360      0.4696380      0.5591900      0.5565090      0.5387650      0.5232230      0.5201000      0.5141950      0.5076300      0.5099600      0.5028000      0.4984900      0.4982500      0.5039200      0.5159400      0.5343300      0.5577200      0.5842200      0.6119900      0.6395400      0.6656500      0.6893100      0.7130600      0.7295800      0.7388100      0.7439900    
  0.4129130      0.4251200      0.4251280      0.4251310      0.4697750      0.5591900      0.5578490      0.5392450      0.5216610      0.5201000      0.5171470      0.5129710      0.5099600      0.5063800      0.5037500      0.4998470      0.5002200      0.5060370      0.5341800      0.5509100      0.5698700      0.5915200      0.6145000      0.6376100      0.6597900      0.6801400      0.6952100      0.7056900      0.7060100      0.7206100    
  0.4251200      0.4251240      0.4251260      0.4698060      0.5591900      0.5585200      0.5394530      0.5208810      0.5201000      0.5186240      0.5150450      0.5099600      0.5081700      0.5066970      0.5033260      0.5012720      0.5020340      0.5329180      0.5583550      0.5658000      0.5811800      0.5988300      0.6178100      0.6344700      0.6533600      0.6709700      0.6707600      0.6843300      0.6962700      0.7069000    
  0.4251220      0.4251230      0.4698110      0.5591900      0.5588550      0.5395510      0.5204900      0.5201000      0.5193620      0.5159320      0.5099600      0.5090650      0.5082760      0.5060640      0.5037650      0.5022110      0.5328210      0.5620780      0.5658000      0.5784430      0.5883500      0.6028400      0.6185800      0.6348900      0.6388200      0.6534600      0.6666100      0.6787400      0.6898300      0.6996200    
  0.4251220      0.4698120      0.5591900      0.5590220      0.5395980      0.5202950      0.5201000      0.5197310      0.5163380      0.5099600      0.5095130      0.5091000      0.5078020      0.5060350      0.5040130      0.5403820      0.5639390      0.5658000      0.5868760      0.5968150      0.6031060      0.6093300      0.6150900      0.6272500      0.6392400      0.6511200      0.6629300      0.6740700      0.6844100      0.6943700    
  0.4698110      0.5591900      0.5591060      0.5396220      0.5201980      0.5201000      0.5199150      0.5165320      0.5099600      0.5097360      0.5095240      0.5088050      0.5076450      0.5440770      0.5735330      0.5989230      0.5991750      0.6016290      0.6048390      0.6064450      0.6052800      0.6097300      0.6203200      0.6290000      0.6390200      0.6498600      0.6608900      0.6714600      0.6811300      0.6909500    
  0.5591900      0.5591480      0.5396330      0.5201490      0.5201000      0.5200080      0.5166270      0.5099600      0.5098480      0.5097400      0.5093550      0.5086580      0.5757200      0.6588480      0.6584600      0.6333880      0.6336550      0.6325500      0.6180820      0.6112570      0.6076100      0.6156700      0.6233100      0.6301100      0.6388900      0.6491600      0.6601800      0.6710100      0.6815600      0.6894200    
  0.5591690      0.5396390      0.5201240      0.5201000      0.5200540      0.5166740      0.5099600      0.5099040      0.5098490      0.5096480      0.5928590      0.7182700      0.6789680      0.6592270      0.6592350      0.6584600      0.6422600      0.6347600      0.6325500      0.6220750      0.6208800      0.6203200      0.6222400      0.6302600      0.6381900      0.6486200      0.6606400      0.6736800      0.6850300      0.6942000    
  0.5396420      0.5201120      0.5201000      0.5200770      0.5166970      0.5099600      0.5099320      0.5099050      0.5098000      0.6097790      0.7182700      0.7182700      0.7182700      0.6795300      0.6599850      0.6600100      0.6584600      0.6432710      0.6369700      0.6325500      0.6272600      0.6239900      0.6234000      0.6263400      0.6363400      0.6477100      0.6624300      0.6779000      0.6928900      0.7065900    
  0.5201060      0.5201000      0.5200880      0.5167080      0.5099600      0.5099460      0.5099320      0.5862120      0.6522860      0.7183150      0.7182700      0.7182700      0.7182700      0.7182700      0.6806290      0.6614840      0.6615600      0.6584600      0.6451030      0.6413900      0.6334100      0.6270900      0.6233700      0.6239100      0.6305000      0.6460700      0.6641200      0.6841100      0.7041700      0.7237800    
  0.5201000      0.5200940      0.5167140      0.5099600      0.5099530      0.6489080      0.8573300      0.8362700      0.8152100      0.7507060      0.7184050      0.7182700      0.7182700      0.7182700      0.7182700      0.6827530      0.6644330      0.6646600      0.6584600      0.6480100      0.6381200      0.6290700      0.6209800      0.6191000      0.6248800      0.6414200      0.6664200      0.6921700      0.7178700      0.7431900    
  0.5200970      0.5167170      0.5099600      0.5099560      0.6767290      0.8573720      0.8573710      0.8573300      0.8362710      0.8152100      0.7509410      0.7186760      0.7182700      0.7182700      0.7182700      0.7182700      0.6867500      0.6701800      0.6708600      0.6588400      0.6447500      0.6333500      0.6221600      0.6133300      0.6158200      0.6388400      0.6705800      0.7023100      0.7338900      0.7640600    
