iMOD/TUTORIALS/TUT_MetaswapAnalyser/model_MetaSWAP/meteo/Precipitation/Precipitation_20050814_L1.ASC
NCOLS                30
NROWS                30
XLLCORNER     160000.00
YLLCORNER     340000.00
CELLSIZE        1000.00
NODATA_VALUE   -9999.00
   8.871680       9.204320       9.549050       9.876410       10.11720       10.11100       9.818660       9.380570       8.973630       8.925180       9.308140       9.799950       10.28770       10.73020       11.10000       11.37270       11.55180       11.63610       11.60690       11.48910       11.30150       11.06390       10.79510       10.50960       10.21830       9.927050       9.636620       9.341140       9.024660       8.647420    
   8.896880       9.174100       9.409320       9.630690       9.760660       9.703900       9.452290       9.046350       8.538040       8.475170       9.136740       9.756530       10.33090       10.84120       11.27480       11.60940       11.82600       11.89070       11.87600       11.75020       11.55020       11.30190       11.02620       10.73980       10.45620       10.18210       9.920500       9.668460       9.390330       9.079180    
   8.860740       9.088930       9.292730       9.468130       9.493160       9.435470       9.250330       8.972830       8.707520       8.780640       9.273960       9.872660       10.47350       11.03580       11.51390       11.89050       12.13490       12.23140       12.18760       12.03070       11.81090       11.53300       11.23410       10.93500       10.64700       10.37790       10.10880       9.893960       9.691940       9.505930    
   8.805500       8.995240       9.157990       9.307370       9.354310       9.322220       9.220160       9.066290       9.010620       9.168290       9.568140       10.10140       10.70840       11.29340       11.82550       12.25400       12.52860       12.61750       12.53160       12.31640       12.02460       11.71070       11.37850       11.02820       10.72800       10.45480       10.21210       10.00180       9.815050       9.666920    
   8.742870       8.905280       9.089580       9.189720       9.245140       9.255560       9.237200       9.203490       9.280890       9.497290       9.920260       10.40840       10.96490       11.57110       12.16510       12.66470       12.96460       13.02480       12.85430       12.54130       12.16300       11.77490       11.40360       11.06550       10.74360       10.45250       10.19070       9.940210       9.716610       9.455200    
   8.678980       8.883330       9.005690       9.103690       9.175240       9.225820       9.264270       9.311960       9.561080       9.804650       10.16850       10.64520       11.18140       11.81520       12.47480       13.08050       13.47790       13.48560       13.16590       12.71400       12.23790       11.78550       11.37230       10.99310       10.64990       10.34690       10.05790       9.769040       9.486980       9.157230    
   8.821680       8.820820       8.935930       9.036340       9.111910       9.194340       9.286370       9.518330       9.699080       9.961960       10.32210       10.78130       11.33360       11.93710       12.65920       13.41460       14.03000       13.91260       13.33140       12.72200       12.16460       11.66630       11.22260       10.83030       10.47220       10.14290       9.816010       9.511510       9.196040       8.836100    
   8.791890       8.887850       8.858400       8.962000       9.061450       9.299320       9.416940       9.565200       9.763100       10.02780       10.37090       10.79780       11.31000       11.88920       12.57100       13.36110       14.22810       13.90370       13.14410       12.47900       11.90190       11.39960       10.95810       10.56840       10.20960       9.856690       9.534440       9.210390       8.873590       8.502010    
   8.747610       8.845230       8.942400       8.900090       9.174320       9.275900       9.405480       9.562300       9.759310       10.00830       10.31750       10.69130       11.13070       11.62680       12.16020       12.73760       13.14610       13.01910       12.51230       11.95640       11.44460       10.98960       10.58410       10.22030       9.860440       9.533900       9.210970       8.885530       8.537880       8.166670    
   8.713860       8.802500       8.894010       9.156000       9.132330       9.234960       9.364160       9.515190       9.696720       9.915600       10.17610       10.47900       10.82080       11.21900       11.55900       11.86840       12.04320       11.94580       11.62970       11.23190       10.83550       10.46530       10.12430       9.803690       9.482170       9.176150       8.869230       8.543800       8.199940       7.834830    
   8.711820       8.803460       8.993200       9.120280       9.200580       9.175070       9.295940       9.431740       9.587720       9.766770       9.969240       10.19190       10.46690       10.77160       10.92720       11.03670       11.02750       10.89630       10.66150       10.38420       10.10490       9.835590       9.573850       9.298440       9.037380       8.767340       8.476660       8.166910       7.835770       7.514180    
   8.711240       8.907190       9.120280       9.138440       9.151120       9.220860       9.313590       9.321820       9.446600       9.581360       9.868930       9.992850       10.15900       10.24830       10.23450       10.19250       10.07010       9.892910       9.706100       9.535670       9.379490       9.221470       9.039720       8.847260       8.631860       8.398580       8.133160       7.841250       7.523160       7.180860    
   8.839040       9.120280       9.114240       9.116460       9.081790       9.144250       9.221590       9.301080       9.566890       9.562320       9.628280       9.778330       9.779440       9.736330       9.596890       9.428390       9.192350       8.940410       8.777650       8.715330       8.677170       8.629080       8.543680       8.417170       8.250770       8.046780       7.814370       7.542030       7.238570       6.907130    
   9.120280       9.103860       9.099120       9.081790       9.097030       9.065040       9.358940       9.400390       9.434530       9.465440       9.468840       9.489300       9.416880       9.289980       9.092370       8.786190       8.433840       8.061980       7.882810       7.970170       8.074080       8.124190       8.097600       8.023480       7.897010       7.723830       7.515070       7.262170       6.974720       6.656420    
   9.099100       9.090460       9.081790       9.081290       9.065040       9.236650       9.285960       9.304690       9.310600       9.298720       9.412790       9.318340       9.180070       8.984850       8.718980       8.311880       7.895280       7.384200       7.147160       7.417530       7.621080       7.723790       7.750950       7.711720       7.614160       7.465140       7.270410       7.041400       6.769690       6.449360    
   9.086120       9.081790       9.076040       9.065040       9.195880       9.285960       9.295330       9.300420       9.314280       9.343120       9.252240       9.126960       8.958230       8.736560       8.462830       8.109500       7.711400       7.298630       7.113850       7.216180       7.347760       7.469520       7.502110       7.473630       7.388870       7.253330       7.072400       6.851220       6.601360       6.313710    
   9.081790       9.074290       9.065040       9.182290       9.285960       9.290640       9.293900       9.313290       9.343120       9.297680       9.164500       8.990560       8.828920       8.597090       8.412740       8.075060       7.692170       7.401840       7.244310       7.232260       7.280040       7.319170       7.320930       7.328890       7.245950       7.116630       6.944880       6.735370       6.493070       6.237430    
   9.073710       9.065040       9.177760       9.285960       9.288300       9.290170       9.310240       9.343120       9.320400       9.193010       9.050100       9.109640       8.894620       8.651910       8.377690       8.085390       7.763770       7.537430       7.390740       7.327070       7.311550       7.303400       7.275740       7.215250       7.167090       7.036960       6.869170       6.667720       6.437720       6.192660    
   9.065040       9.176260       9.285960       9.287130       9.288140       9.307960       9.343120       9.331760       9.209210       9.079870       9.109640       9.002130       8.827300       8.653010       8.408050       8.156150       7.915110       7.686210       7.545940       7.456120       7.399700       7.352910       7.295740       7.215350       7.105300       6.963770       6.841320       6.644170       6.430450       6.199610    
   9.175750       9.285960       9.286540       9.287080       9.306590       9.343120       9.337440       9.217700       9.094760       9.109640       9.055890       8.898020       8.653010       8.530530       8.405740       8.159770       7.919160       7.715750       7.612890       7.605560       7.523290       7.448070       7.365830       7.266000       7.142260       6.992170       6.819160       6.630170       6.409100       6.219740    
   9.285960       9.286250       9.286530       9.305830       9.343120       9.340280       9.222020       9.102200       9.109640       9.082760       8.929140       8.653010       8.591770       8.529760       8.365350       8.161550       7.931560       7.741300       7.688080       7.770610       7.672290       7.577220       7.475410       7.360640       7.223580       7.063520       6.880000       6.679280       6.464740       6.245040    
   9.286110       9.286250       9.305430       9.343120       9.341700       9.224200       9.105920       9.109640       9.096200       8.943640       8.653010       8.622390       8.591510       8.495630       8.352220       8.152820       7.866870       7.729350       7.770610       7.761910       7.842830       7.734940       7.619130       7.488910       7.335240       7.167080       6.976960       6.768320       6.547550       6.322930    
   9.286100       9.305230       9.343120       9.342410       9.225290       9.107780       9.109640       9.102920       8.950620       8.653010       8.637700       8.622300       8.569840       8.479790       8.333560       8.103980       7.749980       7.770610       7.981600       8.039770       7.971430       7.920840       7.792340       7.650160       7.483430       7.307850       7.107190       6.887440       6.654650       6.419420    
   9.305120       9.343120       9.342760       9.225830       9.108710       9.109640       9.106280       8.954050       8.653010       8.645360       8.637670       8.609950       8.557310       8.745260       8.665340       8.401570       8.397990       8.343260       8.284930       8.354100       8.236700       8.121850       7.974400       7.831460       7.667390       7.480120       7.269470       7.037420       6.788660       6.518860    
   9.343120       9.342940       9.226110       9.109170       9.109640       9.107960       8.955740       8.653010       8.649180       8.645350       8.630990       8.601640       9.026290       9.605410       9.597860       9.075300       9.056720       9.025380       8.653810       8.460920       8.471490       8.310120       8.193670       8.048260       7.879920       7.686540       7.467720       7.224770       6.948610       6.669840    
   9.343030       9.226240       9.109410       9.109640       9.108800       8.956590       8.653010       8.651100       8.649180       8.641840       9.371000       10.48850       9.906490       9.613530       9.612970       9.597860       9.248620       9.088070       9.025380       8.774840       8.674560       8.555770       8.421850       8.292580       8.123490       7.927040       7.703230       7.445250       7.172880       6.882570    
   9.226310       9.109520       9.109640       9.109220       8.957010       8.653010       8.652050       8.651100       8.647370       9.527800       10.48850       10.48850       10.48850       9.918510       9.629760       9.628070       9.597860       9.283160       9.150760       9.025380       8.927920       8.818680       8.693060       8.545950       8.396880       8.200280       7.970740       7.717770       7.447680       7.168050    
   9.109580       9.109640       9.109430       8.957220       8.653010       8.652530       8.652050       9.371030       9.947910       10.48910       10.48850       10.48850       10.48850       10.48850       9.942810       9.663330       9.658290       9.597860       9.358660       9.276140       9.191870       9.095890       8.983190       8.847190       8.691390       8.504970       8.273890       8.022630       7.760350       7.498980    
   9.109640       9.109540       8.957320       8.653010       8.652770       9.803340       11.52940       11.53150       11.53360       10.83850       10.49030       10.48850       10.48850       10.48850       10.48850       9.991350       9.733850       9.718720       9.597860       9.535250       9.465250       9.384830       9.327870       9.192100       9.023100       8.816990       8.597630       8.347270       8.092290       7.845070    
   9.109590       8.957380       8.653010       8.652890       10.03380       11.52970       11.52970       11.52940       11.53150       11.53360       10.84150       10.49380       10.48850       10.48850       10.48850       10.48850       10.08470       9.884980       9.839570       9.791410       9.820780       9.732950       9.636370       9.523960       9.373510       9.163220       8.922340       8.674300       8.427380       8.188950    
