iMOD/TUTORIALS/TUT_MetaswapAnalyser/model_MetaSWAP/meteo/Precipitation/Precipitation_20060120_L1.ASC
NCOLS                30
NROWS                30
XLLCORNER     160000.00
YLLCORNER     340000.00
CELLSIZE        1000.00
NODATA_VALUE   -9999.00
   3.048280       3.077440       3.105850       3.133080       3.157130       3.180840       3.199850       3.212410       3.213840       3.190350       3.138620       3.078950       3.018130       2.964310       2.908360       2.855340       2.805610       2.768740       2.732050       2.698700       2.667140       2.624560       2.591080       2.552610       2.514500       2.473440       2.429870       2.385000       2.341360       2.300990    
   3.037250       3.064430       3.090490       3.115210       3.136720       3.158030       3.175670       3.188850       3.197170       3.174950       3.110940       3.045330       2.980150       2.921310       2.861800       2.804140       2.754030       2.702260       2.666950       2.631000       2.597030       2.553530       2.517760       2.476960       2.436090       2.391750       2.343980       2.293430       2.238130       2.190430    
   3.025940       3.050280       3.073590       3.093300       3.111880       3.129030       3.142040       3.149190       3.146630       3.118930       3.065400       3.001900       2.935690       2.874560       2.809000       2.747460       2.693930       2.646910       2.605770       2.568810       2.539070       2.495630       2.455800       2.416330       2.373280       2.326130       2.270170       2.215190       2.154440       2.095890    
   3.012780       3.034040       3.053910       3.070360       3.086100       3.097950       3.104370       3.100980       3.089130       3.059250       3.011540       2.952540       2.888700       2.824080       2.758050       2.694190       2.638330       2.590700       2.550500       2.515120       2.481580       2.449370       2.404550       2.359550       2.315960       2.268110       2.215780       2.158900       2.095910       2.032290    
   2.998210       3.016280       3.031610       3.045840       3.056760       3.063130       3.063310       3.056670       3.037710       3.005050       2.966220       2.907630       2.841720       2.774340       2.706670       2.639700       2.578400       2.531000       2.493760       2.461960       2.427560       2.395370       2.352200       2.318170       2.274740       2.227110       2.175430       2.117850       2.061740       2.008930    
   2.982710       2.997890       3.010800       3.020910       3.027290       3.028750       3.024380       3.012510       3.005060       2.970610       2.922770       2.865090       2.799510       2.730470       2.657980       2.584820       2.521210       2.476100       2.445920       2.420570       2.391030       2.361420       2.320300       2.281980       2.239630       2.197280       2.147520       2.093330       2.042510       1.996260    
   2.964050       2.980800       2.990210       2.996570       2.999910       2.997130       2.988120       2.995400       2.970590       2.933300       2.886200       2.829940       2.765560       2.694210       2.620040       2.538850       2.463940       2.424970       2.407700       2.387430       2.364870       2.337400       2.305040       2.260340       2.218870       2.174080       2.123820       2.076110       2.031430       1.988170    
   2.928540       2.960560       2.971640       2.974580       2.973550       2.986400       2.986670       2.969200       2.940480       2.903240       2.857350       2.803090       2.741010       2.670910       2.598490       2.514810       2.426610       2.397880       2.388020       2.372610       2.351170       2.324140       2.292030       2.247710       2.206760       2.159550       2.114230       2.068400       2.026360       1.983560    
   2.915430       2.943330       2.947470       2.953300       2.973950       2.963850       2.963950       2.945730       2.916750       2.880320       2.836340       2.785020       2.726780       2.666970       2.596120       2.522520       2.456530       2.416370       2.395150       2.374510       2.350280       2.321520       2.288360       2.243460       2.198890       2.155650       2.111060       2.069510       2.024850       1.982410    
   2.901300       2.927140       2.929160       2.962540       2.956930       2.945170       2.949860       2.927530       2.899020       2.864080       2.822690       2.775110       2.721900       2.672080       2.607070       2.545440       2.491800       2.448620       2.415990       2.386890       2.356800       2.328330       2.292980       2.254530       2.201420       2.157850       2.116900       2.071680       2.027250       1.984540    
   2.908400       2.919200       2.942060       2.949410       2.941420       2.945280       2.936290       2.914180       2.886710       2.853760       2.815420       2.772050       2.736700       2.689460       2.635430       2.579330       2.527340       2.482730       2.443960       2.407900       2.371880       2.334470       2.295160       2.250910       2.211290       2.164210       2.118920       2.073650       2.029150       1.989840    
   2.907940       2.929770       2.949410       2.939550       2.929940       2.932920       2.924730       2.905170       2.879130       2.848460       2.827230       2.786150       2.755980       2.713220       2.659000       2.609100       2.562520       2.517710       2.476370       2.435990       2.395460       2.354180       2.311800       2.268340       2.223830       2.169990       2.123770       2.077820       2.032670       1.988850    
   2.921350       2.949410       2.940010       2.933680       2.937420       2.933510       2.917740       2.898060       2.897080       2.865420       2.831440       2.826810       2.780390       2.733030       2.683890       2.638790       2.595740       2.554370       2.510370       2.467310       2.422040       2.377320       2.332210       2.286560       2.240390       2.193850       2.138010       2.091200       2.045180       2.000360    
   2.949410       2.940600       2.935550       2.937420       2.933220       2.928740       2.943800       2.923230       2.899090       2.869660       2.839080       2.839910       2.797280       2.754030       2.711000       2.667650       2.628630       2.589080       2.547440       2.498090       2.450380       2.402870       2.363000       2.316640       2.269800       2.222540       2.166270       2.118470       2.071200       2.024770    
   2.940980       2.936480       2.937420       2.933130       2.928740       2.944110       2.959780       2.939390       2.915780       2.889100       2.898010       2.859630       2.819900       2.779430       2.738890       2.696490       2.658260       2.621860       2.581110       2.535760       2.485290       2.438110       2.390750       2.343010       2.294850       2.246350       2.197690       2.140180       2.091840       2.051260    
   2.936950       2.937420       2.933100       2.928740       2.944210       2.959780       2.949580       2.938320       2.922250       2.944730       2.910700       2.875030       2.838090       2.800340       2.766830       2.728410       2.689910       2.651390       2.611510       2.569870       2.527250       2.471730       2.424380       2.376360       2.327710       2.278520       2.229010       2.179410       2.121020       2.072410    
   2.937420       2.933090       2.928740       2.944240       2.959780       2.954680       2.949230       2.938720       2.944730       2.927720       2.907780       2.891520       2.862920       2.827920       2.792650       2.755690       2.718360       2.680330       2.640870       2.599760       2.557170       2.513210       2.467890       2.405440       2.355780       2.305500       2.254850       2.204160       2.153790       2.095960    
   2.933080       2.928740       2.944250       2.959780       2.957230       2.954560       2.946840       2.944730       2.936220       2.920270       2.904210       2.916900       2.885260       2.852490       2.818260       2.782790       2.747230       2.710060       2.671240       2.630620       2.588200       2.544010       2.498120       2.450580       2.385770       2.334440       2.282660       2.230860       2.179540       2.129090    
   2.928740       2.944260       2.959780       2.958510       2.957190       2.950840       2.944730       2.940480       2.925730       2.910550       2.916900       2.901080       2.882880       2.876860       2.844460       2.810540       2.774970       2.740730       2.702740       2.662720       2.620590       2.576350       2.530050       2.481780       2.431720       2.380160       2.312260       2.259220       2.206640       2.155980    
   2.944260       2.959780       2.959140       2.958490       2.952820       2.944730       2.942600       2.928310       2.913730       2.916900       2.908990       2.894430       2.876860       2.860660       2.843950       2.809990       2.775410       2.739480       2.706700       2.696190       2.654510       2.610380       2.563810       2.514910       2.463880       2.411060       2.360290       2.306000       2.236770       2.172290    
   2.959780       2.959460       2.959140       2.953800       2.944730       2.943670       2.929570       2.915310       2.916900       2.912940       2.899290       2.876860       2.868760       2.860490       2.838200       2.809790       2.774960       2.733280       2.713660       2.731130       2.690080       2.646230       2.599550       2.553880       2.501700       2.447340       2.374930       2.318930       2.263780       2.210980    
   2.959620       2.959460       2.954280       2.944730       2.944200       2.930200       2.916110       2.916900       2.914920       2.901500       2.876860       2.872810       2.868700       2.855820       2.836160       2.807650       2.754310       2.722390       2.731130       2.717810       2.732220       2.688410       2.641440       2.591310       2.521010       2.467150       2.409180       2.350540       2.292540       2.236380    
   2.959620       2.954520       2.944730       2.944460       2.930510       2.916500       2.916900       2.915910       2.902550       2.876860       2.874840       2.872790       2.865780       2.853560       2.833210       2.794870       2.726760       2.731130       2.760440       2.769160       2.743020       2.727510       2.669760       2.617830       2.562820       2.504810       2.444680       2.383200       2.321730       2.262380    
   2.954640       2.944730       2.944600       2.930660       2.916700       2.916900       2.916410       2.903050       2.876860       2.875850       2.874830       2.871130       2.864040       2.901180       2.892110       2.849830       2.849470       2.831520       2.812450       2.823650       2.806100       2.760840       2.712510       2.660710       2.605080       2.545860       2.483560       2.419010       2.353440       2.293840    
   2.944730       2.944660       2.930740       2.916800       2.916900       2.916650       2.903310       2.876860       2.876350       2.875850       2.873940       2.870000       2.948790       3.053290       3.052160       2.969030       2.973250       2.967820       2.885740       2.844530       2.841200       2.797200       2.758100       2.706790       2.650900       2.590590       2.526360       2.459020       2.394180       2.322910    
   2.944700       2.930780       2.916850       2.916900       2.916780       2.903430       2.876860       2.876610       2.876350       2.875380       2.976280       3.130820       3.079960       3.054300       3.054420       3.052160       3.001240       2.978670       2.967820       2.906980       2.886280       2.844690       2.798850       2.755970       2.700280       2.639250       2.573520       2.508140       2.435910       2.361710    
   2.930800       2.916880       2.916900       2.916840       2.903490       2.876860       2.876730       2.876610       2.876110       2.997930       3.130820       3.130820       3.130820       3.081440       3.056330       3.056680       3.052160       3.006310       2.989520       2.967820       2.932620       2.893790       2.850480       2.801670       2.753130       2.691640       2.627680       2.557390       2.484800       2.412110    
   2.916890       2.916900       2.916870       2.903520       2.876860       2.876800       2.876730       2.965450       3.046460       3.130890       3.130820       3.130820       3.130820       3.130820       3.084200       3.060150       3.061200       3.052160       3.015720       3.011230       2.979090       2.943620       2.903730       2.857790       2.804150       2.748510       2.681140       2.609890       2.537900       2.468270    
   2.916900       2.916880       2.903540       2.876860       2.876830       3.013860       3.219450       3.225910       3.232360       3.164850       3.131020       3.130820       3.130820       3.130820       3.130820       3.089170       3.067080       3.070240       3.052160       3.031680       3.008160       2.981140       2.943710       2.912890       2.863820       2.802170       2.735200       2.662370       2.590810       2.523630    
   2.916890       2.903550       2.876860       2.876840       3.041280       3.219440       3.219440       3.219450       3.225910       3.232360       3.165190       3.131420       3.130820       3.130820       3.130820       3.130820       3.097590       3.078860       3.088310       3.070670       3.035360       3.016870       2.994550       2.966550       2.924800       2.861170       2.788040       2.709590       2.639450       2.574090    
