iMOD/TUTORIALS/TUT_MetaswapAnalyser/model_MetaSWAP/meteo/Precipitation/Precipitation_20050110_L1.ASC
NCOLS                30
NROWS                30
XLLCORNER     160000.00
YLLCORNER     340000.00
CELLSIZE        1000.00
NODATA_VALUE   -9999.00
   2.906730       2.821690       2.734700       2.641640       2.535810       2.390540       2.209620       2.016050       1.836560       1.719240       1.671700       1.643530       1.619000       1.595100       1.570700       1.555030       1.544930       1.521670       1.498620       1.476310       1.454790       1.437770       1.418050       1.403790       1.384520       1.365470       1.346400       1.326970       1.306680       1.284650    
   2.842750       2.749250       2.648230       2.541030       2.421110       2.271630       2.098670       1.910580       1.716590       1.597910       1.588760       1.576080       1.559570       1.547370       1.528170       1.520060       1.500470       1.473520       1.455010       1.437120       1.420180       1.407500       1.392400       1.382230       1.367610       1.353250       1.338990       1.324570       1.315650       1.297500    
   2.774170       2.674880       2.569160       2.459650       2.328230       2.182140       2.021680       1.854140       1.697080       1.595490       1.557540       1.537420       1.523070       1.505210       1.483320       1.471970       1.453850       1.436980       1.421660       1.407740       1.395400       1.386510       1.379960       1.368710       1.357680       1.346790       1.342820       1.330780       1.318360       1.304950    
   2.709310       2.606560       2.497510       2.385550       2.256940       2.118680       1.973980       1.830990       1.704570       1.611900       1.555770       1.522450       1.497870       1.474020       1.451430       1.436170       1.418470       1.403400       1.391020       1.380660       1.371560       1.368280       1.363060       1.362600       1.354160       1.345470       1.336530       1.327310       1.317760       1.307610    
   2.650030       2.546060       2.442210       2.325480       2.202370       2.074250       1.944820       1.821810       1.712420       1.625840       1.567150       1.521460       1.486910       1.456670       1.426920       1.405470       1.389830       1.376140       1.366920       1.360400       1.360950       1.355870       1.353670       1.347670       1.341750       1.335400       1.328640       1.321370       1.313260       1.303410    
   2.597090       2.498100       2.389870       2.277250       2.160930       2.042700       1.926660       1.816740       1.714380       1.640880       1.575210       1.523210       1.481640       1.443680       1.408060       1.380920       1.359020       1.345870       1.339910       1.336900       1.339660       1.337220       1.337090       1.333650       1.329580       1.324570       1.319360       1.313430       1.306330       1.297280    
   2.547260       2.450850       2.346070       2.238470       2.130230       2.020600       1.913700       1.807500       1.728550       1.649630       1.582970       1.527000       1.479060       1.437320       1.391880       1.358550       1.329890       1.318220       1.317310       1.321440       1.321660       1.320890       1.319230       1.319840       1.316970       1.313460       1.309320       1.304330       1.298010       1.290210    
   2.491380       2.405850       2.311050       2.208470       2.105330       1.991660       1.895850       1.817980       1.732850       1.656890       1.590360       1.532340       1.481160       1.435080       1.383770       1.346620       1.309960       1.301130       1.305210       1.307050       1.307640       1.307180       1.305860       1.306840       1.304500       1.301620       1.298130       1.293940       1.292250       1.284660    
   2.452800       2.370640       2.274340       2.182800       2.069950       1.975920       1.886920       1.817080       1.736520       1.663280       1.597550       1.538830       1.486110       1.420960       1.383070       1.347700       1.318730       1.304260       1.300090       1.298740       1.297550       1.295990       1.293980       1.294580       1.292160       1.289330       1.286150       1.286700       1.281470       1.275460    
   2.418510       2.340350       2.248230       2.134750       2.051270       1.962870       1.898620       1.816580       1.739870       1.669160       1.604660       1.546130       1.493030       1.424220       1.386800       1.354430       1.326440       1.310190       1.301070       1.295750       1.291970       1.286720       1.283240       1.279760       1.279710       1.276510       1.277680       1.273630       1.269340       1.264730    
   2.422470       2.335700       2.209270       2.113760       2.028610       1.988660       1.894330       1.816430       1.743060       1.674740       1.611700       1.553860       1.469320       1.437110       1.392980       1.360980       1.335240       1.314900       1.300130       1.289390       1.281170       1.274430       1.268580       1.263300       1.263560       1.259060       1.254990       1.251320       1.248070       1.252000    
   2.422050       2.270300       2.113760       2.050950       2.014670       1.975930       1.885390       1.816570       1.746170       1.680090       1.631320       1.572410       1.486230       1.435120       1.399520       1.367570       1.339960       1.318370       1.300540       1.286630       1.275510       1.266220       1.262110       1.255170       1.248810       1.246170       1.241390       1.237410       1.234350       1.232240    
   2.328740       2.113760       2.060550       2.030720       2.046770       1.956310       1.882510       1.811650       1.762750       1.702270       1.640050       1.521420       1.479980       1.441290       1.405770       1.373170       1.344070       1.318810       1.299390       1.283470       1.271930       1.260850       1.250880       1.241760       1.233440       1.226000       1.223030       1.218170       1.214780       1.213000    
   2.113760       2.064960       2.038740       2.046770       1.984670       1.950940       1.905860       1.835580       1.768280       1.708440       1.647360       1.526730       1.485920       1.447430       1.411380       1.378100       1.348210       1.319440       1.295560       1.280020       1.265390       1.252050       1.233340       1.220680       1.209170       1.199010       1.193810       1.187390       1.183200       1.181540    
   2.067060       2.042760       2.046770       1.994130       1.950940       1.927490       1.925660       1.855980       1.788920       1.724760       1.576980       1.534240       1.493390       1.454540       1.417720       1.385250       1.351470       1.319220       1.292660       1.271650       1.255260       1.237940       1.221510       1.206060       1.191780       1.178960       1.167980       1.162650       1.156770       1.152790    
   2.044760       2.046770       1.997280       1.950940       1.934700       1.925660       1.890820       1.856850       1.748760       1.625390       1.582080       1.540180       1.499810       1.461050       1.423610       1.388080       1.349590       1.319230       1.291720       1.267330       1.244380       1.228030       1.208300       1.189500       1.171880       1.155810       1.141750       1.130260       1.125230       1.120520    
   2.046770       1.998330       1.950940       1.937100       1.925660       1.908240       1.891110       1.780460       1.625390       1.603730       1.567910       1.546600       1.506270       1.467610       1.418290       1.384260       1.353240       1.322000       1.292720       1.265360       1.239340       1.214230       1.189950       1.173980       1.152700       1.132920       1.115200       1.100180       1.088570       1.090010    
   1.998680       1.950940       1.937900       1.925660       1.916950       1.908340       1.801300       1.625390       1.614560       1.577650       1.545940       1.545280       1.507370       1.458530       1.423120       1.388530       1.357590       1.325250       1.294160       1.264240       1.235230       1.206880       1.179140       1.152150       1.133470       1.109460       1.087420       1.068110       1.052390       1.046580    
   1.950940       1.938170       1.925660       1.921300       1.916980       1.812990       1.625390       1.619980       1.581700       1.545610       1.545280       1.526320       1.493870       1.464290       1.428690       1.393600       1.359000       1.329190       1.296360       1.264110       1.232270       1.200720       1.169410       1.138500       1.108290       1.079300       1.059090       1.034750       1.019330       1.006510    
   1.938260       1.925660       1.923480       1.921320       1.819170       1.625390       1.622680       1.583560       1.545440       1.545280       1.535800       1.507440       1.464290       1.446490       1.428860       1.393760       1.360600       1.328180       1.284660       1.265320       1.230860       1.196200       1.161340       1.126390       1.091670       1.057680       1.027020       1.004540      0.9827700      0.9644200    
   1.925660       1.924570       1.923490       1.822340       1.625390       1.624040       1.584450       1.545360       1.545280       1.540540       1.513200       1.464290       1.455390       1.446550       1.423040       1.394410       1.360850       1.301720       1.266820       1.268330       1.231480       1.193930       1.155640       1.118910       1.079380       1.039940       1.013540      0.9765500      0.9426300      0.9138200    
   1.925120       1.924570       1.823950       1.625390       1.624710       1.584900       1.545320       1.545280       1.542910       1.515830       1.464290       1.459840       1.455410       1.441660       1.421330       1.392760       1.318580       1.267580       1.268330       1.245910       1.237920       1.197390       1.155620       1.112590       1.074930       1.034780      0.9900300      0.9458800      0.9041800      0.8674500    
   1.925120       1.824760       1.625390       1.625050       1.585120       1.545300       1.545280       1.544100       1.517080       1.464290       1.462060       1.459850       1.452300       1.439470       1.418580       1.340830       1.267950       1.268330       1.253920       1.242410       1.220320       1.201500       1.164530       1.117870       1.071610       1.022250      0.9712700      0.9196700      0.8692900      0.8232500    
   1.825160       1.625390       1.625220       1.585230       1.545290       1.545280       1.544690       1.517690       1.464290       1.463180       1.462070       1.458070       1.450540       1.432570       1.380290       1.304410       1.303510       1.281380       1.255710       1.259020       1.246900       1.217890       1.168320       1.121070       1.070470       1.016670      0.9600600      0.9013600      0.8419400      0.7861100    
   1.625390       1.625310       1.585280       1.545290       1.545280       1.544980       1.517990       1.464290       1.463730       1.463180       1.461110       1.456890       1.436710       1.420770       1.419920       1.358510       1.341770       1.338690       1.290240       1.265710       1.271140       1.219450       1.179150       1.130010       1.076850       1.019690      0.9587500      0.8944200      0.8287800      0.7599400    
   1.625350       1.585310       1.545280       1.545280       1.545130       1.518130       1.464290       1.464010       1.463730       1.462670       1.483090       1.517140       1.453570       1.421600       1.421630       1.419920       1.368830       1.344840       1.338690       1.297550       1.279090       1.237260       1.191570       1.146150       1.091670       1.032630      0.9692500      0.9032100      0.8323600      0.7585400    
   1.585320       1.545280       1.545280       1.545210       1.518210       1.464290       1.464150       1.464010       1.463470       1.488760       1.517140       1.517140       1.517140       1.454790       1.423250       1.423330       1.419920       1.371870       1.351000       1.338690       1.301280       1.260380       1.215460       1.166030       1.115350       1.055990      0.9932100      0.9260300      0.8564900      0.7868800    
   1.545280       1.545280       1.545240       1.518250       1.464290       1.464220       1.464150       1.510670       1.524410       1.517210       1.517140       1.517140       1.517140       1.517140       1.457130       1.426490       1.426740       1.419920       1.377870       1.363300       1.327590       1.288530       1.245530       1.197870       1.145040       1.089930       1.027660      0.9627300      0.8975200      0.8356500    
   1.545280       1.545260       1.518260       1.464290       1.464260       1.553450       1.687280       1.669170       1.651050       1.561970       1.517350       1.517140       1.517140       1.517140       1.517140       1.461550       1.432800       1.433570       1.419920       1.389560       1.356510       1.320400       1.278920       1.235810       1.186300       1.130400       1.071720       1.009880      0.9495500      0.8943900    
   1.545270       1.518270       1.464290       1.464270       1.571330       1.687310       1.687310       1.687280       1.669170       1.651050       1.562340       1.517780       1.517140       1.517140       1.517140       1.517140       1.469520       1.444910       1.447220       1.419240       1.384310       1.352950       1.318470       1.280050       1.234840       1.180400       1.121780       1.063120       1.007680      0.9573800    
