iMOD/TUTORIALS/TUT_MetaswapAnalyser/model_MetaSWAP/meteo/Precipitation/Precipitation_20050812_L1.ASC
NCOLS                30
NROWS                30
XLLCORNER     160000.00
YLLCORNER     340000.00
CELLSIZE        1000.00
NODATA_VALUE   -9999.00
   2.142240       2.108920       2.088600       2.098070       2.182080       2.431440       2.883840       3.459720       4.026500       4.298160       4.173630       3.947960       3.731220       3.545680       3.431170       3.400670       3.478760       3.605100       3.829650       4.148520       4.559310       4.970070       5.536020       6.172860       6.877920       7.635270       8.422740       9.198120       9.879430       10.29430    
   2.296220       2.294010       2.328950       2.396410       2.547600       2.830210       3.266390       3.841930       4.534140       4.828300       4.440160       4.110800       3.834980       3.616690       3.471250       3.438150       3.465250       3.626160       3.852480       4.185150       4.615270       5.057380       5.654080       6.331070       7.088770       7.920810       8.818450       9.758650       10.59100       11.27810    
   2.476720       2.498110       2.552610       2.656640       2.839430       3.115870       3.499610       3.969370       4.452460       4.619450       4.397860       4.096660       3.817470       3.572900       3.419150       3.363690       3.381730       3.509360       3.750280       4.100300       4.544440       5.013960       5.630440       6.333360       7.121340       7.997470       8.882560       9.959200       11.09780       12.28090    
   2.650850       2.688360       2.759100       2.874180       3.050050       3.292870       3.595430       3.917900       4.216290       4.300800       4.178280       3.946440       3.681720       3.439880       3.254450       3.166490       3.169700       3.298660       3.556490       3.930910       4.405230       4.958500       5.519930       6.150220       6.935200       7.807850       8.776910       9.853190       11.01920       12.31970    
   2.811670       2.856940       2.930050       3.041350       3.194210       3.387020       3.604800       3.834530       3.991180       4.023930       3.877850       3.695190       3.464070       3.217580       3.023490       2.891220       2.845380       2.975100       3.258020       3.662400       4.150540       4.717250       5.267170       5.956800       6.703070       7.515380       8.393660       9.292200       10.24340       11.02180    
   2.956100       3.000920       3.070440       3.166430       3.288710       3.430910       3.555710       3.725170       3.717840       3.721570       3.635520       3.467350       3.252790       3.001850       2.749360       2.556070       2.484710       2.627590       2.967690       3.422680       3.938300       4.506500       5.041250       5.678200       6.353710       7.070110       7.803220       8.495840       9.149090       9.575590    
   3.086870       3.125190       3.184060       3.260450       3.320620       3.422140       3.515970       3.494210       3.536440       3.521880       3.433480       3.276520       3.064470       2.817290       2.525920       2.257490       2.074770       2.258940       2.703470       3.207190       3.739740       4.290410       4.857020       5.357820       5.939900       6.525730       7.060640       7.587430       8.007600       8.225650    
   3.501810       3.193050       3.238870       3.298720       3.364830       3.080300       3.323140       3.372730       3.394320       3.364370       3.276760       3.132560       2.937920       2.700910       2.408980       2.117220       1.808820       2.069160       2.573630       3.082070       3.589510       4.094890       4.597220       5.016940       5.492580       5.911450       6.330240       6.680710       6.963660       7.030860    
   3.579340       3.287550       3.323040       3.360300       2.955980       3.021240       3.253700       3.276670       3.280360       3.244020       3.163190       3.037920       2.872160       2.628390       2.425500       2.221140       2.108600       2.266130       2.634700       3.063330       3.501150       3.932680       4.351420       4.677060       5.007710       5.338020       5.617740       5.872120       5.967700       5.939900    
   3.689940       3.373500       3.396120       2.872110       2.915800       2.960950       3.175910       3.195150       3.189600       3.153860       3.085300       2.984660       2.856360       2.656350       2.522870       2.422280       2.406650       2.534380       2.792940       3.117440       3.460610       3.801050       4.124140       4.423480       4.575280       4.790220       4.997860       5.081360       5.077910       4.977840    
   3.574190       3.486520       3.121070       2.842530       2.876220       2.967210       3.115670       3.125150       3.116110       3.085480       3.032380       2.958790       2.789410       2.701950       2.645890       2.614780       2.656290       2.775890       2.969380       3.204630       3.452220       3.694020       3.919270       4.094860       4.308350       4.340230       4.398620       4.391900       4.311600       4.140220    
   3.574010       3.256080       2.842530       2.850380       2.829510       2.917640       3.064190       3.062890       3.053650       3.030110       2.959960       2.916980       2.782890       2.769020       2.759530       2.782430       2.850250       2.976630       3.124280       3.281480       3.436050       3.581720       3.726170       3.836240       3.914750       3.863980       3.844580       3.769120       3.632560       3.434670    
   3.324200       2.842530       2.846890       2.841380       2.853260       3.001990       3.009370       3.009490       2.953690       2.936290       2.918030       2.799330       2.798510       2.808560       2.840310       2.904010       3.003620       3.124480       3.249380       3.337900       3.403800       3.462530       3.511090       3.542250       3.547350       3.517700       3.356050       3.231170       3.056140       2.831620    
   2.842530       2.847500       2.847320       2.853260       2.935850       2.952290       2.890740       2.892690       2.890080       2.872920       2.866000       2.762240       2.781340       2.815430       2.873640       2.965260       3.106140       3.248530       3.329720       3.340510       3.321570       3.304560       3.242940       3.205470       3.149680       3.067500       2.877830       2.722440       2.528380       2.296220    
   2.848400       2.850290       2.853260       2.913800       2.952290       2.932180       2.953500       2.943650       2.931070       2.917000       2.771380       2.781560       2.800780       2.835480       2.893170       2.971870       3.101760       3.269520       3.346510       3.214980       3.142480       3.063710       2.989150       2.909540       2.816650       2.703400       2.564130       2.327900       2.128460       1.919720    
   2.851780       2.853260       2.906450       2.952290       2.945990       2.953500       2.948580       2.942740       2.869730       2.687200       2.694560       2.707010       2.728390       2.763260       2.784070       2.861920       2.962570       3.068910       3.095210       3.011680       2.906430       2.838720       2.743910       2.643570       2.531890       2.403580       2.254420       2.081590       1.826350       1.610190    
   2.853260       2.904000       2.952290       2.950590       2.953500       2.951040       2.948270       2.862060       2.687200       2.690880       2.632650       2.614370       2.589730       2.614930       2.651640       2.702100       2.758320       2.800350       2.795810       2.735860       2.645220       2.543140       2.435540       2.363690       2.244400       2.111890       1.963570       1.797930       1.614870       1.360920    
   2.903180       2.952290       2.952130       2.953500       2.952270       2.950940       2.862140       2.687200       2.689040       2.601610       2.537230       2.460090       2.464190       2.474600       2.492130       2.513740       2.532650       2.536410       2.511740       2.454840       2.373670       2.278030       2.173500       2.061670       1.979420       1.851320       1.711640       1.559950       1.397060       1.215190    
   2.952290       2.952640       2.953500       2.952880       2.952230       2.863140       2.687200       2.688120       2.587320       2.498660       2.460090       2.462140       2.430330       2.322430       2.319610       2.316370       2.307690       2.286820       2.247460       2.187850       2.110950       2.021520       1.923270       1.818050       1.706270       1.587710       1.492270       1.357980       1.207650       1.051450    
   2.952810       2.953500       2.953190       2.952870       2.863860       2.687200       2.687660       2.580420       2.479370       2.460090       2.461110       2.418750       2.322430       2.321020       2.319470       2.314560       2.303630       2.280660       2.075260       1.940410       1.865290       1.780980       1.689800       1.593200       1.491810       1.385800       1.251710       1.122150      0.9958700      0.9148200    
   2.953500       2.953350       2.953190       2.864280       2.687200       2.687430       2.577020       2.469730       2.460090       2.460600       2.415600       2.322430       2.321720       2.320970       2.318350       2.312550       2.299610       2.040080       1.827100       1.713780       1.639430       1.559340       1.475010       1.358910       1.271750       1.181670       1.057460      0.9649200      0.8729100      0.7840800    
   2.953420       2.953340       2.864500       2.687200       2.687310       2.575330       2.464910       2.460090       2.460350       2.414680       2.322430       2.322080       2.321710       2.320350       2.317290       2.310170       2.027290       1.770440       1.713780       1.582490       1.394270       1.323160       1.249640       1.174630       1.080180       1.004130      0.9236000      0.8434100      0.7641000      0.6853400    
   2.953420       2.864620       2.687200       2.687260       2.574490       2.462500       2.460090       2.460220       2.414390       2.322430       2.322250       2.322070       2.321380       2.319780       2.315940       1.928510       1.742110       1.713780       1.372520       1.216130       1.176280       1.131310       1.080830       1.008330      0.9338600      0.8641400      0.7957100      0.7273100      0.6585600      0.5914300    
   2.864680       2.687200       2.687230       2.574070       2.461300       2.460090       2.460150       2.414280       2.322430       2.322340       2.322250       2.321900       2.321080       1.901870       1.551860       1.250920       1.245690       1.153860       1.037760      0.9776900       1.037980      0.9946800      0.9286600      0.8587200      0.7950500      0.7359000      0.6787100      0.6207100      0.5599000       0.000000    
   2.687200       2.687210       2.573860       2.460690       2.460090       2.460120       2.414240       2.322430       2.322390       2.322340       2.322170       2.321740       1.567500      0.6483970      0.6504000      0.8456270      0.7649710      0.7776000      0.8676440      0.9194770      0.9174000      0.8527400      0.7862300      0.7223300      0.6671700      0.6185200      0.5727700       0.000000       0.000000       0.000000    
   2.687210       2.573750       2.460390       2.460090       2.460110       2.414220       2.322430       2.322410       2.322390       2.322300       1.631690      0.5960900      0.6274180      0.6442450      0.6463940      0.6504000      0.7214450      0.7523420      0.7776000      0.7958100      0.8030500      0.7213200      0.6503200      0.5959700      0.5486800       0.000000       0.000000       0.000000       0.000000       0.000000    
   2.573700       2.460240       2.460090       2.460100       2.414210       2.322430       2.322420       2.322410       2.322360       1.493710      0.5960900      0.5960900      0.5960900      0.6209410      0.6359410      0.6423880      0.6504000      0.7054370      0.7270850      0.7776000      0.6851900      0.6022100      0.5311000       0.000000       0.000000       0.000000       0.000000       0.000000       0.000000       0.000000    
   2.460170       2.460090       2.460090       2.414210       2.322430       2.322420       2.322420       1.874770       1.306610      0.5956810      0.5960900      0.5960900      0.5960900      0.5960900      0.6053380      0.6150340      0.6343750      0.6504000      0.6666630      0.6765700      0.5820200       0.000000       0.000000       0.000000       0.000000       0.000000       0.000000       0.000000       0.000000       0.000000    
   2.460090       2.460090       2.414210       2.322430       2.322430       1.647600      0.6353600      0.5836000      0.5319000      0.5736020      0.5948630      0.5960900      0.5960900      0.5960900      0.5960900      0.5678400      0.5603280      0.6183500      0.6504000      0.5620800       0.000000       0.000000       0.000000       0.000000       0.000000       0.000000       0.000000       0.000000       0.000000       0.000000    
   2.460090       2.414200       2.322430       2.322430       1.512650      0.6353810      0.6353810      0.6353600      0.5835410      0.5319000      0.5715570      0.5924100      0.5960900      0.5960900      0.5960900      0.5960900      0.4805680      0.4122330      0.5863000       0.000000       0.000000       0.000000       0.000000       0.000000       0.000000       0.000000       0.000000       0.000000       0.000000       0.000000    
