iMOD/TUTORIALS/TUT_MetaswapAnalyser/model_MetaSWAP/meteo/Precipitation/Precipitation_20061027_L1.ASC
NCOLS                30
NROWS                30
XLLCORNER     160000.00
YLLCORNER     340000.00
CELLSIZE        1000.00
NODATA_VALUE   -9999.00
  0.5356400      0.5135600      0.4934000      0.4767000      0.4680900      0.4748700      0.4992000      0.5311900      0.5620300      0.5836200      0.5937600      0.5994200      0.6026400      0.6068300      0.6088600      0.6162900      0.6269500      0.6337900      0.6373000      0.6413200      0.6458400      0.6473200      0.6521300      0.6584400      0.6628300      0.6666800      0.6697100      0.6717000      0.6724600      0.6706900    
  0.5501200      0.5309500      0.5128700      0.5015300      0.4983700      0.5060500      0.5251600      0.5518300      0.5818300      0.6019000      0.6063000      0.6097300      0.6125500      0.6206200      0.6233400      0.6327500      0.6346100      0.6335800      0.6387400      0.6401400      0.6417500      0.6406900      0.6426300      0.6460900      0.6480200      0.6496200      0.6505900      0.6506200      0.6426700      0.6404200    
  0.5646600      0.5480700      0.5350600      0.5272100      0.5227200      0.5296800      0.5445900      0.5651400      0.5872900      0.6035100      0.6107200      0.6150100      0.6210600      0.6258700      0.6280600      0.6352900      0.6365200      0.6364500      0.6353800      0.6338100      0.6368600      0.6332400      0.6339300      0.6334200      0.6330400      0.6325200      0.6241600      0.6235700      0.6206900      0.6183300    
  0.5784100      0.5638400      0.5528600      0.5461800      0.5451800      0.5501900      0.5606800      0.5719500      0.5876000      0.6003600      0.6091700      0.6154800      0.6212500      0.6262800      0.6297300      0.6356000      0.6367300      0.6354600      0.6322700      0.6280800      0.6238100      0.6258500      0.6200400      0.6094500      0.6077200      0.6063000      0.6048300      0.6028900      0.5989900      0.5954100    
  0.5906500      0.5774500      0.5668400      0.5608100      0.5591900      0.5620500      0.5688200      0.5781700      0.5884900      0.5975100      0.6039400      0.6102100      0.6151900      0.6199200      0.6266300      0.6315300      0.6282300      0.6248800      0.6183800      0.6106500      0.6042200      0.5978500      0.5909900      0.5913000      0.5881800      0.5855800      0.5831300      0.5789500      0.5760600      0.5722900    
  0.6010000      0.5871300      0.5776500      0.5714100      0.5686300      0.5692300      0.5726700      0.5782100      0.5770200      0.5883300      0.5950700      0.6009100      0.6063900      0.6114300      0.6144800      0.6203400      0.6222300      0.6172600      0.6072000      0.5960800      0.5869300      0.5786900      0.5705500      0.5655400      0.5617700      0.5619300      0.5590400      0.5546900      0.5517300      0.5481200    
  0.6064300      0.5949000      0.5853900      0.5784900      0.5742000      0.5726900      0.5732800      0.5636900      0.5729200      0.5779000      0.5826300      0.5871000      0.5915200      0.5963600      0.5979100      0.6063500      0.6119400      0.6040900      0.5886800      0.5749700      0.5631600      0.5538600      0.5467700      0.5398100      0.5358100      0.5327700      0.5285300      0.5264700      0.5258800      0.5227400    
  0.6141900      0.5998900      0.5904200      0.5827400      0.5771000      0.5538200      0.5545100      0.5606200      0.5624500      0.5645700      0.5667200      0.5689000      0.5712800      0.5738000      0.5722300      0.5805900      0.5901800      0.5781200      0.5597300      0.5444700      0.5324500      0.5233300      0.5166000      0.5101100      0.5065300      0.5020400      0.5001700      0.4985400      0.4997200      0.4964900    
  0.6179400      0.6038100      0.5934300      0.5849000      0.5524200      0.5484600      0.5467600      0.5506900      0.5495500      0.5486300      0.5477400      0.5468400      0.5460300      0.5335500      0.5377100      0.5409000      0.5411100      0.5324500      0.5185000      0.5055500      0.4952500      0.4876400      0.4822700      0.4770200      0.4726000      0.4709600      0.4698600      0.4724500      0.4707300      0.4687000    
  0.6205200      0.6061000      0.5949200      0.5536700      0.5469500      0.5410000      0.5431200      0.5387800      0.5347000      0.5306400      0.5264000      0.5218900      0.5171000      0.4992300      0.4970400      0.4946800      0.4890300      0.4805300      0.4701100      0.4605700      0.4532700      0.4479500      0.4447800      0.4429500      0.4386100      0.4381400      0.4416300      0.4411600      0.4406300      0.4398700    
  0.6200600      0.6071800      0.5756830      0.5480400      0.5395500      0.5424900      0.5323400      0.5254500      0.5185300      0.5113300      0.5036500      0.4953200      0.4677800      0.4672500      0.4574000      0.4484500      0.4380200      0.4270300      0.4172000      0.4099400      0.4055300      0.4033700      0.4027000      0.4014600      0.4057000      0.4041200      0.4048400      0.4056000      0.4063800      0.4100700    
  0.6203800      0.5877410      0.5480400      0.5379300      0.5312400      0.5325600      0.5202700      0.5113000      0.5017000      0.4915300      0.4881400      0.4750000      0.4428700      0.4296800      0.4159700      0.4016300      0.3868400      0.3731700      0.3638300      0.3595900      0.3591900      0.3608100      0.3646600      0.3672600      0.3696200      0.3699300      0.3716900      0.3733500      0.3750300      0.3767500    
  0.5975300      0.5480400      0.5377310      0.5320650      0.5328900      0.5190300      0.5080000      0.4966200      0.4954900      0.4816700      0.4665500      0.4244100      0.4112700      0.3957700      0.3772000      0.3574800      0.3371300      0.3197500      0.3098400      0.3101000      0.3149100      0.3208400      0.3263200      0.3309100      0.3346200      0.3376200      0.3383200      0.3405000      0.3427100      0.3451000    
  0.5480400      0.5377850      0.5324770      0.5328900      0.5201100      0.5084100      0.5098200      0.4955300      0.4803800      0.4641000      0.4464200      0.4009500      0.3847200      0.3657900      0.3439500      0.3187600      0.2924300      0.2672200      0.2568400      0.2634100      0.2741900      0.2837600      0.2975600      0.3044400      0.3096300      0.3135100      0.3146400      0.3169400      0.3190400      0.3212400    
  0.5378500      0.5326840      0.5328900      0.5204700      0.5084100      0.5074630      0.5041600      0.4878700      0.4705400      0.4519100      0.3972500      0.3812600      0.3627700      0.3414900      0.3171700      0.2894300      0.2585500      0.2242300      0.2096200      0.2308000      0.2458200      0.2581200      0.2674100      0.2742200      0.2790800      0.2824500      0.2848300      0.2849700      0.2865600      0.2891600    
  0.5327870      0.5328900      0.5205900      0.5084100      0.5066780      0.5041600      0.4960150      0.4875230      0.4516620      0.3963300      0.3812100      0.3639400      0.3443300      0.3222100      0.2973300      0.2701900      0.2442800      0.2169100      0.2060500      0.2152000      0.2277200      0.2361800      0.2439300      0.2494200      0.2530300      0.2551800      0.2563300      0.2569300      0.2558800      0.2566800    
  0.5328900      0.5206300      0.5084100      0.5064160      0.5041600      0.5000870      0.4958990      0.4578830      0.3963300      0.3887700      0.3660720      0.3501500      0.3300600      0.3081200      0.2902800      0.2650900      0.2403700      0.2203000      0.2102200      0.2107100      0.2162300      0.2224000      0.2274600      0.2279100      0.2293500      0.2295300      0.2288400      0.2277100      0.2265900      0.2241000    
  0.5206430      0.5084100      0.5063290      0.5041600      0.5021240      0.5000490      0.4625500      0.3963300      0.3925500      0.3668680      0.3444400      0.3387300      0.3191800      0.3063500      0.2841000      0.2617300      0.2408400      0.2241500      0.2137000      0.2095800      0.2094900      0.2108600      0.2120200      0.2122300      0.2084900      0.2062400      0.2033000      0.2000700      0.1970000      0.1941200    
  0.5084100      0.5063000      0.5041600      0.5031420      0.5021110      0.4652630      0.3963300      0.3944400      0.3672130      0.3415850      0.3387300      0.3289550      0.3165030      0.3017500      0.2812500      0.2611400      0.2426500      0.2273900      0.2162300      0.2091100      0.2048900      0.2020800      0.1994600      0.1963300      0.1923700      0.1876000      0.1797700      0.1742100      0.1686000      0.1636100    
  0.5062900      0.5041600      0.5036510      0.5031380      0.4667110      0.3963300      0.3953850      0.3673740      0.3401580      0.3387300      0.3338430      0.3214840      0.3017500      0.2915000      0.2813800      0.2616800      0.2437270      0.2287570      0.2138460      0.2085900      0.2012100      0.1949300      0.1889200      0.1826100      0.1757100      0.1681800      0.1598300      0.1512900      0.1452700       0.000000    
  0.5041600      0.5039050      0.5036490      0.4674580      0.3963300      0.3958580      0.3674530      0.3394440      0.3387300      0.3362860      0.3239520      0.3017500      0.2966250      0.2915430      0.2781870      0.2622620      0.2447210      0.2204980      0.2082500      0.2079100      0.1979900      0.1888300      0.1798700      0.1702600      0.1606300      0.1505100       0.000000       0.000000       0.000000       0.000000    
  0.5040330      0.5039050      0.4678360      0.3963300      0.3960940      0.3674910      0.3390870      0.3387300      0.3375080      0.3251790      0.3017500      0.2991880      0.2966390      0.2887850      0.2773310      0.2617230      0.2286940      0.2080800      0.2079100      0.2001730      0.1946200      0.1830800      0.1716100      0.1599100      0.1493700       0.000000       0.000000       0.000000       0.000000       0.000000    
  0.5040330      0.4680260      0.3963300      0.3962120      0.3675110      0.3389080      0.3387300      0.3381190      0.3257920      0.3017500      0.3004690      0.2991920      0.2948710      0.2875850      0.2759460      0.2371830      0.2079950      0.2079100      0.1977460      0.1923150      0.1847640      0.1787100      0.1672400      0.1531600       0.000000       0.000000       0.000000       0.000000       0.000000       0.000000    
  0.4681210      0.3963300      0.3962710      0.3675200      0.3388190      0.3387300      0.3384250      0.3260980      0.3017500      0.3011090      0.3004700      0.2981770      0.2938830      0.2785660      0.2488980      0.2103070      0.2101700      0.2014180      0.1912900      0.1905850      0.1900100      0.1774000      0.1617800      0.1456200       0.000000       0.000000       0.000000       0.000000       0.000000       0.000000    
  0.3963300      0.3963000      0.3675250      0.3387750      0.3387300      0.3385770      0.3262510      0.3017500      0.3014300      0.3011100      0.2999190      0.2975100      0.2765930      0.2560660      0.2558600      0.2265070      0.2127550      0.2124300      0.1977140      0.1909700      0.1911600      0.1744500      0.1572600       0.000000       0.000000       0.000000       0.000000       0.000000       0.000000       0.000000    
  0.3963150      0.3675280      0.3387520      0.3387300      0.3386540      0.3263270      0.3017500      0.3015900      0.3014300      0.3008200      0.3024800      0.3069300      0.2731910      0.2562750      0.2562720      0.2558600      0.2272440      0.2130800      0.2124300      0.1968700      0.1917400      0.1725500      0.1533000       0.000000       0.000000       0.000000       0.000000       0.000000       0.000000       0.000000    
  0.3675290      0.3387410      0.3387300      0.3386920      0.3263650      0.3017500      0.3016700      0.3015900      0.3012800      0.3037180      0.3069300      0.3069300      0.3069300      0.2734940      0.2566920      0.2566850      0.2558600      0.2276060      0.2137300      0.2124300      0.1921500      0.1715700      0.1509100       0.000000       0.000000       0.000000       0.000000       0.000000       0.000000       0.000000    
  0.3387360      0.3387300      0.3387110      0.3263840      0.3017500      0.3017100      0.3016700      0.3287720      0.3276130      0.3069670      0.3069300      0.3069300      0.3069300      0.3069300      0.2740820      0.2575310      0.2575100      0.2558600      0.2284050      0.2150300      0.1935800      0.1716400      0.1495400       0.000000       0.000000       0.000000       0.000000       0.000000       0.000000       0.000000    
  0.3387300      0.3387200      0.3263940      0.3017500      0.3017300      0.3626030      0.4539200      0.4322350      0.4105500      0.3415710      0.3070400      0.3069300      0.3069300      0.3069300      0.3069300      0.2751830      0.2592220      0.2591600      0.2558600      0.2303000      0.2044900      0.1785200      0.1525800       0.000000       0.000000       0.000000       0.000000       0.000000       0.000000       0.000000    
  0.3387250      0.3263990      0.3017500      0.3017400      0.3748220      0.4539670      0.4539670      0.4539200      0.4322340      0.4105500      0.3417640      0.3072610      0.3069300      0.3069300      0.3069300      0.3069300      0.2770690      0.2626470      0.2624600      0.2358500      0.2085000      0.1812500      0.1537400       0.000000       0.000000       0.000000       0.000000       0.000000       0.000000       0.000000    
