iMOD/TUTORIALS/TUT_MetaswapAnalyser/model_MetaSWAP/meteo/Precipitation/Precipitation_20050325_L1.ASC
NCOLS                30
NROWS                30
XLLCORNER     160000.00
YLLCORNER     340000.00
CELLSIZE        1000.00
NODATA_VALUE   -9999.00
  0.8441400      0.7727700      0.6971000      0.6248000      0.5718000      0.5724000      0.6322600      0.7205500      0.8034300      0.8345800      0.8007700      0.7506400      0.6994500      0.6428400      0.6146000      0.6208000      0.6272800      0.6657500      0.7357600      0.8356400      0.9651400       1.118750       1.301820       1.509770       1.738540       1.987790       2.256530       2.543570       2.846190       3.165340    
  0.9187600      0.8603200      0.8015400      0.7514700      0.7215800      0.7303300      0.7781100      0.8537000      0.9431700      0.9644800      0.8794900      0.7981400      0.7279400      0.6672100      0.6267000      0.6019800      0.6132100      0.6639000      0.7409500      0.8570700       1.007630       1.185350       1.393640       1.626820       1.879720       2.152120       2.443650       2.754500       3.063250       3.412000    
   1.015310      0.9696800      0.9269400      0.8913100      0.8744100      0.8848400      0.9201200      0.9712700       1.018940       1.009120      0.9323500      0.8403500      0.7606700      0.6738900      0.6195000      0.5854000      0.5916200      0.6397400      0.7330000      0.8705300       1.043110       1.249090       1.486240       1.743680       2.019220       2.311470       2.600420       2.931960       3.293070       3.667980    
   1.127860       1.094350       1.064460       1.041070       1.033480       1.041190       1.061390       1.080420       1.091100       1.057030      0.9824500      0.8866000      0.7851500      0.6819200      0.6043500      0.5541800      0.5514300      0.6040200      0.7158400      0.8824600       1.093810       1.334520       1.596970       1.860270       2.154400       2.460540       2.780190       3.116810       3.480360       3.861540    
   1.253960       1.231600       1.211170       1.198740       1.194490       1.198030       1.204910       1.203430       1.188360       1.139890       1.040450      0.9391300      0.8227000      0.6975100      0.5936800      0.5176200      0.4946200      0.5530400      0.6930000      0.9003900       1.154810       1.437160       1.728620       2.027780       2.334090       2.643780       2.959050       3.290410       3.623660       3.962150    
   1.392120       1.380940       1.371600       1.366120       1.364750       1.365620       1.354230       1.348760       1.260070       1.223340       1.143170       1.032510      0.8986900      0.7501600      0.6057600      0.4841800      0.4338600      0.5053100      0.6984300      0.9696800       1.280670       1.605790       1.924890       2.241430       2.548870       2.845300       3.141400       3.444310       3.739260       4.031410    
   1.548920       1.544000       1.543840       1.545670       1.533030       1.537800       1.535970       1.427570       1.422420       1.375730       1.296390       1.183420       1.039050      0.8687500      0.6846400      0.4941200      0.3674400      0.4739200      0.7698000       1.127330       1.498380       1.859670       2.199820       2.508610       2.800660       3.074500       3.344310       3.596000       3.840100       4.082390    
   1.754590       1.699020       1.708080       1.721920       1.735270       1.560660       1.600540       1.626150       1.615730       1.579740       1.512730       1.411100       1.273040       1.103010      0.9020500      0.6615300      0.4194900      0.6097400       1.022990       1.451320       1.860980       2.233940       2.564210       2.846470       3.100830       3.338580       3.547290       3.743660       3.939230       4.122980    
   1.908610       1.890670       1.914070       1.934170       1.705190       1.742700       1.799320       1.843930       1.852540       1.840120       1.801380       1.731900       1.628420       1.522500       1.341270       1.155890       1.054160       1.218380       1.599940       2.024770       2.419600       2.759080       3.040190       3.262330       3.461400       3.621090       3.761070       3.896960       4.017660       4.137900    
   2.103380       2.095240       2.131410       1.835380       1.887020       1.940810       2.045210       2.093060       2.131500       2.156460       2.164180       2.151640       2.117260       2.090590       2.030600       1.974530       2.009580       2.203880       2.528100       2.881250       3.191740       3.449070       3.630890       3.761460       3.855920       3.924790       3.987990       4.034900       4.080940       4.131260    
   2.088520       2.110010       2.017940       2.009720       2.079490       2.209180       2.289310       2.368420       2.446230       2.521190       2.592450       2.660440       2.776300       2.905500       2.983940       3.084240       3.257140       3.502540       3.774380       4.004010       4.154640       4.228980       4.247220       4.239100       4.209800       4.179240       4.135500       4.096430       4.065820       4.100440    
   2.088750       2.056550       2.009720       2.227140       2.276560       2.438010       2.547300       2.661120       2.785090       2.919050       3.199380       3.349560       3.596660       3.796520       4.067460       4.379170       4.743360       5.104430       5.346030       5.411440       5.331860       5.172810       4.997240       4.805230       4.622610       4.448140       4.298620       4.168170       4.057090       3.965760    
   2.054570       2.009720       2.297330       2.409670       2.542780       2.669520       2.807520       2.961070       3.325600       3.510090       3.722620       4.078690       4.368270       4.733250       5.217400       5.781460       6.420600       6.984690       7.219030       7.021210       6.613380       6.153840       5.721490       5.335890       4.998570       4.705720       4.444490       4.225890       4.038420       3.879010    
   2.009720       2.331510       2.476220       2.542780       2.701710       2.892840       3.312080       3.493610       3.701620       3.945220       4.231510       4.696480       5.104490       5.620000       6.275740       7.120550       8.110730       9.101570       9.356400       8.676190       7.803480       7.015750       6.345950       5.779100       5.299880       4.893030       4.538660       4.241700       3.987120       3.768670    
   2.348380       2.509500       2.542780       2.712440       2.892840       3.264340       3.588100       3.802890       4.051400       4.342740       4.844890       5.243990       5.738510       6.357810       7.138880       8.145060       9.380450       10.92510       11.38990       9.862230       8.641770       7.624090       6.782870       6.082290       5.494440       4.997860       4.575990       4.208320       3.900060       3.628730    
   2.526140       2.542780       2.716020       2.892840       3.248430       3.588100       3.695500       3.814130       4.268680       4.877680       5.242960       5.684490       6.222070       6.879350       7.698570       8.667450       9.761660       10.84580       11.02100       10.03080       8.863090       7.856570       6.958210       6.193220       5.542930       4.989500       4.517620       4.114630       3.763380       3.468900    
   2.542780       2.717210       2.892840       3.243120       3.588100       3.641800       3.699240       4.164000       4.877680       5.060320       5.591110       5.998930       6.553670       7.188000       7.857000       8.682300       9.503220       10.09820       10.12800       9.532070       8.638550       7.707520       6.843110       6.130710       5.464520       4.887900       4.391340       3.965320       3.601210       3.272690    
   2.717610       2.892840       3.241350       3.588100       3.614950       3.643050       4.095680       4.877680       4.969000       5.551170       6.075220       6.151510       6.661940       7.189700       7.813250       8.449290       8.988400       9.308990       9.262040       8.829770       8.145410       7.364860       6.588780       5.866270       5.267920       4.695660       4.196270       3.764920       3.396120       3.072600    
   2.892840       3.240760       3.588100       3.601520       3.615370       4.057840       4.877680       4.923340       5.532540       6.113370       6.151510       6.406720       6.778290       7.110000       7.603900       8.067850       8.434840       8.553910       8.454410       8.095570       7.542780       6.887350       6.205440       5.546020       4.935520       4.385910       3.944520       3.521340       3.147360       2.835940    
   3.240570       3.588100       3.594810       3.601660       4.038100       4.877680       4.900510       5.523500       6.132440       6.151510       6.279120       6.611630       7.110000       7.356950       7.593920       8.035530       8.352200       8.481050       7.841890       7.385480       6.913670       6.350770       5.751170       5.156260       4.592930       4.076560       3.597720       3.175440       2.852860       2.602260    
   3.588100       3.591460       3.594860       4.028060       4.877680       4.889090       5.519030       6.141970       6.151510       6.215310       6.538060       7.110000       7.233470       7.353620       7.662130       7.993880       8.289590       7.689590       7.052770       6.720060       6.298720       5.801950       5.268770       4.711130       4.197330       3.719840       3.294200       2.911690       2.583400       2.311530    
   3.589780       3.591470       4.023010       4.877680       4.883390       5.516810       6.146740       6.151510       6.183410       6.503720       7.110000       7.171740       7.232370       7.416410       7.669880       7.981870       7.515910       6.886410       6.720060       6.236030       5.689300       5.243040       4.764820       4.280810       3.833870       3.379170       2.975460       2.616030       2.304970       2.047670    
   3.589780       4.020490       4.877680       4.880530       5.515700       6.149130       6.151510       6.167460       6.487160       7.110000       7.140870       7.171370       7.273500       7.439550       7.689390       7.061120       6.803240       6.720060       5.686660       5.235750       4.949120       4.742600       4.317370       3.877400       3.444810       3.037790       2.664010       2.327680       2.032490       1.784040    
   4.019220       4.877680       4.879110       5.515150       6.150320       6.151510       6.159480       6.479030       7.110000       7.125430       7.140750       7.195250       7.294810       6.547900       5.925530       5.350370       5.334680       5.055110       4.715030       4.554790       4.782200       4.288460       3.893960       3.482770       3.086570       2.714560       2.371640       2.059810       1.780430       1.535410    
   4.877680       4.878390       5.514870       6.150910       6.151510       6.155500       6.475010       7.110000       7.117720       7.125390       7.153810       7.210270       5.720200       3.783980       3.789160       4.223630       3.913180       3.949310       4.204480       4.354560       4.327380       3.982870       3.499650       3.118140       2.755300       2.418060       2.108470       1.825250       1.564200       1.328160    
   4.878040       5.514730       6.151210       6.151510       6.153500       6.473000       7.110000       7.113860       7.117700       7.132310       5.806860       3.772420       3.776060       3.779050       3.778790       3.789160       3.857480       3.877050       3.949310       3.959280       3.954100       3.591540       3.224210       2.786160       2.454260       2.152750       1.880540       1.631250       1.402680       1.188790    
   5.514660       6.151360       6.151510       6.152510       6.472000       7.110000       7.111930       7.113850       7.121290       5.520340       3.772420       3.772420       3.772420       3.768820       3.769190       3.768420       3.789160       3.814400       3.804790       3.949310       3.606310       3.246820       2.888540       2.549620       2.183170       1.918860       1.687750       1.482930       1.296090       1.125060    
   6.151430       6.151510       6.152010       6.471510       7.110000       7.110960       7.111930       6.347070       5.238560       3.772490       3.772420       3.772420       3.772420       3.772420       3.754870       3.749990       3.747680       3.789160       3.714340       3.660270       3.313250       2.951320       2.593870       2.263980       1.982090       1.713200       1.530400       1.374070       1.234450       1.111380    
   6.151510       6.151760       6.471260       7.110000       7.110480       6.024050       4.393720       4.217460       4.041190       3.862210       3.772630       3.772420       3.772420       3.772420       3.772420       3.728640       3.713120       3.706200       3.789160       3.458630       3.099260       2.724120       2.353210       2.010070       1.744040       1.560280       1.406060       1.300890       1.206960       1.125420    
   6.151630       6.471130       7.110000       7.110240       5.806350       4.393660       4.393660       4.393720       4.217470       4.041190       3.862590       3.773060       3.772420       3.772420       3.772420       3.772420       3.681340       3.643990       3.623250       3.293080       2.933640       2.551260       2.163360       1.798120       1.525010       1.398720       1.331340       1.274590       1.209880       1.159860    
