iMOD/TUTORIALS/TUT_MetaswapAnalyser/model_MetaSWAP/meteo/Precipitation/Precipitation_20061118_L1.ASC
NCOLS                30
NROWS                30
XLLCORNER     160000.00
YLLCORNER     340000.00
CELLSIZE        1000.00
NODATA_VALUE   -9999.00
   5.857780       5.767410       5.674920       5.581530       5.484730       5.396940       5.311200       5.226070       5.143490       5.064510       4.992410       4.925670       4.863600       4.811950       4.762390       4.713930       4.690230       4.648260       4.612080       4.578080       4.545800       4.530750       4.501890       4.476980       4.446590       4.414540       4.380090       4.342470       4.300880       4.263730    
   5.839380       5.752400       5.665240       5.575790       5.482120       5.396970       5.313130       5.230340       5.148190       5.070220       4.998810       4.932560       4.870830       4.815090       4.763200       4.730920       4.687220       4.665680       4.624980       4.589470       4.555540       4.537130       4.506370       4.479620       4.447420       4.413670       4.377660       4.338760       4.290040       4.252880    
   5.818070       5.733630       5.647890       5.554420       5.471460       5.388090       5.305670       5.224320       5.144360       5.067380       4.995100       4.929890       4.866390       4.811320       4.767330       4.734460       4.691910       4.651500       4.613030       4.576450       4.537530       4.516960       4.490120       4.458850       4.427210       4.394470       4.353040       4.317290       4.287740       4.241310    
   5.791960       5.709630       5.626070       5.535270       5.452940       5.371060       5.289950       5.210350       5.131850       5.054270       4.982290       4.917140       4.852470       4.800300       4.749930       4.712790       4.670220       4.629140       4.589590       4.551910       4.516340       4.483460       4.464110       4.426160       4.396350       4.366090       4.334650       4.301290       4.272910       4.229390    
   5.761520       5.680930       5.592120       5.510850       5.429440       5.348320       5.267900       5.180650       5.104960       5.031600       4.943170       4.878920       4.822370       4.769870       4.722940       4.681870       4.635890       4.594020       4.553030       4.514030       4.481910       4.448510       4.430490       4.397780       4.370050       4.342210       4.313390       4.293630       4.256910       4.216890    
   5.727360       5.642540       5.562640       5.482030       5.401130       5.320370       5.228770       5.151370       5.046100       4.968900       4.904750       4.843750       4.788190       4.733080       4.680410       4.639390       4.598930       4.556970       4.514760       4.475060       4.442680       4.410560       4.393580       4.367690       4.342720       4.314830       4.289270       4.272450       4.239580       4.203450    
   5.704030       5.609340       5.529920       5.449650       5.351060       5.272880       5.194890       5.071460       4.989060       4.922410       4.858180       4.797000       4.739440       4.688250       4.628510       4.590410       4.553820       4.511060       4.466560       4.429320       4.394970       4.365240       4.339210       4.328460       4.307390       4.286400       4.277320       4.251170       4.220970       4.189110    
   5.696680       5.565810       5.470640       5.393060       5.314780       5.181010       5.093180       5.005800       4.936870       4.869570       4.804470       4.742170       4.683350       4.630050       4.566370       4.528560       4.495390       4.450870       4.407200       4.369590       4.338320       4.312460       4.290800       4.284530       4.268390       4.266400       4.247580       4.226530       4.191480       4.168390    
   5.634600       5.529950       5.451960       5.355290       5.203710       5.130910       5.040460       4.949980       4.880100       4.811550       4.744820       4.680480       4.619170       4.535230       4.491110       4.450050       4.411290       4.371270       4.331750       4.298930       4.272840       4.252610       4.236780       4.236430       4.240620       4.229270       4.216260       4.187210       4.172200       4.153220    
   5.599280       5.493220       5.415050       5.242260       5.151470       5.078150       4.962910       4.891140       4.819940       4.749650       4.680690       4.613540       4.548740       4.453610       4.406850       4.361630       4.317840       4.279670       4.246620       4.220800       4.202500       4.186630       4.178170       4.172250       4.195250       4.190620       4.169570       4.162700       4.152450       4.138020    
   5.588710       5.502520       5.335130       5.190010       5.115550       4.971430       4.903300       4.830360       4.757600       4.685310       4.613780       4.543350       4.423950       4.352670       4.301930       4.256870       4.216200       4.181250       4.155060       4.138810       4.131350       4.130140       4.132540       4.148050       4.136150       4.149670       4.151230       4.149550       4.143840       4.123140    
   5.588050       5.404090       5.190010       5.077910       5.061720       4.928360       4.857620       4.768680       4.694350       4.620020       4.509470       4.441200       4.317810       4.257200       4.208440       4.157870       4.111740       4.075320       4.052310       4.044320       4.047690       4.057490       4.068350       4.080930       4.092530       4.118050       4.126190       4.130420       4.130070       4.124530    
   5.462770       5.190010       5.053830       5.003030       4.944350       4.873820       4.798030       4.721620       4.590090       4.507190       4.436710       4.278010       4.224750       4.169810       4.116750       4.059690       4.006040       3.963300       3.943100       3.944830       3.963700       3.985770       4.008610       4.030330       4.049890       4.066550       4.097280       4.107420       4.112480       4.111900    
   5.190010       5.040470       4.973690       4.944350       4.877950       4.815670       4.664900       4.593730       4.521960       4.450910       4.377750       4.200000       4.144850       4.087320       4.027380       3.968080       3.898580       3.846300       3.827460       3.851420       3.885530       3.920140       3.857690       3.870520       3.883740       3.897160       3.930450       3.944560       3.957320       3.968220    
   5.033460       4.959020       4.944350       4.879320       4.815670       4.664820       4.513880       4.450180       4.385910       4.321020       4.143460       4.095530       4.045140       3.992050       3.935970       3.879620       3.815470       3.742320       3.718400       3.732590       3.753370       3.772610       3.791820       3.811270       3.831070       3.851140       3.871260       3.911700       3.931350       3.951710    
   4.951680       4.944350       4.879780       4.815670       4.664790       4.513880       4.482030       4.449990       4.319380       4.120390       4.074720       4.027020       3.977250       3.925320       3.836310       3.785010       3.691660       3.659650       3.647930       3.660960       3.681360       3.705220       3.729190       3.754160       3.780050       3.806690       3.833810       3.860990       3.907920       3.933380    
   4.944350       4.879930       4.815670       4.664780       4.513880       4.497950       4.481970       4.342950       4.120390       4.097560       4.004220       3.963770       3.866440       3.818540       3.671640       3.639730       3.620700       3.598980       3.591530       3.599570       3.617480       3.640670       3.667140       3.697940       3.729110       3.761900       3.795890       3.830600       3.865460       3.922120    
   4.879980       4.815670       4.664780       4.513880       4.505920       4.497930       4.360810       4.120390       4.108970       3.991380       3.899500       3.835220       3.791190       3.622890       3.591990       3.563830       3.553980       3.538380       3.533820       3.540910       3.557530       3.581070       3.609690       3.642320       3.680160       3.718980       3.759940       3.802410       3.845740       3.892870    
   4.815670       4.664780       4.513880       4.509900       4.505910       4.371260       4.120390       4.114680       3.984660       3.867360       3.835220       3.813210       3.698480       3.544620       3.515940       3.490940       3.471110       3.476720       3.474440       3.482050       3.498730       3.523110       3.553900       3.590120       3.630990       3.675820       3.725750       3.776320       3.831990       3.882800    
   4.664770       4.513880       4.511890       4.509900       4.376870       4.120390       4.117540       3.981250       3.851290       3.835220       3.824210       3.722880       3.544620       3.530280       3.517170       3.492660       3.479590       3.474090       3.443240       3.422120       3.439650       3.465440       3.498690       3.538660       3.584620       3.635830       3.686420       3.749470       3.840130       3.902350    
   4.513880       4.512880       4.511890       4.379760       4.120390       4.118960       3.979530       3.843250       3.835220       3.829720       3.731730       3.544620       3.537450       3.530690       3.513370       3.496470       3.482110       3.429860       3.391510       3.360890       3.379640       3.407200       3.443220       3.481390       3.533200       3.591560       3.691240       3.758540       3.827690       3.897080    
   4.513380       4.512880       4.381230       4.120390       4.119680       3.978670       3.839240       3.835220       3.832470       3.735320       3.544620       3.541040       3.537590       3.527170       3.513510       3.497320       3.429110       3.376200       3.360890       3.350230       3.310150       3.340650       3.380460       3.429450       3.520060       3.591800       3.663760       3.740390       3.819680       3.897970    
   4.513380       4.381970       4.120390       4.120030       3.978240       3.837230       3.835220       3.833840       3.736910       3.544620       3.542830       3.541080       3.535260       3.526090       3.512670       3.396970       3.368540       3.360890       3.271590       3.230240       3.267660       3.277680       3.362300       3.414960       3.479130       3.552600       3.633980       3.721380       3.812420       3.904350    
   4.382340       4.120390       4.120210       3.978020       3.836220       3.835220       3.834530       3.737650       3.544620       3.543720       3.542840       3.539720       3.534140       3.376960       3.260200       3.176540       3.176350       3.173540       3.165440       3.144990       3.150320       3.259490       3.302280       3.360150       3.430350       3.512130       3.603880       3.703250       3.807370       3.920230    
   4.120390       4.120300       3.977910       3.835720       3.835220       3.834880       3.738010       3.544620       3.544170       3.543730       3.542100       3.538900       3.262900       2.932510       2.933810       3.015120       2.984730       2.991810       3.078000       3.121080       3.139660       3.169540       3.240770       3.302590       3.379280       3.470260       3.573610       3.686350       3.811200       3.930790    
   4.120350       3.977860       3.835470       3.835220       3.835050       3.738180       3.544620       3.544400       3.544170       3.543330       3.253000       2.820140       2.893930       2.931150       2.931210       2.933810       2.965590       2.977640       2.991810       3.054130       3.073270       3.107150       3.155670       3.242300       3.325680       3.426900       3.543500       3.676640       3.810650       3.945930    
   3.977830       3.835350       3.835220       3.835130       3.738270       3.544620       3.544510       3.544400       3.543970       3.196160       2.820140       2.820140       2.820140       2.891920       2.928440       2.928620       2.933810       2.959080       2.963470       2.991810       3.011780       3.044680       3.093390       3.161500       3.269380       3.382340       3.518500       3.664450       3.816090       3.967500    
   3.835280       3.835220       3.835180       3.738310       3.544620       3.544560       3.544510       3.366590       3.127100       2.820110       2.820140       2.820140       2.820140       2.820140       2.887910       2.922880       2.923430       2.933810       2.947220       2.935140       2.953290       2.984050       3.030990       3.099830       3.197270       3.339370       3.492750       3.659970       3.831570       4.000250    
   3.835220       3.835200       3.738330       3.544620       3.544590       3.297450       2.926700       2.880090       2.833480       2.824500       2.820040       2.820140       2.820140       2.820140       2.820140       2.879980       2.911390       2.913050       2.933810       2.928110       2.934000       2.952840       2.982460       3.034290       3.139320       3.288290       3.476020       3.669090       3.863050       4.050200    
   3.835210       3.738340       3.544620       3.544610       3.248140       2.926860       2.926860       2.926700       2.880090       2.833480       2.824330       2.819830       2.820140       2.820140       2.820140       2.820140       2.864970       2.887320       2.892290       2.886020       2.878420       2.899770       2.933110       2.984400       3.081240       3.254120       3.465140       3.698680       3.918000       4.123580    
