iMOD/TUTORIALS/TUT_MetaswapAnalyser/model_MetaSWAP/meteo/Precipitation/Precipitation_20050806_L1.ASC
NCOLS                30
NROWS                30
XLLCORNER     160000.00
YLLCORNER     340000.00
CELLSIZE        1000.00
NODATA_VALUE   -9999.00
   4.014530       4.069600       4.128110       4.187750       4.238040       4.276900       4.286630       4.266960       4.213860       4.081110       3.877200       3.660310       3.453580       3.274300       3.107990       2.977230       2.857650       2.758900       2.682710       2.623520       2.577100       2.518750       2.483010       2.448900       2.411190       2.369180       2.322330       2.272280       2.224220       2.182650    
   4.136670       4.194240       4.254570       4.312580       4.359770       4.400880       4.423140       4.426530       4.413810       4.300320       4.058350       3.830880       3.617700       3.441820       3.270540       3.120760       2.994430       2.886580       2.800700       2.733750       2.679190       2.613880       2.569010       2.524920       2.476410       2.422230       2.361020       2.293150       2.209990       2.148860    
   4.244820       4.301800       4.358970       4.406500       4.456000       4.493770       4.514960       4.515170       4.478080       4.363880       4.168100       3.956490       3.756630       3.571780       3.396170       3.241520       3.110310       3.002410       2.915770       2.846210       2.786010       2.717580       2.668630       2.617340       2.561750       2.499230       2.412920       2.333660       2.238560       2.148760    
   4.337260       4.391900       4.445070       4.488010       4.530930       4.561290       4.573630       4.559580       4.500380       4.392220       4.230620       4.046700       3.856700       3.675570       3.501790       3.345100       3.211740       3.103800       3.019200       2.952220       2.896280       2.844710       2.777060       2.706710       2.649800       2.586150       2.513730       2.430810       2.331250       2.229500    
   4.415660       4.466820       4.509290       4.553200       4.588060       4.609400       4.611750       4.579070       4.518020       4.416130       4.276290       4.108030       3.931050       3.754680       3.588120       3.429300       3.284980       3.179650       3.102080       3.042760       2.992870       2.946360       2.880090       2.830320       2.775150       2.714060       2.646090       2.564020       2.488280       2.422750    
   4.481880       4.525400       4.568940       4.605920       4.633010       4.646140       4.639340       4.599920       4.516000       4.435910       4.313430       4.166800       4.004220       3.830090       3.657880       3.492810       3.352780       3.255900       3.195390       3.151290       3.112160       3.073020       3.012870       2.966750       2.916760       2.863260       2.805150       2.737730       2.683430       2.643980    
   4.539590       4.581040       4.618920       4.649550       4.668170       4.675040       4.664180       4.589420       4.546420       4.461270       4.350640       4.218080       4.068300       3.906560       3.734230       3.560420       3.403650       3.324060       3.293740       3.268580       3.240950       3.209680       3.174670       3.116180       3.073330       3.028370       2.973080       2.930980       2.896110       2.874190    
   4.569210       4.628770       4.659300       4.684720       4.699970       4.713270       4.639480       4.624100       4.568430       4.490490       4.390940       4.271890       4.136240       3.986270       3.826150       3.655280       3.477870       3.424840       3.417720       3.403260       3.382530       3.356890       3.327530       3.275140       3.240070       3.194260       3.162450       3.135300       3.115780       3.108200    
   4.611790       4.669590       4.698400       4.717410       4.742670       4.740760       4.657560       4.645680       4.594100       4.523860       4.435440       4.330340       4.210750       4.079140       3.938730       3.796390       3.672640       3.606970       3.577360       3.557770       3.536710       3.513060       3.487520       3.440120       3.400990       3.376520       3.356600       3.342840       3.338310       3.344120    
   4.650450       4.705310       4.730490       4.769980       4.771290       4.767630       4.700990       4.669590       4.622960       4.560810       4.483700       4.392980       4.290740       4.183320       4.064750       3.953510       3.859640       3.796320       3.758530       3.732520       3.709900       3.674130       3.650580       3.628830       3.574460       3.558710       3.549280       3.548760       3.557980       3.577520    
   4.657610       4.695420       4.751150       4.798830       4.804830       4.802530       4.723780       4.695270       4.654060       4.600150       4.534220       4.457670       4.378260       4.254630       4.167830       4.090390       4.023850       3.973930       3.938070       3.910650       3.887410       3.866720       3.848590       3.824270       3.816510       3.763730       3.764370       3.774720       3.795820       3.803410    
   4.656370       4.725750       4.798830       4.824360       4.830460       4.834790       4.752010       4.721890       4.686220       4.640310       4.524660       4.470140       4.409930       4.344360       4.280450       4.223810       4.175150       4.133610       4.099540       4.069670       4.043370       4.021060       3.996790       3.984540       3.979270       3.949540       3.959440       3.980700       4.014310       4.060550    
   4.699720       4.798830       4.833350       4.846900       4.863330       4.787650       4.774830       4.753420       4.637210       4.599760       4.563340       4.518260       4.472950       4.426520       4.380020       4.340310       4.306390       4.276910       4.245830       4.215930       4.181380       4.156780       4.138910       4.128720       4.127220       4.135630       4.118960       4.149020       4.193440       4.252930    
   4.798830       4.837660       4.855110       4.863330       4.819570       4.807730       4.681070       4.671290       4.654990       4.634010       4.606160       4.562850       4.529640       4.496470       4.465490       4.437870       4.418860       4.400320       4.376600       4.338580       4.306520       4.281160       4.285290       4.280230       4.284130       4.298220       4.288740       4.325520       4.377580       4.446240    
   4.839760       4.859220       4.863330       4.830210       4.807730       4.737670       4.724210       4.715020       4.700470       4.681040       4.643540       4.618910       4.592920       4.567250       4.543640       4.518230       4.505300       4.496600       4.478910       4.451160       4.421640       4.401420       4.388690       4.384280       4.389220       4.404830       4.432640       4.438150       4.494480       4.581920    
   4.861280       4.863330       4.833760       4.807730       4.756540       4.724210       4.719610       4.713230       4.694050       4.679670       4.664030       4.646390       4.627890       4.609750       4.584770       4.571490       4.590240       4.574650       4.557660       4.538100       4.520900       4.494590       4.484520       4.481740       4.487480       4.503140       4.530350       4.570880       4.589960       4.663190    
   4.863330       4.834940       4.807730       4.762830       4.724210       4.721910       4.719020       4.701640       4.679670       4.671850       4.668960       4.665120       4.640850       4.627660       4.672740       4.654330       4.641520       4.627280       4.612700       4.597530       4.583450       4.572260       4.565380       4.545640       4.549000       4.561110       4.583640       4.618400       4.667200       4.701120    
   4.835330       4.807730       4.764920       4.724210       4.723060       4.721710       4.705560       4.679670       4.675760       4.677490       4.677370       4.689610       4.674410       4.719770       4.703040       4.687160       4.678710       4.666070       4.653300       4.640320       4.627810       4.616870       4.608650       4.604310       4.586540       4.592550       4.607200       4.632250       4.669420       4.722730    
   4.807730       4.765620       4.724210       4.723640       4.722990       4.707500       4.679670       4.677720       4.681200       4.683490       4.689610       4.682010       4.705080       4.736540       4.722250       4.708250       4.694220       4.692200       4.680530       4.668400       4.656060       4.644080       4.633210       4.624370       4.618600       4.617160       4.603310       4.615170       4.639360       4.652270    
   4.765850       4.724210       4.723920       4.723610       4.708450       4.679670       4.678690       4.682950       4.686550       4.689610       4.685810       4.703310       4.736540       4.729390       4.722350       4.708240       4.698220       4.688980       4.682130       4.683250       4.670050       4.655960       4.641330       4.626680       4.612770       4.600590       4.565820       4.560660       4.518010       4.531830    
   4.724210       4.724070       4.723920       4.708910       4.679670       4.679180       4.683800       4.688080       4.689610       4.687710       4.703820       4.736540       4.732970       4.729430       4.719990       4.709600       4.698480       4.688080       4.684770       4.686290       4.671580       4.654700       4.635550       4.585450       4.563920       4.541100       4.463370       4.444650       4.432380       4.430100    
   4.724140       4.724060       4.709140       4.679670       4.679430       4.684220       4.688840       4.689610       4.688660       4.704420       4.736540       4.734750       4.732980       4.727460       4.719680       4.709360       4.693600       4.685530       4.686290       4.660780       4.624480       4.608380       4.587560       4.561810       4.477720       4.440300       4.402500       4.364360       4.329170       4.302250    
   4.724140       4.709250       4.679670       4.679550       4.684430       4.689230       4.689610       4.689130       4.704810       4.736540       4.735650       4.734760       4.731730       4.726710       4.718830       4.672400       4.685910       4.686290       4.610700       4.586380       4.575370       4.586580       4.510080       4.477200       4.436650       4.389210       4.335530       4.276960       4.216670       4.160870    
   4.709310       4.679670       4.679610       4.684540       4.689420       4.689610       4.689370       4.705020       4.736540       4.736090       4.735650       4.734050       4.731060       4.622410       4.566070       4.551380       4.553440       4.541620       4.527570       4.509370       4.548270       4.509160       4.481140       4.442990       4.395350       4.337460       4.269160       4.191100       4.105310       4.027830    
   4.679670       4.679640       4.684590       4.689510       4.689610       4.689490       4.705140       4.736540       4.736320       4.736090       4.735260       4.733590       4.541150       4.310270       4.312370       4.414710       4.414790       4.420600       4.462920       4.486970       4.470470       4.448460       4.449440       4.408510       4.355690       4.289620       4.209650       4.115770       4.018020       3.897090    
   4.679650       4.684610       4.689560       4.689610       4.689550       4.705190       4.736540       4.736430       4.736320       4.735890       4.443420       4.006070       4.206950       4.307960       4.308170       4.312370       4.378240       4.408990       4.420600       4.434730       4.442170       4.418710       4.387200       4.375400       4.320070       4.248970       4.161540       4.066330       3.946790       3.811330    
   4.684630       4.689590       4.689610       4.689580       4.705220       4.736540       4.736480       4.736430       4.736210       4.385550       4.006070       4.006070       4.006070       4.203480       4.303340       4.303980       4.312370       4.371000       4.397380       4.420600       4.405690       4.386080       4.358590       4.319300       4.289620       4.216600       4.131920       4.026290       3.907450       3.780640    
   4.689600       4.689610       4.689600       4.705240       4.736540       4.736510       4.736480       4.456160       4.225790       4.005820       4.006070       4.006070       4.006070       4.006070       4.196360       4.293660       4.295580       4.312370       4.353630       4.374160       4.363140       4.349140       4.328500       4.295770       4.245390       4.194310       4.104460       4.000380       3.889140       3.779820    
   4.689610       4.689600       4.705250       4.736540       4.736530       4.308440       3.666380       3.640950       3.615520       3.875220       4.005330       4.006070       4.006070       4.006070       4.006070       4.181720       4.273030       4.278800       4.312370       4.307410       4.303440       4.298790       4.280140       4.267730       4.228640       4.159790       4.080170       3.978350       3.875890       3.782100    
   4.689610       4.705250       4.736540       4.736530       4.222780       3.666290       3.666290       3.666380       3.640940       3.615520       3.873950       4.003850       4.006070       4.006070       4.006070       4.006070       4.152190       4.227940       4.245220       4.241260       4.216130       4.225800       4.235060       4.237960       4.213690       4.140640       4.044790       3.944540       3.854610       3.773160    
