iMOD/TUTORIALS/TUT_MetaswapAnalyser/model_MetaSWAP/meteo/Precipitation/Precipitation_20060125_L1.ASC
NCOLS                30
NROWS                30
XLLCORNER     160000.00
YLLCORNER     340000.00
CELLSIZE        1000.00
NODATA_VALUE   -9999.00
  0.7051300      0.7771900      0.8487600      0.9175200      0.9761800       1.019350       1.038970       1.042490       1.037210       1.027070       1.016430       1.004660      0.9935800      0.9821100      0.9724200      0.9632300      0.9297400      0.9338000      0.9377700      0.9449800      0.9547900      0.9584200      0.9703800      0.9796700      0.9924000       1.004680       1.016240       1.026940       1.036880       1.045710    
  0.6854000      0.7529700      0.8197300      0.8810800      0.9317500      0.9717500      0.9955300       1.005180       1.004330      0.9984700      0.9919800      0.9839200      0.9740300      0.9625600      0.9537600      0.9220300      0.9183400      0.9159700      0.9250100      0.9340400      0.9460400      0.9529500      0.9675300      0.9796700      0.9950900       1.010060       1.024250       1.037440       1.045740       1.057340    
  0.6671000      0.7296300      0.7898700      0.8424900      0.8910600      0.9287000      0.9541000      0.9679400      0.9715700      0.9704000      0.9669400      0.9604900      0.9511600      0.9418900      0.9317800      0.9058400      0.9018600      0.9032600      0.9099300      0.9210800      0.9403300      0.9508700      0.9653100      0.9836000       1.001790       1.019410       1.031870       1.048080       1.062240       1.076400    
  0.6493500      0.7070700      0.7622300      0.8103100      0.8548600      0.8907400      0.9169100      0.9332300      0.9400400      0.9435500      0.9414900      0.9362200      0.9288600      0.9191600      0.9102700      0.8900100      0.8856300      0.8882300      0.8975800      0.9122500      0.9304900      0.9521800      0.9673100      0.9842400       1.005660       1.026560       1.046580       1.065460       1.082260       1.098640    
  0.6328100      0.6861600      0.7345700      0.7816300      0.8229800      0.8572200      0.8835700      0.9025600      0.9126500      0.9168800      0.9209400      0.9152500      0.9068300      0.8965200      0.8877900      0.8724900      0.8646600      0.8684000      0.8811800      0.9001700      0.9186700      0.9428500      0.9620900      0.9918400       1.016380       1.040260       1.063230       1.084080       1.104970       1.124780    
  0.6178500      0.6657000      0.7129400      0.7565600      0.7953000      0.8281200      0.8580400      0.8745900      0.8968300      0.9015700      0.9009100      0.8961000      0.8882200      0.8773700      0.8705300      0.8531200      0.8442700      0.8501500      0.8688000      0.8937900      0.9178300      0.9461400      0.9692900      0.9972900       1.025010       1.055880       1.081810       1.105690       1.129660       1.152560    
  0.6044400      0.6503400      0.6942300      0.7349600      0.7768200      0.8077000      0.8330800      0.8659200      0.8776300      0.8833100      0.8841200      0.8805600      0.8730800      0.8624500      0.8616500      0.8383000      0.8217300      0.8319400      0.8601000      0.8889900      0.9207100      0.9526000      0.9843500       1.009940       1.040400       1.070290       1.098160       1.126560       1.155880       1.181570    
  0.6005800      0.6444500      0.6847700      0.7224700      0.7565900      0.8171600      0.8317900      0.8497900      0.8618200      0.8688800      0.8712900      0.8693800      0.8635000      0.8539900      0.8615600      0.8358600      0.8101000      0.8272000      0.8605600      0.8946900      0.9288700      0.9630600      0.9971400       1.025100       1.057910       1.088820       1.120570       1.151470       1.181160       1.209610    
  0.6004000      0.6332400      0.6713400      0.7068400      0.7783000      0.8050500      0.8185000      0.8370100      0.8500000      0.8585000      0.8627200      0.8629800      0.8596700      0.8939600      0.8721900      0.8522200      0.8408600      0.8508500      0.8769600      0.9087600      0.9427300      0.9777300       1.013230       1.042850       1.076150       1.110590       1.144520       1.177600       1.209840       1.240780    
  0.5936900      0.6240100      0.6600000      0.7410300      0.7704400      0.7965500      0.8099900      0.8280700      0.8420700      0.8521000      0.8583600      0.8611800      0.8610900      0.9079400      0.8900700      0.8767400      0.8730900      0.8807200      0.9008100      0.9287600      0.9611200      0.9960900       1.032320       1.069190       1.097900       1.134050       1.169750       1.205050       1.239560       1.272960    
  0.5908300      0.6259000      0.6905670      0.7372300      0.7659800      0.7885300      0.8040700      0.8227000      0.8377900      0.8494300      0.8578300      0.8633900      0.9418800      0.9239200      0.9142100      0.9038400      0.9016100      0.9090500      0.9266000      0.9522700      0.9835800       1.018420       1.055300       1.092140       1.130460       1.161430       1.198900       1.236000       1.272480       1.305770    
  0.5904820      0.6611320      0.7372300      0.7572130      0.7641000      0.7863800      0.8015400      0.8206000      0.8368300      0.8501200      0.8637800      0.8716200      0.9567600      0.9498500      0.9372500      0.9290600      0.9272500      0.9345300      0.9506700      0.9753400       1.006380       1.041480       1.077920       1.116620       1.155970       1.187440       1.226200       1.264800       1.303070       1.340800    
  0.6356550      0.7372300      0.7547010      0.7628200      0.7615400      0.7791700      0.8016900      0.8216600      0.8434600      0.8577600      0.8700200      0.9994800      0.9850100      0.9718800      0.9609700      0.9536300      0.9513800      0.9564600      0.9724200      0.9978700       1.029320       1.065240       1.103370       1.142730       1.182780       1.223150       1.254510       1.294230       1.333910       1.373420    
  0.7372300      0.7539130      0.7621800      0.7615400      0.7740830      0.7815400      0.8099800      0.8304400      0.8486900      0.8656100      0.8797300       1.019440       1.006850      0.9954400      0.9858200      0.9787000      0.9751000      0.9768100      0.9909100       1.019910       1.054520       1.091800       1.121410       1.159390       1.198260       1.237820       1.269800       1.309810       1.350440       1.391660    
  0.7536360      0.7618600      0.7615400      0.7723880      0.7815400      0.8035430      0.8191100      0.8401400      0.8593100      0.8767100       1.053730       1.042180       1.031320       1.021520       1.013150       1.006510       1.001910      0.9989500       1.010740       1.041530       1.076750       1.112270       1.149040       1.186840       1.225480       1.264830       1.304840       1.336920       1.377870       1.420650    
  0.7617000      0.7615400      0.7718230      0.7815400      0.8013980      0.8191100      0.8296250      0.8395200      0.9153200       1.085120       1.075060       1.065460       1.056620       1.048850       1.040270       1.035860       1.030670       1.033700       1.047680       1.074390       1.105980       1.142630       1.178630       1.215710       1.253660       1.292370       1.331750       1.371820       1.403980       1.445600    
  0.7615400      0.7716340      0.7815400      0.8006830      0.8191100      0.8243680      0.8294180      0.9173960       1.085120       1.080090       1.086430       1.090090       1.080380       1.074850       1.064410       1.063160       1.065890       1.073140       1.088190       1.111420       1.140070       1.171830       1.205540       1.244610       1.281260       1.318700       1.356840       1.395660       1.435180       1.468510    
  0.7715710      0.7815400      0.8004440      0.8191100      0.8217390      0.8242990      0.9140750       1.085120       1.082610       1.094270       1.103270       1.116440       1.110970       1.095710       1.094490       1.095850       1.101910       1.111720       1.127400       1.149030       1.175400       1.205050       1.236910       1.270300       1.308950       1.344670       1.381050       1.418020       1.455600       1.494750    
  0.7815400      0.8003650      0.8191100      0.8204240      0.8217160      0.9113080       1.085120       1.083860       1.097660       1.109850       1.116440       1.113710       1.111740       1.123850       1.124890       1.128600       1.135620       1.148860       1.165060       1.185900       1.210700       1.238540       1.268570       1.300130       1.332760       1.366170       1.404390       1.439010       1.474980       1.510330    
  0.8003380      0.8191100      0.8197670      0.8204170      0.9096420       1.085120       1.084490       1.099250       1.113150       1.116440       1.115070       1.116430       1.123850       1.124370       1.125780       1.129700       1.137690       1.149850       1.195480       1.221590       1.245340       1.271750       1.300120       1.329870       1.360510       1.391710       1.421960       1.454800       1.480790       1.518410    
  0.8191100      0.8194390      0.8197650      0.9087360       1.085120       1.084810       1.100020       1.114790       1.116440       1.115760       1.117950       1.123850       1.124110       1.124670       1.126620       1.131060       1.139080       1.195560       1.238800       1.256000       1.279070       1.304380       1.331350       1.357970       1.386710       1.415670       1.438430       1.467540       1.496890       1.526810    
  0.8192740      0.8194380      0.9082650       1.085120       1.084960       1.100400       1.115620       1.116440       1.116100       1.118500       1.123850       1.123980       1.124210       1.125130       1.127450       1.132250       1.193820       1.247400       1.256000       1.281650       1.309890       1.334620       1.360630       1.387350       1.407400       1.434830       1.461130       1.486970       1.512550       1.538300    
  0.8192740      0.9080240       1.085120       1.085040       1.100590       1.116030       1.116440       1.116270       1.118720       1.123850       1.123910       1.124010       1.124440       1.125600       1.128280       1.209030       1.251700       1.256000       1.313990       1.338410       1.353600       1.365390       1.385310       1.410560       1.435940       1.460360       1.483990       1.506480       1.528010       1.549310    
  0.9079030       1.085120       1.085080       1.100690       1.116230       1.116440       1.116350       1.118820       1.123850       1.123880       1.123930       1.124120       1.124680       1.191040       1.263340       1.339540       1.339940       1.353860       1.370640       1.379880       1.366930       1.391180       1.415470       1.440200       1.464350       1.487340       1.508690       1.528080       1.545470       1.563000    
   1.085120       1.085100       1.100730       1.116340       1.116440       1.116400       1.118870       1.123850       1.123870       1.123890       1.123980       1.124240       1.242590       1.386320       1.385840       1.391730       1.426990       1.423880       1.404780       1.393620       1.392840       1.415950       1.445800       1.470430       1.494070       1.516040       1.535740       1.552720       1.568060       1.578600    
   1.085110       1.100760       1.116390       1.116440       1.116420       1.118890       1.123850       1.123860       1.123870       1.123910       1.221410       1.367470       1.380400       1.386760       1.386810       1.385840       1.414130       1.430100       1.423880       1.421730       1.421080       1.446090       1.471510       1.501370       1.525180       1.546850       1.565760       1.582700       1.594790       1.602870    
   1.100770       1.116410       1.116440       1.116430       1.118900       1.123850       1.123850       1.123860       1.123880       1.240830       1.367470       1.367470       1.367470       1.381040       1.387630       1.387780       1.385840       1.416700       1.436330       1.423880       1.449130       1.475610       1.502540       1.528900       1.557720       1.579850       1.599780       1.615630       1.628120       1.637730    
   1.116430       1.116440       1.116430       1.118900       1.123850       1.123850       1.123850       1.167030       1.249390       1.367460       1.367470       1.367470       1.367470       1.367470       1.382260       1.389270       1.389710       1.385840       1.420760       1.448770       1.475650       1.504100       1.533260       1.561850       1.588470       1.615250       1.635310       1.652120       1.666360       1.679210    
   1.116440       1.116440       1.118910       1.123850       1.123850       1.174410       1.250260       1.273400       1.296540       1.343800       1.367440       1.367470       1.367470       1.367470       1.367470       1.384550       1.392250       1.393580       1.385840       1.424550       1.464560       1.505340       1.543830       1.594250       1.624140       1.649360       1.672330       1.690460       1.706910       1.722890    
   1.116440       1.118910       1.123850       1.123850       1.184500       1.250230       1.250230       1.250260       1.273400       1.296540       1.343750       1.367390       1.367470       1.367470       1.367470       1.367470       1.388750       1.397330       1.401330       1.442500       1.479940       1.525800       1.572120       1.617610       1.658710       1.691390       1.718560       1.727940       1.747500       1.766300    
