iMOD/TUTORIALS/TUT_MetaswapAnalyser/model_MetaSWAP/meteo/Precipitation/Precipitation_20050429_L1.ASC
NCOLS                30
NROWS                30
XLLCORNER     160000.00
YLLCORNER     340000.00
CELLSIZE        1000.00
NODATA_VALUE   -9999.00
  0.8345000E-01  0.8344000E-01  0.8336000E-01  0.8298000E-01  0.8883000E-01  0.8836000E-01  0.9027000E-01  0.8700000E-01  0.1029700      0.1152700      0.8929000E-01  0.8459000E-01  0.9027000E-01  0.9647000E-01  0.9646000E-01  0.1053400      0.1140600      0.1053400      0.1053400      0.1053400      0.1053400      0.9802000E-01  0.9802000E-01  0.1053400      0.1053400      0.1053400      0.1053400      0.1053600      0.1054300      0.1142700    
  0.9072000E-01  0.9072000E-01  0.8343000E-01  0.8337000E-01  0.9049000E-01  0.9053000E-01  0.9137000E-01  0.9810000E-01  0.1658200      0.2370000      0.1019300      0.9142000E-01  0.9030000E-01  0.1053500      0.1053400      0.1140600      0.1140600      0.1053400      0.9802000E-01  0.9802000E-01  0.9802000E-01  0.9183000E-01  0.9183000E-01  0.9802000E-01  0.9802000E-01  0.9802000E-01  0.9804000E-01  0.9811000E-01  0.1058500      0.1158100    
  0.9072000E-01  0.9072000E-01  0.9072000E-01  0.9985000E-01  0.9070000E-01  0.9075000E-01  0.9123000E-01  0.9461000E-01  0.1188400      0.1152800      0.1037900      0.9097000E-01  0.9961000E-01  0.1053500      0.9803000E-01  0.1053400      0.1053400      0.1053400      0.1053400      0.1053400      0.9802000E-01  0.9183000E-01  0.9802000E-01  0.9802000E-01  0.9802000E-01  0.9803000E-01  0.1053600      0.1055400      0.1157100      0.1250400    
  0.9072000E-01  0.9072000E-01  0.9072000E-01  0.9986000E-01  0.9986000E-01  0.9989000E-01  0.1000500      0.9159000E-01  0.1005000      0.1104800      0.9909000E-01  0.9978000E-01  0.9249000E-01  0.9803000E-01  0.9803000E-01  0.1053600      0.1053800      0.1053700      0.1053600      0.1053400      0.1053400      0.1053400      0.9802000E-01  0.1053400      0.1053400      0.1053400      0.1053600      0.1055700      0.1160400      0.1300700    
  0.9072000E-01  0.9072000E-01  0.9986000E-01  0.9986000E-01  0.9987000E-01  0.9987000E-01  0.9991000E-01  0.1197000      0.1198700      0.1199000      0.1185900      0.1080700      0.9952000E-01  0.1053500      0.9809000E-01  0.1055400      0.1144300      0.1143700      0.1141900      0.1140900      0.1245700      0.1245700      0.1140600      0.1053400      0.1053400      0.1053400      0.1053500      0.1141700      0.1148200      0.1172400    
  0.9072000E-01  0.9986000E-01  0.9986000E-01  0.9986000E-01  0.9986000E-01  0.9987000E-01  0.1116000      0.1195700      0.1075300      0.1184400      0.1184200      0.1184100      0.1080300      0.1053900      0.1143700      0.1154800      0.1173700      0.1166200      0.1148300      0.1142000      0.1245900      0.1245700      0.1140600      0.1140600      0.1140600      0.1053400      0.1053400      0.1140900      0.1142100      0.1144700    
  0.1115900      0.9986000E-01  0.9986000E-01  0.9986000E-01  0.1115900      0.1115900      0.1115900      0.1074900      0.1184000      0.1184000      0.1184000      0.1184000      0.1184100      0.1141700      0.1149900      0.1209000      0.1441700      0.1319700      0.1169600      0.1249400      0.1246100      0.1245700      0.1245700      0.1140600      0.1140600      0.1140600      0.1245700      0.1245700      0.1140800      0.1141000    
  0.1026300      0.1269800      0.1115900      0.1115900      0.1115900      0.9986000E-01  0.1074900      0.1184000      0.1184000      0.1184000      0.1184000      0.1184000      0.1184100      0.1247100      0.1258500      0.1362100      0.2296500      0.1552700      0.1289300      0.1250500      0.1246200      0.1245700      0.1245700      0.1140600      0.1140600      0.1245700      0.1245700      0.1245700      0.1374000      0.1374000    
  0.1176800      0.1269800      0.1269800      0.1115900      0.9986000E-01  0.9986000E-01  0.1074900      0.1184000      0.1184000      0.1184000      0.1184000      0.1184000      0.1184100      0.1374900      0.1252600      0.1288800      0.1386900      0.1470100      0.1265700      0.1248600      0.1246000      0.1245700      0.1245700      0.1140600      0.1245700      0.1245700      0.1245700      0.1374000      0.1374000      0.1374000    
  0.1176800      0.1269800      0.1269800      0.1115900      0.9986000E-01  0.9986000E-01  0.1184000      0.1184000      0.1184000      0.1184000      0.1184000      0.1184000      0.1184000      0.1312900      0.1375900      0.1253300      0.1389800      0.1386800      0.1378400      0.1374900      0.1374200      0.1245700      0.1245700      0.1245700      0.1245700      0.1245700      0.1374000      0.1374000      0.1374000      0.1374000    
  0.1207800      0.1238800      0.1192850      0.1115900      0.1115900      0.1115800      0.1184000      0.1184000      0.1184000      0.1184000      0.1184000      0.1184000      0.1312600      0.1419600      0.1634900      0.1635600      0.1474600      0.1474500      0.1473700      0.1473000      0.1472700      0.1472600      0.1472600      0.1634500      0.1835000      0.1472600      0.1472600      0.1472600      0.1472600      0.1374000    
  0.1207800      0.1188840      0.1115900      0.1147800      0.1115900      0.1243500      0.1312500      0.1184000      0.1184000      0.1184000      0.1285300      0.1285300      0.1419500      0.1585700      0.1634600      0.1635100      0.1636200      0.1475900      0.1476100      0.1474500      0.1473200      0.1472700      0.1835100      0.1835000      0.1835000      0.1634500      0.1634500      0.1634500      0.1634500      0.1634500    
  0.1174920      0.1115900      0.1171720      0.1179700      0.1243500      0.1312500      0.1312500      0.1312500      0.1419500      0.1285300      0.1285300      0.1585700      0.1585700      0.1585700      0.1634800      0.1636500      0.1643900      0.1661000      0.1502300      0.1647300      0.1838000      0.1835500      0.1835100      0.1835000      0.1835000      0.1835000      0.1634500      0.1634500      0.1634500      0.1634500    
  0.1115900      0.1185680      0.1211600      0.1243500      0.1289500      0.1312500      0.1419500      0.1419500      0.1419500      0.1585700      0.1585700      0.1585700      0.1585700      0.1585800      0.1586400      0.1640400      0.1877500      0.2042700      0.2097100      0.1900700      0.1844700      0.1836300      0.1799000      0.1798900      0.1798900      0.1798800      0.1615800      0.1615800      0.1615800      0.1615800    
  0.1193160      0.1227550      0.1243500      0.1281830      0.1312500      0.1508970      0.1794900      0.1794900      0.1794900      0.1794900      0.2063500      0.2063500      0.2063600      0.2063700      0.2064600      0.1844300      0.1919400      0.2749500      0.3598400      0.2250700      0.1900500      0.1886500      0.1885000      0.1884800      0.1884800      0.1884800      0.1884800      0.1702300      0.1702300      0.1884800    
  0.1235530      0.1243500      0.1279280      0.1312500      0.1538790      0.1794900      0.1794900      0.1794900      0.1862050      0.2063500      0.2063500      0.2063500      0.2063600      0.2063600      0.2157900      0.2163500      0.2430200      0.2625600      0.2694400      0.2456400      0.2394000      0.2108900      0.2107800      0.2107700      0.2107600      0.2107600      0.2107600      0.2107600      0.1884800      0.1884800    
  0.1243500      0.1278430      0.1312500      0.1548730      0.1794900      0.1794900      0.1794900      0.1878840      0.2063500      0.2063500      0.2149720      0.2063500      0.2157200      0.2157200      0.2385600      0.2387400      0.2394700      0.2415700      0.2420200      0.2398800      0.2387100      0.2384300      0.2383800      0.2107700      0.2107600      0.2107600      0.2107600      0.2107600      0.2107600      0.2107600    
  0.1278140      0.1312500      0.1552040      0.1794900      0.1794900      0.1794900      0.1883030      0.2063500      0.2063500      0.2210070      0.2279050      0.2494600      0.2494600      0.2385300      0.2385400      0.2385700      0.2385500      0.2387600      0.2387900      0.2386000      0.2384400      0.2383900      0.2383800      0.2383800      0.2107600      0.2107600      0.2107600      0.2107600      0.2107600      0.2383800    
  0.1312500      0.1553150      0.1794900      0.1794900      0.1794900      0.1884080      0.2063500      0.2063500      0.2243700      0.2386830      0.2494600      0.2494600      0.2439950      0.2385300      0.2385300      0.2385300      0.2385500      0.2384200      0.2384200      0.2384100      0.2383900      0.2383800      0.2383800      0.2383800      0.2383800      0.2383800      0.2107600      0.2107600      0.2383800      0.2483800    
  0.1553520      0.1794900      0.1794900      0.1794900      0.1884350      0.2063500      0.2063500      0.2261200      0.2440710      0.2494600      0.2494600      0.2453610      0.2385300      0.2385300      0.2385300      0.2385370      0.2385000      0.2384630      0.2384020      0.2383800      0.2383800      0.2383800      0.2383800      0.2383800      0.2383800      0.2383800      0.2483800      0.2883400      0.2921700      0.2545800    
  0.1794900      0.1794900      0.1794900      0.1884410      0.2063500      0.2063500      0.2270090      0.2467660      0.2494600      0.2494600      0.2457030      0.2385300      0.2385300      0.2385300      0.2385320      0.2385220      0.2385000      0.2384250      0.2383800      0.2383800      0.2383800      0.2383800      0.2383800      0.2483800      0.2483800      0.2483800      0.2921700      0.2921700      0.2921700      0.2921700    
  0.1794900      0.1794900      0.1884430      0.2063500      0.2063500      0.2274560      0.2481130      0.2494600      0.2494600      0.2457880      0.2385300      0.2385300      0.2385300      0.2385310      0.2385280      0.2385180      0.2384410      0.2383800      0.2383800      0.2417130      0.2483800      0.2483800      0.2483800      0.2483800      0.2545800      0.2876800      0.2876800      0.2876800      0.2876800      0.2921800    
  0.1794900      0.1884430      0.2063500      0.2063500      0.2276810      0.2487860      0.2494600      0.2494600      0.2458100      0.2385300      0.2385300      0.2385300      0.2385300      0.2385300      0.2385260      0.2469270      0.2383800      0.2383800      0.2486480      0.2483800      0.2491780      0.2474700      0.2532800      0.2532800      0.2876800      0.3164800      0.3164800      0.3164800      0.3164800      0.3164900    
  0.1884430      0.2063500      0.2063500      0.2277930      0.2491230      0.2494600      0.2494600      0.2458150      0.2385300      0.2385300      0.2385300      0.2385300      0.2385300      0.2580160      0.2719230      0.2807650      0.2807650      0.2747310      0.2665430      0.2661200      0.2483800      0.2532800      0.3164800      0.3164800      0.3164800      0.3164800      0.3164800      0.3164800      0.3164900      0.2970400    
  0.2063500      0.2063500      0.2278490      0.2492920      0.2494600      0.2494600      0.2458160      0.2385300      0.2385300      0.2385300      0.2385300      0.2385300      0.2735910      0.3164800      0.3164800      0.3103120      0.3231490      0.3231500      0.2969310      0.2851300      0.2838600      0.3231500      0.3164800      0.3164800      0.3164800      0.3164800      0.3164800      0.3164800      0.2969900      0.2972400    
  0.2063500      0.2278770      0.2493760      0.2494600      0.2494600      0.2458170      0.2385300      0.2385300      0.2385300      0.2385300      0.2640420      0.3023100      0.3116880      0.3164000      0.3164800      0.3164800      0.3208560      0.3231480      0.3231500      0.3133250      0.3231500      0.3231400      0.3231400      0.3164700      0.3164700      0.3164700      0.3164800      0.2969500      0.2969900      0.2973500    
  0.2278910      0.2494180      0.2494600      0.2494600      0.2458170      0.2385300      0.2385300      0.2385300      0.2385300      0.2691440      0.3023100      0.3023100      0.3023100      0.3115640      0.3162390      0.3164800      0.3164800      0.3206460      0.3231450      0.3231500      0.3231400      0.3231400      0.3231200      0.3230900      0.3164100      0.3164300      0.2969300      0.2969500      0.2969800      0.2971500    
  0.2494390      0.2494600      0.2494600      0.2458170      0.2385300      0.2385300      0.2385300      0.2638730      0.2838920      0.3023360      0.3023100      0.3023100      0.3023100      0.3023100      0.3112250      0.3157570      0.3164800      0.3164800      0.3198100      0.3231400      0.3231400      0.3231000      0.3229700      0.3227200      0.3017700      0.2965900      0.2968100      0.2969200      0.2969500      0.2970000    
  0.2494600      0.2494600      0.2458170      0.2385300      0.2385300      0.2798780      0.3419000      0.3409000      0.3399000      0.3149100      0.3023870      0.3023100      0.3023100      0.3023100      0.3023100      0.3103550      0.3143100      0.3164800      0.3164800      0.3164700      0.3164500      0.3162900      0.2960400      0.2991700      0.2974600      0.2994800      0.2961800      0.2968100      0.2969300      0.2969600    
  0.2494600      0.2458170      0.2385300      0.2385300      0.2881480      0.3419000      0.3419000      0.3419000      0.3408990      0.3399000      0.3150410      0.3025420      0.3023100      0.3023100      0.3023100      0.3023100      0.3083180      0.3099700      0.3164800      0.3164700      0.2968900      0.2964400      0.2932600      0.2769500      0.2554900      0.2799200      0.2939700      0.3019000      0.2969000      0.2969500    
