iMOD/TUTORIALS/TUT_MetaswapAnalyser/model_MetaSWAP/meteo/Precipitation/Precipitation_20061231_L1.ASC
NCOLS                30
NROWS                30
XLLCORNER     160000.00
YLLCORNER     340000.00
CELLSIZE        1000.00
NODATA_VALUE   -9999.00
   2.730760       2.824520       2.917550       3.014370       3.128480       3.276000       3.465230       3.669640       3.862430       3.963920       3.958580       3.919740       3.874910       3.829960       3.788650       3.755590       3.726980       3.713520       3.707920       3.705900       3.702520       3.692840       3.672380       3.637300       3.587600       3.522280       3.442810       3.353020       3.260460       3.177600    
   2.786930       2.878830       2.932190       3.037950       3.162450       3.307990       3.480540       3.672710       3.873310       3.966600       3.884020       3.804700       3.725680       3.652030       3.586410       3.530830       3.496290       3.484210       3.483800       3.494690       3.508590       3.517900       3.516640       3.499780       3.465190       3.411240       3.338100       3.248050       3.140960       3.048850    
   2.805710       2.898320       2.993740       3.103650       3.175130       3.309070       3.457460       3.612120       3.757520       3.798870       3.746650       3.658200       3.562190       3.465110       3.385820       3.314950       3.268640       3.252440       3.263240       3.292000       3.326660       3.358090       3.377560       3.380060       3.361930       3.321280       3.251660       3.165500       3.057870       2.938110    
   2.825740       2.916660       3.010080       3.117830       3.221480       3.331770       3.444770       3.517860       3.613400       3.638980       3.582910       3.499860       3.411070       3.290920       3.179640       3.093050       3.035000       3.022530       3.051110       3.105540       3.168550       3.225490       3.268830       3.287030       3.288310       3.264930       3.216150       3.141790       3.042380       2.921320    
   2.845820       2.932990       3.034050       3.123810       3.215530       3.307210       3.393560       3.507980       3.541070       3.531320       3.520260       3.398250       3.270420       3.125270       2.982310       2.873020       2.796700       2.790870       2.847550       2.937820       3.035290       3.123150       3.192240       3.237430       3.258530       3.254070       3.224670       3.172530       3.102960       3.033330    
   2.865580       2.962910       3.044240       3.125270       3.204720       3.279650       3.370280       3.445820       3.549050       3.504200       3.428400       3.316410       3.166270       2.986930       2.838330       2.667430       2.559430       2.568910       2.674310       2.813180       2.949150       3.066790       3.159910       3.226820       3.267260       3.281230       3.273450       3.247260       3.210360       3.177600    
   2.800290       2.978740       3.053220       3.125630       3.229760       3.288530       3.335300       3.531550       3.503370       3.455200       3.372680       3.255520       3.105340       2.910740       2.730860       2.503370       2.321850       2.368010       2.556140       2.748600       2.918420       3.059830       3.171870       3.255230       3.312090       3.344950       3.357670       3.354940       3.343310       3.334870    
   2.826250       2.928630       3.107910       3.170410       3.227500       3.502530       3.534450       3.517510       3.492450       3.439690       3.356370       3.241140       3.093760       2.899920       2.732280       2.478030       2.204060       2.311580       2.557540       2.773790       2.957690       3.109600       3.231100       3.324420       3.392740       3.439620       3.468650       3.485060       3.498770       3.509720    
   2.893240       2.940200       3.006160       3.180200       3.507070       3.531760       3.559130       3.535320       3.508050       3.456820       3.379390       3.274610       3.142500       3.043350       2.841820       2.643630       2.505130       2.546580       2.713770       2.901280       3.072210       3.218080       3.337840       3.433030       3.506860       3.562140       3.602940       3.637500       3.663960       3.688550    
   2.912830       2.953130       3.014320       3.425050       3.551040       3.572100       3.579570       3.572730       3.548200       3.503860       3.438370       3.351550       3.244800       3.220660       3.042210       2.908630       2.838990       2.865540       2.973780       3.115070       3.256380       3.380100       3.488000       3.577260       3.649960       3.708480       3.760310       3.801920       3.839350       3.875120    
   2.905420       2.960090       3.215860       3.470940       3.506210       3.597480       3.631300       3.627680       3.609770       3.576430       3.527350       3.463470       3.536460       3.478550       3.333640       3.241630       3.194640       3.212160       3.281540       3.379050       3.483620       3.583200       3.672570       3.750920       3.822010       3.875150       3.926940       3.974500       4.020310       4.066610    
   2.905230       3.138080       3.470940       3.529740       3.557670       3.559810       3.609170       3.697420       3.688850       3.669170       3.759240       3.704680       3.811650       3.724000       3.608110       3.557490       3.541790       3.562070       3.612780       3.677740       3.747530       3.816920       3.887420       3.949830       4.006950       4.059070       4.108800       4.157540       4.207320       4.259720    
   3.090480       3.470940       3.538930       3.570910       3.584140       3.651420       3.675480       3.692680       3.882210       3.930230       3.904140       4.114460       4.040100       3.974100       3.888580       3.873070       3.885340       3.919590       3.959160       3.995790       4.032850       4.072600       4.115250       4.158960       4.202620       4.246190       4.290170       4.337250       4.388530       4.445610    
   3.470940       3.542880       3.577520       3.584140       3.651510       3.718980       3.977030       3.990490       3.998320       3.991610       3.992540       4.312370       4.263270       4.225180       4.204410       4.178010       4.227700       4.282480       4.316660       4.317650       4.318340       4.329140       4.351310       4.376810       4.406230       4.439010       4.474790       4.516930       4.566080       4.624100    
   3.544700       3.580830       3.584140       3.651540       3.718980       3.939100       4.121300       4.141160       4.157700       4.171960       4.527890       4.495860       4.471250       4.458450       4.462520       4.476480       4.533090       4.614460       4.662070       4.616000       4.590430       4.579880       4.580420       4.588940       4.603580       4.623690       4.649740       4.682140       4.725010       4.777620    
   3.582490       3.584140       3.651550       3.718980       3.926460       4.121300       4.131230       4.140050       4.299930       4.728910       4.708500       4.693160       4.685720       4.689510       4.678040       4.721840       4.772460       4.845710       4.879050       4.856720       4.828190       4.806920       4.794730       4.789720       4.790900       4.798080       4.811960       4.834040       4.865460       4.910930    
   3.584140       3.651560       3.718980       3.922250       4.121300       4.126270       4.130860       4.325030       4.728910       4.718710       4.819940       4.885820       4.842550       4.866770       4.944880       4.982030       4.987400       5.039590       5.066600       5.063100       5.044500       5.023270       5.004130       4.987750       4.976180       4.969090       4.967760       4.974150       4.990710       5.021960    
   3.651560       3.718980       3.920840       4.121300       4.123780       4.126140       4.327770       4.728910       4.723810       4.867080       4.984560       5.083290       5.100880       5.129040       5.160380       5.197290       5.186920       5.229510       5.254480       5.258820       5.247780       5.228310       5.205010       5.180320       5.154770       5.132160       5.113050       5.099960       5.095880       5.108020    
   3.718980       3.920370       4.121300       4.122540       4.123740       4.326650       4.728910       4.726360       4.887400       5.033920       5.083290       5.092080       5.161070       5.331050       5.366620       5.404100       5.439310       5.421120       5.446160       5.454590       5.447920       5.429490       5.402400       5.368970       5.331110       5.290840       5.249870       5.213380       5.188990       5.162660    
   3.920220       4.121300       4.121920       4.122530       4.325460       4.728910       4.727630       4.896910       5.058610       5.083290       5.087690       5.166870       5.331050       5.348830       5.367260       5.403340       5.421510       5.435530       5.568460       5.655480       5.651560       5.633160       5.601840       5.559190       5.506940       5.447310       5.372220       5.315390       5.255090       5.204330    
   4.121300       4.121610       4.121920       4.324710       4.728910       4.728270       4.901540       5.070950       5.083290       5.085490       5.167220       5.331050       5.339940       5.349050       5.373150       5.397370       5.420130       5.610140       5.760220       5.864960       5.863570       5.844910       5.809090       5.738110       5.672870       5.594070       5.511420       5.416350       5.321430       5.234080    
   4.121460       4.121610       4.324290       4.728910       4.728590       4.903830       5.077120       5.083290       5.084390       5.166760       5.331050       5.335500       5.340010       5.354040       5.373190       5.396880       5.621040       5.812590       5.864960       5.928420       6.056720       6.042480       6.006290       5.947520       5.862140       5.772590       5.653410       5.521890       5.385580       5.254620    
   4.121450       4.324070       4.728910       4.728750       4.904960       5.080200       5.083290       5.083840       5.166370       5.331050       5.333270       5.335520       5.343180       5.355750       5.374700       5.775990       5.838780       5.864960       6.207720       6.321870       6.299480       6.279400       6.235280       6.171460       6.089310       5.961010       5.809720       5.637950       5.454180       5.271530    
   4.323950       4.728910       4.728830       4.905530       5.081750       5.083290       5.083560       5.166140       5.331050       5.332160       5.333280       5.337330       5.344820       5.970770       6.392200       6.654110       6.650070       6.641950       6.636120       6.715620       6.587020       6.531800       6.513810       6.441150       6.330040       6.180550       5.995550       5.780600       5.544100       5.298660    
   4.728910       4.728870       4.905820       5.082520       5.083290       5.083430       5.166010       5.331050       5.331610       5.332160       5.334260       5.338470       6.459300       7.817740       7.809430       7.383220       7.473490       7.435180       7.065760       6.870860       6.844230       6.873500       6.809000       6.734020       6.610630       6.438070       6.219700       5.962000       5.671900       5.362100    
   4.728890       4.905960       5.082900       5.083290       5.083360       5.165940       5.331050       5.331330       5.331610       5.332680       6.531310       8.325840       7.993800       7.825830       7.826050       7.809430       7.599880       7.511800       7.435180       7.241360       7.181340       7.194100       7.165240       7.067660       6.935720       6.741740       6.491160       6.191590       5.860340       5.503210    
   4.906030       5.083100       5.083290       5.083320       5.165910       5.331050       5.331190       5.331330       5.331870       6.769460       8.325840       8.325840       8.325840       8.005780       7.842010       7.842670       7.809430       7.643130       7.588430       7.435180       7.504680       7.542060       7.534120       7.465250       7.311620       7.096900       6.809430       6.477080       6.113900       5.738910    
   5.083190       5.083290       5.083310       5.165890       5.331050       5.331120       5.331190       6.195970       7.171690       8.326330       8.325840       8.325840       8.325840       8.325840       8.029210       7.873920       7.875900       7.809430       7.739470       7.741670       7.841610       7.912420       7.937760       7.893440       7.747510       7.499390       7.177570       6.805250       6.413980       6.030310    
   5.083290       5.083300       5.165880       5.331050       5.331080       6.628630       8.574950       8.682230       8.789480       8.481700       8.327300       8.325840       8.325840       8.325840       8.325840       8.074400       7.936440       7.942370       7.809430       7.971590       8.119460       8.244720       8.316930       8.359390       8.237620       7.961210       7.574420       7.151910       6.728740       6.330770    
   5.083290       5.165880       5.331050       5.331070       6.888030       8.574820       8.574830       8.574950       8.682260       8.789480       8.484180       8.330220       8.325840       8.325840       8.325840       8.325840       8.159420       8.057520       8.075310       8.264530       8.418910       8.591750       8.743250       8.843730       8.778610       8.433200       7.964960       7.490860       7.024870       6.608820    
