iMOD/TUTORIALS/TUT_MetaswapAnalyser/model_MetaSWAP/meteo/Precipitation/Precipitation_20061108_L1.ASC
NCOLS                30
NROWS                30
XLLCORNER     160000.00
YLLCORNER     340000.00
CELLSIZE        1000.00
NODATA_VALUE   -9999.00
   1.981270       1.922340       1.856690       1.790910       1.744170       1.736140       1.780810       1.849260       1.925880       2.028940       2.163500       2.301140       2.425490       2.542220       2.636840       2.712630       2.729470       2.756050       2.775360       2.776580       2.760270       2.711480       2.661960       2.613330       2.537170       2.452670       2.364070       2.278000       2.205600       2.165460    
   1.892940       1.842690       1.788080       1.739260       1.707900       1.698580       1.717120       1.750690       1.783940       1.859810       2.002510       2.130720       2.246540       2.352090       2.437740       2.472870       2.523640       2.546320       2.551810       2.551590       2.535370       2.490200       2.442230       2.392820       2.316500       2.229100       2.133140       2.032900       1.934810       1.867890    
   1.830570       1.788630       1.746450       1.711380       1.681760       1.671660       1.678860       1.698740       1.730090       1.794660       1.898600       2.006580       2.105700       2.196800       2.265480       2.297430       2.338300       2.365990       2.380230       2.380460       2.353790       2.311790       2.279170       2.217850       2.142790       2.054760       1.951700       1.841680       1.724530       1.611220    
   1.788630       1.753710       1.719750       1.688920       1.667430       1.657990       1.661470       1.675720       1.706900       1.760260       1.833870       1.917920       1.999140       2.070670       2.129330       2.158820       2.190270       2.212080       2.223690       2.223790       2.210990       2.187100       2.132910       2.072630       2.002500       1.919390       1.823870       1.716680       1.599430       1.475970    
   1.762710       1.733320       1.699720       1.675560       1.658530       1.650800       1.653660       1.667630       1.694850       1.736780       1.803280       1.860280       1.919320       1.972690       2.017650       2.043700       2.062930       2.078800       2.088590       2.089590       2.094940       2.072210       2.021310       1.962950       1.900750       1.827170       1.743650       1.653560       1.562380       1.491020    
   1.749480       1.711840       1.688740       1.669370       1.655810       1.649750       1.652140       1.664710       1.709280       1.740970       1.777690       1.818560       1.860340       1.896950       1.935260       1.947700       1.957310       1.968540       1.979080       1.982950       1.990080       1.972940       1.930090       1.888350       1.836050       1.768920       1.701970       1.634030       1.572950       1.536060    
   1.713480       1.703680       1.684660       1.668890       1.657300       1.652960       1.655660       1.699600       1.716370       1.736320       1.761670       1.789510       1.816420       1.840390       1.875130       1.872320       1.867110       1.876230       1.891270       1.909100       1.908540       1.897310       1.875640       1.830330       1.789600       1.742510       1.693090       1.644780       1.603520       1.586830    
   1.682230       1.689970       1.685600       1.672940       1.664250       1.715750       1.710280       1.717080       1.724930       1.737720       1.753970       1.771530       1.787890       1.800140       1.837430       1.822230       1.800560       1.810440       1.833650       1.845480       1.848430       1.842690       1.828570       1.793110       1.763980       1.731720       1.697590       1.667230       1.654510       1.648440    
   1.682110       1.693540       1.681290       1.682170       1.745990       1.737030       1.729990       1.734670       1.738140       1.744950       1.753900       1.763380       1.771610       1.831550       1.817560       1.798590       1.782550       1.780000       1.792720       1.802270       1.807040       1.806090       1.799190       1.773000       1.755780       1.735220       1.715130       1.708830       1.699610       1.703760    
   1.689430       1.701520       1.690870       1.776100       1.771480       1.762210       1.759420       1.756340       1.756050       1.757920       1.760980       1.764050       1.765950       1.831990       1.808870       1.789500       1.767400       1.762370       1.763950       1.768340       1.772420       1.784400       1.784470       1.780780       1.759670       1.750280       1.752370       1.746680       1.748300       1.760430    
   1.699280       1.693940       1.743140       1.804070       1.793350       1.800030       1.787490       1.782220       1.778770       1.776580       1.774860       1.772750       1.869320       1.885560       1.828040       1.797160       1.769790       1.749690       1.738480       1.734810       1.735730       1.738260       1.740350       1.741640       1.750750       1.749320       1.750330       1.755520       1.767430       1.818290    
   1.700040       1.735110       1.804070       1.823200       1.825370       1.825440       1.812370       1.812420       1.806410       1.800950       1.885830       1.866990       1.960770       1.885490       1.842770       1.803870       1.769980       1.741610       1.726800       1.724240       1.729690       1.738360       1.755030       1.763630       1.771220       1.764450       1.772820       1.785210       1.803670       1.829990    
   1.737340       1.804070       1.836240       1.847680       1.870000       1.855360       1.847230       1.839930       1.967230       1.949970       1.928220       2.015170       1.966910       1.917920       1.866800       1.818110       1.772820       1.737800       1.717160       1.720720       1.737710       1.755180       1.771850       1.786850       1.800670       1.814530       1.814250       1.832280       1.855820       1.886460    
   1.804070       1.842290       1.858840       1.870000       1.873330       1.894640       2.065190       2.044930       2.023850       2.003650       1.979170       2.070630       2.017080       1.961920       1.904740       1.844480       1.785990       1.732890       1.713140       1.727050       1.753360       1.778600       1.784190       1.801070       1.816980       1.833370       1.837960       1.859500       1.886820       1.921450    
   1.845190       1.864420       1.870000       1.879320       1.894640       2.035740       2.147380       2.125070       2.101340       2.075740       2.187880       2.133270       2.076960       2.018280       1.956590       1.891790       1.821770       1.746630       1.716180       1.754550       1.777880       1.802920       1.824310       1.843260       1.861130       1.879480       1.899930       1.909760       1.938920       1.981850    
   1.867210       1.870000       1.881320       1.894640       2.025920       2.147380       2.136230       2.124600       2.155240       2.318800       2.263940       2.207850       2.149970       2.089830       2.025140       1.959630       1.880600       1.824130       1.802270       1.822770       1.852300       1.861210       1.881640       1.900290       1.918210       1.936730       1.957360       1.981660       1.996570       2.032880    
   1.870000       1.881990       1.894640       2.022650       2.147380       2.141800       2.136070       2.183710       2.318800       2.291370       2.288310       2.293370       2.233630       2.173700       2.085620       2.028940       1.974990       1.932070       1.911360       1.914590       1.930500       1.950140       1.969870       1.962340       1.977170       1.993070       2.011340       2.033430       2.060850       2.076040    
   1.882210       1.894640       2.021560       2.147380       2.144590       2.141750       2.195100       2.318800       2.305080       2.316310       2.325480       2.357600       2.305920       2.234420       2.181530       2.130090       2.083330       2.046790       2.025080       2.018730       2.023160       2.033040       2.044980       2.057470       2.043430       2.054730       2.068660       2.086580       2.110000       2.135060    
   1.894640       2.021190       2.147380       2.145990       2.144570       2.200060       2.318800       2.311940       2.327870       2.341540       2.357600       2.331760       2.308950       2.337850       2.288730       2.241880       2.199840       2.166120       2.142710       2.129830       2.125300       2.126060       2.129640       2.134600       2.140470       2.147480       2.129370       2.141240       2.153550       2.192170    
   2.021070       2.147380       2.146680       2.145980       2.202350       2.318800       2.315370       2.333160       2.349570       2.357600       2.344680       2.334040       2.337850       2.313290       2.289490       2.243480       2.202610       2.169560       2.210790       2.246530       2.234680       2.227250       2.222550       2.219440       2.217430       2.216610       2.242250       2.243550       2.226210       2.215060    
   2.147380       2.147030       2.146680       2.203450       2.318800       2.317090       2.335700       2.353590       2.357600       2.351140       2.343540       2.337850       2.325570       2.313540       2.282090       2.245190       2.205220       2.251880       2.307650       2.368780       2.350640       2.335800       2.323160       2.337420       2.326360       2.316110       2.276910       2.271120       2.270920       2.279470    
   2.147210       2.147030       2.203990       2.318800       2.317940       2.336960       2.355590       2.357600       2.354370       2.347530       2.337850       2.331710       2.325650       2.307070       2.280270       2.244170       2.281860       2.338220       2.368780       2.407610       2.503410       2.479840       2.458170       2.437600       2.389060       2.359930       2.342130       2.326300       2.314910       2.315190    
   2.147210       2.204260       2.318800       2.318370       2.337580       2.356600       2.357600       2.355990       2.349340       2.337850       2.334780       2.331740       2.321480       2.304330       2.277170       2.391730       2.353500       2.368780       2.556200       2.634270       2.606950       2.600820       2.530220       2.504000       2.477340       2.450650       2.422890       2.395220       2.369650       2.350970    
   2.204390       2.318800       2.318590       2.337890       2.357100       2.357600       2.356790       2.350190       2.337850       2.336320       2.334790       2.329330       2.319180       2.638320       2.783110       2.801450       2.798850       2.786280       2.777140       2.814130       2.765140       2.685520       2.655250       2.622120       2.588510       2.553870       2.517460       2.478770       2.438340       2.397010    
   2.318800       2.318690       2.338040       2.357350       2.357600       2.357200       2.350610       2.337850       2.337080       2.336320       2.333480       2.327770       2.921580       3.657080       3.650310       3.273650       3.251990       3.228920       3.000360       2.883020       2.863110       2.829230       2.789760       2.751480       2.712870       2.673230       2.631190       2.584900       2.530260       2.472350    
   2.318750       2.338120       2.357470       2.357600       2.357400       2.350810       2.337850       2.337470       2.337080       2.335630       3.141820       4.355770       3.895700       3.663990       3.663850       3.650310       3.393460       3.275050       3.228920       3.075350       3.020820       2.980100       2.938060       2.894210       2.852630       2.811350       2.768440       2.718930       2.664180       2.599720    
   2.338160       2.357540       2.357600       2.357500       2.350920       2.337850       2.337660       2.337470       2.336730       3.305210       4.355770       4.355770       4.355770       3.905940       3.677820       3.677390       3.650310       3.419540       3.321190       3.228920       3.188560       3.144260       3.098000       3.052480       3.008560       2.969610       2.930280       2.889710       2.844050       2.793630    
   2.357570       2.357600       2.357550       2.350970       2.337850       2.337750       2.337660       3.121640       3.756880       4.356480       4.355770       4.355770       4.355770       4.355770       3.926310       3.705770       3.704460       3.650310       3.477740       3.413450       3.371830       3.324030       3.272880       3.223410       3.181590       3.147320       3.120510       3.094480       3.066450       3.039370    
   2.357600       2.357570       2.350990       2.337850       2.337800       3.598970       5.490680       5.482710       5.474730       4.730680       4.357900       4.355770       4.355770       4.355770       4.355770       3.966310       3.762540       3.758620       3.650310       3.618280       3.576210       3.524650       3.470330       3.411040       3.367360       3.346010       3.337310       3.331410       3.324180       3.319300    
   2.357590       2.351000       2.337850       2.337830       3.851390       5.490920       5.490920       5.490680       5.482730       5.474730       4.734330       4.362150       4.355770       4.355770       4.355770       4.355770       4.042480       3.878680       3.866930       3.840960       3.811310       3.755650       3.687960       3.615300       3.564960       3.565370       3.584290       3.601040       3.612920       3.625480    
