iMOD/TUTORIALS/TUT_MetaswapAnalyser/model_MetaSWAP/meteo/Precipitation/Precipitation_20050218_L1.ASC
NCOLS                30
NROWS                30
XLLCORNER     160000.00
YLLCORNER     340000.00
CELLSIZE        1000.00
NODATA_VALUE   -9999.00
   3.343760       3.317040       3.288510       3.258580       3.231540       3.199660       3.169170       3.139270       3.112510       3.101480       3.108890       3.122800       3.138730       3.154040       3.174940       3.211670       3.239080       3.280840       3.317120       3.356610       3.399120       3.444290       3.492020       3.545390       3.596510       3.648700       3.701090       3.752270       3.799740       3.841260    
   3.341780       3.316730       3.289990       3.262520       3.238650       3.208880       3.179350       3.149480       3.118790       3.108030       3.128290       3.148960       3.171030       3.200390       3.226630       3.254020       3.284110       3.303400       3.347470       3.384990       3.425350       3.468660       3.514860       3.567010       3.618460       3.672310       3.728120       3.784930       3.842000       3.891730    
   3.342330       3.319100       3.294800       3.275910       3.248720       3.221990       3.195770       3.170640       3.150700       3.145880       3.159650       3.181540       3.211930       3.237060       3.260140       3.286750       3.316160       3.346830       3.379010       3.413140       3.461640       3.502310       3.549230       3.595780       3.645500       3.698420       3.756120       3.814930       3.877940       3.937510    
   3.345510       3.324140       3.302070       3.285330       3.261610       3.238600       3.217050       3.198400       3.188250       3.185650       3.197280       3.219270       3.247430       3.272040       3.300340       3.328390       3.357850       3.387470       3.417530       3.448810       3.482210       3.532830       3.572900       3.617930       3.664530       3.714590       3.768180       3.825330       3.887480       3.949570    
   3.350970       3.331420       3.317450       3.296580       3.276270       3.257200       3.240380       3.224910       3.219740       3.222690       3.242070       3.260090       3.284180       3.309430       3.338850       3.368110       3.396610       3.424270       3.450960       3.478160       3.510670       3.542600       3.580710       3.628950       3.671200       3.716730       3.765340       3.818610       3.869760       3.915890    
   3.358310       3.345360       3.327030       3.309020       3.291940       3.276510       3.256340       3.251870       3.248880       3.266400       3.277950       3.295790       3.319350       3.344400       3.374360       3.404580       3.433610       3.458530       3.480370       3.502320       3.529300       3.556320       3.589280       3.623120       3.660290       3.707120       3.748950       3.793910       3.834710       3.869200    
   3.369190       3.353430       3.337440       3.322050       3.296400       3.285710       3.277630       3.273820       3.291550       3.297620       3.309440       3.326730       3.348870       3.375050       3.405340       3.436700       3.467500       3.488130       3.502830       3.520990       3.539830       3.561580       3.586390       3.617160       3.648170       3.681620       3.719130       3.754000       3.789820       3.816440    
   3.414850       3.344510       3.333030       3.321550       3.311380       3.285350       3.295510       3.315060       3.317410       3.324360       3.336130       3.352610       3.373470       3.397780       3.428670       3.459030       3.491800       3.506460       3.516180       3.527630       3.541610       3.558240       3.577550       3.602340       3.626920       3.655970       3.683160       3.710050       3.736720       3.756800    
   3.405510       3.353550       3.342980       3.334120       3.302350       3.297870       3.311850       3.336060       3.339420       3.346650       3.357930       3.373180       3.392150       3.417850       3.442420       3.467700       3.491100       3.506400       3.515690       3.524580       3.534680       3.546610       3.560570       3.579470       3.600310       3.619710       3.639770       3.661730       3.679440       3.694450    
   3.415410       3.362850       3.353700       3.315790       3.311690       3.308650       3.353150       3.353930       3.357710       3.364720       3.375060       3.388640       3.405160       3.428690       3.447630       3.467980       3.484230       3.497630       3.506740       3.513930       3.520960       3.527480       3.536300       3.546540       3.563960       3.576840       3.592570       3.605460       3.617470       3.627920    
   3.400880       3.377320       3.338740       3.322610       3.318830       3.377890       3.367630       3.368830       3.372540       3.378900       3.387920       3.399460       3.420170       3.435200       3.445570       3.460730       3.474820       3.484590       3.491100       3.495430       3.498810       3.502170       3.506090       3.513000       3.521410       3.528740       3.535650       3.542700       3.549530       3.557410    
   3.400870       3.359890       3.322610       3.342330       3.325460       3.389810       3.379130       3.380970       3.384240       3.389610       3.400000       3.408880       3.426860       3.431270       3.441770       3.452460       3.461090       3.468390       3.471710       3.472750       3.472380       3.471360       3.474370       3.473840       3.473650       3.477090       3.478120       3.479560       3.481340       3.483390    
   3.375730       3.322610       3.357820       3.363930       3.402410       3.389630       3.389060       3.390030       3.396820       3.401170       3.406390       3.414010       3.421180       3.428770       3.435030       3.441610       3.446270       3.448300       3.449200       3.446620       3.444700       3.439720       3.434030       3.428040       3.422080       3.416440       3.414820       3.410700       3.407470       3.405290    
   3.322610       3.366500       3.383170       3.402410       3.396610       3.397800       3.402560       3.402650       3.403920       3.410630       3.413480       3.415560       3.419780       3.423930       3.427470       3.428740       3.429820       3.428010       3.423180       3.419260       3.411280       3.401670       3.368280       3.352870       3.338070       3.324330       3.316180       3.306190       3.298520       3.293580    
   3.371080       3.392790       3.402410       3.398940       3.397800       3.406530       3.419230       3.417780       3.417150       3.417240       3.415340       3.416570       3.417740       3.418440       3.418160       3.414950       3.411690       3.406220       3.397880       3.377780       3.361830       3.342410       3.322100       3.301430       3.280990       3.261410       3.243350       3.231590       3.218790       3.210480    
   3.397600       3.402410       3.399720       3.397800       3.407850       3.419230       3.418500       3.418050       3.417230       3.416740       3.415830       3.414830       3.413410       3.411150       3.408540       3.403160       3.373040       3.369260       3.358450       3.339640       3.316960       3.297200       3.272150       3.246240       3.220170       3.194740       3.170820       3.149380       3.135280       3.121630    
   3.402410       3.399980       3.397800       3.408290       3.419230       3.418870       3.418600       3.417630       3.416740       3.416290       3.411490       3.412230       3.409740       3.404820       3.354760       3.352540       3.344750       3.335600       3.320770       3.299990       3.274660       3.246170       3.215480       3.190140       3.158300       3.126750       3.096620       3.069150       3.045680       3.032840    
   3.400060       3.397800       3.408440       3.419230       3.419050       3.418900       3.417960       3.416740       3.416510       3.409480       3.405030       3.397830       3.394470       3.338850       3.335630       3.329920       3.317020       3.303700       3.285330       3.261740       3.233490       3.201420       3.166370       3.129220       3.097600       3.059650       3.022850       2.988760       2.959150       2.937500    
   3.397800       3.408490       3.419230       3.419140       3.419060       3.418160       3.416740       3.416630       3.408400       3.401430       3.397830       3.396150       3.363550       3.323050       3.317100       3.308380       3.296300       3.274460       3.252960       3.226460       3.195130       3.159460       3.120100       3.077810       3.033560       2.988580       2.950800       2.909320       2.874290       2.841240    
   3.408510       3.419230       3.419180       3.419140       3.418270       3.416740       3.416680       3.407840       3.399630       3.397830       3.396990       3.370150       3.323050       3.320080       3.316180       3.307260       3.293050       3.274570       3.223550       3.195160       3.160910       3.121790       3.078230       3.030850       2.980530       2.928520       2.869170       2.820470       2.791530       2.761170    
   3.419230       3.419210       3.419190       3.418340       3.416740       3.416710       3.407570       3.398730       3.397830       3.397410       3.372000       3.323050       3.321560       3.319770       3.314500       3.305490       3.291630       3.228370       3.181940       3.168720       3.131950       3.089760       3.042330       2.981230       2.925620       2.866980       2.825250       2.765610       2.709920       2.662270    
   3.419220       3.419210       3.418370       3.416740       3.416730       3.407430       3.398280       3.397830       3.397620       3.372570       3.323050       3.322310       3.321460       3.318610       3.313260       3.303870       3.233910       3.175330       3.168720       3.132370       3.096430       3.053400       3.004030       2.948530       2.905800       2.839440       2.770320       2.700200       2.632760       2.573520    
   3.419220       3.418380       3.416740       3.416730       3.407360       3.398060       3.397830       3.397730       3.372770       3.323050       3.322680       3.322270       3.320790       3.317780       3.311910       3.236030       3.172030       3.168720       3.119650       3.088680       3.062440       3.037820       3.001100       2.942790       2.877310       2.804570       2.726540       2.645140       2.564000       2.489250    
   3.418390       3.416740       3.416740       3.407320       3.397940       3.397830       3.397780       3.372840       3.323050       3.322860       3.322670       3.321910       3.320280       3.300170       3.243180       3.158820       3.157100       3.127020       3.090350       3.088820       3.080920       3.043650       2.992010       2.931480       2.862160       2.784260       2.698530       2.606480       2.510850       2.413310    
   3.416740       3.416740       3.407300       3.397890       3.397830       3.397800       3.372880       3.323050       3.322960       3.322860       3.322480       3.321620       3.288860       3.250670       3.250180       3.184330       3.147340       3.145480       3.110890       3.093570       3.096720       3.053280       2.993820       2.932990       2.862050       2.780860       2.689780       2.589720       2.478740       2.366810    
   3.416740       3.407290       3.397860       3.397830       3.397820       3.372890       3.323050       3.323000       3.322960       3.322770       3.332240       3.347120       3.283300       3.251250       3.251170       3.250180       3.182700       3.149190       3.145480       3.115700       3.103060       3.063280       3.014550       2.948280       2.878130       2.796390       2.703400       2.597160       2.485100       2.365560    
   3.407290       3.397840       3.397830       3.397820       3.372900       3.323050       3.323030       3.323000       3.322910       3.334440       3.347120       3.347120       3.347120       3.284160       3.252410       3.252160       3.250180       3.185950       3.152910       3.145480       3.117530       3.082370       3.038360       2.983660       2.910860       2.831430       2.737890       2.636570       2.528560       2.418160    
   3.397840       3.397830       3.397830       3.372900       3.323050       3.323040       3.323030       3.336390       3.343510       3.347120       3.347120       3.347120       3.347120       3.347120       3.285950       3.254890       3.254140       3.250180       3.195210       3.160340       3.138000       3.109380       3.072580       3.025050       2.963990       2.883700       2.796010       2.700500       2.601960       2.507160    
   3.397830       3.397830       3.372900       3.323050       3.323040       3.365830       3.430020       3.403310       3.376610       3.356960       3.347130       3.347120       3.347120       3.347120       3.347120       3.289650       3.260350       3.258100       3.250180       3.224860       3.197460       3.166950       3.136170       3.080050       3.026280       2.955700       2.870350       2.782010       2.694040       2.613200    
   3.397830       3.372900       3.323050       3.323050       3.374400       3.430020       3.430020       3.430020       3.403310       3.376610       3.356980       3.347150       3.347120       3.347120       3.347120       3.347120       3.296990       3.272790       3.266010       3.245210       3.236050       3.209820       3.182110       3.149830       3.102660       3.030420       2.946450       2.874010       2.795270       2.725520    
