iMOD/TUTORIALS/TUT_MetaswapAnalyser/model_MetaSWAP/meteo/Precipitation/Precipitation_20060311_L1.ASC
NCOLS                30
NROWS                30
XLLCORNER     160000.00
YLLCORNER     340000.00
CELLSIZE        1000.00
NODATA_VALUE   -9999.00
  0.4080300      0.4094300      0.4087800      0.4015800      0.3727100      0.3164300      0.2292400       0.000000       0.000000       0.000000       0.000000       0.000000      0.2157100      0.2643600      0.3081500      0.3497600      0.3695900      0.3871000      0.4057300      0.4206700      0.4328700      0.4354100      0.4446200      0.4539600      0.4633300      0.4734700      0.4845200      0.4960900      0.5069400      0.5195600    
  0.3976500      0.3938600      0.3859300      0.3674700      0.3263300      0.2689100      0.1910500       0.000000       0.000000       0.000000       0.000000       0.000000      0.2084600      0.2654100      0.3134000      0.3438600      0.3752900      0.4149700      0.4288400      0.4451200      0.4582600      0.4608600      0.4704800      0.4808100      0.4905300      0.5012000      0.5131300      0.5262400      0.5408700      0.5556300    
  0.3884200      0.3807600      0.3672700      0.3356600      0.3013500      0.2496200      0.1847700       0.000000       0.000000       0.000000       0.000000       0.000000      0.2222200      0.2751100      0.3323100      0.3655500      0.3985500      0.4251100      0.4462000      0.4628600      0.4685400      0.4709600      0.4812200      0.4903500      0.5001400      0.5113000      0.5260600      0.5410700      0.5625000      0.5775300    
  0.3810000      0.3713200      0.3560900      0.3236000      0.2916000      0.2492600      0.1998300       0.000000       0.000000       0.000000       0.000000      0.1980500      0.2568400      0.3046400      0.3499100      0.3812600      0.4130900      0.4389600      0.4595400      0.4756100      0.4881800      0.4919700      0.4918900      0.5022100      0.5113600      0.5220700      0.5349300      0.5503100      0.5725100      0.5896600    
  0.3759800      0.3658500      0.3400100      0.3202800      0.2938100      0.2612300      0.2255800      0.2328900      0.2057200      0.2006200      0.2290900      0.2586500      0.2975300      0.3366800      0.3742600      0.4022800      0.4336100      0.4583200      0.4782600      0.4936500      0.5071200      0.5162500      0.5134300      0.5125500      0.5203800      0.5298400      0.5413800      0.5612400      0.5750900      0.5870600    
  0.3733000      0.3513400      0.3390900      0.3227400      0.3021700      0.2783500      0.2836700      0.2858700      0.2815900      0.2800000      0.2931900      0.3191200      0.3470400      0.3719000      0.3986500      0.4287700      0.4549600      0.4782800      0.4977500      0.5121500      0.5239400      0.5312100      0.5265700      0.5315900      0.5374200      0.5369600      0.5463100      0.5640600      0.5747300      0.5832400    
  0.3787100      0.3513700      0.3412600      0.3285100      0.3548900      0.3350600      0.3158900      0.3509900      0.3414400      0.3406700      0.3512800      0.3713300      0.3972800      0.4152200      0.4313700      0.4567100      0.4774700      0.5006800      0.5212700      0.5360000      0.5441100      0.5487900      0.5518200      0.5439100      0.5472400      0.5521300      0.5675000      0.5750300      0.5751400      0.5821500    
  0.3566500      0.4335500      0.3950900      0.3833300      0.3702100      0.3852500      0.4068700      0.3970000      0.3907200      0.3922900      0.4021100      0.4191000      0.4410100      0.4587400      0.4721300      0.4936200      0.5054900      0.5305500      0.5522400      0.5635800      0.5684500      0.5695700      0.5690800      0.5577900      0.5581300      0.5697600      0.5739300      0.5797500      0.6052700      0.6113800    
  0.4256700      0.4388900      0.4304700      0.3935100      0.4169700      0.4070600      0.4379400      0.4338300      0.4317200      0.4356100      0.4458500      0.4619200      0.4824600      0.4897700      0.5114800      0.5358100      0.5571000      0.5790200      0.5908500      0.5977400      0.5979000      0.5941500      0.5890300      0.5734800      0.5799000      0.5794500      0.5816400      0.6068200      0.6129900      0.6203200    
  0.4288800      0.4443500      0.4382700      0.4682100      0.4316300      0.4257700      0.4670700      0.4642400      0.4654800      0.4716300      0.4831200      0.4998500      0.5211500      0.5356300      0.5570900      0.5820300      0.6099500      0.6311400      0.6438700      0.6467700      0.6417600      0.6230200      0.6117800      0.6020800      0.5935300      0.5902100      0.6121900      0.6159900      0.6228500      0.6322700    
  0.4354500      0.4371670      0.4574930      0.4791400      0.4745400      0.4506400      0.4886700      0.4890400      0.4929900      0.5013100      0.5145500      0.5329900      0.5442800      0.5789900      0.6072200      0.6420100      0.6703000      0.6951900      0.7066300      0.7035600      0.6899900      0.6718500      0.6539000      0.6512800      0.6673700      0.6304200      0.6294100      0.6330200      0.6410900      0.6466100    
  0.4351700      0.4523120      0.4791400      0.4860130      0.4861600      0.4931900      0.5369900      0.5089700      0.5151300      0.5254300      0.5460600      0.5665200      0.5811100      0.6189300      0.6502900      0.6955700      0.7401100      0.7693700      0.7807400      0.7677000      0.7398900      0.7085400      0.7162300      0.6963600      0.6824800      0.6558900      0.6536800      0.6574200      0.6670500      0.6826200    
  0.4503910      0.4791400      0.4911370      0.4951850      0.5042100      0.5505800      0.5520800      0.5560200      0.5675300      0.5504700      0.5672100      0.5814500      0.6117500      0.6506200      0.6902500      0.7497000      0.8142100      0.8672500      0.8768000      0.8571400      0.8223800      0.7778300      0.7413600      0.7141900      0.6957800      0.6853500      0.6630700      0.6671200      0.6785700      0.6978700    
  0.4791400      0.4935460      0.4996980      0.5042100      0.5385670      0.5609100      0.5685800      0.5738300      0.5821400      0.6025300      0.6193600      0.5987200      0.6315700      0.6748000      0.7312700      0.7960500      0.9007100      0.9918300       1.013030      0.9476800      0.8701400      0.8074600      0.7605700      0.7274000      0.7054900      0.6931600      0.6711300      0.6755600      0.6885900      0.7110900    
  0.4947120      0.5019540      0.5042100      0.5345620      0.5609100      0.5850500      0.6256600      0.6309700      0.6391200      0.6508700      0.6553500      0.6780100      0.7083600      0.7487400      0.8023800      0.8365400      0.9419100       1.083580       1.134000      0.9979200      0.8911200      0.8182300      0.7662500      0.7301400      0.7065500      0.6933100      0.6892300      0.6763200      0.6903400      0.7405500    
  0.5030820      0.5042100      0.5332270      0.5609100      0.5905400      0.6256600      0.6283150      0.6319170      0.6419930      0.6470100      0.6636000      0.6858100      0.7152400      0.7539700      0.7955700      0.8622400      0.9503000       1.036950       1.056620      0.9874200      0.9119800      0.8377600      0.7914300      0.7585500      0.7367900      0.7245000      0.7207600      0.7252900      0.7175900      0.7412300    
  0.5042100      0.5327820      0.5609100      0.5923700      0.6256600      0.6269870      0.6286310      0.6373090      0.6470100      0.6553050      0.6789040      0.6881700      0.7038900      0.7387300      0.8104700      0.8605400      0.8985900      0.9454600      0.9559800      0.9250700      0.8777300      0.8325500      0.7957400      0.7517300      0.7325400      0.7215500      0.7182300      0.7224700      0.7346500      0.7211900    
  0.5326340      0.5609100      0.5929800      0.6256600      0.6263240      0.6270930      0.6349840      0.6470100      0.6511570      0.6780400      0.6990500      0.7099300      0.7322600      0.7585000      0.7913600      0.8280000      0.8444200      0.8718100      0.8789600      0.8642400      0.8365900      0.8061700      0.7789400      0.7573200      0.7248800      0.7157600      0.7130000      0.7166700      0.7270800      0.7302800    
  0.5609100      0.5931830      0.6256600      0.6259920      0.6263590      0.6338530      0.6470100      0.6490840      0.6781250      0.7044900      0.7099300      0.7210950      0.7364320      0.7450400      0.7699600      0.7960800      0.8199600      0.8157200      0.8212900      0.8143200      0.7985200      0.7791400      0.7603100      0.7444300      0.7326500      0.7254300      0.7060900      0.7089400      0.7024600      0.7294000    
  0.5932510      0.6256600      0.6258260      0.6260040      0.6333030      0.6470100      0.6480470      0.6782720      0.7072100      0.7099300      0.7155130      0.7281240      0.7450400      0.7575000      0.7703600      0.7953330      0.8105870      0.8189900      0.7946960      0.7756100      0.7669400      0.7551400      0.7427800      0.7317200      0.7230800      0.7174600      0.7328800      0.7175700      0.7496000      0.7393900    
  0.6256600      0.6257430      0.6258300      0.6330360      0.6470100      0.6475280      0.6783660      0.7085700      0.7099300      0.7127210      0.7246520      0.7450400      0.7512700      0.7576330      0.7743980      0.7920930      0.8083030      0.7863780      0.7610750      0.7465400      0.7423700      0.7357200      0.7281000      0.7391700      0.7327200      0.7278800      0.7365600      0.7354700      0.7368000      0.7408100    
  0.6257010      0.6257440      0.6329050      0.6470100      0.6472690      0.6784170      0.7092500      0.7099300      0.7113260      0.7230860      0.7450400      0.7481550      0.7513140      0.7611000      0.7747080      0.7915980      0.7774240      0.7538080      0.7465400      0.7441270      0.7434700      0.7401800      0.7357400      0.7308800      0.7521700      0.7552300      0.7503600      0.7461900      0.7430200      0.7239700    
  0.6257020      0.6328400      0.6470100      0.6471400      0.6784430      0.7095900      0.7099300      0.7106280      0.7223450      0.7450400      0.7465980      0.7481700      0.7535230      0.7623740      0.7758020      0.7735600      0.7501740      0.7465400      0.7630670      0.7620550      0.7592620      0.7571900      0.7772500      0.7731000      0.7560100      0.7670200      0.7599200      0.7519800      0.7433800      0.7348700    
  0.6328080      0.6470100      0.6470750      0.6784570      0.7097600      0.7099300      0.7102790      0.7219860      0.7450400      0.7458190      0.7466020      0.7494300      0.7546890      0.7659350      0.7739280      0.7751240      0.7738950      0.7802530      0.7877500      0.7995450      0.7806400      0.7748300      0.7791200      0.7761400      0.7713900      0.7646900      0.7558800      0.7447300      0.7310400      0.7633700    
  0.6470100      0.6470420      0.6784630      0.7098450      0.7099300      0.7101040      0.7218090      0.7450400      0.7454290      0.7458200      0.7472840      0.7502410      0.7628770      0.7720030      0.7720400      0.7846650      0.8013040      0.8012500      0.8026560      0.8016500      0.8184500      0.8078500      0.7792900      0.7776700      0.7734500      0.7662200      0.7557100      0.7415300      0.7741600      0.7387800    
  0.6470260      0.6784670      0.7098880      0.7099300      0.7100170      0.7217210      0.7450400      0.7452350      0.7454300      0.7461780      0.7934730      0.8620100      0.8022860      0.7723250      0.7719660      0.7720400      0.7914200      0.8013580      0.8012500      0.8081800      0.8058600      0.8087600      0.8099700      0.7835200      0.7800300      0.7723400      0.7602800      0.7998000      0.7696800      0.7298900    
  0.6784680      0.7099090      0.7099300      0.7099740      0.7216770      0.7450400      0.7451370      0.7452350      0.7456140      0.8018200      0.8620100      0.8620100      0.8620100      0.8028050      0.7729700      0.7718910      0.7720400      0.7910310      0.8014650      0.8012500      0.8071600      0.8125400      0.8163200      0.8170400      0.7916700      0.7835200      0.8277100      0.8048300      0.7760600      0.7411500    
  0.7099190      0.7099300      0.7099520      0.7216550      0.7450400      0.7450890      0.7451370      0.7708270      0.8098460      0.8620010      0.8620100      0.8620100      0.8620100      0.8620100      0.8042740      0.7749790      0.7717430      0.7720400      0.7893670      0.8016800      0.8099500      0.8184100      0.8257500      0.8296800      0.8922200      0.8538900      0.8366300      0.8147500      0.7893500      0.7621300    
  0.7099300      0.7099410      0.7216440      0.7450400      0.7450640      0.7868460      0.8494900      0.8484060      0.8473200      0.8570890      0.8619830      0.8620100      0.8620100      0.8620100      0.8620100      0.8082170      0.7811550      0.7714450      0.7720400      0.7825000      0.7948800      0.8088900      0.8839600      0.9035600      0.8972800      0.8857500      0.8473100      0.8263100      0.8040900      0.7827500    
  0.7099350      0.7216390      0.7450400      0.7450520      0.7951740      0.8494750      0.8494750      0.8494900      0.8484070      0.8473200      0.8570410      0.8619290      0.8620100      0.8620100      0.8620100      0.8620100      0.8179610      0.7999800      0.7708500      0.7826100      0.8728300      0.8797800      0.8869800      0.8924700      0.8913700      0.8793500      0.8612500      0.8589400      0.8162900      0.7988300    
