iMOD/TUTORIALS/TUT_MetaswapAnalyser/model_MetaSWAP/meteo/Precipitation/Precipitation_20050604_L1.ASC
NCOLS                30
NROWS                30
XLLCORNER     160000.00
YLLCORNER     340000.00
CELLSIZE        1000.00
NODATA_VALUE   -9999.00
   8.341000       7.844450       7.309450       6.735020       6.118070       5.431360       4.698310       3.981660       3.382940       3.172880       3.382180       3.717720       4.066500       4.429090       4.762590       5.135080       5.461640       5.726270       5.952390       6.143590       6.299060       6.393250       6.476190       6.534740       6.555440       6.550250       6.523220       6.479270       6.424950       6.401690    
   7.677450       7.172380       6.638390       6.048410       5.419990       4.739800       4.027870       3.308350       2.605720       2.358500       2.746640       3.113130       3.466880       3.853210       4.178160       4.509710       4.790570       5.054830       5.291640       5.495130       5.667460       5.784650       5.888150       5.965960       6.004970       6.015310       5.999970       5.962670       5.866120       5.841430    
   7.128170       6.620170       6.078310       5.509570       4.897190       4.260560       3.617110       2.999070       2.487980       2.306750       2.482820       2.761350       3.079840       3.385360       3.674380       3.967740       4.227660       4.473030       4.701850       4.909730       5.097510       5.230520       5.355570       5.440450       5.493530       5.516480       5.465760       5.443050       5.425200       5.352810    
   6.661380       6.162780       5.637730       5.095270       4.528750       3.958220       3.406010       2.906960       2.543910       2.376930       2.424360       2.591840       2.808910       3.046630       3.278150       3.519620       3.747420       3.973810       4.195650       4.404880       4.592670       4.764980       4.874680       4.921900       4.987500       5.024610       5.035050       5.020650       5.004360       4.934090    
   6.271920       5.792070       5.299680       4.788070       4.273620       3.771050       3.302750       2.887450       2.598940       2.445400       2.402840       2.492630       2.627550       2.790890       2.972350       3.153760       3.320820       3.520960       3.731500       3.937480       4.128370       4.290040       4.405330       4.514750       4.585930       4.629700       4.648350       4.673980       4.642400       4.601910    
   5.951650       5.500230       5.033920       4.564330       4.101720       3.660310       3.227620       2.904120       2.562020       2.455340       2.414070       2.443400       2.516350       2.622560       2.725860       2.845050       2.982950       3.162440       3.372460       3.581370       3.772750       3.933890       4.049960       4.150070       4.222750       4.276880       4.301740       4.335680       4.320730       4.300160    
   5.693730       5.263780       4.831940       4.403380       3.934850       3.555250       3.213620       2.780020       2.617590       2.491290       2.431180       2.425050       2.455990       2.506360       2.556280       2.617300       2.691060       2.859990       3.084060       3.297240       3.481650       3.635620       3.759480       3.839920       3.909020       3.956110       4.017110       4.025150       4.025310       4.016490    
   5.441820       4.993940       4.605080       4.225950       3.862070       3.260860       3.000040       2.816890       2.642280       2.521350       2.451150       2.423360       2.426090       2.445950       2.453600       2.478600       2.488900       2.660780       2.887110       3.085390       3.253320       3.391110       3.500600       3.570030       3.630630       3.707090       3.730870       3.742530       3.744850       3.743730    
   5.169720       4.855300       4.498600       4.149310       3.463410       3.199090       2.970980       2.819360       2.661540       2.546740       2.472570       2.433270       2.420620       2.393050       2.416380       2.444680       2.494900       2.613380       2.782860       2.943120       3.080890       3.193120       3.281180       3.333740       3.414750       3.446430       3.466370       3.476700       3.483090       3.486300    
   5.039430       4.750290       4.420460       3.644510       3.381980       3.146510       2.997830       2.819100       2.675400       2.567420       2.493510       2.449820       2.431040       2.394400       2.419480       2.458630       2.520720       2.614810       2.729030       2.840790       2.936600       3.031220       3.092210       3.137220       3.184690       3.204870       3.216550       3.225210       3.231690       3.237470    
   5.055780       4.736730       4.090720       3.547610       3.314820       3.200000       2.976400       2.814710       2.683160       2.582300       2.511150       2.467400       2.392200       2.516950       2.518700       2.538640       2.573260       2.624550       2.680970       2.731220       2.769440       2.795520       2.811980       2.846260       2.847440       2.865470       2.870080       2.876680       2.886740       2.993730    
   5.056470       4.357710       3.547610       3.353870       3.249100       3.165080       2.955920       2.804890       2.683740       2.589630       2.726600       2.654480       2.567440       2.551890       2.554450       2.576130       2.611420       2.645760       2.673690       2.684750       2.681150       2.668900       2.670160       2.654550       2.640150       2.618920       2.611680       2.610810       2.617430       2.632160    
   4.585820       3.547610       3.370490       3.276530       3.303960       3.086200       2.927880       2.791770       2.987190       2.859480       2.761470       2.636020       2.596450       2.578710       2.581150       2.603560       2.638810       2.671600       2.671800       2.639670       2.606100       2.557500       2.511440       2.470590       2.436310       2.409700       2.381470       2.372780       2.374980       2.388770    
   3.547610       3.378080       3.290250       3.303960       3.143940       3.041650       3.322920       3.156500       3.012070       2.887920       2.789210       2.655610       2.612470       2.590700       2.590220       2.610100       2.643360       2.684880       2.673940       2.595590       2.504430       2.420300       2.293250       2.222310       2.164320       2.119490       2.081300       2.064160       2.062390       2.076870    
   3.381690       3.297100       3.303960       3.163180       3.041650       3.213540       3.276060       3.120210       2.983730       2.867230       2.707930       2.642410       2.596270       2.569680       2.562860       2.575960       2.609360       2.657150       2.640120       2.479420       2.330680       2.208860       2.105040       2.017810       1.946350       1.890400       1.850170       1.819770       1.812830       1.824300    
   3.300530       3.303960       3.169600       3.041650       3.177080       3.276060       3.198130       3.126670       2.942710       2.799670       2.710040       2.637140       2.580950       2.541290       2.484980       2.479310       2.466890       2.480280       2.430000       2.301660       2.164350       2.022230       1.908890       1.811910       1.731140       1.666550       1.618430       1.587390       1.568500       1.574670    
   3.303960       3.171740       3.041650       3.164930       3.276060       3.237100       3.200290       3.016800       2.799670       2.754860       2.647950       2.620450       2.507400       2.450290       2.357840       2.332550       2.311680       2.273720       2.199510       2.087420       1.960500       1.836610       1.723380       1.603950       1.517240       1.446250       1.391530       1.353840       1.334180       1.342660    
   3.172450       3.041650       3.160880       3.276060       3.256580       3.237810       3.063460       2.799670       2.777260       2.644270       2.546450       2.472450       2.400210       2.314600       2.257710       2.202970       2.149980       2.079470       1.987920       1.876190       1.754240       1.632850       1.519050       1.416550       1.309590       1.233970       1.173850       1.130110       1.103860       1.107960    
   3.041650       3.159530       3.276060       3.266320       3.256820       3.089380       2.799670       2.788470       2.640620       2.509450       2.472450       2.436330       2.355080       2.233080       2.153750       2.073630       1.988230       1.902730       1.797010       1.680390       1.558430       1.437770       1.323730       1.219750       1.127830       1.049170      0.9700600      0.9210200      0.8984700      0.9031500    
   3.159080       3.276060       3.271190       3.266400       3.103050       2.799670       2.794070       2.638430       2.490950       2.472450       2.454390       2.374240       2.233080       2.193410       2.153490       2.071870       1.988200       1.895990       1.646210       1.503710       1.379190       1.257680       1.143110       1.038270      0.9448600      0.8638900      0.8219000      0.7840100      0.7565500      0.7078900    
   3.276060       3.273620       3.271220       3.110080       2.799670       2.796870       2.637260       2.481700       2.472450       2.463420       2.383540       2.233080       2.213250       2.193330       2.139590       2.071180       1.985350       1.660610       1.425450       1.347190       1.219110       1.095970      0.9807800      0.9064700      0.8090200      0.7239700      0.6811100      0.6193500      0.5707100      0.5375200    
   3.274840       3.273630       3.113650       2.799670       2.798270       2.636670       2.477080       2.472450       2.467940       2.388120       2.233080       2.223160       2.213220       2.182050       2.134700       2.065380       1.690130       1.386320       1.347190       1.230490       1.125170      0.9926700      0.8709800      0.7614200      0.6815300      0.6054300      0.5311300      0.4675000      0.4153800      0.3767800    
   3.274850       3.115450       2.799670       2.798970       2.636360       2.474760       2.472450       2.470190       2.390400       2.233080       2.228120       2.223150       2.206150       2.176660       2.127380       1.671140       1.366760       1.347190       1.112100       1.008480      0.9320140      0.8670900      0.7665000      0.6560600      0.5634000      0.4805800      0.4083200      0.3454200       0.000000       0.000000    
   3.116350       2.799670       2.799320       2.636210       2.473610       2.472450       2.471320       2.391530       2.233080       2.230600       2.228120       2.219140       2.201990       1.864960       1.495550       1.104450       1.098720       1.007130      0.8976360      0.8622450      0.8917900      0.7833500      0.6534300      0.5495000      0.4592900      0.3815500       0.000000       0.000000       0.000000       0.000000    
   2.799670       2.799490       2.636140       2.473030       2.472450       2.471890       2.392100       2.233080       2.231840       2.230600       2.225950       2.216410       1.637980      0.9510780      0.9496500      0.9440010      0.8478670      0.8502500      0.8284950      0.8221830      0.8327000      0.6784000      0.5625600      0.4612800      0.3763600       0.000000       0.000000       0.000000       0.000000       0.000000    
   2.799580       2.636100       2.472740       2.472450       2.472170       2.392380       2.233080       2.232460       2.231840       2.229460       1.899410       1.412050       1.106110      0.9527260      0.9525070      0.9496500      0.8797670      0.8454850      0.8502500      0.7793020      0.7420600      0.6056000      0.4869300      0.3897000       0.000000       0.000000       0.000000       0.000000       0.000000       0.000000    
   2.636080       2.472590       2.472450       2.472310       2.392520       2.233080       2.232770       2.232460       2.231250       1.836960       1.412050       1.412050       1.412050       1.108570      0.9560230      0.9553640      0.9496500      0.8736820      0.8407200      0.8502500      0.6922000      0.5496700      0.4278400      0.3305200       0.000000       0.000000       0.000000       0.000000       0.000000       0.000000    
   2.472520       2.472450       2.472380       2.392590       2.233080       2.232920       2.232770       2.346490       2.040400       1.412670       1.412050       1.412050       1.412050       1.412050       1.113700      0.9630540      0.9610770      0.9496500      0.8541100      0.8311900      0.6633400      0.5114600      0.3824600       0.000000       0.000000       0.000000       0.000000       0.000000       0.000000       0.000000    
   2.472450       2.472410       2.392620       2.233080       2.233000       2.562910       3.057610       2.873550       2.689470       1.839560       1.413920       1.412050       1.412050       1.412050       1.412050       1.124330      0.9784340      0.9725050      0.9496500      0.7853500      0.6244100      0.4733500      0.3427100       0.000000       0.000000       0.000000       0.000000       0.000000       0.000000       0.000000    
   2.472430       2.392640       2.233080       2.233040       2.629270       3.058150       3.058150       3.057610       2.873560       2.689470       1.842800       1.417660       1.412050       1.412050       1.412050       1.412050       1.145740       1.013150      0.9953600      0.8242900      0.6600600      0.4917700      0.3379100       0.000000       0.000000       0.000000       0.000000       0.000000       0.000000       0.000000    
