iMOD/TUTORIALS/TUT_MetaswapAnalyser/model_MetaSWAP/meteo/Precipitation/Precipitation_20051127_L1.ASC
NCOLS                30
NROWS                30
XLLCORNER     160000.00
YLLCORNER     340000.00
CELLSIZE        1000.00
NODATA_VALUE   -9999.00
  0.9904400      0.9563600      0.9168900      0.8706900      0.8143500      0.7405000      0.6486300      0.5484900      0.4573700      0.4212100      0.4492600      0.4941700      0.5402000      0.5859200      0.6307800      0.6769000      0.7225700      0.7752800      0.8319300      0.8936300      0.9605000       1.027000       1.103100       1.185770       1.271060       1.360990       1.454700       1.550080       1.642580       1.724750    
  0.9572600      0.9201700      0.8722300      0.8204800      0.7580900      0.6810600      0.5893900      0.4854800      0.3719800      0.3275100      0.3894000      0.4440600      0.4920400      0.5366600      0.5790800      0.6203100      0.6666400      0.7174800      0.7759400      0.8402400      0.9106700      0.9820000       1.062460       1.149470       1.239350       1.334250       1.433900       1.537170       1.638090       1.731830    
  0.9234700      0.8846100      0.8385500      0.7850900      0.7168300      0.6423500      0.5578800      0.4673600      0.3836200      0.3515000      0.3788700      0.4204900      0.4597200      0.4965300      0.5319800      0.5678200      0.6097500      0.6592500      0.7174000      0.7837800      0.8581400      0.9333000       1.019110       1.106990       1.199540       1.296980       1.397400       1.505870       1.620250       1.733050    
  0.8944500      0.8549600      0.8086800      0.7562800      0.6947100      0.6259100      0.5522800      0.4774500      0.4181700      0.3908600      0.3943700      0.4161300      0.4408300      0.4651200      0.4898100      0.5170600      0.5522400      0.5987200      0.6573400      0.7262600      0.8028300      0.8884700      0.9698200       1.056950       1.149940       1.246980       1.348510       1.454980       1.567330       1.682230    
  0.8707600      0.8317100      0.7884400      0.7372500      0.6804600      0.6194400      0.5571200      0.4983000      0.4522200      0.4245400      0.4165600      0.4195600      0.4305800      0.4402200      0.4513300      0.4665800      0.4913100      0.5340400      0.5941900      0.6667000      0.7498000      0.8339400      0.9161900       1.006000       1.097050       1.190410       1.286020       1.384050       1.479820       1.564750    
  0.8523400      0.8167800      0.7737800      0.7261300      0.6746200      0.6208900      0.5710600      0.5180500      0.4803000      0.4521500      0.4357400      0.4275800      0.4267000      0.4214600      0.4186400      0.4162600      0.4279200      0.4680600      0.5340300      0.6126000      0.6988600      0.7844500      0.8665200      0.9530600       1.040110       1.128110       1.214860       1.300140       1.378220       1.441950    
  0.8546200      0.8052900      0.7649100      0.7209900      0.6798700      0.6316500      0.5844900      0.5393600      0.5028900      0.4743800      0.4531200      0.4369700      0.4229100      0.4107700      0.3940300      0.3720500      0.3598400      0.4022000      0.4818400      0.5692100      0.6549700      0.7399500      0.8240500      0.9023100      0.9836700       1.063350       1.141060       1.212930       1.276610       1.326430    
  0.8303300      0.8208800      0.7682000      0.7271900      0.6843700      0.6388500      0.5954900      0.5568000      0.5229700      0.4940700      0.4697000      0.4484100      0.4280500      0.4067600      0.3864100      0.3530200      0.3143800      0.3651700      0.4531800      0.5383000      0.6212700      0.7024500      0.7819000      0.8546400      0.9291400       1.001330       1.068170       1.128660       1.178540       1.218950    
  0.8342600      0.8200500      0.7829200      0.7306600      0.6884700      0.6493300      0.6094300      0.5736500      0.5414600      0.5124900      0.4864200      0.4623200      0.4389100      0.4211400      0.3967600      0.3701500      0.3579300      0.3874000      0.4509900      0.5236300      0.5980900      0.6722900      0.7451800      0.8111800      0.8790000      0.9418500      0.9993100       1.047740       1.090030       1.121620    
  0.8322000      0.8223000      0.7874800      0.7437700      0.6968400      0.6608200      0.6226600      0.5899500      0.5591300      0.5304300      0.5037100      0.4784800      0.4542400      0.4375800      0.4148200      0.3995500      0.3934000      0.4161600      0.4608900      0.5184400      0.5819600      0.6480800      0.7135300      0.7770200      0.8324500      0.8871800      0.9339300      0.9759200       1.009350       1.033120    
  0.8376130      0.8139930      0.7763600      0.7518900      0.7174800      0.6699800      0.6367800      0.6059800      0.5764200      0.5483000      0.5215800      0.4961400      0.4822900      0.4703900      0.4377000      0.4237500      0.4229700      0.4369600      0.4680700      0.5125500      0.5654000      0.6222300      0.6797400      0.7361500      0.7865500      0.8300100      0.8711600      0.9051400      0.9309800      0.9532400    
  0.8363440      0.7949640      0.7518900      0.7337570      0.7292600      0.6927600      0.6600100      0.6219800      0.5936300      0.5662300      0.5650400      0.5360800      0.5216400      0.4787800      0.4584800      0.4433900      0.4380700      0.4461300      0.4688500      0.5059400      0.5526600      0.6038300      0.6546000      0.7041900      0.7500100      0.7856400      0.8194100      0.8460000      0.8646400      0.8748900    
  0.8104530      0.7518900      0.7387190      0.7328300      0.7364000      0.7044300      0.6754800      0.6467700      0.6552500      0.6175800      0.5877300      0.5518300      0.5247300      0.4991400      0.4768100      0.4574400      0.4447900      0.4438100      0.4598500      0.4940200      0.5389200      0.5870500      0.6344200      0.6787500      0.7186200      0.7529600      0.7755200      0.7956300      0.8079700      0.8121600    
  0.7518900      0.7404060      0.7346150      0.7364000      0.7198230      0.7186400      0.7409400      0.7097200      0.6786100      0.6340600      0.6053400      0.5745200      0.5468800      0.5199000      0.4938200      0.4696900      0.4478300      0.4316300      0.4415700      0.4801800      0.5278600      0.5748900      0.6116400      0.6497900      0.6830100      0.7106300      0.7279800      0.7422100      0.7492900      0.7488400    
  0.7410510      0.7355070      0.7364000      0.7249540      0.7186400      0.7377130      0.7535600      0.7245200      0.6953600      0.6661800      0.6455000      0.6147800      0.5842100      0.5537000      0.5230300      0.4883000      0.4569800      0.4229400      0.4219800      0.4742800      0.5201900      0.5628600      0.6008000      0.6337900      0.6615000      0.6835900      0.6996900      0.7054300      0.7081300      0.7011200    
  0.7359540      0.7364000      0.7266650      0.7186400      0.7366380      0.7535600      0.7390400      0.7244800      0.6973380      0.7032900      0.6730000      0.6426900      0.6122800      0.5816700      0.5508900      0.5193200      0.4873400      0.4598900      0.4593900      0.4915800      0.5299900      0.5641100      0.5954200      0.6220600      0.6437100      0.6600900      0.6710100      0.6762800      0.6721900      0.6655200    
  0.7364000      0.7272350      0.7186400      0.7362790      0.7535600      0.7463000      0.7390270      0.7160370      0.7032900      0.6881450      0.6792480      0.6724800      0.6433200      0.6136200      0.5850100      0.5548800      0.5274500      0.5089800      0.5074300      0.5237200      0.5487100      0.5749900      0.5991700      0.6169400      0.6325300      0.6435600      0.6498600      0.6513900      0.6481900      0.6382300    
  0.7274250      0.7186400      0.7361600      0.7535600      0.7499300      0.7462960      0.7261630      0.7032900      0.6957170      0.6928190      0.6886300      0.7047800      0.6764100      0.6496300      0.6206500      0.5936800      0.5704500      0.5554300      0.5514000      0.5583400      0.5723100      0.5887900      0.6046300      0.6180600      0.6255500      0.6312500      0.6330900      0.6311600      0.6257600      0.6178600    
  0.7186400      0.7361200      0.7535600      0.7517450      0.7499290      0.7314200      0.7032900      0.6995040      0.6986620      0.6967050      0.7047800      0.6905950      0.6788950      0.6847600      0.6578400      0.6333400      0.6128700      0.5980800      0.5912400      0.5916000      0.5971200      0.6050700      0.6131200      0.6196300      0.6236200      0.6245900      0.6197600      0.6144300      0.6072800      0.5984500    
  0.7361070      0.7535600      0.7526530      0.7517450      0.7340960      0.7032900      0.7013970      0.7013960      0.7007420      0.7047800      0.6976880      0.6897570      0.6847600      0.6713000      0.6586470      0.6346830      0.6147630      0.6007300      0.6110360      0.6226600      0.6214800      0.6222600      0.6233500      0.6234700      0.6217000      0.6175700      0.6112400      0.6030200      0.5929100      0.5806400    
  0.7535600      0.7531060      0.7526520      0.7354460      0.7032900      0.7023430      0.7027250      0.7027610      0.7047800      0.7012340      0.6942460      0.6847600      0.6780300      0.6715690      0.6548770      0.6360310      0.6167260      0.6230520      0.6371300      0.6516000      0.6448400      0.6395400      0.6345600      0.6289000      0.6218900      0.6129800      0.6019500      0.5895600      0.5763600      0.5640800    
  0.7533330      0.7531060      0.7361240      0.7032900      0.7028170      0.7033820      0.7037710      0.7047800      0.7030070      0.6962550      0.6847600      0.6813950      0.6781200      0.6681590      0.6541590      0.6358780      0.6343550      0.6443650      0.6516000      0.6544170      0.6668100      0.6563700      0.6461800      0.6355100      0.6238400      0.6089900      0.5942500      0.5777200      0.5604300      0.5448500    
  0.7533330      0.7364630      0.7032900      0.7030530      0.7037090      0.7042750      0.7047800      0.7038930      0.6972000      0.6847600      0.6830770      0.6814250      0.6758910      0.6668120      0.6527320      0.6598010      0.6479820      0.6516000      0.6783490      0.6872600      0.6782820      0.6718800      0.6572500      0.6423800      0.6250000      0.6098600      0.5910300      0.5700100      0.5474600      0.5257000    
  0.7366330      0.7032900      0.7031720      0.7038720      0.7045280      0.7047800      0.7043370      0.6976580      0.6847600      0.6839190      0.6830870      0.6801310      0.6747090      0.7351260      0.7473260      0.7267550      0.7266300      0.7194840      0.7122130      0.7201200      0.7077100      0.6886400      0.6685400      0.6505600      0.6320900      0.6124600      0.5907500      0.5660900      0.5381900      0.5075000    
  0.7032900      0.7032310      0.7039540      0.7046540      0.7047800      0.7045580      0.6978840      0.6847600      0.6843390      0.6839220      0.6823790      0.6793090      0.7969620      0.9466000      0.9450700      0.8327880      0.8056520      0.8016600      0.7535960      0.7292600      0.7325300      0.7034400      0.6817200      0.6605700      0.6398600      0.6188200      0.5960900      0.5698600      0.5376900      0.5002700    
  0.7032600      0.7039940      0.7047170      0.7047800      0.7046690      0.6979960      0.6847600      0.6845500      0.6843400      0.6835470      0.8740780       1.162390       1.019890      0.9482450      0.9481290      0.9450700      0.8537980      0.8096450      0.8016600      0.7633450      0.7475400      0.7213500      0.6958000      0.6718400      0.6499000      0.6293600      0.6083600      0.5838700      0.5538000      0.5157600    
  0.7040150      0.7047480      0.7047800      0.7047250      0.6980510      0.6847600      0.6846550      0.6845500      0.6841460      0.9133490       1.162390       1.162390       1.162390       1.022330      0.9515360      0.9511890      0.9450700      0.8588190      0.8176300      0.8016600      0.7716500      0.7409100      0.7110000      0.6840400      0.6617300      0.6439100      0.6282300      0.6105100      0.5883400      0.5606900    
  0.7047640      0.7047800      0.7047520      0.6980790      0.6847600      0.6847070      0.6846550      0.9014830       1.048380       1.162600       1.162390       1.162390       1.162390       1.162390       1.027250      0.9583500      0.9573080      0.9450700      0.8709150      0.8336000      0.7994500      0.7634600      0.7279300      0.6967500      0.6758800      0.6624700      0.6553500      0.6488100      0.6392500      0.6268700    
  0.7047800      0.7047660      0.6980930      0.6847600      0.6847340       1.072120       1.653190       1.602890       1.552580       1.293030       1.163030       1.162390       1.162390       1.162390       1.162390       1.037070      0.9726720      0.9695450      0.9450700      0.9033300      0.8579500      0.8096300      0.7662000      0.7126900      0.6874500      0.6828600      0.6901600      0.6985000      0.7034600      0.7057800    
  0.7047730      0.6981000      0.6847600      0.6847470       1.149690       1.653300       1.653300       1.653190       1.602890       1.552580       1.294130       1.164300       1.162390       1.162390       1.162390       1.162390       1.055910       1.003400      0.9940200      0.9506600      0.9139100      0.8564800      0.7950300      0.7350100      0.6986300      0.7084600      0.7352600      0.7616900      0.7804500      0.7948500    
