iMOD/TUTORIALS/TUT_MetaswapAnalyser/model_MetaSWAP/meteo/Precipitation/Precipitation_20050502_L1.ASC
NCOLS                30
NROWS                30
XLLCORNER     160000.00
YLLCORNER     340000.00
CELLSIZE        1000.00
NODATA_VALUE   -9999.00
   1.074180       1.023770      0.9675300      0.9115500      0.8755500      0.8744200      0.9230600      0.9922700       1.052930       1.062220       1.012360      0.9454700      0.8814600      0.8171900      0.7571700      0.7028200      0.6538000      0.6261000      0.5934100      0.5666900      0.5450900      0.5329600      0.5188500      0.4990800      0.4888200      0.4788000      0.4683900      0.4572100      0.4452400      0.4383700    
   1.018090      0.9757500      0.9281400      0.8931000      0.8799300      0.8870900      0.9251900      0.9850000       1.055360       1.066710      0.9875000      0.9171900      0.8483800      0.7845800      0.7257500      0.6713900      0.6246300      0.5851500      0.5634200      0.5363500      0.5141700      0.5005800      0.4854700      0.4653600      0.4537200      0.4421800      0.4300600      0.4169200      0.4141100      0.4024500    
  0.9651600      0.9315400      0.9000800      0.8839000      0.8701000      0.8776500      0.9043900      0.9440500      0.9824800      0.9787300      0.9293700      0.8656700      0.8016800      0.7414000      0.6855100      0.6334800      0.5880800      0.5488200      0.5157200      0.4883200      0.4777700      0.4638500      0.4417500      0.4288900      0.4167400      0.4044600      0.4032100      0.3865400      0.3727800      0.3499400    
  0.9208800      0.8933000      0.8688100      0.8579000      0.8480900      0.8504300      0.8636600      0.8821900      0.8951900      0.8906000      0.8511300      0.7997400      0.7436400      0.6886100      0.6359400      0.5866000      0.5429300      0.5052700      0.4738300      0.4481200      0.4271800      0.4132900      0.4032700      0.4035100      0.3907100      0.3772600      0.3624700      0.3457300      0.3305900      0.3067300    
  0.8819800      0.8578600      0.8436900      0.8261700      0.8153300      0.8116100      0.8131900      0.8356000      0.8281800      0.8089800      0.7758200      0.7302400      0.6829100      0.6336300      0.5791400      0.5324100      0.4979100      0.4630200      0.4348300      0.4124100      0.3878100      0.3730600      0.3663600      0.3618500      0.3503100      0.3380200      0.3244300      0.3145700      0.2963000      0.2785000    
  0.8466400      0.8292800      0.8082000      0.7904800      0.7768400      0.7669900      0.7846300      0.7734100      0.7560100      0.7313500      0.6988900      0.6594600      0.6156200      0.5672900      0.5211100      0.4763300      0.4360500      0.4037200      0.3796000      0.3613000      0.3415400      0.3297200      0.3247300      0.3156000      0.3064000      0.3008600      0.2893300      0.2814200      0.2669100      0.2535900    
  0.8165100      0.7933600      0.7721000      0.7528800      0.7734300      0.7523300      0.7322100      0.7125700      0.6886100      0.6604300      0.6267400      0.5881600      0.5459900      0.5017600      0.4553900      0.4104400      0.3688600      0.3402300      0.3224400      0.3053600      0.2948100      0.2864200      0.2792600      0.2772800      0.2704900      0.2629100      0.2595100      0.2490900      0.2402000      0.2297800    
  0.7890500      0.8145900      0.7848600      0.7576800      0.7316800      0.6950700      0.6809500      0.6547200      0.6267500      0.5952500      0.5599000      0.5210600      0.4795200      0.4362300      0.3922400      0.3474900      0.3030100      0.2797900      0.2657900      0.2563000      0.2495500      0.2446600      0.2407000      0.2410900      0.2369800      0.2370100      0.2301600      0.2222500      0.2153800      0.2064700    
  0.8186100      0.7783400      0.7492400      0.7191700      0.6758800      0.6489000      0.6316800      0.6014700      0.5699900      0.5358300      0.4988500      0.4593400      0.4179200      0.3760400      0.3332100      0.2919100      0.2559500      0.2324200      0.2183600      0.2110400      0.2073600      0.2057800      0.2050500      0.2079300      0.2112300      0.2082700      0.2038400      0.1998300      0.1927200       0.000000    
  0.7846700      0.7438900      0.7138900      0.6652600      0.6348000      0.6053500      0.5848300      0.5526500      0.5185900      0.4823800      0.4440300      0.4038300      0.3624100      0.3214300      0.2803600      0.2425200      0.2123100       0.000000       0.000000       0.000000       0.000000       0.000000       0.000000       0.000000       0.000000       0.000000       0.000000       0.000000       0.000000       0.000000    
  0.7806830      0.7474830      0.6878800      0.6284800      0.5979200      0.5685400      0.5428700      0.5086700      0.4728000      0.4351500      0.3958100      0.3551200      0.3150600      0.2712900      0.2364500      0.1993500       0.000000       0.000000       0.000000       0.000000       0.000000       0.000000       0.000000       0.000000       0.000000       0.000000       0.000000       0.000000       0.000000       0.000000    
  0.7804540      0.7111320      0.6284800      0.5810700      0.5629100      0.5335500      0.5064600      0.4698100      0.4328100      0.3943200      0.3500300      0.3100900      0.2706500      0.2365800      0.1957200       0.000000       0.000000       0.000000       0.000000       0.000000       0.000000       0.000000       0.000000       0.000000       0.000000       0.000000       0.000000       0.000000       0.000000       0.000000    
  0.7329270      0.6284800      0.5733650      0.5489400      0.5349700      0.5085100      0.4734900      0.4372100      0.3927100      0.3540400      0.3152800      0.2896100      0.2456900      0.2028800       0.000000       0.000000       0.000000       0.000000       0.000000       0.000000       0.000000       0.000000       0.000000       0.000000       0.000000       0.000000       0.000000       0.000000       0.000000       0.000000    
  0.6284800      0.5696920      0.5419550      0.5349700      0.5079870      0.4804800      0.4351500      0.3999700      0.3636900      0.3218500      0.2845100      0.2622200      0.2193500       0.000000       0.000000       0.000000       0.000000       0.000000       0.000000       0.000000       0.000000       0.000000       0.000000       0.000000       0.000000       0.000000       0.000000       0.000000       0.000000       0.000000    
  0.5679010      0.5384630      0.5349700      0.5078120      0.4804800      0.4395370      0.4029800      0.3692800      0.3346700      0.2992400      0.2840800      0.2421900      0.2010600       0.000000       0.000000       0.000000       0.000000       0.000000       0.000000       0.000000       0.000000       0.000000       0.000000       0.000000       0.000000       0.000000       0.000000       0.000000       0.000000       0.000000    
  0.5367160      0.5349700      0.5077540      0.4804800      0.4409990      0.4029800      0.3861300      0.3689770      0.3279780      0.3087200      0.2681800      0.2284600       0.000000       0.000000       0.000000       0.000000       0.000000       0.000000       0.000000       0.000000       0.000000       0.000000       0.000000       0.000000       0.000000       0.000000       0.000000       0.000000       0.000000       0.000000    
  0.5349700      0.5077350      0.4804800      0.4414860      0.4029800      0.3945550      0.3860290      0.3479510      0.3087200      0.2884500      0.2459960      0.2203800       0.000000       0.000000       0.000000       0.000000       0.000000       0.000000       0.000000       0.000000       0.000000       0.000000       0.000000       0.000000       0.000000       0.000000       0.000000       0.000000       0.000000       0.000000    
  0.5077280      0.4804800      0.4416490      0.4029800      0.3987680      0.3945210      0.3593140      0.3087200      0.2985850      0.2519430      0.2123100      0.2042400       0.000000       0.000000       0.000000       0.000000       0.000000       0.000000       0.000000       0.000000       0.000000       0.000000       0.000000       0.000000       0.000000       0.000000       0.000000       0.000000       0.000000       0.000000    
  0.4804800      0.4417030      0.4029800      0.4008740      0.3987560      0.3653310      0.3087200      0.3036520      0.2543530      0.2082750      0.2042400      0.1021200      0.5106000E-01   0.000000       0.000000       0.000000       0.000000       0.000000       0.000000       0.000000       0.000000       0.000000       0.000000       0.000000       0.000000       0.000000       0.000000       0.000000       0.000000       0.000000    
  0.4417210      0.4029800      0.4019270      0.4008700      0.3684200      0.3087200      0.3061860      0.2554450      0.2062570      0.2042400      0.1531800      0.8935500E-01   0.000000       0.000000       0.000000       0.000000       0.000000       0.000000       0.000000       0.000000       0.000000       0.000000       0.000000       0.000000       0.000000       0.000000       0.000000       0.000000       0.000000       0.000000    
  0.4029800      0.4024530      0.4019260      0.3699840      0.3087200      0.3074530      0.2559680      0.2052490      0.2042400      0.1787100      0.1116940       0.000000       0.000000       0.000000       0.000000       0.000000       0.000000       0.000000       0.000000       0.000000       0.000000       0.000000       0.000000       0.000000       0.000000       0.000000       0.000000       0.000000       0.000000       0.000000    
  0.4027170      0.4024530      0.3707710      0.3087200      0.3080870      0.2562250      0.2047440      0.2042400      0.1914750      0.1236610       0.000000       0.000000       0.000000       0.000000       0.000000       0.000000       0.000000       0.000000       0.000000       0.000000       0.000000       0.000000       0.000000       0.000000       0.000000       0.000000       0.000000       0.000000       0.000000       0.000000    
  0.4027170      0.3711650      0.3087200      0.3084030      0.2563530      0.2044920      0.2042400      0.1978570      0.1298440       0.000000       0.000000       0.000000       0.000000       0.000000       0.000000       0.000000       0.000000       0.000000       0.000000       0.000000       0.000000       0.000000       0.000000       0.000000       0.000000       0.000000       0.000000       0.000000       0.000000       0.000000    
  0.3713630      0.3087200      0.3085620      0.2564160      0.2043660      0.2042400      0.2010490      0.1329850       0.000000       0.000000       0.000000       0.000000       0.000000       0.000000       0.000000       0.000000       0.000000       0.000000       0.000000       0.000000       0.000000       0.000000       0.000000       0.000000       0.000000       0.000000       0.000000       0.000000       0.000000       0.000000    
  0.3087200      0.3086410      0.2564480      0.2043030      0.2042400      0.2026440      0.1345690       0.000000       0.000000       0.000000       0.000000       0.000000       0.000000       0.000000       0.000000       0.000000       0.000000       0.000000       0.000000       0.000000       0.000000       0.000000       0.000000       0.000000       0.000000       0.000000       0.000000       0.000000       0.000000       0.000000    
  0.3086800      0.2564640      0.2042720      0.2042400      0.2034420      0.1353630       0.000000       0.000000       0.000000       0.000000       0.000000       0.000000       0.000000       0.000000       0.000000       0.000000       0.000000       0.000000       0.000000       0.000000       0.000000       0.000000       0.000000       0.000000       0.000000       0.000000       0.000000       0.000000       0.000000       0.000000    
  0.2564720      0.2042560      0.2042400      0.2038410      0.1357610       0.000000       0.000000       0.000000       0.000000       0.000000       0.000000       0.000000       0.000000       0.000000       0.000000       0.000000       0.000000       0.000000       0.000000       0.000000       0.000000       0.000000       0.000000       0.000000       0.000000       0.000000       0.000000       0.000000       0.000000       0.000000    
  0.2042480      0.2042400      0.2040410      0.1359610       0.000000       0.000000       0.000000       0.000000       0.000000       0.000000       0.000000       0.000000       0.000000       0.000000       0.000000       0.000000       0.000000       0.000000       0.000000       0.000000       0.000000       0.000000       0.000000       0.000000       0.000000       0.000000       0.000000       0.000000       0.000000       0.000000    
  0.2042400      0.2041400      0.1360600       0.000000       0.000000      0.8413010E-01  0.2103100      0.1051500       0.000000       0.000000       0.000000       0.000000       0.000000       0.000000       0.000000       0.000000       0.000000       0.000000       0.000000       0.000000       0.000000       0.000000       0.000000       0.000000       0.000000       0.000000       0.000000       0.000000       0.000000       0.000000    
  0.2041900      0.1361100       0.000000       0.000000      0.1009750      0.2103410      0.2103410      0.2103100      0.1051390       0.000000       0.000000       0.000000       0.000000       0.000000       0.000000       0.000000       0.000000       0.000000       0.000000       0.000000       0.000000       0.000000       0.000000       0.000000       0.000000       0.000000       0.000000       0.000000       0.000000       0.000000    
