iMOD/TUTORIALS/TUT_MetaswapAnalyser/model_MetaSWAP/meteo/Precipitation/Precipitation_20051001_L1.ASC
NCOLS                30
NROWS                30
XLLCORNER     160000.00
YLLCORNER     340000.00
CELLSIZE        1000.00
NODATA_VALUE   -9999.00
   1.319620       1.305500       1.286530       1.265420       1.249510       1.249510       1.267020       1.287150       1.296060       1.284140       1.251520       1.213690       1.176620       1.144180       1.115140       1.086420       1.059090       1.049870       1.052080       1.061580       1.076850       1.093920       1.115240       1.137870       1.159330       1.179180       1.196660       1.211190       1.222360       1.232370    
   1.286010       1.278180       1.274910       1.263140       1.257080       1.259910       1.271720       1.286150       1.297140       1.285100       1.246800       1.207650       1.169680       1.131650       1.100810       1.065150       1.048380       1.029720       1.025570       1.031930       1.044120       1.058520       1.077010       1.096810       1.115970       1.133870       1.149740       1.162980       1.163760       1.173660    
   1.268250       1.263770       1.258210       1.254380       1.256650       1.258960       1.265450       1.272120       1.274320       1.259500       1.229020       1.191580       1.150880       1.115850       1.078080       1.040420       1.019790       1.008490       1.006270       1.011750       1.019070       1.031970       1.048820       1.065930       1.082530       1.097700       1.101000       1.112990       1.124160       1.129390    
   1.253120       1.250770       1.247730       1.246000       1.245230       1.246530       1.248560       1.249690       1.245440       1.229970       1.203150       1.167050       1.129820       1.091100       1.054170       1.015950      0.9920700      0.9790600      0.9765200      0.9822500      0.9935200       1.004710       1.018530       1.023910       1.038890       1.052440       1.063970       1.073030       1.080810       1.083040    
   1.239640       1.238240       1.236840       1.234580       1.232750       1.231100       1.228380       1.228590       1.216740       1.197040       1.182070       1.146490       1.103410       1.061420       1.023820      0.9837800      0.9510000      0.9364000      0.9348500      0.9421900      0.9538100      0.9683600      0.9810400      0.9934000       1.006550       1.017780       1.026600       1.034750       1.036930       1.035590    
   1.227320       1.226610       1.224230       1.221230       1.217660       1.213100       1.210060       1.203830       1.219960       1.193460       1.159660       1.120380       1.076430       1.033750      0.9895300      0.9428800      0.9079700      0.8935700      0.8968900      0.9086800      0.9229700      0.9384800      0.9511700      0.9645400      0.9759400      0.9834100      0.9895900      0.9946600      0.9937100      0.9892100    
   1.228580       1.214470       1.211280       1.206990       1.206860       1.198940       1.188600       1.226500       1.203630       1.174090       1.139010       1.098720       1.053900       1.005320      0.9618400      0.9051600      0.8572200      0.8463500      0.8598700      0.8766700      0.8937600      0.9098800      0.9244700      0.9346300      0.9444000      0.9512100      0.9571700      0.9567300      0.9519700      0.9445100    
   1.244330       1.225350       1.205620       1.199090       1.190940       1.220010       1.235940       1.215390       1.188880       1.157510       1.121160       1.079960       1.034290      0.9849700      0.9408300      0.8795900      0.8175000      0.8137900      0.8332300      0.8514600      0.8684000      0.8839000      0.8975500      0.9065100      0.9146500      0.9220700      0.9229100      0.9198700      0.9158400      0.9044200    
   1.248930       1.215580       1.208410       1.185610       1.226340       1.210130       1.228000       1.205470       1.177040       1.144170       1.106780       1.065030       1.019350      0.9904600      0.9321800      0.8765700      0.8318900      0.8154000      0.8216900      0.8337700      0.8474900      0.8610500      0.8732600      0.8808500      0.8900000      0.8927100      0.8913200      0.8890800      0.8785100      0.8642300    
   1.242560       1.206800       1.198350       1.250690       1.220450       1.202450       1.224410       1.198380       1.168420       1.134360       1.096200       1.054200       1.008980      0.9851500      0.9305400      0.8799700      0.8415200      0.8198100      0.8140000      0.8179600      0.8268300      0.8410100      0.8518000      0.8604500      0.8656800      0.8666300      0.8666100      0.8578200      0.8444800      0.8270700    
   1.232120       1.215900       1.226300       1.249370       1.231810       1.221920       1.221770       1.194370       1.163220       1.128240       1.089500       1.047330       1.039140      0.9989200      0.9422100      0.8890800      0.8454400      0.8161400      0.8011000      0.7977000      0.8018400      0.8095300      0.8176300      0.8259200      0.8320500      0.8337700      0.8279700      0.8173000      0.8018800      0.7937100    
   1.231490       1.230920       1.249370       1.243810       1.231500       1.236200       1.235400       1.193650       1.161630       1.125970       1.119710       1.072180       1.064370       1.004090      0.9440500      0.8880800      0.8407100      0.8052500      0.7859500      0.7810200      0.7855200      0.7940000      0.8065400      0.8129000      0.8152400      0.8111600      0.8033600      0.7902500      0.7719700      0.7488600    
   1.238600       1.249370       1.250690       1.247030       1.262550       1.266290       1.239540       1.209440       1.225320       1.171360       1.126290       1.140800       1.075960       1.010870      0.9474300      0.8858100      0.8303200      0.7872100      0.7637800      0.7618000      0.7732000      0.7854200      0.7958900      0.8025100      0.8042000      0.8004100      0.7891000      0.7736700      0.7525700      0.7260700    
   1.249370       1.254350       1.254790       1.262550       1.267660       1.274130       1.314130       1.278220       1.238680       1.198270       1.151060       1.156700       1.090350       1.022940      0.9548800      0.8875300      0.8213900      0.7627700      0.7358000      0.7455400      0.7638400      0.7803600      0.8022600      0.8106400      0.8127400      0.8083400      0.7952900      0.7776000      0.7534700      0.7230900    
   1.256230       1.258670       1.262550       1.268110       1.274130       1.315060       1.356920       1.318400       1.276320       1.230650       1.268170       1.199310       1.128820       1.056760      0.9831600      0.9020900      0.8271100      0.7477100      0.7117600      0.7475000      0.7728600      0.7928300      0.8063400      0.8133000      0.8136500      0.8073300      0.7943600      0.7727800      0.7466900      0.7192400    
   1.260610       1.262550       1.268260       1.274130       1.315370       1.356920       1.337660       1.317210       1.297440       1.364370       1.297510       1.229010       1.158900       1.087280       1.001570      0.9296100      0.8741200      0.8053600      0.7739200      0.7865900      0.8076800      0.8188200      0.8296000      0.8341500      0.8321900      0.8235900      0.8083500      0.7865400      0.7559900      0.7215700    
   1.262550       1.268310       1.274130       1.315470       1.356920       1.347290       1.337260       1.329170       1.364370       1.330940       1.284660       1.265620       1.177660       1.109390       1.074760       1.003690      0.9367500      0.8825900      0.8524100      0.8470800      0.8539000      0.8626100      0.8684700      0.8600800      0.8541900      0.8422800      0.8242500      0.8001700      0.7702600      0.7324300    
   1.268330       1.274130       1.315510       1.356920       1.352110       1.347160       1.344520       1.364370       1.347660       1.302590       1.266210       1.266790       1.205250       1.200110       1.132820       1.068270       1.009420      0.9624500      0.9315600      0.9165400      0.9117100      0.9106400      0.9088300      0.9036900      0.8843000      0.8685700      0.8474600      0.8210500      0.7896600      0.7534800    
   1.274130       1.315520       1.356920       1.354510       1.352060       1.352040       1.364370       1.356010       1.309580       1.266500       1.266790       1.236020       1.233220       1.260730       1.198280       1.139410       1.086770       1.042640       1.010560      0.9893600      0.9759700      0.9663700      0.9570900      0.9456600      0.9305700      0.9109800      0.8773400      0.8484100      0.8150800      0.7753200    
   1.315520       1.356920       1.355720       1.354500       1.355750       1.364370       1.360190       1.312680       1.266640       1.266790       1.251410       1.249190       1.260730       1.229510       1.199470       1.141490       1.089610       1.046660       1.049160       1.063830       1.044030       1.027420       1.011430      0.9939900      0.9736800      0.9496300      0.9175500      0.8843300      0.8522400      0.8082800    
   1.356920       1.356320       1.355710       1.357580       1.364370       1.362280       1.314150       1.266720       1.266790       1.259100       1.257030       1.260730       1.245120       1.229900       1.190160       1.143520       1.092580       1.085290       1.101610       1.139400       1.114630       1.092300       1.070500       1.042360       1.017530      0.9894600      0.9601100      0.9249100      0.8869600      0.8474400    
   1.356620       1.356320       1.358500       1.364370       1.363330       1.314870       1.266750       1.266790       1.262940       1.260910       1.260730       1.252920       1.245250       1.221730       1.187860       1.142090       1.116260       1.120510       1.139400       1.144340       1.178990       1.153070       1.127210       1.100100       1.074640       1.038630       1.003270      0.9646900      0.9236600      0.8825400    
   1.356620       1.358950       1.364370       1.363850       1.315230       1.266770       1.266790       1.264870       1.262840       1.260730       1.256830       1.252970       1.239970       1.218280       1.183890       1.187990       1.129950       1.139400       1.225510       1.255100       1.236310       1.227920       1.190860       1.160880       1.127810       1.092010       1.052760       1.010130      0.9648000      0.9183200    
   1.359180       1.364370       1.364110       1.315400       1.266780       1.266790       1.265830       1.263810       1.260730       1.258780       1.256840       1.249920       1.237070       1.335310       1.371210       1.363990       1.363770       1.351230       1.339520       1.363200       1.331200       1.290370       1.258810       1.225140       1.188870       1.149390       1.106290       1.059450       1.009230      0.9595700    
   1.364370       1.364240       1.315490       1.266790       1.266790       1.266310       1.264290       1.260730       1.259750       1.258780       1.255180       1.247940       1.445520       1.701500       1.699120       1.574010       1.598250       1.588140       1.463590       1.400280       1.395200       1.363910       1.329560       1.292880       1.253450       1.210700       1.164130       1.113430       1.061070       1.001740    
   1.364300       1.315540       1.266790       1.266790       1.266550       1.264530       1.260730       1.260240       1.259760       1.257910       1.522850       1.926170       1.778290       1.703800       1.703880       1.699120       1.634910       1.608350       1.588140       1.502740       1.474430       1.439310       1.402380       1.363340       1.321160       1.275570       1.226100       1.174690       1.116190       1.052900    
   1.315560       1.266790       1.266790       1.266670       1.264650       1.260730       1.260490       1.260240       1.259300       1.578570       1.926170       1.926170       1.926170       1.781690       1.708400       1.708640       1.699120       1.644010       1.628570       1.588140       1.553190       1.516460       1.477490       1.435870       1.391470       1.343430       1.293450       1.237700       1.177700       1.114320    
   1.266790       1.266790       1.266730       1.264710       1.260730       1.260610       1.260490       1.494880       1.706950       1.926350       1.926170       1.926170       1.926170       1.926170       1.788300       1.717440       1.718170       1.699120       1.660220       1.668990       1.633290       1.595240       1.554410       1.510560       1.463820       1.414520       1.361170       1.303800       1.243090       1.180770    
   1.266790       1.266760       1.264740       1.260730       1.260670       1.620890       2.161280       2.180390       2.199490       2.017760       1.926700       1.926170       1.926170       1.926170       1.926170       1.800960       1.735040       1.737210       1.699120       1.684620       1.665370       1.640680       1.605860       1.585240       1.537290       1.485730       1.430270       1.371070       1.309270       1.246980    
   1.266770       1.264760       1.260730       1.260700       1.693020       2.161340       2.161340       2.161280       2.180390       2.199490       2.018670       1.927770       1.926170       1.926170       1.926170       1.926170       1.824470       1.768800       1.775300       1.763490       1.734850       1.714620       1.686690       1.651010       1.609400       1.564010       1.513010       1.437880       1.373960       1.310200    
