iMOD/TUTORIALS/TUT_MetaswapAnalyser/model_MetaSWAP/meteo/Precipitation/Precipitation_20060621_L1.ASC
NCOLS                30
NROWS                30
XLLCORNER     160000.00
YLLCORNER     340000.00
CELLSIZE        1000.00
NODATA_VALUE   -9999.00
  0.6818600      0.6214700      0.5550800      0.4815800      0.3991000      0.3081700       0.000000       0.000000       0.000000       0.000000       0.000000       0.000000       0.000000       0.000000      0.2275400      0.2528400      0.2767100      0.2888200      0.2952100      0.2954700      0.2898900      0.2786900      0.2628900      0.2415700       0.000000       0.000000       0.000000       0.000000       0.000000       0.000000    
  0.6418100      0.5769600      0.5081600      0.4305200      0.3463200      0.2578400       0.000000       0.000000       0.000000       0.000000       0.000000       0.000000       0.000000       0.000000       0.000000       0.000000      0.2386800      0.2497400      0.2574100      0.2603700      0.2579800      0.2501400      0.2372900       0.000000       0.000000       0.000000       0.000000       0.000000       0.000000       0.000000    
  0.6099500      0.5436000      0.4721100      0.3961400      0.3182900      0.2371100       0.000000       0.000000       0.000000       0.000000       0.000000       0.000000       0.000000       0.000000       0.000000       0.000000       0.000000       0.000000      0.2295300      0.2350600      0.2352300      0.2304700       0.000000       0.000000       0.000000       0.000000       0.000000       0.000000       0.000000       0.000000    
  0.5861100      0.5207500      0.4515800      0.3806700      0.3074000      0.2361000       0.000000       0.000000       0.000000       0.000000       0.000000       0.000000       0.000000       0.000000       0.000000       0.000000       0.000000       0.000000       0.000000       0.000000       0.000000       0.000000       0.000000       0.000000       0.000000       0.000000       0.000000       0.000000       0.000000       0.000000    
  0.5700800      0.5075000      0.4447700      0.3782200      0.3123600      0.2501200       0.000000       0.000000       0.000000       0.000000       0.000000       0.000000       0.000000       0.000000       0.000000       0.000000       0.000000       0.000000       0.000000       0.000000       0.000000       0.000000       0.000000       0.000000       0.000000       0.000000       0.000000       0.000000       0.000000       0.000000    
  0.5610200      0.5063900      0.4458100      0.3851900      0.3264100      0.2719000      0.2251900       0.000000       0.000000       0.000000       0.000000       0.000000       0.000000       0.000000       0.000000       0.000000       0.000000       0.000000       0.000000       0.000000       0.000000       0.000000       0.000000       0.000000       0.000000       0.000000       0.000000       0.000000       0.000000       0.000000    
  0.5659100      0.5092500      0.4535700      0.3986600      0.3475300      0.2993100      0.2572400      0.2290800       0.000000       0.000000       0.000000       0.000000       0.000000       0.000000       0.000000       0.000000       0.000000       0.000000       0.000000       0.000000       0.000000       0.000000       0.000000       0.000000       0.000000       0.000000       0.000000       0.000000       0.000000       0.000000    
  0.5609000      0.5215300      0.4687000      0.4190200      0.3718000      0.3434800      0.3012800      0.2683200      0.2414700      0.2214900       0.000000       0.000000       0.000000       0.000000       0.000000       0.000000       0.000000       0.000000       0.000000       0.000000       0.000000       0.000000      0.2231300      0.2206100       0.000000       0.000000       0.000000       0.000000       0.000000       0.000000    
  0.5740900      0.5353500      0.4883600      0.4411200      0.4202600      0.3777100      0.3382600      0.3073500      0.2808200      0.2597200      0.2431000      0.2295000       0.000000       0.000000       0.000000       0.000000       0.000000       0.000000       0.000000       0.000000      0.2283500      0.2373200      0.2409500      0.2397600      0.2350600      0.2277300       0.000000       0.000000       0.000000       0.000000    
  0.5880800      0.5519700      0.5087900      0.4966400      0.4525600      0.4132900      0.3777600      0.3470100      0.3209500      0.2993300      0.2814500      0.2663400      0.2529100      0.2312800      0.2227700       0.000000       0.000000       0.000000      0.2289300      0.2423300      0.2533900      0.2603900      0.2637400      0.2634700      0.2600500      0.2547600      0.2492000      0.2433500      0.2394400      0.2389600    
  0.5915570      0.5496130      0.5211730      0.5272900      0.4877400      0.4520400      0.4165200      0.3872500      0.3618800      0.3402300      0.3218400      0.3060800      0.2778000      0.2679100      0.2647900      0.2584500      0.2563000      0.2594100      0.2665800      0.2752900      0.2832200      0.2889500      0.2918800      0.2920800      0.2906900      0.2858500      0.2811500      0.2768200      0.2740200      0.2732000    
  0.5919120      0.5474080      0.5272900      0.5245830      0.5226000      0.4910100      0.4571300      0.4280000      0.4035200      0.3822200      0.3604200      0.3450400      0.3150000      0.3118500      0.3062100      0.3006200      0.2979700      0.2990300      0.3031000      0.3089800      0.3149500      0.3195700      0.3229100      0.3232300      0.3215500      0.3180100      0.3142400      0.3106800      0.3082600      0.3078400    
  0.5755630      0.5272900      0.5385560      0.5416500      0.5607000      0.5262700      0.4970000      0.4705000      0.4407800      0.4200500      0.4026200      0.3722800      0.3617500      0.3529100      0.3477600      0.3415900      0.3372800      0.3354400      0.3377000      0.3428100      0.3487800      0.3532100      0.3556100      0.3559100      0.3543900      0.3515800      0.3476000      0.3441500      0.3414700      0.3401900    
  0.5272900      0.5444300      0.5511750      0.5607000      0.5504670      0.5644300      0.5279100      0.5038100      0.4821800      0.4636000      0.4465900      0.4134000      0.4033400      0.3947200      0.3872700      0.3823600      0.3756100      0.3698800      0.3697000      0.3770300      0.3837400      0.3883200      0.3881100      0.3877600      0.3857200      0.3824900      0.3782300      0.3743400      0.3709900      0.3686600    
  0.5470890      0.5559380      0.5607000      0.5585320      0.5644300      0.5534300      0.5679500      0.5453100      0.5248600      0.5065800      0.4673500      0.4562200      0.4465600      0.4380900      0.4304200      0.4246500      0.4160100      0.4056700      0.4027800      0.4121300      0.4196100      0.4232200      0.4242200      0.4230500      0.4202000      0.4161700      0.4115200      0.4063200      0.4019300      0.3977100    
  0.5583190      0.5607000      0.5612210      0.5644300      0.5619370      0.5679500      0.5566300      0.5460400      0.5242030      0.5200600      0.5084100      0.4982800      0.4894700      0.4817100      0.4742800      0.4672800      0.4602800      0.4529300      0.4508300      0.4548200      0.4583100      0.4619000      0.4613700      0.4587700      0.4545300      0.4491500      0.4431500      0.4370500      0.4309300      0.4260100    
  0.5607000      0.5621170      0.5644300      0.5647720      0.5679500      0.5622900      0.5568730      0.5367330      0.5200600      0.5142350      0.5292640      0.5403400      0.5323700      0.5254100      0.5166600      0.5113400      0.5077700      0.5030200      0.5008800      0.5011000      0.5013900      0.5002000      0.4971100      0.4953500      0.4892900      0.4820900      0.4742700      0.4663900      0.4590200      0.4554200    
  0.5624160      0.5644300      0.5657170      0.5679500      0.5651200      0.5623710      0.5439890      0.5200600      0.5171480      0.5405150      0.5597850      0.5792300      0.5727600      0.5656700      0.5610500      0.5571900      0.5550600      0.5514700      0.5489700      0.5471300      0.5449000      0.5413500      0.5360300      0.5289500      0.5235400      0.5140400      0.5038600      0.4936600      0.4841500      0.4790700    
  0.5644300      0.5660320      0.5679500      0.5665350      0.5651470      0.5478850      0.5200600      0.5186040      0.5452920      0.5695070      0.5792300      0.5759950      0.5814350      0.6080800      0.6047100      0.6020900      0.6001400      0.5978900      0.5950300      0.5919000      0.5878200      0.5822100      0.5747200      0.5653100      0.5541600      0.5416900      0.5316900      0.5184900      0.5091600      0.5047800    
  0.5661370      0.5679500      0.5672430      0.5665440      0.5499070      0.5200600      0.5193320      0.5475110      0.5743690      0.5792300      0.5776130      0.5861850      0.6080800      0.6063950      0.6049600      0.6023130      0.6000400      0.5976870      0.6194520      0.6352200      0.6298100      0.6225000      0.6129900      0.6012100      0.5873100      0.5716600      0.5623400      0.5506900      0.5358700      0.5206500    
  0.5679500      0.5675960      0.5672450      0.5509380      0.5200600      0.5196960      0.5485860      0.5767990      0.5792300      0.5784210      0.5877770      0.6080800      0.6072380      0.6064780      0.6045560      0.6024380      0.6000130      0.6301240      0.6562200      0.6772200      0.6708800      0.6622300      0.6509400      0.6448200      0.6278400      0.6084000      0.5943700      0.5721100      0.5499300      0.5298200    
  0.5677730      0.5675970      0.5514600      0.5200600      0.5198780      0.5491170      0.5780150      0.5792300      0.5788260      0.5883770      0.6080800      0.6076590      0.6072650      0.6060910      0.6044910      0.6023360      0.6353030      0.6667200      0.6772200      0.6894470      0.7202400      0.7102100      0.6971300      0.6806700      0.6641400      0.6444300      0.6185800      0.5903600      0.5614700      0.5341000    
  0.5677730      0.5517230      0.5200600      0.5199690      0.5493820      0.5786220      0.5792300      0.5790280      0.5886280      0.6080800      0.6078690      0.6076680      0.6070050      0.6059490      0.6043060      0.6609550      0.6719700      0.6772200      0.7400200      0.7641500      0.7568600      0.7503300      0.7410800      0.7225700      0.7000500      0.6735700      0.6426900      0.6079300      0.5709400      0.5348100    
  0.5518540      0.5200600      0.5200150      0.5495130      0.5789260      0.5792300      0.5791290      0.5887410      0.6080800      0.6079750      0.6078720      0.6075140      0.6068740      0.6883650      0.7476690      0.7902040      0.7906750      0.7998630      0.8124880      0.8292650      0.8080600      0.7954600      0.7752000      0.7581200      0.7350000      0.7055700      0.6698700      0.6283900      0.5823100      0.5307200    
  0.5200600      0.5200370      0.5495790      0.5790780      0.5792300      0.5791790      0.5887950      0.6080800      0.6080270      0.6079760      0.6077870      0.6074200      0.7554030      0.9367990      0.9362000      0.8884020      0.9079670      0.9041300      0.8654580      0.8440500      0.8504700      0.8333100      0.8149000      0.7977500      0.7735300      0.7417300      0.7021600      0.6549900      0.5972700      0.5376000    
  0.5200490      0.5496120      0.5791540      0.5792300      0.5792050      0.5888210      0.6080800      0.6080540      0.6080280      0.6079300      0.7560490      0.9785300      0.9512600      0.9374640      0.9373980      0.9362000      0.9187640      0.9118050      0.9041300      0.8843870      0.8736200      0.8717400      0.8641100      0.8403000      0.8162000      0.7833000      0.7414200      0.6878300      0.6292100      0.5631200    
  0.5496290      0.5791920      0.5792300      0.5792170      0.5888340      0.6080800      0.6080670      0.6080540      0.6080040      0.7858130      0.9785300      0.9785300      0.9785300      0.9522460      0.9387950      0.9385950      0.9362000      0.9229190      0.9194800      0.9041300      0.9093300      0.9104400      0.9057600      0.8933800      0.8634400      0.8307800      0.7860700      0.7343600      0.6758600      0.6128600    
  0.5792110      0.5792300      0.5792240      0.5888400      0.6080800      0.6080730      0.6080670      0.6887410      0.8123000      0.9785100      0.9785300      0.9785300      0.9785300      0.9785300      0.9542610      0.9415900      0.9409900      0.9362000      0.9318670      0.9348300      0.9434600      0.9486700      0.9485100      0.9403500      0.9219000      0.8829000      0.8396400      0.7887500      0.7331800      0.6770000    
  0.5792300      0.5792270      0.5888430      0.6080800      0.6080770      0.7405530      0.9392800      0.9350600      0.9308400      0.9625770      0.9784690      0.9785300      0.9785300      0.9785300      0.9785300      0.9583290      0.9475810      0.9457800      0.9362000      0.9523100      0.9671300      0.9794500      0.9930200      0.9926400      0.9758600      0.9442300      0.8966100      0.8467500      0.7945400      0.7441900    
  0.5792280      0.5888450      0.6080800      0.6080780      0.7670410      0.9392640      0.9392640      0.9392800      0.9350590      0.9308400      0.9624700      0.9783460      0.9785300      0.9785300      0.9785300      0.9785300      0.9662130      0.9607630      0.9553600      0.9744000       1.006530       1.020470       1.032440       1.039340       1.032010       1.001010      0.9565900      0.9048500      0.8540000      0.8079200    
