iMOD/TUTORIALS/TUT_MetaswapAnalyser/model_MetaSWAP/meteo/Precipitation/Precipitation_20050508_L1.ASC
NCOLS                30
NROWS                30
XLLCORNER     160000.00
YLLCORNER     340000.00
CELLSIZE        1000.00
NODATA_VALUE   -9999.00
   2.759490       2.649330       2.526480       2.381420       2.182260       1.919480       1.581070       1.231810      0.9369600      0.7967000      0.8076300      0.8580800      0.9107400      0.9386600      0.9755900       1.008410       1.054340       1.094180       1.122420       1.150980       1.180030       1.224280       1.256330       1.284780       1.321910       1.363900       1.413560       1.475270       1.556240       1.669020    
   2.622050       2.485830       2.330990       2.148120       1.913420       1.641340       1.324890      0.9933100      0.6755000      0.5349700      0.6126000      0.6761500      0.7288200      0.7561500      0.7879100      0.8301400      0.8603500      0.8814600      0.9307800      0.9742000       1.020560       1.080850       1.130230       1.174650       1.224920       1.277030       1.333060       1.396420       1.484310       1.588430    
   2.486580       2.332780       2.158330       1.943990       1.718320       1.456730       1.172660      0.8899900      0.6502600      0.5353700      0.5424700      0.5764000      0.6089000      0.6234200      0.6377200      0.6640500      0.6890700      0.7240400      0.7699400      0.8246600      0.8974600      0.9717900       1.030990       1.093490       1.154160       1.213800       1.284890       1.345710       1.412580       1.492400    
   2.364890       2.201790       2.019740       1.807070       1.585170       1.345020       1.099000      0.8705900      0.6876200      0.5790800      0.5401000      0.5344300      0.5388000      0.5317600      0.5302600      0.5389500      0.5559000      0.5907900      0.6441100      0.7111300      0.7853700      0.8684300      0.9552500       1.039470       1.108800       1.174650       1.238430       1.302100       1.368920       1.442110    
   2.261030       2.095850       1.908330       1.714100       1.505820       1.289610       1.076850      0.8841500      0.7296000      0.6237000      0.5714400      0.5332900      0.5067500      0.4779900      0.4525800      0.4393000      0.4471100      0.4816000      0.5448100      0.6265400      0.7113900      0.8007600      0.9005400      0.9920000       1.068710       1.140800       1.210490       1.282210       1.360130       1.460470    
   2.176140       2.014850       1.841420       1.657010       1.464790       1.270830       1.082910      0.9164200      0.7996300      0.6920200      0.6109100      0.5505800      0.5003600      0.4509200      0.4014500      0.3634500      0.3501200      0.3849600      0.4636300      0.5628700      0.6629500      0.7633500      0.8704100      0.9589100       1.040660       1.124950       1.199550       1.278130       1.366880       1.480740    
   2.134360       1.966070       1.800690       1.628230       1.449730       1.275670       1.109810      0.9979400      0.8674000      0.7552000      0.6645900      0.5891800      0.5214400      0.4551900      0.3809800      0.3138800       0.000000      0.3095200      0.4173400      0.5336100      0.6489400      0.7566300      0.8549900      0.9585000       1.041710       1.119770       1.197480       1.278400       1.375750       1.490360    
   2.089950       1.944050       1.778140       1.618910       1.458490       1.346720       1.208060       1.070410      0.9416300      0.8305700      0.7352400      0.6512600      0.5730900      0.4980800      0.4086100      0.3250500       0.000000      0.3016600      0.4307600      0.5577100      0.6765500      0.7846700      0.8815000      0.9824400       1.062530       1.138270       1.211780       1.289340       1.376210       1.483370    
   2.065590       1.935380       1.788730       1.630090       1.547220       1.396600       1.274380       1.149360       1.028260      0.9207200      0.8253800      0.7393000      0.6588100      0.5684200      0.4956400      0.4272900      0.3872700      0.4266100      0.5268400      0.6407500      0.7504100      0.8499100      0.9380100       1.030730       1.103380       1.169910       1.235170       1.302200       1.380040       1.472810    
   2.062350       1.940940       1.804610       1.741690       1.597400       1.459920       1.363520       1.240430       1.128000       1.026730      0.9358900      0.8538700      0.7787800      0.6836600      0.6370300      0.5937600      0.5821700      0.6155000      0.6891400      0.7793400      0.8689500      0.9518900       1.023690       1.086350       1.160860       1.214250       1.264800       1.319950       1.382080       1.455830    
   2.065490       1.935970       1.820110       1.793180       1.662330       1.565750       1.454610       1.342810       1.240390       1.148020       1.065650      0.9928400      0.8845300      0.8005700      0.7916500      0.7835500      0.8005500      0.8457700      0.9125800      0.9869200       1.057690       1.120080       1.173380       1.219720       1.257040       1.313740       1.349390       1.386250       1.427460       1.435290    
   2.064370       1.903680       1.793180       1.762280       1.736120       1.656930       1.558270       1.455030       1.363850       1.282490       1.115020       1.070280      0.9790800      0.9790800      0.9933600       1.014120       1.054460       1.111140       1.169000       1.218160       1.256450       1.286360       1.309810       1.329380       1.345800       1.381300       1.397060       1.413740       1.433250       1.457760    
   1.988220       1.793180       1.802450       1.796810       1.857510       1.765460       1.668020       1.578260       1.337940       1.290120       1.249730       1.150470       1.150120       1.165390       1.209830       1.262460       1.334570       1.411030       1.465900       1.482130       1.478460       1.469140       1.459600       1.450810       1.442620       1.434920       1.451230       1.446750       1.443940       1.443760    
   1.793180       1.820080       1.827160       1.857510       1.830740       1.869250       1.553530       1.495700       1.447010       1.403820       1.378560       1.295370       1.314830       1.353060       1.414360       1.510440       1.622140       1.743970       1.798130       1.762090       1.705000       1.654200       1.610490       1.573940       1.541630       1.512090       1.506450       1.481350       1.457260       1.434160    
   1.828280       1.842340       1.857510       1.852500       1.869250       1.678310       1.612140       1.568650       1.534760       1.512070       1.414100       1.433160       1.469250       1.526070       1.608010       1.730320       1.873290       2.054830       2.130760       2.001210       1.903970       1.821570       1.752860       1.693570       1.640540       1.591600       1.545340       1.523360       1.480320       1.417950    
   1.849920       1.857510       1.859750       1.869250       1.719900       1.612140       1.590390       1.571850       1.533180       1.517240       1.534550       1.566370       1.615360       1.684520       1.774480       1.892250       2.037310       2.174830       2.217550       2.133380       2.026060       1.948550       1.864090       1.787800       1.717620       1.651860       1.589340       1.529310       1.493980       1.436810    
   1.857510       1.862170       1.869250       1.733760       1.612140       1.601270       1.591460       1.553170       1.517240       1.525890       1.620320       1.686660       1.741110       1.815890       1.913650       2.022500       2.133250       2.222370       2.250910       2.208400       2.128150       2.037450       1.947230       1.889760       1.809860       1.732710       1.657970       1.585590       1.515720       1.480510    
   1.862980       1.869250       1.738380       1.612140       1.606700       1.601620       1.565780       1.517240       1.521570       1.640390       1.741720       1.796780       1.856960       1.932650       2.020660       2.117430       2.199180       2.262800       2.285560       2.261950       2.204080       2.127720       2.043370       1.956360       1.898360       1.813480       1.729470       1.647290       1.568110       1.504380    
   1.869250       1.739920       1.612140       1.609420       1.606820       1.572840       1.517240       1.519400       1.649050       1.769250       1.796780       1.826870       1.902540       2.023780       2.106140       2.192280       2.273560       2.303630       2.324440       2.311650       2.269730       2.207010       2.131050       2.047060       1.958390       1.867400       1.804050       1.713800       1.638030       1.575250    
   1.740440       1.612140       1.610780       1.609460       1.576580       1.517240       1.518320       1.653100       1.783020       1.796780       1.811830       1.887490       2.023780       2.064960       2.107400       2.190660       2.256490       2.300540       2.344180       2.363100       2.333500       2.282860       2.215860       2.136610       2.048480       1.954400       1.877550       1.799350       1.713820       1.637220    
   1.612140       1.611460       1.610790       1.578520       1.517240       1.517780       1.655070       1.789900       1.796780       1.804300       1.879970       2.023780       2.044370       2.065380       2.121010       2.184850       2.249230       2.341980       2.390600       2.418100       2.399500       2.360120       2.302310       2.252840       2.164840       2.066970       1.993700       1.886020       1.779550       1.680170    
   1.611800       1.611460       1.579500       1.517240       1.517510       1.656040       1.793340       1.796780       1.800540       1.876210       2.023780       2.034080       2.044510       2.076920       2.123750       2.185030       2.319700       2.404350       2.418100       2.439630       2.501300       2.470560       2.420150       2.351050       2.281480       2.204660       2.091940       1.972770       1.853220       1.736580    
   1.611800       1.580000       1.517240       1.517380       1.656530       1.795060       1.796780       1.798660       1.874330       2.023780       2.028930       2.034120       2.051830       2.081720       2.128560       2.339360       2.411230       2.418100       2.577180       2.628680       2.598910       2.554170       2.566510       2.498500       2.414990       2.311850       2.191540       2.060610       1.926160       1.796840    
   1.580250       1.517240       1.517310       1.656770       1.795920       1.796780       1.797720       1.873390       2.023780       2.026350       2.028940       2.038290       2.055890       2.234630       2.440940       2.655500       2.657110       2.707110       2.769260       2.822310       2.756070       2.712450       2.668940       2.616560       2.536270       2.429540       2.300580       2.155860       2.003340       1.849430    
   1.517240       1.517270       1.656890       1.796350       1.796780       1.797250       1.872920       2.023780       2.025070       2.026360       2.031200       2.041040       2.335010       2.674260       2.676380       2.764080       2.898170       2.896120       2.874870       2.856790       2.888560       2.882820       2.785600       2.745470       2.670600       2.561440       2.422800       2.262670       2.087340       1.912400    
   1.517260       1.656950       1.796560       1.796780       1.797010       1.872680       2.023780       2.024420       2.025070       2.027540       2.121480       2.254400       2.532410       2.671980       2.672140       2.676380       2.824660       2.900220       2.896120       2.924250       2.925730       2.974880       2.996060       2.887770       2.821170       2.709720       2.559860       2.380400       2.189280       1.994200    
   1.656980       1.796670       1.796780       1.796900       1.872560       2.023780       2.024100       2.024420       2.025680       2.136580       2.254400       2.254400       2.254400       2.529020       2.667410       2.667900       2.676380       2.825930       2.904320       2.896120       2.986590       3.063640       3.113760       3.120020       2.989700       2.875160       2.708450       2.512240       2.303610       2.097510    
   1.796730       1.796780       1.796840       1.872510       2.023780       2.023940       2.024100       1.881290       1.979480       2.253940       2.254400       2.254400       2.254400       2.254400       2.522130       2.657940       2.659420       2.676380       2.826900       2.912520       3.028940       3.140380       3.230360       3.272680       3.237940       3.055040       2.866500       2.645060       2.418000       2.203760    
   1.796780       1.796810       1.872480       2.023780       2.023860       1.791840       1.443760       1.447350       1.450940       1.985320       2.253010       2.254400       2.254400       2.254400       2.254400       2.508300       2.638030       2.642460       2.676380       2.822580       2.981450       3.147000       3.303060       3.432040       3.427280       3.285820       3.015830       2.760330       2.513070       2.290510    
   1.796790       1.872460       2.023780       2.023820       1.745290       1.443620       1.443620       1.443760       1.447340       1.450940       1.982930       2.250240       2.254400       2.254400       2.254400       2.254400       2.481350       2.595240       2.608530       2.764160       2.941170       3.142100       3.358920       3.561570       3.632680       3.449720       3.159320       2.845010       2.567370       2.340810    
