iMOD/TUTORIALS/TUT_MetaswapAnalyser/model_MetaSWAP/meteo/Precipitation/Precipitation_20050820_L1.ASC
NCOLS                30
NROWS                30
XLLCORNER     160000.00
YLLCORNER     340000.00
CELLSIZE        1000.00
NODATA_VALUE   -9999.00
   0.000000       0.000000       0.000000       0.000000       0.000000       0.000000       0.000000       0.000000       0.000000       0.000000       0.000000       0.000000       0.000000       0.000000       0.000000      0.4977500      0.5563200      0.6068100      0.6472900      0.6767500      0.6947800      0.7028100      0.6986500      0.6857300      0.6610600      0.6268100      0.5842000      0.5352900      0.4838300       0.000000    
   0.000000       0.000000       0.000000       0.000000       0.000000       0.000000       0.000000       0.000000       0.000000       0.000000       0.000000       0.000000       0.000000       0.000000       0.000000      0.5184600      0.5824100      0.6342700      0.6765500      0.7064000      0.7235200      0.7293700      0.7223100      0.7060100      0.6768400      0.6370200      0.5873600      0.5292700       0.000000       0.000000    
   0.000000       0.000000       0.000000       0.000000       0.000000       0.000000       0.000000       0.000000       0.000000       0.000000       0.000000       0.000000       0.000000       0.000000       0.000000      0.5436300      0.6108000      0.6668500      0.7097800      0.7388100      0.7542300      0.7575000      0.7497100      0.7285600      0.6957300      0.6516200      0.5952600      0.5300700       0.000000       0.000000    
   0.000000       0.000000       0.000000       0.000000       0.000000       0.000000       0.000000       0.000000       0.000000       0.000000       0.000000       0.000000       0.000000       0.000000      0.4985300      0.5751000      0.6442000      0.7010100      0.7429800      0.7696600      0.7818400      0.7824700      0.7716500      0.7461900      0.7110000      0.6646400      0.6073400      0.5393900       0.000000       0.000000    
   0.000000       0.000000       0.000000       0.000000       0.000000       0.000000       0.000000       0.000000       0.000000       0.000000       0.000000       0.000000       0.000000       0.000000      0.5324900      0.6098400      0.6786000      0.7343300      0.7728700      0.7950000      0.8042000      0.8004400      0.7871000      0.7612400      0.7247700      0.6778500      0.6210400      0.5553800      0.4834500       0.000000    
  0.4970700       0.000000       0.000000       0.000000       0.000000       0.000000       0.000000       0.000000       0.000000       0.000000       0.000000       0.000000       0.000000      0.4912600      0.5667600      0.6448400      0.7163100      0.7694500      0.8010900      0.8160800      0.8205200      0.8130300      0.7971500      0.7703900      0.7338700      0.6877200      0.6335000      0.5726000      0.5087200       0.000000    
  0.5413600      0.5086300       0.000000       0.000000       0.000000       0.000000       0.000000       0.000000       0.000000       0.000000       0.000000       0.000000       0.000000      0.5243100      0.5968300      0.6761000      0.7533000      0.8002600      0.8190800      0.8271500      0.8252400      0.8150100      0.7965100      0.7714400      0.7363400      0.6929300      0.6422300      0.5862900      0.5280700       0.000000    
  0.5816700      0.5588300      0.5241700      0.4979400       0.000000       0.000000       0.000000       0.000000       0.000000       0.000000       0.000000       0.000000      0.5018600      0.5518000      0.6142600      0.6897000      0.7727400      0.8078900      0.8169000      0.8187000      0.8144900      0.8039900      0.7866300      0.7633800      0.7311900      0.6912600      0.6445900      0.5930600      0.5407100      0.4894000    
  0.6259400      0.6011100      0.5762600      0.5405900      0.5175100      0.4962000       0.000000       0.000000       0.000000       0.000000       0.000000      0.4930300      0.5257400      0.5653100      0.6142900      0.6751300      0.7333600      0.7703000      0.7841300      0.7880500      0.7861800      0.7788900      0.7654000      0.7460200      0.7183000      0.6827900      0.6403600      0.5939600      0.5440200      0.4940400    
  0.6659200      0.6421800      0.6186900      0.5946700      0.5591500      0.5389100      0.5183000      0.5047700      0.4967000      0.4953600      0.5016700      0.5160700      0.5385000      0.5706600      0.6026000      0.6402600      0.6812700      0.7103500      0.7273500      0.7366500      0.7410200      0.7404100      0.7336500      0.7194500      0.6984700      0.6682100      0.6317400      0.5881100      0.5402500      0.4905900    
  0.6653370      0.6422630      0.6228870      0.6360100      0.6142400      0.5782300      0.5555200      0.5407900      0.5301800      0.5245700      0.5245200      0.5301700      0.5443500      0.5532300      0.5724900      0.5965900      0.6176300      0.6386100      0.6564100      0.6725900      0.6868000      0.6968000      0.6999700      0.6943800      0.6802300      0.6567200      0.6233300      0.5819800      0.5345300       0.000000    
  0.6649700      0.6416240      0.6360100      0.6483730      0.6530000      0.6327500      0.6069900      0.5715000      0.5578000      0.5474300      0.5313200      0.5291000      0.5324600      0.5372900      0.5368100      0.5413500      0.5452700      0.5519500      0.5676800      0.5913800      0.6180500      0.6411500      0.6568900      0.6617600      0.6551400      0.6376100      0.6090000      0.5706600      0.5243200       0.000000    
  0.6573190      0.6360100      0.6615610      0.6716200      0.6902400      0.6598100      0.6389900      0.6191900      0.5877900      0.5556800      0.5431600      0.5381100      0.5273300      0.5157700      0.4973800       0.000000       0.000000       0.000000       0.000000      0.5005400      0.5448700      0.5842700      0.6127000      0.6279600      0.6295300      0.6177300      0.5939300      0.5585100      0.5132000       0.000000    
  0.6360100      0.6671850      0.6809300      0.6902400      0.6798900      0.6896200      0.6525800      0.6312300      0.6103200      0.5913000      0.5710000      0.5399900      0.5193000      0.4954200       0.000000       0.000000       0.000000       0.000000       0.000000       0.000000       0.000000      0.5326600      0.5759100      0.6009100      0.6100400      0.6040200      0.5838700      0.5510300      0.5065300       0.000000    
  0.6697550      0.6855850      0.6902400      0.6865830      0.6896200      0.6761600      0.6862800      0.6626700      0.6385600      0.6137500      0.5984000      0.5697600      0.5380100      0.5014100       0.000000       0.000000       0.000000       0.000000       0.000000       0.000000       0.000000      0.4992200      0.5476900      0.5788100      0.5932100      0.5916900      0.5751600      0.5447000      0.5018800       0.000000    
  0.6879130      0.6902400      0.6888140      0.6896200      0.6840200      0.6862800      0.6744750      0.6625030      0.6395470      0.6432100      0.6123700      0.5791500      0.5424700      0.5010200       0.000000       0.000000       0.000000       0.000000       0.000000       0.000000       0.000000      0.4831900      0.5321300      0.5651900      0.5823100      0.5838400      0.5704200      0.5428600      0.5022300       0.000000    
  0.6902400      0.6895580      0.6896200      0.6866400      0.6862800      0.6803770      0.6744190      0.6549340      0.6432100      0.6277900      0.6071340      0.5918300      0.5524200      0.5107600       0.000000       0.000000       0.000000       0.000000       0.000000       0.000000       0.000000      0.4838900      0.5262400      0.5606600      0.5783900      0.5817700      0.5709300      0.5463500      0.5089100       0.000000    
  0.6898060      0.6896200      0.6875130      0.6862800      0.6833290      0.6803590      0.6632350      0.6432100      0.6355000      0.6175430      0.6004700      0.6091100      0.5711400      0.5303000      0.4899800       0.000000       0.000000       0.000000       0.000000       0.000000       0.000000      0.4987400      0.5337900      0.5600700      0.5788600      0.5831900      0.5745900      0.5531800      0.5196200       0.000000    
  0.6896200      0.6878040      0.6862800      0.6848040      0.6833230      0.6675330      0.6432100      0.6393550      0.6220310      0.6047900      0.6091100      0.5901250      0.5662980      0.5546400      0.5188700      0.4861400       0.000000       0.000000       0.000000       0.000000      0.4877700      0.5175000      0.5452800      0.5671300      0.5804700      0.5837200      0.5798800      0.5618300      0.5319800      0.4929200    
  0.6879010      0.6862800      0.6855420      0.6848020      0.6697180      0.6432100      0.6412820      0.6241310      0.6069500      0.6091100      0.5996170      0.5800430      0.5546400      0.5367550      0.5198830      0.3350030      0.1620470       0.000000      0.2029300      0.4947600      0.5132100      0.5351600      0.5566500      0.5743400      0.5857200      0.5890100      0.5834000      0.5671000      0.5424300      0.5113200    
  0.6862800      0.6859110      0.6855420      0.6708180      0.6432100      0.6422460      0.6251530      0.6080300      0.6091100      0.6043640      0.5858530      0.5546400      0.5456970      0.5370930      0.4638810      0.3389780      0.1656830      0.2784380      0.5073250      0.5198900      0.5324600      0.5483100      0.5646300      0.5786500      0.5884800      0.5920800      0.5884600      0.5760000      0.5547200      0.5253200    
  0.6860960      0.6859110      0.6713700      0.6432100      0.6427280      0.6256580      0.6085700      0.6091100      0.6067370      0.5884920      0.5546400      0.5501690      0.5458100      0.5155570      0.4466500      0.3228470      0.3633190      0.5136080      0.5198900      0.5319000      0.5433500      0.5542000      0.5662900      0.5776100      0.5868900      0.5993400      0.5981300      0.5895800      0.5730200      0.5386600    
  0.6860950      0.6716470      0.6432100      0.6429690      0.6259090      0.6088400      0.6091100      0.6079230      0.5897450      0.5546400      0.5524040      0.5502060      0.5371790      0.5026720      0.4283510      0.4302080      0.5167490      0.5198900      0.5317200      0.5437500      0.5481740      0.5569200      0.5645700      0.5744000      0.5824500      0.5815000      0.5833800      0.5792800      0.5680500      0.5492700    
  0.6717850      0.6432100      0.6430900      0.6260350      0.6089750      0.6091100      0.6085170      0.5903550      0.5546400      0.5535220      0.5524170      0.5465960      0.5300190      0.3670510      0.3564360      0.4803000      0.5014750      0.5085780      0.5313690      0.5313400      0.5441500      0.5422500      0.5406300      0.5482700      0.5566100      0.5641000      0.5688600      0.5688800      0.5624100      0.5246100    
  0.6432100      0.6431500      0.6260970      0.6090430      0.6091100      0.6088130      0.5906550      0.5546400      0.5540810      0.5535260      0.5508450      0.5430110      0.2887330       0.000000       0.000000      0.2970810      0.4226780      0.4830600      0.4768520      0.5190170      0.5185300      0.5149600      0.5155400      0.5205600      0.5283100      0.5373600      0.5455300      0.5502000      0.5257000      0.5227800    
  0.6431800      0.6261290      0.6090760      0.6091100      0.6089620      0.5908050      0.5546400      0.5543610      0.5540820      0.5528180      0.3294760       0.000000       0.000000       0.000000       0.000000       0.000000      0.2641730      0.3622950      0.4830600      0.3739900      0.4943700      0.4852600       0.000000      0.4820600      0.4891100      0.5001400      0.5124400      0.5026600      0.5122600      0.5159200    
  0.6261440      0.6090930      0.6091100      0.6090360      0.5908790      0.5546400      0.5545000      0.5543610      0.5537530      0.2872750       0.000000       0.000000       0.000000       0.000000       0.000000       0.000000       0.000000      0.2113390      0.2415300      0.4830600       0.000000       0.000000       0.000000       0.000000       0.000000       0.000000       0.000000       0.000000      0.4926400      0.5043200    
  0.6091020      0.6091100      0.6090730      0.5909160      0.5546400      0.5545700      0.5545000      0.4156540      0.2325650       0.000000       0.000000       0.000000       0.000000       0.000000       0.000000       0.000000       0.000000       0.000000      0.1207650       0.000000       0.000000       0.000000       0.000000       0.000000       0.000000       0.000000       0.000000       0.000000       0.000000      0.4881900    
  0.6091100      0.6090910      0.5909350      0.5546400      0.5546050      0.3327420       0.000000       0.000000       0.000000       0.000000       0.000000       0.000000       0.000000       0.000000       0.000000       0.000000       0.000000       0.000000       0.000000       0.000000       0.000000       0.000000       0.000000       0.000000       0.000000       0.000000       0.000000       0.000000       0.000000       0.000000    
  0.6091010      0.5909440      0.5546400      0.5546230      0.2883970       0.000000       0.000000       0.000000       0.000000       0.000000       0.000000       0.000000       0.000000       0.000000       0.000000       0.000000       0.000000       0.000000       0.000000       0.000000       0.000000       0.000000       0.000000       0.000000       0.000000       0.000000       0.000000       0.000000       0.000000       0.000000    
