iMOD/TUTORIALS/TUT_MetaswapAnalyser/model_MetaSWAP/meteo/Precipitation/Precipitation_20050516_L1.ASC
NCOLS                30
NROWS                30
XLLCORNER     160000.00
YLLCORNER     340000.00
CELLSIZE        1000.00
NODATA_VALUE   -9999.00
   1.730750       1.613110       1.494850       1.379060       1.271500       1.188990       1.130600       1.083740       1.041240       1.008210      0.9866900      0.9681700      0.9518400      0.9327600      0.9181800      0.9050900      0.9174700      0.9103300      0.9084400      0.9103500      0.9159600      0.9237400      0.9359700      0.9438900      0.9625100      0.9835400       1.006570       1.030990       1.055700       1.082630    
   1.700140       1.587660       1.477140       1.372150       1.275590       1.196930       1.133310       1.079360       1.029420      0.9945600      0.9809600      0.9684100      0.9556500      0.9400600      0.9290000      0.9386700      0.9328300      0.9339800      0.9322200      0.9351100      0.9412100      0.9492600      0.9616800      0.9704000      0.9895400       1.011510       1.036130       1.063040       1.095470       1.125470    
   1.676320       1.570200       1.467520       1.368350       1.282520       1.207220       1.143020       1.087860       1.040820       1.007340      0.9889500      0.9755700      0.9635300      0.9513000      0.9449300      0.9537100      0.9509700      0.9499700      0.9510600      0.9546800      0.9592000      0.9674200      0.9727500      0.9891200       1.008810       1.031770       1.062410       1.091090       1.126360       1.158040    
   1.658300       1.558510       1.462810       1.371220       1.290210       1.218380       1.155980       1.103390       1.059420       1.026960       1.003970      0.9878600      0.9751200      0.9650700      0.9585300      0.9646000      0.9640000      0.9643300      0.9659900      0.9696900      0.9760300      0.9761100      0.9879800       1.009070       1.028650       1.051540       1.077740       1.107290       1.143320       1.177550    
   1.644250       1.550410       1.459310       1.375970       1.299640       1.231260       1.171270       1.122150       1.079170       1.045650       1.015940      0.9995800      0.9882500      0.9793200      0.9719100      0.9744400      0.9791000      0.9807800      0.9828800      0.9865800      0.9848700      0.9940800       1.005040       1.019310       1.038640       1.061250       1.086990       1.120000       1.149450       1.178800    
   1.632850       1.544220       1.460270       1.381650       1.309350       1.244120       1.189670       1.139240       1.089280       1.054040       1.029300       1.011090      0.9984800      0.9898000      0.9804600      0.9842200      0.9879200      0.9897800      0.9908000      0.9933900      0.9918800       1.000440       1.011040       1.026560       1.045370       1.065930       1.090540       1.121630       1.148370       1.174280    
   1.625840       1.541640       1.462160       1.387630       1.324060       1.260500       1.203890       1.142610       1.098890       1.066230       1.040360       1.020660       1.006480      0.9973000      0.9816300      0.9878000      0.9946900      0.9956400      0.9940600      0.9898600      0.9939700       1.002110       1.014050       1.027780       1.046130       1.067150       1.095630       1.119480       1.143070       1.166820    
   1.630490       1.548760       1.471570       1.399430       1.332530       1.253350       1.199240       1.148390       1.108800       1.075610       1.048530       1.027190       1.011190       1.000530      0.9774700      0.9843200      0.9945400      0.9933500      0.9868600      0.9863700      0.9904700      0.9988300       1.011000       1.024830       1.042960       1.069100       1.090650       1.113110       1.142230       1.162400    
   1.635220       1.546740       1.473650       1.404230       1.315830       1.259170       1.206380       1.155630       1.116060       1.082140       1.053670       1.030400       1.012060      0.9660100      0.9672100      0.9713300      0.9760500      0.9767100      0.9747900      0.9759000      0.9812500      0.9907100       1.003790       1.018210       1.042280       1.062140       1.083060       1.112200       1.131910       1.151190    
   1.629920       1.544950       1.475160       1.377390       1.318010       1.263230       1.205420       1.160640       1.120880       1.086060       1.056020       1.030550       1.009410      0.9529200      0.9523300      0.9526200      0.9562100      0.9553000      0.9556100      0.9590700      0.9665500      0.9783600      0.9930600       1.010310       1.033060       1.053130       1.081910       1.101460       1.120510       1.138870    
   1.626510       1.550010       1.443420       1.376200       1.318910       1.253980       1.208130       1.163700       1.123620       1.087810       1.056100       1.028280      0.9445500      0.9332800      0.9385300      0.9335500      0.9311100      0.9305600      0.9333100      0.9403100      0.9515700      0.9664000      0.9838900       1.008040       1.036990       1.054780       1.074840       1.094160       1.112460       1.126180    
   1.627270       1.499040       1.376200       1.329520       1.318720       1.254310       1.209470       1.165210       1.124770       1.087960       1.039430       1.011600      0.9241600      0.9290600      0.9197600      0.9109700      0.9042300      0.9025600      0.9059200      0.9157100      0.9307100      0.9491200      0.9802400       1.002590       1.024900       1.043760       1.064360       1.083720       1.101580       1.117760    
   1.551760       1.376200       1.330360       1.311490       1.304250       1.257050       1.209730       1.165680       1.101860       1.067000       1.034730      0.9425900      0.9277900      0.9138400      0.9012500      0.8884900      0.8774500      0.8709700      0.8754400      0.8895800      0.9155400      0.9398000      0.9647400      0.9894800       1.013530       1.036500       1.054870       1.074450       1.092040       1.107390    
   1.376200       1.329670       1.307870       1.304250       1.272400       1.255890       1.177640       1.136570       1.098280       1.055540       1.023290      0.9326200      0.9162300      0.9001800      0.8841700      0.8684600      0.8530300      0.8398200      0.8413800      0.8669100      0.8948700      0.9233500      0.9333400      0.9569300      0.9798900       1.002040       1.020910       1.040490       1.058450       1.074470    
   1.329040       1.306060       1.304250       1.277510       1.255890       1.201690       1.171540       1.131180       1.093230       1.057560      0.9457700      0.9274200      0.9094700      0.8916300      0.8735500      0.8552600      0.8354500      0.8140700      0.8128700      0.8385500      0.8682900      0.8949600      0.9208300      0.9459300      0.9701800      0.9934500       1.015500       1.033700       1.052260       1.070630    
   1.305150       1.304250       1.279220       1.255890       1.209710       1.171540       1.151360       1.131980       1.059900      0.9576400      0.9386100      0.9201300      0.9020400      0.8841400      0.8640700      0.8463800      0.8157200      0.8063800      0.8103100      0.8305300      0.8551900      0.8853800      0.9118700      0.9378900      0.9632500      0.9877300       1.011030       1.032800       1.050250       1.067750    
   1.304250       1.279790       1.255890       1.212380       1.171540       1.161450       1.151630       1.075220      0.9576400      0.9481250      0.9213620      0.9145200      0.8940300      0.8768300      0.8304300      0.8206600      0.8124600      0.8090100      0.8145100      0.8297300      0.8507600      0.8743800      0.8990700      0.9308100      0.9567800      0.9822600       1.006860       1.030180       1.051770       1.071180    
   1.279980       1.255890       1.213270       1.171540       1.166500       1.161540       1.086480      0.9576400      0.9528830      0.9196500      0.8952150      0.8759100      0.8647700      0.8326800      0.8238300      0.8166300      0.8113800      0.8111600      0.8174600      0.8305800      0.8490000      0.8708300      0.8946900      0.9197600      0.9522400      0.9787800       1.004920       1.030180       1.054080       1.078170    
   1.255890       1.213570       1.171540       1.169020       1.166520       1.093040      0.9576400      0.9552610      0.9183290      0.8855630      0.8759100      0.8703400      0.8497680      0.8257100      0.8185700      0.8135400      0.8116400      0.8119300      0.8187600      0.8309500      0.8478400      0.8683600      0.8915500      0.9166500      0.9430900      0.9703600       1.004820       1.032410       1.061070       1.084410    
   1.213670       1.171540       1.170280       1.169030       1.096560      0.9576400      0.9564510      0.9175750      0.8807360      0.8759100      0.8731250      0.8554320      0.8257100      0.8221400      0.8192730      0.8145830      0.8123700      0.8141100      0.8239060      0.8301200      0.8461500      0.8658900      0.8887200      0.9140500      0.9413800      0.9702100      0.9956600       1.027690       1.073710       1.108050    
   1.171540       1.170910       1.170280       1.098380      0.9576400      0.9570450      0.9171800      0.8783230      0.8759100      0.8745170      0.8575440      0.8257100      0.8239250      0.8223740      0.8186660      0.8154090      0.8136880      0.8214200      0.8289450      0.8277700      0.8433200      0.8626500      0.8854100      0.9066800      0.9352700      0.9660700       1.017340       1.050600       1.083400       1.114710    
   1.171220       1.170910       1.099300      0.9576400      0.9573430      0.9169780      0.8771170      0.8759100      0.8752140      0.8584200      0.8257100      0.8248180      0.8240030      0.8216550      0.8188160      0.8159210      0.8213290      0.8283580      0.8277700      0.8348700      0.8335200      0.8530800      0.8763000      0.9030400      0.9498600      0.9832000       1.019100       1.056140       1.093300       1.129700    
   1.171230       1.099770      0.9576400      0.9574910      0.9168770      0.8765130      0.8759100      0.8755620      0.8588140      0.8257100      0.8252640      0.8248440      0.8234920      0.8214910      0.8187970      0.8176270      0.8280640      0.8277700      0.8286790      0.8285550      0.8415120      0.8476100      0.8831200      0.9120300      0.9450900      0.9815300       1.020640       1.061750       1.103750       1.145070    
   1.100000      0.9576400      0.9575660      0.9168260      0.8762120      0.8759100      0.8757360      0.8589990      0.8257100      0.8254870      0.8252720      0.8245330      0.8232760      0.8033700      0.7977420      0.8035930      0.8040050      0.8132770      0.8235820      0.8235200      0.8235900      0.8497600      0.8742900      0.9044000      0.9389200      0.9776800       1.020180       1.065650       1.112960       1.160750    
  0.9576400      0.9576030      0.9168000      0.8760610      0.8759100      0.8758230      0.8590890      0.8257100      0.8255980      0.8254900      0.8250980      0.8243600      0.7899440      0.7494130      0.7497000      0.7752400      0.7787100      0.7802400      0.8061140      0.8186700      0.8234500      0.8430000      0.8634600      0.8940400      0.9299400      0.9711100       1.017080       1.066940       1.119780       1.173880    
  0.9576210      0.9167880      0.8759850      0.8759100      0.8758660      0.8591330      0.8257100      0.8256540      0.8255990      0.8253950      0.7827380      0.7193700      0.7391650      0.7491280      0.7491260      0.7497000      0.7685460      0.7771800      0.7802400      0.8020270      0.8089700      0.8296100      0.8550000      0.8807700      0.9178100      0.9613800       1.010840       1.065120       1.122410       1.181470    
  0.9167810      0.8759480      0.8759100      0.8758880      0.8591550      0.8257100      0.8256820      0.8256550      0.8255500      0.7744940      0.7193700      0.7193700      0.7193700      0.7387490      0.7485590      0.7485530      0.7497000      0.7670640      0.7741200      0.7802400      0.7954500      0.8144600      0.8383900      0.8687200      0.9022900      0.9483500       1.001700       1.060060       1.121160       1.182630    
  0.8759290      0.8759100      0.8758990      0.8591660      0.8257100      0.8256960      0.8256820      0.7903720      0.7562320      0.7193540      0.7193700      0.7193700      0.7193700      0.7193700      0.7379410      0.7474240      0.7474050      0.7497000      0.7641970      0.7680000      0.7814900      0.7983200      0.8198700      0.8484200      0.8866900      0.9323800      0.9903200       1.053470       1.118230       1.181340    
  0.8759100      0.8759050      0.8591710      0.8257100      0.8257030      0.7658650      0.6761200      0.6803600      0.6846000      0.7077370      0.7193230      0.7193700      0.7193700      0.7193700      0.7193700      0.7364190      0.7451670      0.7451100      0.7497000      0.7588500      0.7701400      0.7839900      0.8013700      0.8255700      0.8632000      0.9166000      0.9789500       1.048120       1.117020       1.182260    
  0.8759070      0.8591740      0.8257100      0.8257060      0.7539020      0.6761180      0.6761180      0.6761200      0.6803590      0.6846000      0.7076550      0.7192280      0.7193700      0.7193700      0.7193700      0.7193700      0.7337330      0.7406900      0.7405200      0.7491200      0.7587700      0.7708600      0.7848200      0.8030700      0.8366700      0.8979600      0.9723500       1.048840       1.121130       1.188720    
