iMOD/TUTORIALS/TUT_MetaswapAnalyser/model_MetaSWAP/meteo/Precipitation/Precipitation_20061218_L1.ASC
NCOLS                30
NROWS                30
XLLCORNER     160000.00
YLLCORNER     340000.00
CELLSIZE        1000.00
NODATA_VALUE   -9999.00
  0.1737800      0.1817200      0.1889300      0.1954100      0.2035500      0.2089900      0.2135200      0.2141400      0.2129300      0.2136400      0.2184900      0.2238200      0.2265500      0.2301400      0.2324900      0.2353600      0.2384600      0.2392800      0.2406600      0.2419600      0.2432200      0.2428800      0.2441600      0.2483900      0.2498900      0.2514100      0.2527900      0.2535500      0.2526400      0.2470500    
  0.1791100      0.1864000      0.1889600      0.1955900      0.2046400      0.2093100      0.2121300      0.2114900      0.2054600      0.2049500      0.2150000      0.2198000      0.2245200      0.2293500      0.2319400      0.2352600      0.2370400      0.2367300      0.2376700      0.2392700      0.2409500      0.2414100      0.2434100      0.2482300      0.2509900      0.2542600      0.2580700      0.2622400      0.2663800      0.2656900    
  0.1801400      0.1871100      0.1935900      0.2045700      0.2047100      0.2088000      0.2110500      0.2107200      0.2065800      0.2071800      0.2124900      0.2175400      0.2231600      0.2272400      0.2282600      0.2312600      0.2328800      0.2345600      0.2364500      0.2385200      0.2400800      0.2411100      0.2459500      0.2489100      0.2524000      0.2566600      0.2627100      0.2692200      0.2762500      0.2844800    
  0.1811200      0.1877000      0.1938600      0.2054300      0.2097000      0.2128900      0.2146700      0.2117100      0.2090700      0.2093400      0.2121100      0.2166300      0.2192200      0.2230900      0.2252600      0.2280100      0.2294200      0.2312200      0.2335000      0.2360700      0.2387200      0.2429900      0.2444600      0.2484200      0.2519500      0.2562100      0.2615100      0.2682400      0.2759400      0.2864800    
  0.1820200      0.1881700      0.2013000      0.2060900      0.2101700      0.2133800      0.2156200      0.2061400      0.2090500      0.2124100      0.2141300      0.2153600      0.2171800      0.2205900      0.2214700      0.2236000      0.2250700      0.2270100      0.2299900      0.2333100      0.2386500      0.2417500      0.2429800      0.2449700      0.2478300      0.2511100      0.2549800      0.2582900      0.2629700      0.2649100    
  0.1828300      0.1970800      0.2021000      0.2066300      0.2105700      0.2138300      0.2098900      0.2051700      0.2031000      0.2089700      0.2129000      0.2164800      0.2159600      0.2170700      0.2194400      0.2186200      0.2183500      0.2206200      0.2248700      0.2291900      0.2347100      0.2377100      0.2385400      0.2403400      0.2419500      0.2428100      0.2442800      0.2441300      0.2439600      0.2403400    
  0.1895900      0.1981400      0.2028200      0.2070900      0.2022300      0.2060500      0.2094300      0.1964000      0.2031400      0.2071700      0.2109400      0.2141800      0.2164800      0.2153000      0.2153500      0.2126200      0.2095500      0.2129600      0.2197400      0.2265400      0.2305400      0.2330600      0.2344700      0.2336000      0.2335600      0.2329800      0.2303400      0.2281500      0.2236900      0.2169200    
  0.1829900      0.1840400      0.1931400      0.1975300      0.2016100      0.1910100      0.1888800      0.1964500      0.2007300      0.2048000      0.2085200      0.2116700      0.2138800      0.2152700      0.2143200      0.2102800      0.2029500      0.2084900      0.2176400      0.2233500      0.2266600      0.2281500      0.2282700      0.2259300      0.2240400      0.2198500      0.2161500      0.2111700      0.2064500      0.1976000    
  0.1696500      0.1839600      0.1883700      0.1970800      0.1843800      0.1887100      0.1859300      0.1937200      0.1979900      0.2020700      0.2058300      0.2090900      0.2115500      0.2179600      0.2138100      0.2119000      0.2102100      0.2136600      0.2179200      0.2215400      0.2232100      0.2231600      0.2217000      0.2177200      0.2125600      0.2077900      0.2019100      0.1968000      0.1880400      0.1776500    
  0.1694100      0.1838500      0.1879200      0.1736200      0.1822700      0.1863600      0.1865100      0.1908100      0.1950200      0.1990900      0.2029300      0.2064000      0.2093200      0.2167000      0.2172000      0.2144800      0.2167800      0.2180700      0.2201000      0.2213900      0.2212500      0.2180300      0.2148700      0.2105700      0.2024300      0.1958900      0.1903800      0.1814100      0.1710500      0.1594000    
  0.1727470      0.1803930      0.1792430      0.1715800      0.1755900      0.1871400      0.1836400      0.1877700      0.1918600      0.1958800      0.1997800      0.2034600      0.2139000      0.2209400      0.2253900      0.2241300      0.2212300      0.2213500      0.2213000      0.2204800      0.2185200      0.2153700      0.2110300      0.2043600      0.2001900      0.1886500      0.1795700      0.1691800      0.1574600      0.1429700    
  0.1727110      0.1759910      0.1715800      0.1738080      0.1732300      0.1806100      0.1765200      0.1846000      0.1885200      0.1924300      0.2050000      0.2079500      0.2185800      0.2258300      0.2251200      0.2243600      0.2234400      0.2208400      0.2195500      0.2171600      0.2136700      0.2091000      0.2046700      0.1981500      0.1904700      0.1798200      0.1696500      0.1581500      0.1453400      0.1313800    
  0.1716000      0.1715800      0.1735620      0.1740300      0.1748300      0.1695800      0.1733300      0.1771600      0.1924100      0.1988700      0.2018900      0.2240700      0.2240900      0.2238500      0.2231800      0.2223300      0.2209800      0.2189800      0.2154500      0.2129400      0.2084100      0.2031600      0.1969200      0.1896500      0.1812700      0.1716900      0.1591700      0.1470800      0.1336800      0.1190600    
  0.1715800      0.1736000      0.1744300      0.1748300      0.1703630      0.1666800      0.1830200      0.1861500      0.1892600      0.1992400      0.2017300      0.2213300      0.2211700      0.2207200      0.2198600      0.2183200      0.2180200      0.2138000      0.2098100      0.2056100      0.2011200      0.1955700      0.1876300      0.1799200      0.1712000      0.1613700      0.1488900      0.1367200      0.1232400      0.1085000    
  0.1736600      0.1746300      0.1748300      0.1706240      0.1666800      0.1830030      0.1993100      0.2012400      0.2030600      0.2047400      0.2258500      0.2248900      0.2236000      0.2218600      0.2195200      0.2163800      0.2118900      0.2053800      0.2002000      0.1977900      0.1924500      0.1868000      0.1801200      0.1724800      0.1638400      0.1541400      0.1432700      0.1298200      0.1165500      0.1015300    
  0.1747300      0.1748300      0.1707110      0.1666800      0.1829980      0.1993100      0.2002750      0.2012030      0.2082550      0.2239800      0.2229400      0.2216000      0.2198800      0.2176500      0.2134700      0.2099500      0.2024300      0.1978500      0.1935300      0.1900600      0.1858200      0.1781200      0.1716300      0.1642600      0.1560000      0.1467800      0.1365000      0.1250600      0.1112000      0.9745000E-01
  0.1748300      0.1707410      0.1666800      0.1829960      0.1993100      0.1997930      0.2002630      0.2084280      0.2239800      0.2234600      0.2192820      0.2179700      0.2138900      0.2114400      0.2026300      0.1998200      0.1961900      0.1918600      0.1874500      0.1831500      0.1784800      0.1731000      0.1669300      0.1571800      0.1495300      0.1410300      0.1315900      0.1211100      0.1095000      0.9551000E-01
  0.1707500      0.1666800      0.1829950      0.1993100      0.1995510      0.1997880      0.2081160      0.2239800      0.2237200      0.2181170      0.2139450      0.2099200      0.2077100      0.1995300      0.1970000      0.1938000      0.1899600      0.1856100      0.1810100      0.1762800      0.1713000      0.1658900      0.1599600      0.1534600      0.1435000      0.1359200      0.1275600      0.1183100      0.1080900      0.9669000E-01
  0.1666800      0.1829950      0.1993100      0.1994310      0.1995500      0.2078590      0.2239800      0.2238500      0.2175340      0.2119330      0.2099200      0.2088150      0.2028780      0.1943500      0.1913500      0.1877700      0.1836400      0.1790900      0.1742500      0.1692500      0.1640700      0.1586700      0.1530100      0.1470300      0.1406700      0.1338500      0.1240200      0.1162000      0.1073100      0.9734000E-01
  0.1829950      0.1993100      0.1993700      0.1994300      0.2077050      0.2239800      0.2239150      0.2172420      0.2109260      0.2099200      0.2093680      0.2039910      0.1943500      0.1928500      0.1911570      0.1875870      0.1835000      0.1789930      0.1677900      0.1619600      0.1566200      0.1512500      0.1458500      0.1404100      0.1348600      0.1291000      0.1225600      0.1156800      0.1091900      0.9966000E-01
  0.1993100      0.1993400      0.1993700      0.2076210      0.2239800      0.2239470      0.2170960      0.2104230      0.2099200      0.2096440      0.2044070      0.1943500      0.1936000      0.1927860      0.1905310      0.1874140      0.1833600      0.1685730      0.1581800      0.1544000      0.1488500      0.1434500      0.1382700      0.1327100      0.1280000      0.1233900      0.1189700      0.1140400      0.1087500      0.1030400    
  0.1993250      0.1993400      0.2075780      0.2239800      0.2239640      0.2170230      0.2101720      0.2099200      0.2097820      0.2045800      0.1943500      0.1939750      0.1935790      0.1923060      0.1902440      0.1871020      0.1700070      0.1562900      0.1544000      0.1477030      0.1398600      0.1344100      0.1293900      0.1249000      0.1216400      0.1155400      0.1124000      0.1092900      0.1060100      0.1037600    
  0.1993250      0.2075560      0.2239800      0.2239720      0.2169870      0.2100460      0.2099200      0.2098510      0.2046580      0.1943500      0.1941630      0.1939680      0.1932860      0.1920430      0.1898840      0.1660130      0.1553450      0.1544000      0.1362460      0.1289800      0.1256860      0.1220600      0.1186300      0.1145600      0.1108600      0.1079300      0.1061500      0.1047000      0.1033000      0.1017200    
  0.2075450      0.2239800      0.2239760      0.2169680      0.2099830      0.2099200      0.2098850      0.2046950      0.1943500      0.1942560      0.1941600      0.1938060      0.1930990      0.1680110      0.1446540      0.1235000      0.1273650      0.1217020      0.1173390      0.1139000      0.1181000      0.1140000      0.1075900      0.1037100      0.1010400      0.9952000E-01  0.9897000E-01  0.9908000E-01  0.9951000E-01  0.9959000E-01
  0.2239800      0.2239780      0.2169590      0.2099510      0.2099200      0.2099030      0.2047130      0.1943500      0.1943030      0.1942550      0.1940740      0.1936880      0.1496000      0.9676470E-01  0.9683000E-01  0.9965600E-01  0.8778880E-01  0.1003300      0.1001940      0.1091370      0.1097000      0.1023200      0.9701000E-01   0.000000       0.000000       0.000000       0.000000       0.000000       0.000000      0.9621000E-01
  0.2239790      0.2169550      0.2099360      0.2099200      0.2099110      0.2047210      0.1943500      0.1943270      0.1943030      0.1942110      0.1570920      0.1017200      0.9802610E-01  0.9631810E-01  0.9669940E-01  0.9683000E-01  0.8664030E-01  0.7524750E-01  0.1003300      0.7741000E-01  0.9961000E-01   0.000000       0.000000       0.000000       0.000000       0.000000       0.000000       0.000000       0.000000       0.000000    
  0.2169520      0.2099280      0.2099200      0.2099160      0.2047260      0.1943500      0.1943380      0.1943260      0.1942800      0.1498090      0.1017200      0.1017200      0.1017200      0.9730160E-01  0.9542490E-01  0.9656870E-01  0.9683000E-01  0.7415380E-01  0.5016500E-01  0.1003300       0.000000       0.000000       0.000000       0.000000       0.000000       0.000000       0.000000       0.000000       0.000000       0.000000    
  0.2099240      0.2099200      0.2099180      0.2047280      0.1943500      0.1943440      0.1943380      0.1813710      0.1496800      0.1017400      0.1017200      0.1017200      0.1017200      0.1017200      0.9536230E-01  0.9287600E-01  0.9630750E-01  0.9683000E-01  0.4929000E-01   0.000000       0.000000       0.000000       0.000000       0.000000       0.000000       0.000000       0.000000       0.000000       0.000000       0.000000    
  0.2099200      0.2099190      0.2047290      0.1943500      0.1943470      0.1775760      0.1524200      0.1474800      0.1425400      0.1153820      0.1017810      0.1017200      0.1017200      0.1017200      0.1017200      0.9028430E-01  0.8549060E-01  0.9578500E-01  0.9683000E-01   0.000000       0.000000       0.000000       0.000000       0.000000       0.000000       0.000000       0.000000       0.000000       0.000000       0.000000    
  0.2099190      0.2047290      0.1943500      0.1943490      0.1742290      0.1524280      0.1524280      0.1524200      0.1474800      0.1425400      0.1154880      0.1019030      0.1017200      0.1017200      0.1017200      0.1017200      0.7761920E-01  0.6385670E-01  0.9474000E-01   0.000000       0.000000       0.000000       0.000000       0.000000       0.000000       0.000000       0.000000       0.000000       0.000000       0.000000    
