iMOD/TUTORIALS/TUT_MetaswapAnalyser/model_MetaSWAP/meteo/Precipitation/Precipitation_20060327_L1.ASC
NCOLS                30
NROWS                30
XLLCORNER     160000.00
YLLCORNER     340000.00
CELLSIZE        1000.00
NODATA_VALUE   -9999.00
   6.803760       6.787340       6.782600       6.768300       6.691730       6.452120       6.026050       5.513440       5.011590       4.641510       4.427900       4.262250       4.113050       3.955900       3.815530       3.680460       3.599620       3.467540       3.351740       3.241180       3.134090       3.004780       2.897770       2.803020       2.692350       2.580940       2.470560       2.365040       2.271790       2.194100    
   6.682770       6.624880       6.557410       6.460140       6.294990       6.017250       5.621000       5.141720       4.621150       4.251430       4.120190       3.983510       3.841590       3.687030       3.545520       3.449480       3.323140       3.206600       3.087680       2.984880       2.886670       2.770020       2.672490       2.585210       2.482440       2.377060       2.269790       2.162990       2.041550       1.961470    
   6.528120       6.428490       6.311660       6.159810       5.936800       5.645020       5.275260       4.850540       4.420840       4.096950       3.904850       3.748050       3.595390       3.436450       3.289980       3.179910       3.054280       2.941080       2.839860       2.747960       2.651540       2.548870       2.474930       2.385600       2.292860       2.195950       2.070940       1.970150       1.859350       1.767520    
   6.349420       6.215400       6.060190       5.871520       5.634490       5.342860       5.001400       4.622630       4.266020       3.968470       3.739050       3.549180       3.375730       3.204560       3.045900       2.918530       2.791720       2.683070       2.591510       2.512250       2.439690       2.372920       2.282620       2.179620       2.101350       2.019050       1.932300       1.841040       1.739090       1.646960    
   6.160260       6.000240       5.819350       5.608390       5.361510       5.077160       4.762020       4.434640       4.115400       3.829170       3.579930       3.364900       3.168590       2.979640       2.815020       2.666230       2.520160       2.414780       2.334230       2.269330       2.223630       2.167750       2.091340       2.025940       1.961600       1.893590       1.822300       1.739910       1.673080       1.623920    
   5.969890       5.790940       5.592770       5.370340       5.120950       4.845710       4.552910       4.250980       3.951250       3.675600       3.426590       3.199370       2.987930       2.784720       2.584830       2.416740       2.275070       2.177080       2.115550       2.070390       2.040230       2.000340       1.940710       1.894180       1.844440       1.788890       1.735340       1.674530       1.633600       1.613250    
   5.772770       5.591470       5.383220       5.155280       4.910030       4.642790       4.362800       4.071280       3.791330       3.526210       3.277010       3.043100       2.821500       2.608950       2.384600       2.197960       2.033790       1.949800       1.917520       1.900760       1.877530       1.852170       1.823940       1.775330       1.740200       1.703300       1.655680       1.624570       1.601690       1.598260    
   5.546130       5.399630       5.194640       4.964100       4.717970       4.439510       4.178490       3.906460       3.640380       3.382260       3.134880       2.898640       2.672320       2.455540       2.216380       2.022790       1.832890       1.769710       1.761500       1.750150       1.737460       1.723250       1.707070       1.671990       1.650290       1.615930       1.595570       1.579540       1.570000       1.577520    
   5.379920       5.223120       5.007630       4.787710       4.519900       4.270100       4.018910       3.756540       3.499280       3.247370       3.003170       2.767740       2.541290       2.274350       2.083750       1.906030       1.758100       1.676020       1.643210       1.627790       1.618610       1.611960       1.605700       1.582310       1.560760       1.551160       1.542880       1.535630       1.538640       1.552220    
   5.219380       5.060130       4.844600       4.592050       4.360510       4.117160       3.870540       3.619720       3.369890       3.123830       2.883700       2.651030       2.427160       2.152610       1.976340       1.813830       1.679670       1.594670       1.548200       1.526650       1.519320       1.515190       1.517690       1.520710       1.494320       1.494890       1.493420       1.497770       1.507040       1.523820    
   5.232030       5.041370       4.734910       4.442840       4.213320       3.975820       3.740120       3.496490       3.253350       3.012990       2.777390       2.548350       2.234130       2.019500       1.846580       1.704250       1.589210       1.507160       1.459320       1.439600       1.438890       1.448690       1.462740       1.468140       1.479420       1.466570       1.475620       1.485350       1.497480       1.494390    
   5.228880       4.862790       4.442840       4.175800       4.083740       3.848880       3.620540       3.387140       3.150360       2.915660       2.611460       2.399160       2.094030       1.904970       1.753750       1.612680       1.493800       1.408590       1.359190       1.344060       1.352440       1.372800       1.387970       1.411500       1.433100       1.432320       1.447560       1.461760       1.476120       1.492020    
   4.987450       4.442840       4.151360       4.023510       3.963280       3.744970       3.517600       3.288410       2.949080       2.734130       2.522860       2.142950       1.980800       1.821220       1.670300       1.524940       1.396590       1.298260       1.250480       1.248840       1.267180       1.300440       1.335220       1.367810       1.396790       1.421880       1.422010       1.439190       1.454560       1.469010    
   4.442840       4.137720       3.993390       3.963280       3.785800       3.649160       3.274270       3.067160       2.859850       2.657290       2.452530       2.067120       1.909710       1.753020       1.598590       1.450270       1.307360       1.184890       1.131120       1.156290       1.203440       1.252030       1.285140       1.322960       1.355870       1.384050       1.388980       1.407890       1.423880       1.437440    
   4.130540       3.978340       3.963280       3.799410       3.649160       3.376270       3.205390       3.003640       2.801750       2.600750       2.160170       2.010170       1.858670       1.706540       1.554420       1.403710       1.251010       1.096820       1.029000       1.094360       1.159510       1.213870       1.261770       1.303560       1.339630       1.370380       1.396230       1.398350       1.414850       1.435820    
   3.970810       3.963280       3.803950       3.649160       3.410270       3.205390       3.104520       3.003590       2.663130       2.246390       2.106530       1.964460       1.821070       1.677180       1.527540       1.385930       1.253710       1.130490       1.078110       1.108420       1.158550       1.215350       1.263200       1.305920       1.343310       1.375460       1.402560       1.424790       1.422950       1.435910    
   3.963280       3.805460       3.649160       3.421610       3.205390       3.154950       3.104500       2.754410       2.246390       2.176460       2.039390       1.933140       1.791520       1.658180       1.540130       1.410810       1.293700       1.202060       1.157140       1.160480       1.190240       1.228990       1.268830       1.315660       1.351120       1.382350       1.409170       1.431580       1.449640       1.456130    
   3.805970       3.649160       3.425390       3.205390       3.180170       3.154950       2.815060       2.246390       2.211430       2.069690       1.939780       1.946420       1.814040       1.679130       1.557380       1.445430       1.347150       1.273350       1.232230       1.223560       1.237930       1.264600       1.296210       1.328590       1.368830       1.398000       1.423810       1.446080       1.464890       1.490310    
   3.649160       3.426650       3.205390       3.192780       3.180170       2.849140       2.246390       2.228910       2.083400       1.943100       1.946420       1.880230       1.782830       1.691740       1.583740       1.486910       1.405910       1.339690       1.301390       1.286970       1.291500       1.308480       1.332280       1.358940       1.385930       1.411770       1.445100       1.466910       1.495890       1.522160    
   3.427070       3.205390       3.199090       3.192780       2.867120       2.246390       2.237650       2.089980       1.944760       1.946420       1.913320       1.825310       1.691740       1.637740       1.587460       1.492190       1.410840       1.349000       1.335510       1.347080       1.345580       1.355610       1.373070       1.394600       1.417750       1.440910       1.470740       1.506040       1.532120       1.553280    
   3.205390       3.202240       3.199080       2.876340       2.246390       2.242020       2.093200       1.945590       1.946420       1.929870       1.844200       1.691740       1.664740       1.638980       1.572460       1.496830       1.417340       1.374510       1.374760       1.402440       1.397400       1.402780       1.415580       1.441060       1.460700       1.481150       1.521590       1.541160       1.559190       1.576660    
   3.203810       3.202240       2.881010       2.246390       2.244200       2.094810       1.946000       1.946420       1.938150       1.853060       1.691740       1.678240       1.665150       1.625390       1.569420       1.495540       1.415940       1.388600       1.402440       1.418370       1.455280       1.457050       1.466140       1.480260       1.506770       1.534960       1.554240       1.572060       1.588570       1.604030    
   3.203810       2.883360       2.246390       2.245300       2.095610       1.946210       1.946420       1.942280       1.857340       1.691740       1.684990       1.678380       1.656260       1.619990       1.563450       1.476840       1.395520       1.402440       1.476110       1.505590       1.503630       1.498530       1.519940       1.531720       1.549910       1.568440       1.586410       1.602710       1.617240       1.631170    
   2.884540       2.246390       2.245840       2.096010       1.946320       1.946420       1.944350       1.859450       1.691740       1.688360       1.685040       1.673210       1.651540       1.600890       1.550080       1.505720       1.507780       1.528870       1.556500       1.578020       1.555900       1.551410       1.550590       1.565940       1.583700       1.602110       1.619540       1.634710       1.646970       1.670550    
   2.246390       2.246120       2.096210       1.946370       1.946420       1.945390       1.860490       1.691740       1.690050       1.688380       1.682200       1.669930       1.610390       1.563480       1.563860       1.570610       1.613850       1.613130       1.596180       1.585900       1.600140       1.588450       1.581350       1.597220       1.615730       1.634980       1.653050       1.668220       1.691350       1.695050    
   2.246250       2.096310       1.946390       1.946420       1.945900       1.861010       1.691740       1.690900       1.690060       1.686880       1.582050       1.434880       1.520070       1.562830       1.563100       1.563860       1.596960       1.614570       1.613130       1.607680       1.601660       1.610410       1.624990       1.624320       1.644750       1.666200       1.686460       1.713820       1.725110       1.728670    
   2.096360       1.946410       1.946420       1.946160       1.861270       1.691740       1.691320       1.690900       1.689280       1.565750       1.434880       1.434880       1.434880       1.519070       1.561530       1.562350       1.563860       1.596260       1.616020       1.613130       1.615790       1.625500       1.641420       1.662360       1.669660       1.694680       1.726260       1.748160       1.763910       1.773320    
   1.946410       1.946420       1.946290       1.861400       1.691740       1.691530       1.691320       1.587190       1.506680       1.434780       1.434880       1.434880       1.434880       1.434880       1.516780       1.558380       1.560830       1.563860       1.592030       1.618910       1.622420       1.633280       1.650870       1.674300       1.702380       1.722700       1.754760       1.782360       1.804570       1.822210    
   1.946420       1.946360       1.861460       1.691740       1.691630       1.522510       1.268990       1.273120       1.277260       1.382080       1.434590       1.434880       1.434880       1.434880       1.434880       1.511530       1.550430       1.557810       1.563860       1.572210       1.587410       1.609030       1.621210       1.671600       1.710360       1.750940       1.779890       1.814130       1.843400       1.868820    
   1.946390       1.861490       1.691740       1.691690       1.488760       1.268980       1.268980       1.268990       1.273120       1.277260       1.381590       1.434020       1.434880       1.434880       1.434880       1.434880       1.499990       1.529640       1.551750       1.561450       1.542370       1.577180       1.616760       1.660510       1.709710       1.763800       1.814610       1.845740       1.878100       1.910430    
