iMOD/TUTORIALS/TUT_MetaswapAnalyser/model_MetaSWAP/meteo/Precipitation/Precipitation_20050803_L1.ASC
NCOLS                30
NROWS                30
XLLCORNER     160000.00
YLLCORNER     340000.00
CELLSIZE        1000.00
NODATA_VALUE   -9999.00
   5.241190       4.858540       4.476780       4.102290       3.755170       3.449380       3.194460       2.960870       2.755080       2.667320       2.720800       2.805240       2.878470       2.954470       3.017140       3.085090       3.207610       3.135840       3.166290       3.190690       3.208170       3.179670       3.178700       3.176070       3.154740       3.123280       3.082910       3.036620       2.990350       2.953920    
   5.023850       4.654310       4.271770       3.916570       3.589280       3.283260       3.004290       2.737090       2.467470       2.353850       2.477660       2.582610       2.674890       2.767820       2.837740       2.956680       3.012230       3.065440       2.997210       3.018970       3.032400       3.002710       2.996460       2.987770       2.960520       2.922450       2.874090       2.817330       2.662380       2.631420    
   4.858510       4.499620       4.149280       3.821200       3.464020       3.167740       2.893630       2.639890       2.422360       2.331610       2.371850       2.454020       2.541130       2.619470       2.689400       2.793360       2.848090       2.893430       2.929530       2.956090       2.861250       2.830380       2.827830       2.808070       2.778100       2.737470       2.572240       2.531510       2.483820       2.438590    
   4.723680       4.377690       4.042020       3.730820       3.424960       3.140150       2.879430       2.622200       2.450250       2.355000       2.350480       2.395220       2.451610       2.513840       2.569570       2.652600       2.702280       2.743340       2.775590       2.798570       2.811560       2.718480       2.675540       2.523780       2.500130       2.471550       2.437760       2.398540       2.352340       2.304870    
   4.615090       4.283150       3.976200       3.668990       3.380390       3.114150       2.875030       2.647120       2.494520       2.397640       2.351580       2.350570       2.372610       2.404890       2.476280       2.534630       2.518980       2.543070       2.558720       2.566640       2.571550       2.565720       2.504650       2.408190       2.385490       2.359580       2.330550       2.296750       2.265990       2.243840    
   4.528840       4.227020       3.920320       3.629410       3.357760       3.109200       2.843300       2.673240       2.499930       2.417690       2.365240       2.345130       2.347150       2.360060       2.373770       2.404820       2.430490       2.448290       2.458280       2.461760       2.463300       2.456140       2.398440       2.379520       2.356640       2.267020       2.245210       2.221900       2.206140       2.201880    
   4.454440       4.174000       3.882210       3.606550       3.282070       3.058830       2.860760       2.651540       2.536610       2.441040       2.378160       2.342560       2.327220       2.326130       2.312240       2.334720       2.354080       2.364990       2.368680       2.370720       2.366850       2.359320       2.348200       2.289120       2.270970       2.251510       2.229370       2.212610       2.159240       2.166800    
   4.320440       4.009930       3.767270       3.516710       3.284110       3.009210       2.820630       2.684690       2.557480       2.459130       2.387870       2.339980       2.310610       2.294300       2.255300       2.269750       2.283800       2.287560       2.287350       2.284210       2.279130       2.272230       2.263560       2.209710       2.197030       2.182110       2.172220       2.166570       2.214890       2.220900    
   4.143460       3.983220       3.732790       3.517930       3.205230       3.009830       2.828250       2.699950       2.573850       2.472270       2.393640       2.335230       2.293530       2.198520       2.200880       2.205790       2.210870       2.213510       2.207180       2.202410       2.197310       2.192080       2.186750       2.138330       2.128520       2.123740       2.122380       2.180880       2.187140       2.202760    
   4.115440       3.968160       3.728270       3.385960       3.199930       3.012260       2.860530       2.712670       2.586360       2.481140       2.395650       2.327760       2.274770       2.159300       2.147330       2.143040       2.139630       2.137020       2.134300       2.132260       2.131370       2.116640       2.115450       2.115460       2.068750       2.070760       2.135760       2.145230       2.160870       2.184490    
   4.153790       3.937290       3.613530       3.371720       3.177290       3.054400       2.869690       2.723360       2.595900       2.486750       2.394700       2.317980       2.143110       2.094350       2.077430       2.069790       2.064670       2.061920       2.061950       2.065020       2.070740       2.078220       2.086680       2.095830       2.168070       2.105310       2.118370       2.135230       2.157490       2.165360    
   4.157280       3.769080       3.371720       3.235430       3.173120       3.043780       2.864730       2.732810       2.603600       2.490380       2.337940       2.260910       2.076510       2.046620       2.022180       2.004920       1.991330       1.981890       1.979640       1.984730       1.995130       2.008340       2.071670       2.094300       2.116160       2.082660       2.103180       2.126920       2.155230       2.189300    
   3.923350       3.371720       3.255770       3.196350       3.219580       3.026960       2.870380       2.728210       2.528070       2.419740       2.324490       2.077920       2.038340       2.003370       1.969090       1.941280       1.916670       1.899010       1.893720       1.910460       1.950220       1.980960       2.011310       2.040310       2.068160       2.095700       2.066850       2.095880       2.129170       2.167820    
   3.371720       3.263760       3.207960       3.219580       3.092820       3.031910       2.774820       2.641230       2.520250       2.403310       2.306380       2.052970       2.007010       1.964520       1.924180       1.882840       1.856590       1.817330       1.807300       1.842110       1.882230       1.921430       1.983850       2.022530       2.058500       2.092810       2.071340       2.104660       2.140990       2.181380    
   3.267210       3.213770       3.219580       3.114770       3.031910       2.890790       2.865650       2.726310       2.597620       2.479090       2.164760       2.102050       2.042370       1.984610       1.927480       1.858110       1.801660       1.749950       1.729700       1.795270       1.851890       1.903350       1.949400       1.991070       2.029490       2.065840       2.101370       2.081810       2.119430       2.197380    
   3.216680       3.219580       3.122090       3.031910       2.929450       2.865650       2.795980       2.729860       2.505500       2.218990       2.150840       2.086070       2.023950       1.963630       1.955240       1.886670       1.826990       1.766280       1.753960       1.800330       1.859110       1.900170       1.948490       1.992610       2.033150       2.071040       2.107290       2.142990       2.127380       2.166850    
   3.219580       3.124530       3.031910       2.942340       2.865650       2.830810       2.797160       2.562580       2.218990       2.184920       2.141930       2.075640       2.089090       2.022010       1.967160       1.905370       1.849430       1.808030       1.797920       1.821060       1.861620       1.906920       1.951440       1.972630       2.009220       2.043770       2.077030       2.109940       2.143450       2.146330    
   3.125340       3.031910       2.946630       2.865650       2.848230       2.831210       2.602390       2.218990       2.201950       2.170160       2.126870       2.178100       2.116230       2.040840       1.982690       1.928570       1.882630       1.850510       1.839670       1.850390       1.875990       1.908750       1.943520       1.977660       1.989330       2.018620       2.047090       2.075520       2.104830       2.153150    
   3.031910       2.948060       2.865650       2.856940       2.848360       2.625210       2.218990       2.210470       2.184340       2.152490       2.178100       2.147170       2.098300       2.058030       2.005110       1.957490       1.918450       1.890230       1.877700       1.880330       1.894690       1.916190       1.940910       1.966320       1.991070       2.014680       2.017100       2.039550       2.080430       2.125620    
   2.948540       2.865650       2.861300       2.856990       2.637380       2.218990       2.214730       2.191440       2.165290       2.178100       2.162630       2.120400       2.058030       2.031570       2.006880       1.960350       1.922060       1.895460       1.898020       1.908320       1.913930       1.925760       1.941000       1.957500       1.973930       1.989640       2.031500       2.073670       2.129810       2.112050    
   2.865650       2.863470       2.861310       2.643660       2.218990       2.216860       2.194990       2.171700       2.178100       2.170370       2.129790       2.058030       2.044800       2.032160       1.999600       1.963090       1.925960       1.913990       1.920910       1.933500       1.931920       1.935440       1.942010       1.983150       1.988600       1.993640       2.073910       2.074860       2.074180       2.073490    
   2.864560       2.863480       2.646860       2.218990       2.217930       2.196770       2.174900       2.178100       2.174230       2.134070       2.058030       2.051410       2.045000       2.025520       1.998280       1.962880       1.932750       1.927210       1.933500       1.953510       1.995120       1.986320       1.980800       1.976950       2.025810       2.044920       2.038330       2.028810       2.017400       2.004380    
   2.864560       2.648470       2.218990       2.218460       2.197660       2.176500       2.178100       2.176170       2.136110       2.058030       2.054720       2.051480       2.040640       2.022930       1.995560       1.971900       1.930350       1.933500       1.996540       2.023060       2.019750       2.013260       2.034850       2.022930       2.029140       2.018890       2.001850       1.981150       1.957580       1.933820    
   2.649280       2.218990       2.218720       2.198100       2.177300       2.178100       2.177130       2.137100       2.058030       2.056380       2.054740       2.048950       2.038350       2.056000       2.051740       2.034280       2.035220       2.046210       2.061560       2.076080       2.051000       2.053040       2.049120       2.031380       2.012150       1.990250       1.964470       1.933860       1.898250       1.865630    
   2.218990       2.218860       2.198320       2.177700       2.178100       2.177620       2.137590       2.058030       2.057200       2.056380       2.053360       2.047350       2.094660       2.164980       2.164880       2.120910       2.137260       2.136940       2.102490       2.085540       2.101160       2.080800       2.042180       2.017260       1.991140       1.962640       1.930170       1.891980       1.852440       1.797950    
   2.218920       2.198430       2.177900       2.178100       2.177860       2.137830       2.058030       2.057620       2.057210       2.055650       2.106440       2.187550       2.172520       2.165000       2.165070       2.164880       2.146280       2.137570       2.136940       2.111410       2.104460       2.075610       2.046060       2.000990       1.969290       1.936240       1.899970       1.863590       1.813200       1.752560    
   2.198490       2.178000       2.178100       2.177980       2.137960       2.058030       2.057820       2.057620       2.056820       2.118880       2.187550       2.187550       2.187550       2.172550       2.165060       2.165270       2.164880       2.145720       2.138210       2.136940       2.103100       2.067450       2.030760       1.994190       1.945850       1.910460       1.878300       1.837380       1.789530       1.734690    
   2.178050       2.178100       2.178040       2.138020       2.058030       2.057930       2.057820       2.068850       2.113890       2.187520       2.187550       2.187550       2.187550       2.187550       2.172530       2.165040       2.165650       2.164880       2.142850       2.139470       2.099930       2.057190       2.012660       1.969010       1.931580       1.887120       1.853940       1.817880       1.776910       1.732530    
   2.178100       2.178070       2.138050       2.058030       2.057980       2.056100       2.053440       2.078290       2.103150       2.159340       2.187470       2.187550       2.187550       2.187550       2.187550       2.172270       2.164580       2.166420       2.164880       2.130090       2.089240       2.042430       1.988530       1.939610       1.896690       1.865280       1.831150       1.802400       1.769380       1.734150    
   2.178080       2.138060       2.058030       2.058000       2.055690       2.053300       2.053300       2.053440       2.078290       2.103150       2.159190       2.187300       2.187550       2.187550       2.187550       2.187550       2.171280       2.162430       2.167970       2.131320       2.077660       2.028010       1.969710       1.906870       1.856340       1.834980       1.821320       1.795290       1.763420       1.734260    
