iMOD/TUTORIALS/TUT_MetaswapAnalyser/model_MetaSWAP/meteo/Precipitation/Precipitation_20051112_L1.ASC
NCOLS                30
NROWS                30
XLLCORNER     160000.00
YLLCORNER     340000.00
CELLSIZE        1000.00
NODATA_VALUE   -9999.00
   0.000000       0.000000       0.000000       0.000000       0.000000       0.000000       0.000000       0.000000       0.000000       0.000000       0.000000       0.000000       0.000000       0.000000       0.000000       0.000000       0.000000      0.7369000E-01  0.8421000E-01  0.9541000E-01  0.1074200      0.1205600      0.1348600      0.1506700      0.1682000      0.1875200      0.2084000      0.2298700      0.2495500      0.2628200    
   0.000000       0.000000       0.000000       0.000000       0.000000       0.000000       0.000000       0.000000       0.000000       0.000000       0.000000       0.000000       0.000000       0.000000       0.000000       0.000000      0.6951000E-01  0.7991000E-01  0.9110000E-01  0.1028100      0.1152900      0.1289800      0.1440400      0.1610100      0.1802800      0.2022600      0.2271900      0.2547800      0.2830700      0.3059100    
   0.000000       0.000000       0.000000       0.000000       0.000000       0.000000       0.000000       0.000000       0.000000       0.000000       0.000000       0.000000       0.000000       0.000000       0.000000       0.000000      0.7492000E-01  0.8626000E-01  0.9774000E-01  0.1095300      0.1219600      0.1355900      0.1507300      0.1680000      0.1880100      0.2114000      0.2387700      0.2710400      0.3083800      0.3479800    
   0.000000       0.000000       0.000000       0.000000       0.000000       0.000000       0.000000       0.000000       0.000000       0.000000       0.000000       0.000000       0.000000       0.000000       0.000000      0.6892000E-01  0.8058000E-01  0.9214000E-01  0.1034200      0.1146600      0.1263800      0.1391800      0.1538100      0.1704300      0.1900100      0.2131100      0.2405100      0.2730900      0.3117100      0.3561800    
   0.000000       0.000000       0.000000       0.000000       0.000000       0.000000       0.000000       0.000000       0.000000       0.000000       0.000000       0.000000       0.000000       0.000000       0.000000      0.7387000E-01  0.8590000E-01  0.9724000E-01  0.1075800      0.1175000      0.1278300      0.1393100      0.1526700      0.1680400      0.1860400      0.2071200      0.2316400      0.2595900      0.2897000      0.3157300    
   0.000000       0.000000       0.000000       0.000000       0.000000       0.000000       0.000000       0.000000       0.000000       0.000000       0.000000       0.000000       0.000000       0.000000      0.6585000E-01  0.7809000E-01  0.9068000E-01  0.1012700      0.1096200      0.1174100      0.1258500      0.1356400      0.1473100      0.1607900      0.1764500      0.1943700      0.2143700      0.2356300      0.2558100      0.2697800    
   0.000000       0.000000       0.000000       0.000000       0.000000       0.000000       0.000000       0.000000       0.000000       0.000000       0.000000       0.000000       0.000000       0.000000      0.6775000E-01  0.8039000E-01  0.9445000E-01  0.1032300      0.1080200      0.1132100      0.1197700      0.1279100      0.1377000      0.1493600      0.1624400      0.1769000      0.1921800      0.2072000      0.2198800      0.2271900    
   0.000000       0.000000       0.000000       0.000000       0.000000       0.000000       0.000000       0.000000       0.000000       0.000000       0.000000       0.000000       0.000000       0.000000      0.6665000E-01  0.7805000E-01  0.9303000E-01  0.9856000E-01  0.1004400      0.1040900      0.1094700      0.1164700      0.1249300      0.1348600      0.1455900      0.1568900      0.1681300      0.1782500      0.1858100      0.1891700    
   0.000000       0.000000       0.000000       0.000000       0.000000       0.000000       0.000000       0.000000       0.000000       0.000000       0.000000       0.000000       0.000000       0.000000       0.000000      0.6976000E-01  0.7802000E-01  0.8346000E-01  0.8667000E-01  0.9050000E-01  0.9571000E-01  0.1022700      0.1099500      0.1186100      0.1275000      0.1363100      0.1444000      0.1509500      0.1550600      0.1558500    
   0.000000       0.000000       0.000000       0.000000       0.000000       0.000000       0.000000       0.000000       0.000000       0.000000       0.000000       0.000000       0.000000       0.000000       0.000000       0.000000       0.000000      0.6664000E-01  0.7010000E-01  0.7443000E-01  0.8001000E-01  0.8670000E-01  0.9413000E-01  0.1018600      0.1096400      0.1166200      0.1224200      0.1264800      0.1282200      0.1272300    
   0.000000       0.000000       0.000000       0.000000       0.000000       0.000000       0.000000       0.000000       0.000000       0.000000       0.000000       0.000000       0.000000       0.000000       0.000000       0.000000       0.000000       0.000000       0.000000       0.000000       0.000000      0.7037000E-01  0.7781000E-01  0.8511000E-01  0.9178000E-01  0.9770000E-01  0.1019100      0.1042700      0.1044400      0.1032000    
   0.000000       0.000000       0.000000       0.000000       0.000000       0.000000       0.000000       0.000000       0.000000       0.000000       0.000000       0.000000       0.000000       0.000000       0.000000       0.000000       0.000000       0.000000       0.000000       0.000000       0.000000       0.000000       0.000000      0.7151000E-01  0.7767000E-01  0.8262000E-01  0.8568000E-01  0.8678000E-01  0.8577000E-01  0.8264000E-01
   0.000000       0.000000       0.000000       0.000000       0.000000       0.000000       0.000000       0.000000       0.000000       0.000000       0.000000       0.000000       0.000000       0.000000       0.000000       0.000000       0.000000       0.000000       0.000000       0.000000       0.000000       0.000000       0.000000       0.000000      0.6634000E-01  0.7038000E-01  0.7274000E-01  0.7293000E-01  0.7109000E-01  0.6728000E-01
   0.000000       0.000000       0.000000       0.000000       0.000000       0.000000      0.6756000E-01  0.6552000E-01   0.000000       0.000000       0.000000       0.000000       0.000000       0.000000       0.000000       0.000000       0.000000       0.000000       0.000000       0.000000       0.000000       0.000000       0.000000       0.000000       0.000000       0.000000       0.000000       0.000000       0.000000       0.000000    
   0.000000       0.000000       0.000000       0.000000       0.000000      0.4641000E-01  0.7167000E-01  0.6930000E-01  0.6653000E-01   0.000000       0.000000       0.000000       0.000000       0.000000       0.000000       0.000000       0.000000       0.000000       0.000000       0.000000       0.000000       0.000000       0.000000       0.000000       0.000000       0.000000       0.000000       0.000000       0.000000       0.000000    
   0.000000       0.000000       0.000000       0.000000      0.3936000E-01  0.7167000E-01  0.7048500E-01  0.6916670E-01  0.5168000E-01  0.7089000E-01  0.6584000E-01   0.000000       0.000000       0.000000       0.000000       0.000000       0.000000       0.000000       0.000000       0.000000       0.000000       0.000000       0.000000       0.000000       0.000000       0.000000       0.000000       0.000000       0.000000       0.000000    
   0.000000       0.000000       0.000000      0.3701000E-01  0.7167000E-01  0.7107750E-01  0.7044060E-01  0.6555540E-01  0.7089000E-01  0.6836500E-01  0.4176400E-01   0.000000       0.000000       0.000000       0.000000       0.000000       0.000000       0.000000       0.000000       0.000000       0.000000       0.000000       0.000000       0.000000       0.000000       0.000000       0.000000       0.000000       0.000000       0.000000    
   0.000000       0.000000      0.3622670E-01  0.7167000E-01  0.7137380E-01  0.7106270E-01  0.6949090E-01  0.7089000E-01  0.6962750E-01  0.5783080E-01  0.3604500E-01  0.7209000E-01  0.6500000E-01   0.000000       0.000000       0.000000       0.000000       0.000000       0.000000       0.000000       0.000000       0.000000       0.000000       0.000000       0.000000       0.000000       0.000000       0.000000       0.000000       0.000000    
   0.000000      0.3596560E-01  0.7167000E-01  0.7152190E-01  0.7136880E-01  0.7070430E-01  0.7089000E-01  0.7025880E-01  0.6490120E-01  0.5406750E-01  0.7209000E-01  0.6854500E-01  0.5072750E-01  0.6582000E-01   0.000000       0.000000       0.000000       0.000000       0.000000       0.000000       0.000000       0.000000       0.000000       0.000000       0.000000       0.000000       0.000000       0.000000       0.000000       0.000000    
  0.3587850E-01  0.7167000E-01  0.7159590E-01  0.7152020E-01  0.7112130E-01  0.7089000E-01  0.7057440E-01  0.6824370E-01  0.6307870E-01  0.7209000E-01  0.7031750E-01  0.6429560E-01  0.6582000E-01  0.3291000E-01  0.2194000E-01   0.000000       0.000000       0.000000      0.1292600E-01   0.000000       0.000000       0.000000       0.000000       0.000000       0.000000       0.000000       0.000000       0.000000       0.000000       0.000000    
  0.7167000E-01  0.7163300E-01  0.7159540E-01  0.7128190E-01  0.7089000E-01  0.7073220E-01  0.6987650E-01  0.6758440E-01  0.7209000E-01  0.7120380E-01  0.6813080E-01  0.6582000E-01  0.4936500E-01  0.4022330E-01  0.1828330E-01  0.7313330E-02   0.000000      0.2197420E-01  0.3231500E-01  0.6463000E-01   0.000000       0.000000       0.000000       0.000000       0.000000       0.000000       0.000000       0.000000       0.000000       0.000000    
  0.7165150E-01  0.7163280E-01  0.7135010E-01  0.7089000E-01  0.7081110E-01  0.7068520E-01  0.6983720E-01  0.7209000E-01  0.7164690E-01  0.6931110E-01  0.6582000E-01  0.5759250E-01  0.5180280E-01  0.3595720E-01  0.2194000E-01  0.8532220E-02  0.2847800E-01  0.4847250E-01  0.6463000E-01  0.4741670E-01  0.7762000E-01  0.7516000E-01  0.7200000E-01  0.6781000E-01   0.000000       0.000000       0.000000       0.000000       0.000000       0.000000    
  0.7165140E-01  0.7138110E-01  0.7089000E-01  0.7085060E-01  0.7108800E-01  0.7096360E-01  0.7209000E-01  0.7186840E-01  0.6971700E-01  0.6582000E-01  0.6170630E-01  0.5840510E-01  0.4845080E-01  0.3656670E-01  0.2214310E-01  0.5052530E-01  0.5655130E-01  0.6463000E-01  0.8501170E-01  0.9775500E-01  0.9508000E-01  0.9305000E-01  0.8759000E-01  0.8097000E-01  0.7332000E-01   0.000000       0.000000       0.000000       0.000000       0.000000    
  0.7139580E-01  0.7089000E-01  0.7087030E-01  0.7128910E-01  0.7152680E-01  0.7209000E-01  0.7197920E-01  0.6987390E-01  0.6582000E-01  0.6376310E-01  0.6197710E-01  0.5618740E-01  0.4780750E-01  0.1005830      0.1270960      0.1358890      0.1371250      0.1300200      0.1241300      0.1302450      0.1178900      0.1116800      0.1064000      0.9737000E-01  0.8663000E-01  0.7441000E-01   0.000000       0.000000       0.000000       0.000000    
  0.7089000E-01  0.7088010E-01  0.7138950E-01  0.7180840E-01  0.7209000E-01  0.7203460E-01  0.6994080E-01  0.6582000E-01  0.6479160E-01  0.6385340E-01  0.6064250E-01  0.5532400E-01  0.1597070      0.2963510      0.2951700      0.2222810      0.2139910      0.2096200      0.1667080      0.1443900      0.1426000      0.1373900      0.1283500      0.1174500      0.1042100      0.8895000E-01  0.7231000E-01   0.000000       0.000000       0.000000    
  0.7088510E-01  0.7143980E-01  0.7194920E-01  0.7209000E-01  0.7206230E-01  0.6997130E-01  0.6582000E-01  0.6530580E-01  0.6482170E-01  0.6309580E-01  0.2036000      0.4190900      0.3383050      0.2976090      0.2975310      0.2951700      0.2428370      0.2183620      0.2096200      0.1825750      0.1726800      0.1655700      0.1560300      0.1434400      0.1279300      0.1095900      0.8929000E-01  0.6834000E-01   0.000000       0.000000    
  0.7146490E-01  0.7201960E-01  0.7209000E-01  0.7207620E-01  0.6998590E-01  0.6582000E-01  0.6556290E-01  0.6531580E-01  0.6440780E-01  0.2339390      0.4190900      0.4190900      0.4190900      0.3401690      0.3001260      0.2998930      0.2951700      0.2481940      0.2271050      0.2096200      0.2054000      0.1991000      0.1898500      0.1767400      0.1592800      0.1379500      0.1143900      0.8919000E-01  0.6502000E-01   0.000000    
  0.7205480E-01  0.7209000E-01  0.7208310E-01  0.6999300E-01  0.6582000E-01  0.6569140E-01  0.6556620E-01  0.1955240      0.3074870      0.4191870      0.4190900      0.4190900      0.4190900      0.4190900      0.3439290      0.3053170      0.3046150      0.2951700      0.2608820      0.2445900      0.2423900      0.2381200      0.2305800      0.2182200      0.2017300      0.1764300      0.1478800      0.1187700      0.9150000E-01  0.6804000E-01
  0.7209000E-01  0.7208650E-01  0.6999650E-01  0.6582000E-01  0.6575570E-01  0.2861270      0.6167500      0.6017810      0.5868100      0.4752600      0.4193810      0.4190900      0.4190900      0.4190900      0.4190900      0.3514170      0.3161640      0.3140600      0.2951700      0.2941500      0.2923600      0.2891000      0.2886600      0.2721300      0.2523700      0.2235700      0.1900600      0.1566000      0.1261800      0.1006900    
  0.7208830E-01  0.6999830E-01  0.6582000E-01  0.6578790E-01  0.3302870      0.6168090      0.6168090      0.6167500      0.6017820      0.5868100      0.4757600      0.4199620      0.4190900      0.4190900      0.4190900      0.4190900      0.3658000      0.3392630      0.3329500      0.3343300      0.3469200      0.3443400      0.3406100      0.3334700      0.3152900      0.2797600      0.2388600      0.2006300      0.1667900      0.1389800    
