iMOD/TUTORIALS/TUT_MetaswapAnalyser/model_MetaSWAP/meteo/Precipitation/Precipitation_20050930_L1.ASC
NCOLS                30
NROWS                30
XLLCORNER     160000.00
YLLCORNER     340000.00
CELLSIZE        1000.00
NODATA_VALUE   -9999.00
   6.872470       6.926530       6.989470       7.062660       7.150790       7.258730       7.385460       7.514560       7.607980       7.539350       7.288170       6.999580       6.724100       6.477340       6.273470       6.099750       6.002490       5.939700       5.929630       5.960620       6.023660       6.111840       6.211280       6.307840       6.415310       6.519210       6.616800       6.706370       6.786880       6.855310    
   6.946450       6.997840       7.062430       7.133520       7.220270       7.321390       7.438710       7.569190       7.709610       7.639730       7.256990       6.901160       6.578110       6.278010       6.037150       5.860800       5.736820       5.683670       5.677740       5.725920       5.810960       5.922280       6.044990       6.164140       6.291130       6.412510       6.525740       6.629440       6.726080       6.806590    
   7.005680       7.051650       7.105250       7.171240       7.246820       7.325980       7.410100       7.488640       7.524920       7.394140       7.080230       6.723910       6.371580       6.052670       5.784490       5.582690       5.447540       5.391090       5.407950       5.483550       5.593980       5.735300       5.876660       6.029120       6.176750       6.315740       6.447410       6.563720       6.666620       6.761090    
   7.048280       7.086330       7.129190       7.182360       7.231600       7.279450       7.317480       7.331470       7.277560       7.114760       6.835400       6.498670       6.142020       5.803020       5.503310       5.271860       5.124570       5.077850       5.124100       5.239180       5.395780       5.557200       5.740840       5.921550       6.088770       6.243210       6.383650       6.510060       6.621570       6.723280    
   7.076410       7.104890       7.143930       7.172670       7.197210       7.211410       7.204810       7.164060       7.058500       6.871220       6.602530       6.270720       5.913590       5.554020       5.217780       4.945580       4.781900       4.752720       4.846750       5.018400       5.215660       5.432830       5.646750       5.842060       6.026330       6.193180       6.342500       6.472840       6.590370       6.693190    
   7.093090       7.124520       7.140210       7.150940       7.152160       7.136930       7.101510       7.018440       6.900890       6.685170       6.413200       6.087050       5.721560       5.339280       4.957530       4.626900       4.418290       4.417520       4.589920       4.837060       5.092320       5.348920       5.589760       5.808200       6.004240       6.174410       6.327810       6.459750       6.576650       6.677350    
   7.068030       7.127280       7.130320       7.125220       7.116220       7.078080       7.011490       6.933540       6.765330       6.552150       6.282990       5.962870       5.600260       5.203860       4.779220       4.367690       4.049170       4.110120       4.414220       4.737300       5.049000       5.334180       5.590430       5.819400       6.019700       6.194480       6.343370       6.473910       6.583330       6.678360    
   7.070690       7.084350       7.131780       7.113870       7.081120       7.064560       6.983040       6.851360       6.687850       6.477540       6.219180       5.914820       5.568630       5.186510       4.758920       4.320400       3.869740       4.030680       4.422750       4.785730       5.113000       5.404190       5.660770       5.886530       6.081400       6.246620       6.390410       6.512280       6.601640       6.691380    
   7.083160       7.080210       7.068980       7.099840       7.105070       7.039550       6.952120       6.817050       6.657840       6.459770       6.222040       5.946170       5.635770       5.278720       4.925860       4.585030       4.350860       4.411510       4.683980       4.997180       5.295620       5.565010       5.802730       6.011360       6.187590       6.340750       6.470280       6.562340       6.654710       6.729920    
   7.083860       7.078090       7.062000       7.109590       7.103000       7.034970       6.935960       6.818070       6.671080       6.493410       6.285320       6.049310       5.790510       5.493770       5.234810       5.010110       4.895420       4.933620       5.108380       5.342100       5.582340       5.810120       6.011870       6.189050       6.341410       6.472380       6.564850       6.657160       6.731140       6.788400    
   7.081680       7.074650       7.091770       7.117400       7.072250       7.032800       6.956460       6.849940       6.721100       6.569830       6.397770       6.208840       5.972050       5.857300       5.686860       5.535680       5.464680       5.493580       5.604220       5.758200       5.923700       6.084020       6.232300       6.362980       6.461920       6.576520       6.664090       6.735460       6.790710       6.867650    
   7.079400       7.091380       7.117400       7.098970       7.093130       7.021710       6.959290       6.906820       6.799890       6.678430       6.684870       6.525390       6.339550       6.232760       6.114410       6.042020       6.029240       6.074700       6.155780       6.249260       6.344920       6.440210       6.515500       6.602750       6.683440       6.760790       6.821550       6.869140       6.902310       6.920620    
   7.092160       7.117400       7.108140       7.103110       7.113080       7.070890       7.012690       6.943880       7.077940       6.992030       6.876920       6.782490       6.676040       6.591800       6.543710       6.542200       6.590950       6.669610       6.737020       6.766990       6.779200       6.804050       6.839090       6.880980       6.924890       6.966200       7.007130       7.032140       7.044310       7.041780    
   7.117400       7.111680       7.108090       7.113080       7.101850       7.121590       7.359010       7.289630       7.214310       7.148090       7.069950       7.028190       6.969360       6.938580       6.947930       7.009130       7.125470       7.271140       7.334820       7.279040       7.215100       7.176330       7.142080       7.141120       7.150540       7.163860       7.181880       7.187470       7.182450       7.163550    
   7.113190       7.110590       7.113080       7.112170       7.121590       7.322270       7.486220       7.431870       7.375760       7.321190       7.283680       7.246000       7.228950       7.242010       7.295750       7.409500       7.572130       7.802450       7.895520       7.706070       7.580920       7.495110       7.442420       7.413320       7.399430       7.393470       7.389020       7.386650       7.369100       7.349490    
   7.111830       7.113080       7.115610       7.121590       7.310030       7.486220       7.459040       7.431280       7.408590       7.505550       7.479200       7.467470       7.476990       7.515180       7.589330       7.705940       7.870770       8.035970       8.086660       7.982410       7.863650       7.776230       7.712410       7.671190       7.646140       7.630710       7.618590       7.603780       7.586220       7.549800    
   7.113080       7.116760       7.121590       7.305950       7.486220       7.472630       7.458850       7.451120       7.505550       7.492370       7.607410       7.668260       7.693470       7.744230       7.843460       7.940180       8.054960       8.154490       8.187530       8.142600       8.064680       7.989450       7.929910       7.895480       7.869170       7.852640       7.840450       7.826870       7.806230       7.772740    
   7.117140       7.121590       7.304590       7.486220       7.479430       7.472570       7.472040       7.505550       7.498960       7.662870       7.792420       7.916580       7.940700       7.965300       8.027070       8.104790       8.187260       8.252080       8.277580       8.259180       8.214130       8.163260       8.119450       8.087780       8.075990       8.066980       8.062990       8.058740       8.048600       8.022090    
   7.121590       7.304130       7.486220       7.482820       7.479400       7.482400       7.505550       7.502260       7.687690       7.854500       7.916580       7.928640       7.986650       8.124030       8.175540       8.235300       8.294190       8.339900       8.361050       8.356230       8.333460       8.304690       8.279670       8.263930       8.259120       8.264010       8.282910       8.295740       8.299000       8.298290    
   7.303980       7.486220       7.484520       7.482820       7.487540       7.505550       7.503900       7.699520       7.885540       7.916580       7.922610       7.988980       8.124030       8.149790       8.178290       8.235010       8.289800       8.331710       8.402730       8.440950       8.433070       8.422160       8.415420       8.417850       8.431720       8.456670       8.492160       8.522720       8.526660       8.563620    
   7.486220       7.485370       7.484520       7.490110       7.505550       7.504730       7.705320       7.901060       7.916580       7.919600       7.988050       8.124030       8.136910       8.150700       8.187700       8.234370       8.285510       8.403600       8.478240       8.515520       8.517250       8.519920       8.529280       8.551890       8.586500       8.635230       8.656790       8.724800       8.795050       8.858790    
   7.485800       7.485370       7.491390       7.505550       7.505140       7.708200       7.908820       7.916580       7.918090       7.987060       8.124030       8.130470       8.137210       8.158430       8.190920       8.235860       8.387170       8.496880       8.515520       8.540650       8.589190       8.601210       8.623600       8.660990       8.683920       8.746930       8.838280       8.943790       9.055800       9.166600    
   7.485800       7.492030       7.505550       7.505340       7.709630       7.912700       7.916580       7.917330       7.986440       8.124030       8.127250       8.130570       8.142040       8.162190       8.195070       8.392250       8.506200       8.515520       8.590840       8.633290       8.637200       8.654850       8.652060       8.702680       8.778310       8.873960       8.999140       9.145960       9.306520       9.467200    
   7.492340       7.505550       7.505450       7.710350       7.914640       7.916580       7.916960       7.986100       8.124030       8.125640       8.127280       8.133290       8.144930       8.347080       8.509580       8.639970       8.641100       8.649660       8.664200       8.673910       8.677390       8.663370       8.699900       8.758410       8.848340       8.972620       9.131150       9.320650       9.534200       9.775680    
   7.505550       7.505500       7.710710       7.915610       7.916580       7.916770       7.985920       8.124030       8.124830       8.125650       8.128740       8.135170       8.482680       8.892470       8.889040       8.778940       8.772630       8.766670       8.711060       8.685410       8.670440       8.693180       8.723480       8.786020       8.888010       9.033620       9.222990       9.452780       9.731990       10.02110    
   7.505520       7.710890       7.916100       7.916580       7.916670       7.985820       8.124030       8.124430       8.124840       8.126410       8.573610       9.239260       9.010680       8.895640       8.895900       8.889040       8.812990       8.778590       8.766670       8.718240       8.708400       8.702920       8.723490       8.782130       8.889990       9.052540       9.268780       9.543790       9.847150       10.18100    
   7.710980       7.916340       7.916580       7.916630       7.985780       8.124030       8.124230       8.124430       8.125230       8.660680       9.239260       9.239260       9.239260       9.015370       8.901980       8.902770       8.889040       8.817660       8.790500       8.766670       8.727460       8.701090       8.701560       8.746560       8.852610       9.028310       9.275400       9.569160       9.896130       10.23940    
   7.916460       7.916580       7.916600       7.985750       8.124030       8.124130       8.124230       8.651700       8.992560       9.239910       9.239260       9.239260       9.239260       9.239260       9.024340       8.914120       8.916500       8.889040       8.824440       8.814340       8.751900       8.696220       8.663950       8.680850       8.771750       8.965520       9.237500       9.558570       9.901570       10.24110    
   7.916580       7.916590       7.985740       8.124030       8.124080       9.031350       10.39210       10.31250       10.23290       9.572240       9.241210       9.239260       9.239260       9.239260       9.239260       9.041210       8.936830       8.943950       8.889040       8.827720       8.753850       8.674180       8.578280       8.577500       8.657990       8.873010       9.184640       9.539090       9.898510       10.23730    
   7.916590       7.985740       8.124030       8.124060       9.212850       10.39220       10.39220       10.39210       10.31250       10.23290       9.575580       9.245100       9.239260       9.239260       9.239260       9.239260       9.072270       8.977500       8.998860       8.927720       8.775610       8.680990       8.571940       8.478010       8.508360       8.779620       9.162000       9.547400       9.921160       10.26060    
