iMOD/TUTORIALS/TUT_MetaswapAnalyser/model_MetaSWAP/meteo/Precipitation/Precipitation_20050507_L1.ASC
NCOLS                30
NROWS                30
XLLCORNER     160000.00
YLLCORNER     340000.00
CELLSIZE        1000.00
NODATA_VALUE   -9999.00
   4.134570       4.374910       4.629420       4.910300       5.239320       5.706500       6.317410       6.997020       7.541840       7.330770       6.298620       5.155760       4.139980       3.307450       2.621630       2.116950       1.707130       1.415890       1.223540       1.099140       1.024670      0.9827100      0.9682700      0.9512200      0.9655200      0.9860200       1.010320       1.038400       1.074000       1.126380    
   4.329730       4.595540       4.885870       5.221220       5.614310       6.132170       6.776640       7.542960       8.421860       8.301470       6.721200       5.371150       4.237260       3.356030       2.625410       2.053870       1.647770       1.368750       1.174420       1.060780      0.9981800      0.9677900      0.9631000      0.9549500      0.9741700      0.9964600       1.018430       1.038660       1.064840       1.098770    
   4.492240       4.772040       5.081700       5.415090       5.831180       6.322910       6.888220       7.486850       7.925660       7.620810       6.488080       5.239020       4.145270       3.234890       2.497330       1.926540       1.526260       1.260020       1.097090       1.008080      0.9597500      0.9498100      0.9434200      0.9683300      0.9981300       1.027740       1.058590       1.075310       1.082740       1.085610    
   4.617080       4.896340       5.201000       5.519430       5.895350       6.302460       6.713170       7.050280       7.112590       6.746180       5.902770       4.869630       3.867470       3.000030       2.280600       1.726450       1.345760       1.110010      0.9841900      0.9324800      0.9269600      0.9216000      0.9560800       1.006200       1.051990       1.094750       1.130530       1.155840       1.168100       1.166750    
   4.702160       4.967810       5.231650       5.531450       5.840680       6.141470       6.394480       6.541690       6.428530       6.004140       5.271690       4.417430       3.524960       2.714930       2.016060       1.480950       1.130750      0.9376300      0.8650200      0.8645300      0.8833300      0.9404100       1.001490       1.062550       1.129620       1.192170       1.247740       1.295560       1.336840       1.386330    
   4.750410       4.978830       5.228130       5.477030       5.713030       5.913100       6.108420       6.054640       5.750530       5.357650       4.735680       3.981790       3.182220       2.431440       1.762930       1.229350      0.8844500      0.7439500      0.7431900      0.8054200      0.8757600      0.9706300       1.062880       1.158140       1.249760       1.330430       1.412250       1.490790       1.570400       1.664530    
   4.806350       4.975610       5.185970       5.382890       5.653830       5.757710       5.779250       5.505330       5.293360       4.880740       4.316240       3.644880       2.925640       2.216660       1.574380       1.019280      0.6398200      0.5694100      0.6669600      0.7834500      0.9144900       1.044500       1.171060       1.287330       1.404270       1.517310       1.628570       1.739520       1.853360       1.985660    
   4.854930       5.150170       5.252000       5.389910       5.489840       5.541370       5.285260       5.185980       4.922430       4.528630       4.017460       3.419490       2.775600       2.130690       1.524090      0.9742200      0.5292500      0.5366800      0.6986800      0.8633400       1.023660       1.178230       1.327090       1.464850       1.604680       1.744080       1.883930       2.028650       2.180020       2.349620    
   5.020910       5.114040       5.239710       5.278020       5.347010       5.346080       5.028880       4.912740       4.650920       4.286690       3.830910       3.306060       2.742530       2.198320       1.648080       1.178780      0.8630700      0.8015100      0.9072800       1.059730       1.222250       1.384500       1.544260       1.695440       1.853630       2.014090       2.180850       2.353800       2.544430       2.750710    
   5.004800       5.071020       5.169010       5.249400       5.213710       5.185810       4.875880       4.710970       4.464650       4.138080       3.740960       3.291170       2.813060       2.362580       1.911390       1.533820       1.297370       1.211940       1.257080       1.369470       1.509140       1.667790       1.824880       1.986770       2.147310       2.324100       2.509630       2.715620       2.940270       3.184360    
   4.980900       5.081610       5.163120       5.163050       5.166680       5.022800       4.727610       4.570470       4.348580       4.064790       3.728140       3.353850       3.008820       2.573380       2.261140       1.970660       1.777810       1.701680       1.719700       1.797600       1.908170       2.037520       2.180680       2.337960       2.502560       2.698820       2.907280       3.138570       3.394830       3.639660    
   4.975360       5.097170       5.163050       5.096760       5.083710       4.987400       4.670720       4.480040       4.287680       4.048770       3.692340       3.405440       3.152840       2.915030       2.648800       2.439340       2.308470       2.248500       2.251170       2.291020       2.358190       2.450160       2.561890       2.701700       2.866560       3.049620       3.268980       3.519880       3.804500       4.123500    
   5.022370       5.163050       5.065520       5.028660       4.973610       4.687910       4.602040       4.476020       4.186610       3.964200       3.759580       3.713090       3.458080       3.228200       3.048800       2.920020       2.857750       2.846860       2.841280       2.836050       2.845350       2.888880       2.969330       3.086210       3.238850       3.427670       3.644070       3.909810       4.218510       4.572130    
   5.163050       5.050830       5.001130       4.973610       4.765080       4.633720       4.388360       4.298020       4.179680       3.995040       3.844480       3.875540       3.688770       3.532000       3.421550       3.379200       3.395190       3.464650       3.479900       3.393980       3.334000       3.325870       3.372200       3.464620       3.602250       3.784220       4.001430       4.275410       4.600510       4.980400    
   5.043720       4.987370       4.973610       4.790800       4.633720       4.436420       4.287190       4.223870       4.140680       4.042530       4.221530       4.067400       3.932120       3.829190       3.773140       3.769100       3.853510       4.026000       4.082980       3.892880       3.766920       3.722310       3.739010       3.810460       3.932840       4.104760       4.326910       4.590580       4.921230       5.333600    
   4.980490       4.973610       4.799380       4.633720       4.452440       4.287190       4.255530       4.217250       4.212590       4.443300       4.320440       4.208110       4.116200       4.055570       4.046320       4.078710       4.170770       4.290120       4.318640       4.218990       4.130600       4.050720       4.057610       4.117570       4.228650       4.390220       4.603230       4.870140       5.181650       5.568380    
   4.973610       4.802240       4.633720       4.457780       4.287190       4.271360       4.253320       4.282170       4.443300       4.381870       4.343960       4.323900       4.276010       4.242090       4.231430       4.268700       4.351580       4.418380       4.437620       4.399930       4.351360       4.328430       4.345600       4.348150       4.448400       4.596390       4.793780       5.043070       5.347520       5.675300    
   4.803190       4.633720       4.459560       4.287190       4.279270       4.270620       4.312540       4.443300       4.412580       4.393440       4.373990       4.424070       4.384780       4.355370       4.363180       4.393920       4.462990       4.504600       4.522220       4.512810       4.494730       4.489860       4.512550       4.570260       4.605070       4.737790       4.914940       5.138990       5.412470       5.716170    
   4.633720       4.460160       4.287190       4.283230       4.279030       4.326430       4.443300       4.427940       4.414480       4.399030       4.424070       4.404420       4.400680       4.438500       4.447210       4.470280       4.500270       4.561200       4.578490       4.582860       4.582990       4.591430       4.618960       4.672860       4.757730       4.876560       4.969140       5.161850       5.376590       5.612030    
   4.460360       4.287190       4.285210       4.283150       4.333000       4.443300       4.435620       4.424270       4.411550       4.424070       4.414250       4.416920       4.438500       4.442850       4.452000       4.472590       4.510580       4.546650       4.594630       4.620170       4.629800       4.645480       4.674540       4.722800       4.794430       4.892380       4.977210       5.099390       5.272220       5.465730    
   4.287190       4.286200       4.285180       4.336170       4.443300       4.439460       4.429010       4.417810       4.424070       4.419160       4.423430       4.438500       4.440680       4.444450       4.455810       4.478390       4.509940       4.581530       4.625310       4.630450       4.643930       4.661880       4.688950       4.681220       4.741230       4.819450       4.866590       4.987300       5.134420       5.309680    
   4.286700       4.286190       4.337710       4.443300       4.441380       4.431360       4.420940       4.424070       4.421610       4.426290       4.438500       4.439590       4.441210       4.446980       4.459550       4.481380       4.565640       4.627880       4.630450       4.612780       4.563970       4.588790       4.617790       4.653720       4.676810       4.702530       4.769710       4.852390       4.952910       5.078900    
   4.286690       4.338470       4.443300       4.442340       4.432520       4.422500       4.424070       4.422840       4.427620       4.438500       4.439040       4.439770       4.442590       4.449250       4.462640       4.510290       4.629160       4.630450       4.520530       4.485970       4.514760       4.561290       4.534850       4.565090       4.587820       4.619440       4.657190       4.701510       4.754320       4.821020    
   4.338850       4.443300       4.442820       4.433100       4.423290       4.424070       4.423460       4.428260       4.438500       4.438770       4.439100       4.440470       4.443870       4.373030       4.366800       4.412100       4.415730       4.404620       4.388950       4.352910       4.407970       4.451800       4.487580       4.499630       4.512310       4.524930       4.536500       4.546120       4.553960       4.654430    
   4.443300       4.443060       4.433390       4.423680       4.424070       4.423760       4.428570       4.438500       4.438640       4.438790       4.439450       4.441150       4.304540       4.134800       4.137650       4.228860       4.191410       4.201010       4.282170       4.327980       4.297840       4.345940       4.423370       4.428800       4.431150       4.428830       4.419960       4.402410       4.452370       4.396820    
   4.443180       4.433540       4.423870       4.424070       4.423920       4.428730       4.438500       4.438570       4.438640       4.438960       4.017560       3.384200       3.881010       4.130530       4.131960       4.137650       4.170650       4.181800       4.201010       4.246790       4.278130       4.284930       4.289970       4.354590       4.350420       4.338520       4.316850       4.349770       4.295750       4.216490    
   4.433610       4.423970       4.424070       4.423990       4.428800       4.438500       4.438530       4.438570       4.438720       3.932710       3.384200       3.384200       3.384200       3.874530       4.121970       4.126260       4.137650       4.162120       4.162590       4.201010       4.210170       4.218990       4.225690       4.227950       4.273790       4.257910       4.280630       4.247970       4.195720       4.128860    
   4.424020       4.424070       4.424030       4.428840       4.438500       4.438520       4.438530       4.051440       3.717100       3.383940       3.384200       3.384200       3.384200       3.384200       3.859980       4.101990       4.114880       4.137650       4.147240       4.124180       4.136220       4.148750       4.159680       4.165940       4.167480       4.212550       4.203580       4.177020       4.138450       4.098000    
   4.424070       4.424050       4.428860       4.438500       4.438510       3.879900       3.042050       2.965990       2.889930       3.218740       3.383420       3.384200       3.384200       3.384200       3.384200       3.827480       4.053440       4.092110       4.137650       4.126130       4.120510       4.119780       4.040890       4.065430       4.107690       4.125770       4.142180       4.125300       4.103240       4.086510    
   4.424060       4.428870       4.438500       4.438500       3.768080       3.041890       3.041890       3.042050       2.965980       2.889930       3.217390       3.381860       3.384200       3.384200       3.384200       3.384200       3.757400       3.930560       4.046570       4.035470       3.832770       3.900000       3.964020       4.021330       4.059850       4.066810       4.057310       4.074860       4.073900       4.075320    
