iMOD/TUTORIALS/TUT_MetaswapAnalyser/model_MetaSWAP/meteo/Precipitation/Precipitation_20060204_L1.ASC
NCOLS                30
NROWS                30
XLLCORNER     160000.00
YLLCORNER     340000.00
CELLSIZE        1000.00
NODATA_VALUE   -9999.00
  0.1855300      0.1905400      0.1939000      0.1960400      0.1980700      0.2018400      0.2071700      0.2115700      0.2146200      0.2216900      0.2351500      0.2495800      0.2623800      0.2738400      0.2841000      0.2918900      0.2921400      0.2973200      0.3017900      0.3048800      0.3065500      0.3070100      0.3057500      0.3036100      0.2994100      0.2939700      0.2876500      0.2811000      0.2756200      0.2746300    
  0.1813000      0.1866100      0.1900100      0.1932600      0.1963400      0.1997100      0.2028600      0.2043400      0.2028900      0.2075300      0.2247000      0.2393000      0.2521000      0.2619800      0.2710200      0.2727700      0.2789400      0.2843300      0.2878600      0.2909300      0.2927400      0.2933400      0.2921600      0.2898500      0.2852400      0.2789500      0.2711400      0.2622100      0.2504600      0.2459000    
  0.1780000      0.1835300      0.1881100      0.1920300      0.1945400      0.1976900      0.2001400      0.2013900      0.2021100      0.2078600      0.2198100      0.2322900      0.2428800      0.2517700      0.2592700      0.2612100      0.2661900      0.2707100      0.2747700      0.2781100      0.2796200      0.2806300      0.2804100      0.2777400      0.2731500      0.2665600      0.2548600      0.2448300      0.2340500      0.2217900    
  0.1757200      0.1813500      0.1862000      0.1905200      0.1942000      0.1973500      0.1999100      0.2012400      0.2040500      0.2095900      0.2182600      0.2274700      0.2357400      0.2425000      0.2480700      0.2498100      0.2533900      0.2572800      0.2614300      0.2652900      0.2682700      0.2697900      0.2698100      0.2643400      0.2605300      0.2547300      0.2468800      0.2369200      0.2256500      0.2116500    
  0.1742300      0.1798700      0.1850400      0.1894500      0.1933300      0.1967400      0.1997800      0.2033800      0.2066700      0.2112400      0.2176900      0.2239400      0.2293700      0.2334600      0.2374000      0.2385600      0.2387200      0.2418000      0.2461900      0.2508100      0.2551700      0.2577000      0.2587100      0.2572800      0.2544600      0.2497800      0.2433200      0.2364300      0.2274800      0.2207100    
  0.1733800      0.1792300      0.1842400      0.1887500      0.1928000      0.1964700      0.2006400      0.2042100      0.2096500      0.2128700      0.2169300      0.2209300      0.2245600      0.2265300      0.2288600      0.2267300      0.2259900      0.2289200      0.2347300      0.2409500      0.2466100      0.2503300      0.2524800      0.2527100      0.2512000      0.2477200      0.2433000      0.2392100      0.2342900      0.2322700    
  0.1719900      0.1788600      0.1838300      0.1883700      0.1935400      0.1974200      0.2010500      0.2077600      0.2102100      0.2131900      0.2161100      0.2186100      0.2202000      0.2208300      0.2229100      0.2173100      0.2125500      0.2162700      0.2249900      0.2334100      0.2399800      0.2448200      0.2479500      0.2495800      0.2495300      0.2481700      0.2472100      0.2444600      0.2423700      0.2429800    
  0.1720800      0.1787100      0.1850900      0.1896600      0.1938800      0.2035800      0.2060000      0.2083200      0.2109600      0.2133800      0.2154600      0.2169100      0.2173700      0.2168400      0.2196600      0.2121900      0.2031200      0.2087100      0.2194800      0.2283700      0.2355600      0.2411700      0.2452600      0.2480800      0.2494700      0.2512700      0.2508000      0.2502900      0.2482900      0.2511700    
  0.1742800      0.1794400      0.1842800      0.1902600      0.2015200      0.2049900      0.2072400      0.2093400      0.2116800      0.2136500      0.2151300      0.2159200      0.2158000      0.2254300      0.2198400      0.2135800      0.2092500      0.2116000      0.2186000      0.2262300      0.2332000      0.2391600      0.2440200      0.2479100      0.2521100      0.2538800      0.2551200      0.2534800      0.2559000      0.2595300    
  0.1755300      0.1804200      0.1850400      0.1983600      0.2031900      0.2065500      0.2079900      0.2104400      0.2125000      0.2141100      0.2151900      0.2156000      0.2152600      0.2263100      0.2216400      0.2170500      0.2141700      0.2154000      0.2199100      0.2260500      0.2325900      0.2383600      0.2438900      0.2486100      0.2540800      0.2572000      0.2567500      0.2596700      0.2629400      0.2669600    
  0.1754630      0.1803300      0.1910130      0.2002300      0.2039100      0.2069800      0.2094400      0.2116900      0.2135100      0.2148500      0.2156400      0.2158300      0.2335400      0.2320100      0.2258800      0.2209400      0.2178500      0.2174200      0.2198700      0.2245500      0.2304800      0.2368200      0.2429400      0.2497600      0.2515700      0.2557600      0.2597300      0.2635500      0.2674600      0.2737000    
  0.1753900      0.1867590      0.2002300      0.2041600      0.2058100      0.2076500      0.2100300      0.2131500      0.2147700      0.2158900      0.2242600      0.2232900      0.2414700      0.2338100      0.2282900      0.2228000      0.2188800      0.2172600      0.2188500      0.2234100      0.2298700      0.2370300      0.2427700      0.2492200      0.2550700      0.2606300      0.2654100      0.2698500      0.2741200      0.2783800    
  0.1831740      0.2002300      0.2043330      0.2062500      0.2066900      0.2093200      0.2117600      0.2137900      0.2264600      0.2272000      0.2266700      0.2502400      0.2435900      0.2367500      0.2305200      0.2238100      0.2181200      0.2148800      0.2157000      0.2207100      0.2285200      0.2368700      0.2449500      0.2523900      0.2591200      0.2651400      0.2708700      0.2757700      0.2802500      0.2844000    
  0.2002300      0.2044310      0.2064700      0.2066900      0.2091370      0.2114000      0.2277400      0.2289700      0.2296400      0.2292800      0.2287500      0.2546400      0.2476300      0.2402700      0.2325700      0.2250600      0.2167700      0.2101000      0.2103700      0.2184900      0.2288200      0.2388400      0.2475900      0.2558300      0.2632100      0.2698000      0.2759900      0.2812400      0.2859000      0.2899700    
  0.2044830      0.2065800      0.2066900      0.2090760      0.2114000      0.2229230      0.2296300      0.2308500      0.2315700      0.2317200      0.2663800      0.2596200      0.2524700      0.2448800      0.2367200      0.2282200      0.2183700      0.2073700      0.2056000      0.2194800      0.2312600      0.2421800      0.2519800      0.2607500      0.2686200      0.2756500      0.2819100      0.2877900      0.2926300      0.2961500    
  0.2066350      0.2066900      0.2090550      0.2114000      0.2213180      0.2296300      0.2302400      0.2306830      0.2433130      0.2791100      0.2726400      0.2658700      0.2587300      0.2511600      0.2430800      0.2345300      0.2258100      0.2180400      0.2178800      0.2270600      0.2381400      0.2480000      0.2576300      0.2664200      0.2744100      0.2816400      0.2881600      0.2939600      0.2993900      0.3036700    
  0.2066900      0.2090480      0.2114000      0.2207830      0.2296300      0.2299350      0.2301840      0.2458360      0.2791100      0.2758750      0.2741760      0.2729100      0.2660200      0.2588200      0.2510300      0.2437300      0.2374300      0.2329700      0.2334300      0.2391600      0.2476600      0.2569000      0.2660000      0.2735300      0.2814300      0.2887400      0.2954600      0.3015400      0.3069400      0.3116000    
  0.2090460      0.2114000      0.2206040      0.2296300      0.2297820      0.2299160      0.2462660      0.2791100      0.2774930      0.2772280      0.2766300      0.2803500      0.2739000      0.2670700      0.2606600      0.2547300      0.2502400      0.2474800      0.2480700      0.2521100      0.2585600      0.2662400      0.2743100      0.2823500      0.2889900      0.2962600      0.3031100      0.3094700      0.3152700      0.3201300    
  0.2114000      0.2205450      0.2296300      0.2297060      0.2297760      0.2462690      0.2791100      0.2783010      0.2785340      0.2784900      0.2803500      0.2771250      0.2744450      0.2764600      0.2709800      0.2662000      0.2626900      0.2610400      0.2615900      0.2646200      0.2696500      0.2759900      0.2830300      0.2903900      0.2977900      0.3050600      0.3109200      0.3175700      0.3235200      0.3299100    
  0.2205250      0.2296300      0.2296680      0.2297040      0.2462150      0.2791100      0.2787060      0.2791430      0.2794200      0.2803500      0.2787370      0.2770950      0.2764600      0.2737200      0.2712130      0.2666230      0.2633100      0.2617730      0.2700960      0.2762900      0.2802700      0.2855200      0.2916500      0.2983400      0.3053600      0.3125100      0.3207200      0.3275200      0.3335100      0.3385900    
  0.2296300      0.2296490      0.2296670      0.2461740      0.2791100      0.2789080      0.2794390      0.2798850      0.2803500      0.2795440      0.2781610      0.2764600      0.2750900      0.2737980      0.2705190      0.2670490      0.2639020      0.2727470      0.2816150      0.2869400      0.2900700      0.2944200      0.2997600      0.3068500      0.3135200      0.3205800      0.3269600      0.3342600      0.3414800      0.3484700    
  0.2296400      0.2296490      0.2461500      0.2791100      0.2790090      0.2795850      0.2801180      0.2803500      0.2799470      0.2786290      0.2764600      0.2757750      0.2751160      0.2731360      0.2704550      0.2671570      0.2749830      0.2842770      0.2869400      0.2923000      0.2998900      0.3034100      0.3080100      0.3135500      0.3191800      0.3260900      0.3334900      0.3411700      0.3489300      0.3565600    
  0.2296390      0.2461370      0.2791100      0.2790590      0.2796580      0.2802340      0.2803500      0.2801480      0.2788460      0.2764600      0.2761180      0.2757840      0.2746750      0.2729020      0.2702490      0.2815550      0.2856090      0.2869400      0.3011940      0.3075800      0.3088960      0.3103600      0.3136500      0.3185800      0.3245700      0.3318100      0.3394100      0.3475300      0.3558700      0.3641600    
  0.2461300      0.2791100      0.2790850      0.2796940      0.2802920      0.2803500      0.2802490      0.2789510      0.2764600      0.2762890      0.2761200      0.2755260      0.2744540      0.2934390      0.3041270      0.3093400      0.3095700      0.3120030      0.3153250      0.3179550      0.3152700      0.3155500      0.3192500      0.3234600      0.3290500      0.3359400      0.3439000      0.3526000      0.3616700      0.3703500    
  0.2791100      0.2790970      0.2797120      0.2803210      0.2803500      0.2803000      0.2790030      0.2764600      0.2763740      0.2762900      0.2759780      0.2753670      0.3112160      0.3561910      0.3559300      0.3347860      0.3328420      0.3322000      0.3243580      0.3204400      0.3206400      0.3217600      0.3227800      0.3263000      0.3315900      0.3385800      0.3470200      0.3564700      0.3660800      0.3761000    
  0.2791040      0.2797210      0.2803350      0.2803500      0.2803250      0.2790280      0.2764600      0.2764170      0.2763750      0.2762140      0.3241230      0.3964900      0.3698530      0.3564680      0.3564530      0.3559300      0.3408020      0.3334850      0.3322000      0.3268350      0.3254100      0.3248300      0.3257100      0.3274300      0.3323200      0.3395000      0.3486200      0.3587600      0.3697800      0.3808000    
  0.2797250      0.2803430      0.2803500      0.2803370      0.2790410      0.2764600      0.2764390      0.2764170      0.2763350      0.3339380      0.3964900      0.3964900      0.3964900      0.3702630      0.3570220      0.3569750      0.3559300      0.3415930      0.3347700      0.3322000      0.3290900      0.3268500      0.3260700      0.3275500      0.3310300      0.3385300      0.3484600      0.3601100      0.3723900      0.3844700    
  0.2803460      0.2803500      0.2803440      0.2790470      0.2764600      0.2764490      0.2764390      0.3247050      0.3623030      0.3965270      0.3964900      0.3964900      0.3964900      0.3964900      0.3710870      0.3581610      0.3580200      0.3559300      0.3434720      0.3373400      0.3325600      0.3282400      0.3251900      0.3246900      0.3282800      0.3355400      0.3471000      0.3605100      0.3742900      0.3875100    
  0.2803500      0.2803470      0.2790500      0.2764600      0.2764550      0.3618830      0.4900200      0.4798250      0.4696300      0.4209710      0.3966010      0.3964900      0.3964900      0.3964900      0.3964900      0.3727230      0.3605320      0.3601100      0.3559300      0.3484200      0.3406100      0.3327800      0.3262600      0.3203500      0.3221400      0.3313600      0.3450000      0.3607400      0.3762100      0.3905500    
  0.2803480      0.2790520      0.2764600      0.2764570      0.3789870      0.4900450      0.4900450      0.4900200      0.4798260      0.4696300      0.4211630      0.3968240      0.3964900      0.3964900      0.3964900      0.3964900      0.3758490      0.3655570      0.3642900      0.3557100      0.3476700      0.3370600      0.3259900      0.3160700      0.3136900      0.3255400      0.3433500      0.3624600      0.3792100      0.3943700    
