iMOD/TUTORIALS/TUT_MetaswapAnalyser/model_MetaSWAP/meteo/Precipitation/Precipitation_20050327_L1.ASC
NCOLS                30
NROWS                30
XLLCORNER     160000.00
YLLCORNER     340000.00
CELLSIZE        1000.00
NODATA_VALUE   -9999.00
   0.000000       0.000000       0.000000       0.000000       0.000000       0.000000       0.000000       0.000000       0.000000       0.000000       0.000000       0.000000       0.000000       0.000000       0.000000       0.000000       0.000000       0.000000       0.000000       0.000000       0.000000       0.000000      0.4246600      0.4823900      0.5441200      0.6146300      0.6941900      0.7826300      0.8788700      0.9850700    
   0.000000       0.000000       0.000000       0.000000       0.000000       0.000000       0.000000       0.000000       0.000000       0.000000       0.000000       0.000000       0.000000       0.000000       0.000000       0.000000       0.000000       0.000000       0.000000       0.000000       0.000000       0.000000       0.000000      0.4650000      0.5288300      0.6021600      0.6855600      0.7792900      0.8805100      0.9940400    
   0.000000       0.000000       0.000000       0.000000       0.000000       0.000000       0.000000       0.000000       0.000000       0.000000       0.000000       0.000000       0.000000       0.000000       0.000000       0.000000       0.000000       0.000000       0.000000       0.000000       0.000000       0.000000       0.000000      0.4596100      0.5262400      0.6019900      0.6856700      0.7819800      0.8935900       1.009300    
   0.000000       0.000000       0.000000       0.000000       0.000000       0.000000       0.000000       0.000000       0.000000       0.000000       0.000000       0.000000       0.000000       0.000000       0.000000       0.000000       0.000000       0.000000       0.000000       0.000000       0.000000       0.000000       0.000000      0.4500100      0.5189600      0.5962500      0.6826100      0.7788200      0.8890600       1.004680    
   0.000000       0.000000       0.000000       0.000000       0.000000       0.000000       0.000000       0.000000       0.000000       0.000000       0.000000       0.000000       0.000000       0.000000       0.000000       0.000000       0.000000       0.000000       0.000000       0.000000       0.000000       0.000000       0.000000      0.4409700      0.5117600      0.5895700      0.6748900      0.7724300      0.8718300      0.9749800    
   0.000000       0.000000       0.000000       0.000000       0.000000       0.000000       0.000000       0.000000       0.000000       0.000000       0.000000       0.000000       0.000000       0.000000       0.000000       0.000000       0.000000       0.000000       0.000000       0.000000       0.000000       0.000000       0.000000      0.4340100      0.5058600      0.5814200      0.6640700      0.7562400      0.8474300      0.9390400    
   0.000000       0.000000       0.000000       0.000000       0.000000       0.000000       0.000000       0.000000       0.000000       0.000000       0.000000       0.000000       0.000000       0.000000       0.000000       0.000000       0.000000       0.000000       0.000000       0.000000       0.000000       0.000000       0.000000      0.4278300      0.4993900      0.5745500      0.6577900      0.7389200      0.8201600      0.9015400    
  0.4263200       0.000000       0.000000       0.000000       0.000000       0.000000       0.000000       0.000000       0.000000       0.000000       0.000000       0.000000       0.000000       0.000000       0.000000       0.000000       0.000000       0.000000       0.000000       0.000000       0.000000       0.000000       0.000000      0.4252600      0.4952500      0.5717300      0.6453400      0.7196500      0.7934300      0.8650500    
  0.4488900      0.4273500      0.4137800       0.000000      0.4248600      0.4084200       0.000000       0.000000       0.000000       0.000000       0.000000       0.000000       0.000000       0.000000       0.000000       0.000000       0.000000       0.000000       0.000000       0.000000       0.000000       0.000000       0.000000      0.4268100      0.4980900      0.5662200      0.6341500      0.7010700      0.7660400      0.8279300    
  0.4734300      0.4520200      0.4386000      0.4738300      0.4571300      0.4396000      0.4346300      0.4129300       0.000000       0.000000       0.000000       0.000000       0.000000       0.000000       0.000000       0.000000       0.000000       0.000000       0.000000       0.000000       0.000000       0.000000       0.000000      0.4363000      0.5000000      0.5633300      0.6249600      0.6841300      0.7400300      0.7919700    
  0.4698430      0.4546830      0.4679970      0.5075400      0.4907000      0.4880200      0.4677500      0.4447400      0.4185800       0.000000       0.000000       0.000000       0.000000       0.000000       0.000000       0.000000       0.000000       0.000000       0.000000       0.000000       0.000000       0.000000       0.000000      0.4550500      0.5168100      0.5738100      0.6294700      0.6809400      0.7275800      0.7579200    
  0.4694430      0.4750160      0.5075400      0.5264570      0.5252600      0.5247500      0.5037200      0.4793600      0.4524200      0.4221400       0.000000       0.000000       0.000000       0.000000       0.000000       0.000000       0.000000       0.000000       0.000000       0.000000       0.000000       0.000000      0.4090900      0.4692600      0.5270800      0.5751900      0.6235500      0.6664600      0.7034600      0.7343300    
  0.4836020      0.5075400      0.5425310      0.5537950      0.5823300      0.5635900      0.5422500      0.5180700      0.4676500      0.4399500      0.4092600       0.000000       0.000000       0.000000       0.000000       0.000000       0.000000       0.000000       0.000000       0.000000       0.000000       0.000000      0.4307700      0.4885200      0.5420500      0.5901800      0.6253000      0.6597800      0.6873300      0.7078800    
  0.5075400      0.5501160      0.5680620      0.5823300      0.5837900      0.6054500      0.5501300      0.5289300      0.5049500      0.4802000      0.4501100      0.4466600       0.000000       0.000000       0.000000       0.000000       0.000000       0.000000       0.000000       0.000000       0.000000       0.000000      0.4562900      0.5103200      0.5582100      0.5992600      0.6268800      0.6525400      0.6707100      0.6814500    
  0.5537960      0.5751960      0.5823300      0.5905230      0.6054500      0.5813930      0.5886000      0.5685700      0.5459600      0.5206400      0.5360000      0.4972200      0.4568600      0.4151200       0.000000       0.000000       0.000000       0.000000       0.000000       0.000000       0.000000      0.4373700      0.4939600      0.5433000      0.5849200      0.6184900      0.6438800      0.6547300      0.6637900      0.6617800    
  0.5787630      0.5823300      0.5927680      0.6054500      0.5918140      0.5886000      0.5785850      0.5677100      0.5657400      0.6277900      0.5930200      0.5566500      0.5187900      0.4795300      0.4378900       0.000000       0.000000       0.000000       0.000000       0.000000      0.4379600      0.4924700      0.5421700      0.5839400      0.6171900      0.6417100      0.6576100      0.6653200      0.6592800      0.6525400    
  0.5823300      0.5935160      0.6054500      0.5952880      0.5886000      0.5835930      0.5782980      0.5849560      0.6277900      0.6104050      0.6167420      0.6241600      0.5889200      0.5542200      0.5114600      0.4795900      0.4519100      0.4356600      0.4438600      0.4775300      0.5229100      0.5686700      0.6092700      0.6379300      0.6613200      0.6756100      0.6811000      0.6786000      0.6692100      0.6445300    
  0.5937650      0.6054500      0.5964460      0.5886000      0.5860960      0.5834970      0.5936590      0.6277900      0.6190970      0.6380300      0.6531250      0.6820900      0.6562400      0.6284100      0.6034900      0.5812800      0.5643300      0.5578200      0.5668700      0.5909000      0.6233800      0.6568200      0.6858500      0.7073100      0.7151200      0.7175400      0.7111000      0.6970700      0.6772600      0.6498200    
  0.6054500      0.5968320      0.5886000      0.5873480      0.5860640      0.5977610      0.6277900      0.6234440      0.6469230      0.6676070      0.6820900      0.6691650      0.6719730      0.7211500      0.7048700      0.6921400      0.6853000      0.6838600      0.6937200      0.7122500      0.7353400      0.7578100      0.7751700      0.7843200      0.7836200      0.7727400      0.7479900      0.7205000      0.6845200      0.6464300    
  0.5969610      0.5886000      0.5879740      0.5873370      0.5997410      0.6277900      0.6256170      0.6510190      0.6748490      0.6820900      0.6756270      0.6860940      0.7211500      0.7130100      0.7060530      0.6941030      0.6871000      0.6876270      0.7818800      0.8411300      0.8577100      0.8711400      0.8776000      0.8742100      0.8594200      0.8331600      0.7910900      0.7409100      0.7160400      0.6655200    
  0.5886000      0.5882870      0.5879700      0.6007110      0.6277900      0.6267030      0.6529970      0.6784690      0.6820900      0.6788590      0.6912400      0.7211500      0.7170800      0.7134040      0.7043890      0.6957520      0.6896100      0.8089660      0.9097850      0.9784400      0.9911500      0.9977500      0.9946300      0.9720700      0.9428100      0.8998000      0.8661100      0.8012300      0.7328400      0.6671900    
  0.5884440      0.5882860      0.6011890      0.6277900      0.6272470      0.6539720      0.6802800      0.6820900      0.6804740      0.6933350      0.7211500      0.7191150      0.7172110      0.7116240      0.7045150      0.6965840      0.8233760      0.9441130      0.9784400       1.032560       1.128100       1.131190       1.121000       1.094530       1.080110       1.019040      0.9391800      0.8490600      0.7553100      0.6648800    
  0.5884430      0.6014270      0.6277900      0.6275180      0.6544570      0.6811850      0.6820900      0.6812820      0.6942620      0.7211500      0.7201320      0.7191590      0.7159840      0.7111170      0.7042410      0.9466240      0.9612760      0.9784400       1.230080       1.304060       1.310500       1.290210       1.320490       1.282450       1.218970       1.134060       1.028410      0.9090400      0.7841500      0.6646000    
  0.6015460      0.6277900      0.6276540      0.6546980      0.6816370      0.6820900      0.6816860      0.6946960      0.7211500      0.7206410      0.7201470      0.7184250      0.7154200       1.076660       1.348790       1.549670       1.547370       1.546130       1.544540       1.605260       1.480030       1.522960       1.511440       1.462530       1.383860       1.275630       1.141660      0.9889600      0.8270300      0.6691400    
  0.6277900      0.6277220      0.6548190      0.6818640      0.6820900      0.6818880      0.6949060      0.7211500      0.7208960      0.7206460      0.7197380      0.7179970       1.374010       2.178360       2.175280       2.005790       2.140350       2.116300       1.861290       1.724300       1.730500       1.756260       1.726340       1.674190       1.583120       1.453010       1.289090       1.100560      0.8994700      0.6949700    
  0.6277560      0.6548800      0.6819770      0.6820900      0.6819890      0.6950080      0.7211500      0.7210230      0.7208970      0.7204260       1.292720       2.152620       2.172100       2.181170       2.181430       2.175280       2.160160       2.164400       2.116300       1.999290       1.962380       1.989200       1.985120       1.924920       1.825720       1.674590       1.479640       1.255840       1.015910      0.7738400    
  0.6549100      0.6820330      0.6820900      0.6820390      0.6950590      0.7211500      0.7210860      0.7210230      0.7207820       1.407860       2.152620       2.152620       2.152620       2.176230       2.186800       2.187590       2.175280       2.184660       2.212500       2.116300       2.187980       2.242320       2.263190       2.231310       2.119010       1.947300       1.719610       1.457690       1.185530      0.9229700    
  0.6820620      0.6820900      0.6820650      0.6950850      0.7211500      0.7211180      0.7210870      0.9524200       1.438720       2.152410       2.152620       2.152620       2.152620       2.152620       2.184080       2.197550       2.199900       2.175280       2.234570       2.308690       2.413330       2.507190       2.570060       2.571430       2.479070       2.274980       2.004830       1.700760       1.397500       1.120060    
  0.6820900      0.6820770      0.6950970      0.7211500      0.7211340       1.040280       1.519100       1.582940       1.646790       1.983430       2.151990       2.152620       2.152620       2.152620       2.152620       2.198560       2.217460       2.224510       2.175280       2.338010       2.510290       2.682920       2.829300       2.954300       2.889230       2.659560       2.320700       1.963970       1.626620       1.331220    
  0.6820840      0.6951040      0.7211500      0.7211420       1.104030       1.518940       1.518940       1.519100       1.582940       1.646790       1.982340       2.150730       2.152620       2.152620       2.152620       2.152620       2.224280       2.252580       2.273750       2.461810       2.656200       2.886210       3.123320       3.328720       3.359110       3.072720       2.658780       2.213290       1.841510       1.528700    
