iMOD/TUTORIALS/TUT_MetaswapAnalyser/model_MetaSWAP/meteo/Precipitation/Precipitation_20061110_L1.ASC
NCOLS                30
NROWS                30
XLLCORNER     160000.00
YLLCORNER     340000.00
CELLSIZE        1000.00
NODATA_VALUE   -9999.00
   9.106180       9.036430       8.969400       8.907070       8.856110       8.822840       8.812060       8.812500       8.813160       8.800510       8.770340       8.737700       8.705840       8.673670       8.649030       8.660700       8.679050       8.674290       8.676160       8.684810       8.700200       8.741000       8.770930       8.806190       8.847650       8.894370       8.946040       9.002460       9.063640       9.131660    
   9.093840       9.025990       8.962170       8.904720       8.858760       8.825190       8.806800       8.799540       8.798710       8.781740       8.738410       8.697130       8.660490       8.647080       8.622830       8.629420       8.618240       8.604590       8.606920       8.616510       8.633220       8.673740       8.705040       8.741460       8.784090       8.831810       8.884220       8.940950       9.002930       9.069820    
   9.080730       9.014800       8.953420       8.900020       8.853070       8.816810       8.791140       8.773350       8.757970       8.731650       8.691030       8.648210       8.623170       8.588640       8.557810       8.554130       8.541240       8.536240       8.539480       8.550620       8.569190       8.609910       8.641660       8.679670       8.722790       8.770650       8.824010       8.879840       8.940400       9.002220    
   9.065950       9.001440       8.941320       8.887540       8.839530       8.799240       8.766050       8.737490       8.709640       8.675700       8.635380       8.596130       8.561060       8.522990       8.491050       8.478560       8.464600       8.459850       8.464530       8.477680       8.498080       8.523920       8.572360       8.612450       8.656000       8.704040       8.756240       8.812170       8.872460       8.933620    
   9.049060       8.985400       8.925380       8.869870       8.819690       8.774950       8.734840       8.697240       8.660400       8.620670       8.575110       8.535600       8.495680       8.455130       8.418920       8.396060       8.380700       8.376380       8.383370       8.399310       8.420920       8.449270       8.499690       8.537580       8.581500       8.629870       8.682570       8.741120       8.801560       8.866960    
   9.030080       8.964880       8.904640       8.848000       8.795240       8.746230       8.699280       8.655690       8.570050       8.552470       8.512370       8.470400       8.427980       8.384700       8.337520       8.308500       8.288870       8.285270       8.296200       8.315720       8.339700       8.369110       8.418860       8.458320       8.502150       8.549420       8.602580       8.662190       8.724730       8.792910    
   9.008080       8.941810       8.881140       8.823100       8.766290       8.713850       8.663230       8.550130       8.534850       8.493120       8.449930       8.405300       8.359670       8.314630       8.254740       8.219170       8.190710       8.189680       8.207700       8.230030       8.256060       8.285350       8.318410       8.372330       8.415430       8.463340       8.518450       8.576580       8.639720       8.709440    
   8.999490       8.918340       8.853930       8.794860       8.737550       8.588040       8.537770       8.523560       8.479240       8.434330       8.388460       8.341540       8.293780       8.247550       8.177780       8.138850       8.099750       8.103410       8.124700       8.147330       8.171790       8.198960       8.229690       8.281220       8.322580       8.371440       8.423570       8.481740       8.548660       8.618410    
   8.972430       8.893910       8.832000       8.767730       8.586460       8.537630       8.483950       8.470870       8.423740       8.376280       8.328250       8.279660       8.230710       8.143480       8.108750       8.074160       8.047440       8.041430       8.051880       8.068050       8.087520       8.110270       8.136960       8.184880       8.225570       8.269740       8.320300       8.380670       8.444310       8.514690    
   8.947600       8.869220       8.806710       8.590390       8.536760       8.486050       8.467360       8.417880       8.368500       8.319010       8.269310       8.219530       8.170070       8.070520       8.044000       8.014800       7.992860       7.982050       7.982240       7.989500       8.001500       8.018900       8.039960       8.066290       8.119330       8.160040       8.211160       8.266280       8.329250       8.399850    
   8.941920       8.874510       8.701900       8.541290       8.487910       8.495740       8.416120       8.364810       8.313610       8.262440       8.211370       8.160660       8.033810       8.018000       7.990780       7.960420       7.935420       7.918320       7.908970       7.906020       7.908430       7.915980       7.929030       7.949800       7.978660       8.033520       8.077400       8.130150       8.192140       8.272910    
   8.941800       8.764900       8.541290       8.480010       8.437130       8.449140       8.366380       8.311830       8.259080       8.206470       8.173040       8.118690       7.987750       7.956330       7.928530       7.898120       7.872330       7.850540       7.834580       7.823530       7.817400       7.816560       7.825060       7.837000       7.856320       7.904380       7.943080       7.991780       8.051120       8.121280    
   8.813770       8.541290       8.480100       8.445410       8.453690       8.369920       8.315320       8.260760       8.232620       8.175610       8.119230       7.961850       7.927230       7.892980       7.864670       7.832780       7.804350       7.779700       7.756330       7.737350       7.724350       7.715040       7.711660       7.715080       7.726330       7.746540       7.798780       7.841880       7.897080       7.965020    
   8.541290       8.481160       8.449550       8.453690       8.381290       8.320250       8.299380       8.241170       8.182800       8.122720       8.064740       7.901190       7.865130       7.829240       7.794390       7.764650       7.732980       7.703800       7.676120       7.648030       7.624380       7.605680       7.590060       7.583570       7.585170       7.596210       7.638120       7.673710       7.722890       7.786870    
   8.481940       8.451620       8.453690       8.385080       8.320250       8.290400       8.251580       8.192240       8.132600       8.072790       7.881190       7.843410       7.804930       7.766320       7.728240       7.694510       7.658090       7.624100       7.590320       7.554320       7.518510       7.489660       7.466300       7.449500       7.440600       7.441180       7.453010       7.497950       7.538570       7.591880    
   8.452650       8.453690       8.386340       8.320250       8.287410       8.251580       8.221910       8.192140       8.065380       7.863900       7.825350       7.785440       7.744530       7.703060       7.661690       7.620470       7.577150       7.537050       7.495680       7.452920       7.411860       7.369890       7.335560       7.307110       7.286090       7.274290       7.273820       7.286950       7.335390       7.382400    
   8.453690       8.386760       8.320250       8.286410       8.251580       8.236750       8.221880       8.085830       7.863900       7.844620       7.773540       7.729190       7.685830       7.641210       7.586140       7.542050       7.497730       7.450060       7.401140       7.351280       7.301850       7.254310       7.209990       7.164750       7.130720       7.105200       7.090550       7.089450       7.104700       7.156430    
   8.386900       8.320250       8.286080       8.251580       8.244160       8.236730       8.102090       7.863900       7.854260       7.768470       7.696500       7.663810       7.619520       7.567670       7.520160       7.471280       7.419830       7.365150       7.308780       7.251030       7.192730       7.134980       7.079030       7.026330       6.973160       6.932260       6.901340       6.883480       6.882000       6.900480    
   8.320250       8.285970       8.251580       8.247870       8.244160       8.111720       7.863900       7.859080       7.766120       7.680150       7.663810       7.641660       7.589830       7.508310       7.456830       7.403230       7.347550       7.283810       7.220130       7.154280       7.086820       7.018550       6.950530       6.884110       6.821040       6.763560       6.709240       6.672150       6.651480       6.650090    
   8.285930       8.251580       8.249730       8.247870       8.116910       7.863900       7.861490       7.764980       7.671980       7.663810       7.652740       7.600900       7.508310       7.482570       7.456120       7.402540       7.344860       7.283830       7.139980       7.062920       6.986350       6.907540       6.827290       6.746760       6.667560       6.591870       6.522570       6.464270       6.466240       6.431310    
   8.251580       8.250650       8.249730       8.119600       7.863900       7.862700       7.764420       7.667900       7.663810       7.658270       7.606440       7.508310       7.495440       7.482330       7.447080       7.401170       7.343740       7.153650       7.020830       6.978740       6.893510       6.804540       6.712340       6.617650       6.522050       6.427410       6.388160       6.303180       6.229840       6.174940    
   8.251120       8.250650       8.120970       7.863900       7.863300       7.764130       7.665850       7.663810       7.661040       7.609210       7.508310       7.501870       7.495360       7.474950       7.443530       7.397330       7.175420       6.999790       6.978740       6.894170       6.810260       6.711990       6.608670       6.500790       6.439460       6.331780       6.216770       6.104970       6.002220       5.915430    
   8.251120       8.121660       7.863900       7.863600       7.763990       7.664830       7.663810       7.662430       7.610590       7.508310       7.505090       7.501850       7.490730       7.471280       7.438600       7.176430       6.989260       6.978740       6.833760       6.755180       6.696580       6.632820       6.577580       6.457210       6.330160       6.197510       6.060130       5.921520       5.787280       5.667400    
   8.122010       7.863900       7.863750       7.763920       7.664320       7.663810       7.663120       7.611280       7.508310       7.506700       7.505080       7.499220       7.487950       7.288320       7.085180       6.879930       6.876630       6.805900       6.720240       6.706950       6.700100       6.627750       6.505910       6.375080       6.234950       6.085700       5.928240       5.764470       5.598330       5.442070    
   7.863900       7.863820       7.763890       7.664070       7.663810       7.663460       7.611630       7.508310       7.507510       7.506700       7.503670       7.497420       7.156260       6.752850       6.752680       6.792150       6.773910       6.774520       6.722240       6.698600       6.713800       6.596820       6.452210       6.313610       6.163640       6.002010       5.829000       5.645400       5.456020       5.256980    
   7.863860       7.763870       7.663940       7.663810       7.663640       7.611800       7.508310       7.507910       7.507500       7.505960       7.223850       6.805730       6.770540       6.752930       6.753020       6.752680       6.765380       6.773290       6.774520       6.708910       6.681900       6.563400       6.433980       6.275140       6.119280       5.950100       5.767880       5.576220       5.370360       5.154050    
   7.763860       7.663870       7.663810       7.663720       7.611890       7.508310       7.508110       7.507910       7.507120       7.169750       6.805730       6.805730       6.805730       6.770650       6.753100       6.753360       6.752680       6.761010       6.772070       6.774520       6.665410       6.546730       6.416910       6.274200       6.102800       5.931000       5.748150       5.552910       5.350280       5.146880    
   7.663840       7.663810       7.663770       7.611930       7.508310       7.508210       7.508110       7.355110       7.120710       6.805790       6.805730       6.805730       6.805730       6.805730       6.770770       6.753240       6.754050       6.752680       6.744760       6.769620       6.662290       6.546000       6.419060       6.279190       6.124100       5.943800       5.761790       5.572280       5.382310       5.202820    
   7.663810       7.663790       7.611950       7.508310       7.508260       7.255140       6.875540       6.886420       6.897290       6.836400       6.805900       6.805730       6.805730       6.805730       6.805730       6.770720       6.753000       6.755420       6.752680       6.682240       6.601800       6.510370       6.399700       6.302870       6.155600       5.989700       5.804020       5.622520       5.446620       5.287280    
   7.663800       7.611970       7.508310       7.508280       7.204540       6.875520       6.875520       6.875540       6.886420       6.897290       6.836690       6.806230       6.805730       6.805730       6.805730       6.805730       6.770120       6.750900       6.758160       6.693210       6.602240       6.523520       6.433510       6.330180       6.205580       6.052400       5.885050       5.694180       5.527400       5.382030    
