iMOD/TUTORIALS/TUT_MetaswapAnalyser/model_MetaSWAP/meteo/Precipitation/Precipitation_20060814_L1.ASC
NCOLS                30
NROWS                30
XLLCORNER     160000.00
YLLCORNER     340000.00
CELLSIZE        1000.00
NODATA_VALUE   -9999.00
   19.77970       18.43980       17.19030       16.03580       15.01950       14.12790       13.39790       12.76290       12.19650       11.75770       11.45820       11.20370       10.95370       10.73170       10.51040       10.25730       10.40930       10.21980       10.04320       9.879800       9.727520       9.590420       9.452990       9.344790       9.209630       9.075010       8.940560       8.807170       8.677730       8.552330    
   20.35870       19.01980       17.75120       16.61000       15.60620       14.68850       13.88680       13.16640       12.49190       11.99000       11.72140       11.45270       11.19490       10.92320       10.68180       10.76990       10.57270       10.27850       10.10960       9.956590       9.817120       9.693990       9.570520       9.472450       9.350120       9.226910       9.101890       8.974930       8.866280       8.735280    
   20.90310       19.58220       18.35160       17.25770       16.20130       15.26770       14.43160       13.67750       13.00510       12.48150       12.10170       11.78810       11.47210       11.19420       10.88230       10.85710       10.64800       10.46460       10.30650       10.16910       10.04720       9.937950       9.850070       9.735050       9.616860       9.494030       9.386450       9.248060       9.097210       8.951760    
   21.44470       20.14730       18.93660       17.85470       16.81780       15.87610       15.02590       14.25900       13.59190       13.01240       12.56910       12.18590       11.84090       11.49900       11.17620       11.05520       10.83970       10.66150       10.51870       10.40110       10.29730       10.22450       10.12940       10.04660       9.931670       9.807890       9.674740       9.532040       9.375020       9.217940    
   21.97890       20.70900       19.56230       18.45070       17.42610       16.48930       15.63910       14.80280       14.14530       13.57560       13.19990       12.71900       12.28600       11.88810       11.50840       11.27170       11.05190       10.88080       10.76110       10.67130       10.62290       10.54250       10.46110       10.36140       10.25140       10.12960       9.996330       9.845600       9.696930       9.547960    
   22.50260       21.29800       20.13040       19.04150       18.03310       17.10630       16.15060       15.40560       15.02440       14.38670       13.80180       13.27190       12.78200       12.32170       11.82770       11.51780       11.26060       11.09930       11.01630       10.96240       10.93680       10.87510       10.80520       10.71410       10.60760       10.48580       10.35220       10.20110       10.05290       9.904960    
   22.95240       21.82390       20.68730       19.62340       18.45210       17.56770       16.75570       16.46730       15.74160       15.06040       14.43870       13.86550       13.32900       12.82080       12.16580       11.80300       11.48030       11.34550       11.32690       11.33360       11.30590       11.25760       11.18870       11.10710       11.00120       10.87910       10.73400       10.58880       10.43650       10.28290    
   23.27970       21.94280       20.97120       19.96670       19.02960       18.78190       18.01990       17.22420       16.46290       15.76110       15.11200       14.50690       13.93620       13.39380       12.60150       12.21240       11.81030       11.72230       11.75970       11.76540       11.74460       11.69870       11.62960       11.54590       11.43640       11.29940       11.15880       11.00670       10.86140       10.69220    
   23.35170       22.42000       21.38940       20.51170       20.44650       19.50630       18.76830       17.97540       17.20590       16.49020       15.82270       15.19680       14.60560       13.50360       13.14640       12.79660       12.49980       12.35480       12.31730       12.29510       12.25910       12.20270       12.12470       12.03280       11.90430       11.76920       11.61890       11.47440       11.29760       11.11560    
   23.76650       22.88120       21.88290       22.05490       21.16840       20.24070       19.56910       18.74360       17.97100       17.24790       16.57000       15.93290       15.33240       14.09870       13.78120       13.47820       13.22100       13.06430       12.97470       12.91210       12.84940       12.76780       12.67390       12.56100       12.42730       12.27920       12.13540       11.95450       11.76300       11.56460    
   23.83950       22.84350       22.39350       22.75510       21.79800       21.14640       20.34840       19.52870       18.75770       18.03300       17.35150       16.71040       15.05050       14.66090       14.36830       14.14080       13.94810       13.80520       13.70250       13.62040       13.54050       13.45100       13.34550       13.21240       13.09310       12.92230       12.73820       12.53790       12.32430       12.04170    
   23.85670       22.95790       22.75510       22.63650       22.52510       21.82180       21.05850       20.32980       19.56490       18.84350       17.87150       17.27790       15.57330       15.27390       15.06920       14.87350       14.70400       14.56070       14.44350       14.33880       14.23530       14.12400       14.01130       13.86890       13.70640       13.52910       13.32710       13.10740       12.87270       12.62590    
   23.62280       22.75510       22.96400       22.99650       23.46780       22.68810       21.85470       21.06470       19.86680       19.27690       18.65580       16.34800       16.15460       15.96540       15.79320       15.62360       15.47140       15.33660       15.21050       15.09350       14.97660       14.84810       14.70530       14.54430       14.36310       14.16100       13.94500       13.70400       13.44620       13.17420    
   22.75510       23.10470       23.23210       23.46780       23.21050       23.47560       22.02220       21.30650       20.63080       19.94030       19.34920       17.00040       16.83680       16.67720       16.52440       16.38860       16.26220       16.13030       16.00440       15.87630       15.74370       15.60020       15.42130       15.23950       15.03710       14.81350       14.57600       14.31240       14.03120       13.73470    
   23.16940       23.35000       23.46780       23.38460       23.47560       22.74900       22.74910       22.05710       21.40300       20.78610       17.79020       17.65440       17.52070       17.39080       17.26610       17.18500       17.05870       16.92450       16.80230       16.66970       16.51510       16.35230       16.17290       15.97390       15.75330       15.51050       15.24580       14.96800       14.66450       14.32350    
   23.40890       23.46780       23.44270       23.47560       22.99120       22.74910       22.40310       22.06970       20.69890       18.54950       18.44180       18.33530       18.23050       18.12840       17.95000       17.86310       17.84780       17.74070       17.62050       17.48050       17.32460       17.15490       16.96270       16.74790       16.50910       16.24600       15.95970       15.65190       15.33430       14.99200    
   23.46780       23.46200       23.47560       23.07200       22.74910       22.57610       22.40730       20.93030       18.54950       18.49560       18.78730       19.02620       18.83620       18.76370       18.80280       18.71980       18.66170       18.56580       18.45550       18.32570       18.17470       18.00090       17.80220       17.58110       17.32800       17.04720       16.74020       16.40980       16.05980       15.71390    
   23.46850       23.47560       23.09890       22.74910       22.66260       22.57750       21.11580       18.54950       18.52260       18.94430       19.30500       19.58380       19.53450       19.63860       19.57940       19.51760       19.48990       19.41030       19.31450       19.19730       19.05490       18.88460       18.68380       18.45070       18.18930       17.89120       17.56310       17.20910       16.83450       16.45590    
   23.47560       23.10790       22.74910       22.70580       22.66310       21.22640       18.54950       18.53600       19.00890       19.44440       19.58380       19.55920       19.78840       20.39680       20.36370       20.32600       20.27910       20.27400       20.19720       20.09650       19.96680       19.80410       19.60490       19.36700       19.08970       18.77430       18.42880       18.04910       17.65730       17.24140    
   23.11090       22.74910       22.72750       22.70600       21.28620       18.54950       18.54280       19.03850       19.51410       19.58380       19.57150       19.83200       20.39680       20.38020       20.36220       20.32290       20.29300       20.25010       20.71350       21.02330       20.91120       20.76070       20.56710       20.32740       20.04050       19.70780       19.32820       18.93340       18.57130       18.11650    
   22.74910       22.73830       22.72750       21.31730       18.54950       18.54610       19.05270       19.54900       19.58380       19.57760       19.84600       20.39680       20.38850       20.37970       20.35510       20.32600       20.28870       20.94670       21.50000       21.97670       21.88810       21.75550       21.57250       21.32780       21.03350       20.68350       20.38130       19.93370       19.45270       18.95310    
   22.74370       22.73830       21.33320       18.54950       18.54780       19.05970       19.56640       19.58380       19.58070       19.85110       20.39680       20.39270       20.38840       20.37450       20.35360       20.32330       21.05530       21.73830       21.97670       22.25050       22.88670       22.78040       22.61510       22.38430       22.17780       21.82120       21.38720       20.89790       20.36790       19.81450    
   22.74370       21.34120       18.54950       18.54870       19.06320       19.57510       19.58380       19.58230       19.85310       20.39680       20.39470       20.39260       20.38520       20.37210       20.35050       21.71290       21.85750       21.97670       23.39860       23.88100       23.89340       23.85210       23.81710       23.59730       23.29720       22.91030       22.44190       21.90440       21.31530       20.69780    
   21.34520       18.54950       18.54910       19.06490       19.57940       19.58380       19.58300       19.85400       20.39680       20.39580       20.39470       20.39080       20.38330       22.60430       24.07460       24.97380       24.97490       25.04130       25.13820       25.48630       24.87530       25.07230       24.95820       24.76350       24.46390       24.05710       23.54990       22.95660       22.29780       21.60130    
   18.54950       18.54930       19.06580       19.58160       19.58380       19.58340       19.85440       20.39680       20.39630       20.39580       20.39380       20.38960       24.41110       29.32910       29.30950       27.72860       28.08890       27.97310       26.71970       26.04740       26.09730       26.11490       26.14890       25.98550       25.69340       25.26780       24.71730       24.06140       23.32670       22.53660    
   18.54940       19.06620       19.58270       19.58380       19.58360       19.85460       20.39680       20.39650       20.39630       20.39530       24.30730       30.17870       29.62790       29.34810       29.34870       29.30950       28.54100       28.20470       27.97310       27.37190       27.16970       27.28540       27.30320       27.26600       26.99030       26.54560       25.94540       25.22110       24.40490       23.53040    
   19.06640       19.58330       19.58380       19.58370       19.85470       20.39680       20.39670       20.39650       20.39600       25.09130       30.17870       30.17870       30.17870       29.65590       29.38610       29.38790       29.30950       28.67670       28.43630       27.97310       28.24760       28.46390       28.57830       28.53760       28.35760       27.89040       27.22840       26.42090       25.52330       24.58210    
   19.58350       19.58380       19.58380       19.85480       20.39680       20.39670       20.39670       22.82700       26.05670       30.17880       30.17870       30.17870       30.17870       30.17870       29.71000       29.46090       29.46640       29.30950       28.98780       28.89940       29.27970       29.62060       29.86800       29.94030       29.74690       29.29590       28.54240       27.63070       26.64310       25.63830    
   19.58380       19.58380       19.85480       20.39680       20.39680       24.26410       30.06510       30.09200       30.11890       30.15900       30.17900       30.17870       30.17870       30.17870       30.17870       29.81230       29.60680       29.62320       29.30950       29.76910       30.24900       30.72460       31.14230       31.37910       31.27380       30.70830       29.84010       28.79280       27.70520       26.63390    
   19.58380       19.85480       20.39680       20.39680       25.03780       30.06540       30.06540       30.06510       30.09200       30.11890       30.15940       30.17950       30.17870       30.17870       30.17870       30.17870       29.99750       29.88760       29.93700       30.46030       31.03270       31.64420       32.26630       32.79820       32.87730       32.12880       30.99560       29.81060       28.64070       27.51420    
