iMOD/TUTORIALS/TUT_MetaswapAnalyser/model_MetaSWAP/meteo/Precipitation/Precipitation_20050329_L1.ASC
NCOLS                30
NROWS                30
XLLCORNER     160000.00
YLLCORNER     340000.00
CELLSIZE        1000.00
NODATA_VALUE   -9999.00
  0.2072500      0.1515900       0.000000       0.000000       0.000000       0.000000       0.000000       0.000000       0.000000       0.000000       0.000000       0.000000       0.000000       0.000000       0.000000       0.000000       0.000000       0.000000       0.000000       0.000000       0.000000       0.000000       0.000000      0.1340600      0.1499600      0.1673700      0.1859100      0.2050500      0.2239500      0.2435700    
  0.2241900      0.1721400      0.1301000       0.000000       0.000000       0.000000       0.000000       0.000000       0.000000       0.000000       0.000000       0.000000       0.000000       0.000000       0.000000       0.000000       0.000000       0.000000       0.000000       0.000000       0.000000       0.000000       0.000000      0.1281000      0.1429500      0.1588400      0.1754000      0.1921700      0.2052200      0.2219800    
  0.2466500      0.1976000      0.1580000      0.1368200       0.000000       0.000000       0.000000       0.000000       0.000000       0.000000       0.000000       0.000000       0.000000       0.000000       0.000000       0.000000       0.000000       0.000000       0.000000       0.000000       0.000000       0.000000       0.000000      0.1232500      0.1373200      0.1518200      0.1633500      0.1779000      0.1934000      0.2053800    
  0.2716700      0.2250700      0.1872900      0.1690600      0.1461000      0.1314500      0.1233200      0.1186700       0.000000       0.000000       0.000000       0.000000       0.000000       0.000000       0.000000       0.000000       0.000000       0.000000       0.000000       0.000000       0.000000       0.000000       0.000000       0.000000      0.1293300      0.1425000      0.1552800      0.1673300      0.1795500      0.1881900    
  0.2979900      0.2531700      0.2319700      0.1999200      0.1756900      0.1581700      0.1456000      0.1370300      0.1275100       0.000000       0.000000       0.000000       0.000000       0.000000       0.000000       0.000000       0.000000       0.000000       0.000000       0.000000       0.000000       0.000000       0.000000       0.000000      0.1250100      0.1369600      0.1478700      0.1591100      0.1665700      0.1716900    
  0.3247500      0.3010600      0.2614200      0.2290000      0.2031400      0.1827300      0.1619300      0.1535200      0.1384200      0.1254400       0.000000       0.000000       0.000000       0.000000       0.000000       0.000000       0.000000       0.000000       0.000000       0.000000       0.000000       0.000000       0.000000       0.000000      0.1216500      0.1324100      0.1414800      0.1503400      0.1551400      0.1574600    
  0.3747300      0.3286800      0.2894400      0.2564000      0.2214400      0.1997400      0.1810200      0.1677400      0.1535600      0.1360000       0.000000       0.000000       0.000000       0.000000       0.000000       0.000000       0.000000       0.000000       0.000000       0.000000       0.000000       0.000000       0.000000       0.000000      0.1196900      0.1289600      0.1379700      0.1428300      0.1453300      0.1453100    
  0.4196000      0.3416800      0.3046100      0.2727300      0.2452800      0.2107900      0.2035100      0.1874500      0.1680300      0.1483900      0.1281900       0.000000       0.000000       0.000000       0.000000       0.000000       0.000000       0.000000       0.000000       0.000000       0.000000       0.000000       0.000000       0.000000      0.1191300      0.1285700      0.1338000      0.1365600      0.1388000      0.1363500    
  0.4280400      0.3671800      0.3301000      0.2973400      0.2526000      0.2290700      0.2223500      0.2051000      0.1839200      0.1628400      0.1415100      0.1198600       0.000000       0.000000       0.000000       0.000000       0.000000       0.000000       0.000000       0.000000       0.000000       0.000000       0.000000       0.000000      0.1216200      0.1273900      0.1305800      0.1334000      0.1313800      0.1271500    
  0.4537400      0.3921700      0.3551000      0.2984700      0.2714500      0.2469600      0.2467800      0.2236200      0.2013200      0.1794100      0.1576000      0.1358300       0.000000       0.000000       0.000000       0.000000       0.000000       0.000000       0.000000       0.000000       0.000000       0.000000       0.000000       0.000000      0.1235100      0.1270600      0.1302900      0.1287000      0.1247900      0.1188700    
  0.4486430      0.4003370      0.3407350      0.3172000      0.2895600      0.2848500      0.2669000      0.2429800      0.2201000      0.1979000      0.1761800      0.1549300      0.1187000       0.000000       0.000000       0.000000       0.000000       0.000000       0.000000       0.000000       0.000000       0.000000       0.000000       0.000000       0.000000      0.1222000      0.1210700       0.000000       0.000000       0.000000    
  0.4501520      0.3767290      0.3172000      0.3165180      0.3074500      0.3045700      0.2870100      0.2630000      0.2399600      0.2179000      0.2102800      0.1874300      0.1478300      0.1289500       0.000000       0.000000       0.000000       0.000000       0.000000       0.000000       0.000000       0.000000      0.1186800      0.1205200      0.1207200      0.1230800      0.1197900       0.000000       0.000000       0.000000    
  0.4112040      0.3172000      0.3288080      0.3296550      0.3518600      0.3336000      0.3075600      0.2831600      0.2826700      0.2590500      0.2355400      0.1767700      0.1647600      0.1536400      0.1438800      0.1371000      0.1333800      0.1323200      0.1299700      0.1286200      0.1291900      0.1285400      0.1276300      0.1259900      0.1232900      0.1193100       0.000000       0.000000       0.000000       0.000000    
  0.3172000      0.3346560      0.3407570      0.3518600      0.3464530      0.3539000      0.3623700      0.3344600      0.3082200      0.2943200      0.2696600      0.1986300      0.1882000      0.1789200      0.1714800      0.1663500      0.1648200      0.1648600      0.1624700      0.1540700      0.1471800      0.1414500      0.1338000      0.1284600      0.1228200       0.000000       0.000000       0.000000       0.000000       0.000000    
  0.3375060      0.3463090      0.3518600      0.3507380      0.3539000      0.3750800      0.4089700      0.3786100      0.3501400      0.3235500      0.2313000      0.2210900      0.2117100      0.2036300      0.1974000      0.1941600      0.1932600      0.1941100      0.1915100      0.1766000      0.1601700      0.1492600      0.1399900      0.1315900      0.1235100       0.000000       0.000000       0.000000       0.000000       0.000000    
  0.3490840      0.3518600      0.3521660      0.3539000      0.3793170      0.4089700      0.3937900      0.3792400      0.3287350      0.2626400      0.2525400      0.2429700      0.2342400      0.2266900      0.2112400      0.2084700      0.2115200      0.2106200      0.2036400      0.1892500      0.1747900      0.1562700      0.1441000      0.1331700      0.1230300       0.000000       0.000000       0.000000       0.000000       0.000000    
  0.3518600      0.3526420      0.3539000      0.3807290      0.4089700      0.4013800      0.3940000      0.3411010      0.2626400      0.2575900      0.2573660      0.2640900      0.2411400      0.2342100      0.2350500      0.2299600      0.2258000      0.2200100      0.2103200      0.1966600      0.1817100      0.1672600      0.1537900      0.1350400      0.1232500       0.000000       0.000000       0.000000       0.000000       0.000000    
  0.3528010      0.3539000      0.3812000      0.4089700      0.4051750      0.4014500      0.3497800      0.2626400      0.2601150      0.2613050      0.2643400      0.2645900      0.2568700      0.2585600      0.2511000      0.2437200      0.2369000      0.2277600      0.2159600      0.2016600      0.1861300      0.1705800      0.1556600      0.1415700      0.1228400       0.000000       0.000000       0.000000       0.000000       0.000000    
  0.3539000      0.3813570      0.4089700      0.4070720      0.4051980      0.3547610      0.2626400      0.2613780      0.2626230      0.2644650      0.2645900      0.2607300      0.2635950      0.2743600      0.2651300      0.2554300      0.2447000      0.2346400      0.2209700      0.2055500      0.1891300      0.1725500      0.1564400      0.1411100      0.1266900       0.000000       0.000000       0.000000       0.000000       0.000000    
  0.3814090      0.4089700      0.4080210      0.4070800      0.3574180      0.2626400      0.2620090      0.2631520      0.2645270      0.2645900      0.2626600      0.2658190      0.2743600      0.2697450      0.2649730      0.2550870      0.2449230      0.2334370      0.2163480      0.2088200      0.1913000      0.1736700      0.1564600      0.1400400      0.1246100       0.000000       0.000000       0.000000       0.000000       0.000000    
  0.4089700      0.4084960      0.4080240      0.3587900      0.2626400      0.2623240      0.2633900      0.2645590      0.2645900      0.2636250      0.2668570      0.2743600      0.2720520      0.2696930      0.2632680      0.2549940      0.2444820      0.2233520      0.2102900      0.2117600      0.1930200      0.1742600      0.1559700      0.1368400      0.1208100       0.000000       0.000000       0.000000       0.000000       0.000000    
  0.4087330      0.4084960      0.3594870      0.2626400      0.2624820      0.2635040      0.2645740      0.2645900      0.2641070      0.2673580      0.2743600      0.2732060      0.2720350      0.2683380      0.2626520      0.2542480      0.2291230      0.2110250      0.2117600      0.1986700      0.1912300      0.1719000      0.1530400      0.1350600      0.1265200       0.000000       0.000000       0.000000       0.000000       0.000000    
  0.4087330      0.3598390      0.2626400      0.2625610      0.2635600      0.2645820      0.2645900      0.2643490      0.2676040      0.2743600      0.2737830      0.2732000      0.2711930      0.2676750      0.2617460      0.2382200      0.2113920      0.2117600      0.2000710      0.1900500      0.1816540      0.1711200      0.1633000      0.1430100      0.1228700       0.000000       0.000000       0.000000       0.000000       0.000000    
  0.3600160      0.2626400      0.2626010      0.2635870      0.2645860      0.2645900      0.2644690      0.2677260      0.2743600      0.2740720      0.2737810      0.2727260      0.2706890      0.2762660      0.2621880      0.2340100      0.2336850      0.2175230      0.1984150      0.1998050      0.1888700      0.1851500      0.1634900      0.1411600      0.1206900       0.000000       0.000000       0.000000       0.000000       0.000000    
  0.2626400      0.2626200      0.2636010      0.2645880      0.2645900      0.2645300      0.2677860      0.2743600      0.2742160      0.2740710      0.2735260      0.2723990      0.2860850      0.3050690      0.3044500      0.2670290      0.2569520      0.2556100      0.2217610      0.2053900      0.2107400      0.1851000      0.1630000      0.1394500       0.000000       0.000000       0.000000       0.000000       0.000000       0.000000    
  0.2626300      0.2636080      0.2645890      0.2645900      0.2645600      0.2678160      0.2743600      0.2742880      0.2742160      0.2739380      0.3319470      0.4198700      0.3438390      0.3056770      0.3056870      0.3044500      0.2730290      0.2582950      0.2556100      0.2262380      0.2165600      0.1870100      0.1595700      0.1377300       0.000000       0.000000       0.000000       0.000000       0.000000       0.000000    
  0.2636120      0.2645890      0.2645900      0.2645750      0.2678320      0.2743600      0.2743240      0.2742880      0.2741470      0.3439680      0.4198700      0.4198700      0.4198700      0.3447400      0.3068950      0.3069250      0.3044500      0.2737620      0.2609800      0.2556100      0.2220400      0.1898000      0.1599500      0.1335900       0.000000       0.000000       0.000000       0.000000       0.000000       0.000000    
  0.2645900      0.2645900      0.2645820      0.2678390      0.2743600      0.2743420      0.2743240      0.3717550      0.4130500      0.4199860      0.4198700      0.4198700      0.4198700      0.4198700      0.3465090      0.3093100      0.3094000      0.3044500      0.2740070      0.2663500      0.2297300      0.1942000      0.1611500      0.1323300       0.000000       0.000000       0.000000       0.000000       0.000000       0.000000    
  0.2645900      0.2645860      0.2678430      0.2743600      0.2743510      0.4609710      0.7408600      0.7025610      0.6642600      0.5016520      0.4202190      0.4198700      0.4198700      0.4198700      0.4198700      0.3499300      0.3140790      0.3143500      0.3044500      0.2696200      0.2335400      0.1970800      0.1607500      0.1311100       0.000000       0.000000       0.000000       0.000000       0.000000       0.000000    
  0.2645880      0.2678450      0.2743600      0.2743560      0.4983690      0.7409710      0.7409710      0.7408600      0.7025640      0.6642600      0.5022570      0.4209180      0.4198700      0.4198700      0.4198700      0.4198700      0.3563700      0.3234370      0.3242500      0.2877500      0.2455800      0.2071500      0.1679300      0.1306600       0.000000       0.000000       0.000000       0.000000       0.000000       0.000000    
