iMOD/TUTORIALS/TUT_MetaswapAnalyser/model_MetaSWAP/meteo/Precipitation/Precipitation_20060818_L1.ASC
NCOLS                30
NROWS                30
XLLCORNER     160000.00
YLLCORNER     340000.00
CELLSIZE        1000.00
NODATA_VALUE   -9999.00
   0.000000       0.000000       0.000000       0.000000       0.000000       0.000000       0.000000       0.000000       0.000000       0.000000       0.000000       0.000000       0.000000       0.000000       0.000000       0.000000       0.000000      0.2513900      0.3409100      0.4591800      0.6103600      0.7920300       1.016570       1.279550       1.583650       1.925190       2.297420       2.684680       3.054110       3.345450    
   0.000000       0.000000       0.000000       0.000000       0.000000       0.000000       0.000000       0.000000       0.000000       0.000000       0.000000       0.000000       0.000000       0.000000       0.000000       0.000000       0.000000      0.2541600      0.3502800      0.4775600      0.6416500      0.8412600       1.088110       1.379220       1.719530       2.108310       2.543880       3.017930       3.501580       3.917490    
   0.000000       0.000000       0.000000       0.000000       0.000000       0.000000       0.000000       0.000000       0.000000       0.000000       0.000000       0.000000       0.000000       0.000000       0.000000       0.000000       0.000000      0.2557600      0.3562100      0.4925200      0.6714200      0.8876500       1.152620       1.468420       1.836620       2.260440       2.741420       3.285680       3.887210       4.508390    
   0.000000       0.000000       0.000000       0.000000       0.000000       0.000000       0.000000       0.000000       0.000000       0.000000       0.000000       0.000000       0.000000       0.000000       0.000000       0.000000       0.000000      0.2495400      0.3548800      0.5001000      0.6885700      0.9237200       1.199970       1.529100       1.912210       2.351400       2.850720       3.414600       4.045470       4.734860    
   0.000000       0.000000       0.000000       0.000000       0.000000       0.000000       0.000000       0.000000       0.000000       0.000000       0.000000       0.000000       0.000000       0.000000       0.000000       0.000000       0.000000      0.2350100      0.3455100      0.5000100      0.6977700      0.9417000       1.225840       1.564730       1.948330       2.380830       2.861670       3.384050       3.928660       4.412130    
   0.000000       0.000000       0.000000       0.000000       0.000000       0.000000       0.000000       0.000000       0.000000       0.000000       0.000000       0.000000       0.000000       0.000000       0.000000       0.000000       0.000000      0.2137100      0.3328700      0.4989500      0.7069900      0.9576600       1.244160       1.575350       1.946140       2.357150       2.794910       3.245890       3.677530       4.017420    
   0.000000       0.000000       0.000000       0.000000       0.000000       0.000000       0.000000       0.000000       0.000000       0.000000       0.000000       0.000000       0.000000       0.000000       0.000000       0.000000       0.000000       0.000000      0.3264700      0.5049300      0.7215700      0.9742200       1.261550       1.575460       1.923880       2.295820       2.679000       3.057110       3.398220       3.650820    
   0.000000       0.000000       0.000000       0.000000       0.000000       0.000000       0.000000       0.000000       0.000000       0.000000       0.000000       0.000000       0.000000       0.000000       0.000000       0.000000       0.000000       0.000000      0.3464200      0.5319600      0.7497000      0.9980400       1.274660       1.570000       1.889990       2.220170       2.551100       2.862820       3.129560       3.322820    
   0.000000       0.000000       0.000000       0.000000       0.000000       0.000000       0.000000       0.000000       0.000000       0.000000       0.000000       0.000000       0.000000       0.000000       0.000000       0.000000       0.000000      0.2693600      0.4073400      0.5857700      0.7960300       1.033510       1.293990       1.566280       1.853570       2.144550       2.425680       2.680700       2.891670       3.039670    
   0.000000       0.000000       0.000000      0.2091700       0.000000       0.000000       0.000000       0.000000       0.000000       0.000000       0.000000       0.000000      0.2061500      0.2192200      0.2268500      0.2450900      0.2874200      0.3686400      0.4954200      0.6612700      0.8581600       1.081790       1.322570       1.575740       1.824950       2.077290       2.313610       2.521530       2.686880       2.797710    
   0.000000       0.000000      0.1127420      0.2418000      0.2387300      0.2336800      0.2384700      0.2387200      0.2401200      0.2428600      0.2471800      0.2534500      0.2746200      0.3124300      0.3253500      0.3500300      0.3969700      0.4753700      0.5890500      0.7358800      0.9104700       1.106670       1.318180       1.536800       1.756500       1.968600       2.164180       2.331580       2.460500       2.595510    
   0.000000      0.8863560E-01  0.2418000      0.2693770      0.2769800      0.2767700      0.2846200      0.2840600      0.2883500      0.2944400      0.3536400      0.3595000      0.3899400      0.4040900      0.4213900      0.4543000      0.5070200      0.5871800      0.6963200      0.8337300      0.9949800       1.174130       1.362560       1.557570       1.749920       1.925540       2.086820       2.219790       2.316460       2.370970    
  0.8260890E-01  0.2418000      0.2824170      0.2984900      0.3200000      0.3293700      0.3333700      0.3389000      0.4234500      0.4256400      0.4329900      0.4815100      0.4899500      0.5052300      0.5282800      0.5667500      0.6226700      0.7004900      0.8069000      0.9370200       1.085770       1.249120       1.420140       1.592450       1.759150       1.912850       2.039300       2.143610       2.213400       2.244050    
  0.2418000      0.2883650      0.3092450      0.3200000      0.3431170      0.3799800      0.4950200      0.4993700      0.5055300      0.5140800      0.5254300      0.5836300      0.5969500      0.6174600      0.6472500      0.6873100      0.7440600      0.8187100      0.9174100       1.044900       1.185520       1.335280       1.475790       1.624870       1.766510       1.894270       1.996210       2.076350       2.124440       2.136540    
  0.2911970      0.3146220      0.3200000      0.3476990      0.3799800      0.4842330      0.5777000      0.5858400      0.5961400      0.6091200      0.6911100      0.7022800      0.7193900      0.7438000      0.7770800      0.8171100      0.8742800      0.9443300       1.037840       1.153770       1.287570       1.421730       1.556950       1.688470       1.810980       1.918810       2.006260       2.062100       2.093130       2.083710    
  0.3173110      0.3200000      0.3492260      0.3799800      0.4806380      0.5777000      0.5817700      0.5865600      0.6477380      0.7998500      0.8105900      0.8264200      0.8483000      0.8773400      0.9163600      0.9637700       1.014610       1.086100       1.174630       1.279450       1.392140       1.523460       1.643580       1.758700       1.864100       1.954860       2.026100       2.073250       2.087070       2.075520    
  0.3200000      0.3497350      0.3799800      0.4794390      0.5777000      0.5797350      0.5820100      0.6539790      0.7998500      0.8052200      0.9026380      0.9598400      0.9878100       1.022470       1.057020       1.106730       1.164610       1.237240       1.322200       1.417970       1.520290       1.624910       1.728020       1.848290       1.940230       2.017960       2.077270       2.114340       2.125970       2.103150    
  0.3499050      0.3799800      0.4790400      0.5777000      0.5787180      0.5798150      0.6538940      0.7998500      0.8025350      0.9324730       1.038160       1.116490       1.147430       1.165280       1.209500       1.261780       1.321320       1.393670       1.475080       1.564010       1.657580       1.752410       1.845100       1.932180       2.033600       2.101310       2.152030       2.182580       2.190460       2.172230    
  0.3799800      0.4789070      0.5777000      0.5782090      0.5787440      0.6530690      0.7998500      0.8011930      0.9457350       1.077330       1.116490       1.131960       1.187680       1.321530       1.368940       1.423410       1.485080       1.555510       1.633750       1.717190       1.803610       1.890300       1.974380       2.052840       2.122670       2.180840       2.249010       2.276050       2.281200       2.258050    
  0.4788620      0.5777000      0.5779540      0.5782180      0.6524680      0.7998500      0.8005210      0.9520350       1.096910       1.116490       1.124220       1.189420       1.321530       1.345230       1.371290       1.425810       1.488000       1.558110       1.766040       1.877740       1.958340       2.038390       2.115510       2.187210       2.250990       2.304330       2.328630       2.348550       2.395760       2.409270    
  0.5777000      0.5778270      0.5779570      0.6521220      0.7998500      0.8001860      0.9551190       1.106700       1.116490       1.120360       1.187920       1.321530       1.333380       1.346020       1.380780       1.428370       1.490640       1.764010       1.961870       2.046010       2.121840       2.196480       2.268030       2.318570       2.377980       2.428450       2.505340       2.531220       2.541480       2.534770    
  0.5777640      0.5778280      0.6519390      0.7998500      0.8000180      0.9566480       1.111590       1.116490       1.118420       1.186570       1.321530       1.327460       1.333640       1.353390       1.385060       1.433260       1.746590       2.003940       2.046010       2.148350       2.277200       2.347880       2.415240       2.477950       2.574680       2.617010       2.658310       2.687610       2.703110       2.705630    
  0.5777640      0.6518450      0.7998500      0.7999340      0.9574100       1.114040       1.116490       1.117460       1.185750       1.321530       1.324490       1.327540       1.338160       1.357360       1.390570       1.845420       2.024980       2.046010       2.344300       2.449840       2.498330       2.519450       2.609860       2.675500       2.734600       2.786160       2.829090       2.862210       2.883660       2.891120    
  0.6517980      0.7998500      0.7998920      0.9577900       1.115270       1.116490       1.116970       1.185310       1.321530       1.323010       1.324520       1.330070       1.341020       1.923820       2.344290       2.640230       2.637220       2.654420       2.675520       2.733010       2.622480       2.724660       2.796440       2.857240       2.913580       2.964800       3.009860       3.047400       3.075740       3.074480    
  0.7998500      0.7998710      0.9579800       1.115880       1.116490       1.116730       1.185080       1.321530       1.322270       1.323020       1.325870       1.331870       2.367840       3.617650       3.609180       3.222940       3.258510       3.228430       2.977840       2.843710       2.843540       2.916040       2.988030       3.045310       3.099530       3.150540       3.197510       3.239060       3.257230       3.286290    
  0.7998600      0.9580750       1.116180       1.116490       1.116610       1.184960       1.321530       1.321900       1.322270       1.323720       2.592750       4.491500       3.916380       3.626630       3.626120       3.609180       3.386850       3.288580       3.228430       3.106200       3.065110       3.122580       3.175660       3.239790       3.290800       3.340890       3.389000       3.419390       3.458090       3.491180    
  0.9581220       1.116340       1.116490       1.116550       1.184900       1.321530       1.321720       1.321900       1.322630       2.844350       4.491500       4.491500       4.491500       3.929740       3.644570       3.643060       3.609180       3.421230       3.348730       3.228430       3.287740       3.339160       3.384880       3.428410       3.485620       3.533950       3.573150       3.616450       3.654170       3.682240    
   1.116410       1.116490       1.116520       1.184870       1.321530       1.321620       1.321720       2.389400       3.405480       4.492310       4.491500       4.491500       4.491500       4.491500       3.956780       3.681480       3.676940       3.609180       3.498550       3.469040       3.524170       3.567780       3.602900       3.635550       3.675200       3.725270       3.770910       3.814510       3.848650       3.867290    
   1.116490       1.116510       1.184850       1.321530       1.321580       2.980590       5.469000       5.530180       5.591340       4.860320       4.493950       4.491500       4.491500       4.491500       4.491500       4.011070       3.758320       3.744710       3.609180       3.687570       3.748370       3.791120       3.843460       3.861940       3.876960       3.915540       3.973930       4.019030       4.048730       4.057240    
   1.116500       1.184840       1.321530       1.321550       3.312390       5.469070       5.469070       5.469000       5.530210       5.591340       4.864500       4.498840       4.491500       4.491500       4.491500       4.491500       4.117520       3.921080       3.880240       3.963840       4.084130       4.101090       4.095580       4.075810       4.075030       4.128320       4.195340       4.235740       4.262490       4.259600    
