iMOD/TUTORIALS/TUT_MetaswapAnalyser/model_MetaSWAP/meteo/Precipitation/Precipitation_20050911_L1.ASC
NCOLS                30
NROWS                30
XLLCORNER     160000.00
YLLCORNER     340000.00
CELLSIZE        1000.00
NODATA_VALUE   -9999.00
  0.2052000      0.2108300      0.2105300      0.2023700      0.1828300       0.000000       0.000000       0.000000       0.000000       0.000000       0.000000       0.000000       0.000000       0.000000       0.000000      0.1757300      0.1929500      0.2127200      0.2125400      0.2093000      0.2055800      0.1953900      0.1958600      0.2059600      0.2145700      0.2249600      0.2361400      0.2470300      0.2562900      0.2677600    
  0.2072700      0.2108100      0.2023100      0.1925100      0.1715300       0.000000       0.000000       0.000000       0.000000       0.000000       0.000000       0.000000       0.000000       0.000000       0.000000      0.1897900      0.2050200      0.2188600      0.2314100      0.2261300      0.2198200      0.2067100      0.2055100      0.2144800      0.2241200      0.2358900      0.2484500      0.2607900      0.2766400      0.2878400    
  0.2015900      0.2040700      0.2005700      0.1868400      0.1654700       0.000000       0.000000       0.000000       0.000000       0.000000       0.000000       0.000000       0.000000       0.000000      0.1806300      0.2105800      0.2288300      0.2369800      0.2343200      0.2266500      0.2311200      0.2151900      0.2165000      0.2186000      0.2264700      0.2390100      0.2591600      0.2716700      0.2875900      0.2945400    
  0.1958600      0.1977800      0.1945600      0.1823200      0.1673400       0.000000       0.000000       0.000000       0.000000       0.000000       0.000000       0.000000       0.000000      0.1680300      0.1998500      0.2325700      0.2522800      0.2595200      0.2539100      0.2429500      0.2303100      0.2377300      0.2234500      0.2308700      0.2357700      0.2467400      0.2596900      0.2723500      0.2883400      0.2957100    
  0.1906200      0.1923600      0.1865400      0.1796900      0.1682100       0.000000       0.000000       0.000000       0.000000       0.000000       0.000000       0.000000       0.000000      0.1947800      0.2250200      0.2602600      0.2868500      0.2920100      0.2823700      0.2674500      0.2566100      0.2413000      0.2236000      0.2342200      0.2362800      0.2444900      0.2567900      0.2753700      0.2842900      0.2902000    
  0.1864900      0.1847700      0.1832900      0.1784000      0.1701900       0.000000       0.000000       0.000000       0.000000       0.000000       0.000000       0.000000      0.1844600      0.2212200      0.2625100      0.2963400      0.3183700      0.3188600      0.3035600      0.2832100      0.2679000      0.2490200      0.2278000      0.2217000      0.2213000      0.2402900      0.2510000      0.2689200      0.2766900      0.2814700    
  0.1890900      0.1820700      0.1814300      0.1782400      0.1794000      0.1713800       0.000000       0.000000       0.000000       0.000000      0.1682100      0.1872800      0.2138400      0.2434900      0.2886400      0.3275600      0.3565100      0.3516500      0.3270400      0.3039300      0.2780400      0.2549700      0.2380400      0.2206900      0.2178700      0.2209800      0.2378000      0.2468000      0.2668200      0.2707600    
  0.1767100      0.1996300      0.1891300      0.1871200      0.1832700      0.1850200      0.1722800      0.1726500      0.1715500      0.1768500      0.1887300      0.2074000      0.2327900      0.2685700      0.3084900      0.3512500      0.3912700      0.3806900      0.3511500      0.3194300      0.2890200      0.2618400      0.2397900      0.2180200      0.2129000      0.2222500      0.2290100      0.2361800      0.2510500      0.2543300    
  0.1852800      0.1996300      0.1996300      0.1891700      0.1956000      0.1926400      0.1814400      0.1849000      0.1849500      0.1908100      0.2024700      0.2199900      0.2454400      0.2891900      0.3196900      0.3569000      0.3842100      0.3845700      0.3619600      0.3307000      0.2982800      0.2683500      0.2431600      0.2167100      0.2161000      0.2153800      0.2204100      0.2355800      0.2397900      0.2414000    
  0.1852800      0.1996300      0.1996300      0.2085500      0.1975400      0.1969900      0.1939900      0.1927400      0.1930500      0.1984300      0.2087700      0.2257700      0.2505900      0.2902200      0.3253800      0.3522300      0.3771600      0.3796500      0.3627400      0.3342100      0.3017100      0.2727900      0.2462200      0.2257400      0.2133100      0.2098000      0.2230600      0.2266700      0.2289500      0.2268600    
  0.1900630      0.1948470      0.2040900      0.2085500      0.2085500      0.2051300      0.1957400      0.1957300      0.1959700      0.1999000      0.2086900      0.2245600      0.2569300      0.2958400      0.3321300      0.3579000      0.3709600      0.3750000      0.3632000      0.3396800      0.3106300      0.2814200      0.2556300      0.2463900      0.2467600      0.2277400      0.2280200      0.2298800      0.2282100      0.2128600    
  0.1900630      0.1993880      0.2085500      0.2105580      0.2085500      0.2165800      0.2047400      0.1957400      0.1957400      0.1975800      0.2157700      0.2308300      0.2621400      0.2945100      0.3215900      0.3450400      0.3611400      0.3619500      0.3528200      0.3322200      0.3057800      0.2787900      0.2775200      0.2601600      0.2482000      0.2282000      0.2253800      0.2242600      0.2188400      0.2089900    
  0.1962190      0.2085500      0.2120630      0.2125650      0.2165800      0.2047400      0.2047400      0.2047400      0.2157100      0.2063400      0.2127400      0.2441800      0.2622400      0.2838500      0.3076000      0.3280900      0.3425500      0.3473500      0.3373300      0.3245800      0.3119900      0.2925700      0.2746700      0.2601100      0.2503200      0.2438500      0.2258900      0.2220500      0.2137400      0.2007400    
  0.2085500      0.2129410      0.2145730      0.2165800      0.2086870      0.2047400      0.2157100      0.2157100      0.2157100      0.2244900      0.2289400      0.2396200      0.2544600      0.2723000      0.2910000      0.3087700      0.3256200      0.3279200      0.3230500      0.3129800      0.2996500      0.2852100      0.2872000      0.2775100      0.2697800      0.2630600      0.2427900      0.2362300      0.2245100      0.2070600    
  0.2134120      0.2155760      0.2165800      0.2100020      0.2047400      0.2197900      0.2389200      0.2389200      0.2389200      0.2396300      0.2627900      0.2693300      0.2789900      0.2901100      0.3005500      0.2982200      0.3043900      0.3042500      0.3021000      0.3071900      0.2963400      0.2891300      0.2814700      0.2737300      0.2655900      0.2584900      0.2531700      0.2311900      0.2189300      0.2104400    
  0.2160780      0.2165800      0.2104410      0.2047400      0.2211500      0.2389200      0.2389200      0.2389200      0.2440980      0.2589200      0.2624900      0.2685400      0.2758400      0.2836900      0.2886000      0.2941200      0.3129900      0.3057900      0.3033000      0.3084600      0.3128500      0.2990600      0.2948300      0.2885300      0.2815200      0.2752300      0.2704000      0.2615500      0.2307600      0.2106700    
  0.2165800      0.2105870      0.2047400      0.2216030      0.2389200      0.2389200      0.2389200      0.2452140      0.2589200      0.2607050      0.2682060      0.2670800      0.2707300      0.2780100      0.3176800      0.3176800      0.3125100      0.3098100      0.3093900      0.3118300      0.3141300      0.3141600      0.3115600      0.2867000      0.2800000      0.2742100      0.2703100      0.2630700      0.2486800      0.2092200    
  0.2106360      0.2047400      0.2217540      0.2389200      0.2389200      0.2389200      0.2454940      0.2589200      0.2598130      0.2694740      0.2755400      0.2840000      0.2894000      0.3130200      0.3163300      0.3178900      0.3144600      0.3140100      0.3139300      0.3143700      0.3143100      0.3127100      0.3093200      0.3046200      0.2776600      0.2727400      0.2701200      0.2657100      0.2541900      0.2301400    
  0.2047400      0.2218050      0.2389200      0.2389200      0.2389200      0.2455630      0.2589200      0.2593660      0.2703950      0.2797700      0.2840000      0.2867000      0.2990980      0.3099700      0.3136000      0.3160900      0.3173900      0.3140000      0.3140500      0.3136000      0.3122700      0.3097300      0.3059800      0.3015200      0.2972000      0.2940000      0.2703600      0.2694000      0.2542600      0.2586500    
  0.2218220      0.2389200      0.2389200      0.2389200      0.2455810      0.2589200      0.2591430      0.2709130      0.2818850      0.2840000      0.2853500      0.2949420      0.3099700      0.3117850      0.3132200      0.3156930      0.3158270      0.3151470      0.3112900      0.3100200      0.3082200      0.3054300      0.3018900      0.2981200      0.2948900      0.2933500      0.3222400      0.3131900      0.3340500      0.2926500    
  0.2389200      0.2389200      0.2389200      0.2455850      0.2589200      0.2590320      0.2711840      0.2829430      0.2840000      0.2846750      0.2935650      0.3099700      0.3108780      0.3116580      0.3135660      0.3149130      0.3155560      0.3108890      0.3074000      0.3047800      0.3030400      0.3005800      0.2977400      0.3241900      0.3227500      0.3222600      0.3425600      0.3399200      0.3352400      0.3233700    
  0.2389200      0.2389200      0.2455860      0.2589200      0.2589760      0.2713210      0.2834710      0.2840000      0.2843380      0.2930530      0.3099700      0.3104240      0.3108350      0.3120340      0.3133790      0.3146780      0.3104460      0.3060900      0.3047800      0.3114030      0.3263900      0.3250700      0.3236900      0.3226800      0.3518300      0.3554700      0.3517300      0.3461300      0.3389800      0.3211300    
  0.2389200      0.2455870      0.2589200      0.2589480      0.2713910      0.2837360      0.2840000      0.2841690      0.2928400      0.3099700      0.3101970      0.3104100      0.3110980      0.3120830      0.3133640      0.3167630      0.3054350      0.3047800      0.3300010      0.3370900      0.3400500      0.3376400      0.3645400      0.3639200      0.3560300      0.3635000      0.3572800      0.3480700      0.3359800      0.3224500    
  0.2455870      0.2589200      0.2589340      0.2714250      0.2838680      0.2840000      0.2840840      0.2927450      0.3099700      0.3100830      0.3101920      0.3105680      0.3111970      0.3268110      0.3362010      0.3398750      0.3398750      0.3478720      0.3577900      0.3667300      0.3477900      0.3633600      0.3676800      0.3661600      0.3633900      0.3587100      0.3510800      0.3394200      0.3232400      0.3196200    
  0.2589200      0.2589270      0.2714430      0.2839340      0.2840000      0.2840420      0.2927000      0.3099700      0.3100270      0.3100820      0.3102810      0.3106520      0.3379840      0.3706320      0.3707000      0.3644200      0.3743160      0.3749700      0.3718190      0.3695500      0.3856700      0.3774500      0.3630200      0.3604600      0.3570700      0.3520700      0.3440500      0.3312900      0.3288100      0.2987600    
  0.2589240      0.2714510      0.2839670      0.2840000      0.2840210      0.2926780      0.3099700      0.3099980      0.3100260      0.3101300      0.3513670      0.4129100      0.3847950      0.3707110      0.3705640      0.3707000      0.3727880      0.3736620      0.3749700      0.3760270      0.3751900      0.3703900      0.3656900      0.3511900      0.3473300      0.3429300      0.3362300      0.3420700      0.3204200      0.2901300    
  0.2714560      0.2839830      0.2840000      0.2840110      0.2926670      0.3099700      0.3099840      0.3099980      0.3100520      0.3594690      0.4129100      0.4129100      0.4129100      0.3849270      0.3708690      0.3704270      0.3707000      0.3718210      0.3723550      0.3749700      0.3682800      0.3603300      0.3524100      0.3453500      0.3329000      0.3302100      0.3438200      0.3348400      0.3196700      0.2976100    
  0.2839920      0.2840000      0.2840050      0.2926620      0.3099700      0.3099770      0.3099840      0.3555830      0.3873830      0.4129630      0.4129100      0.4129100      0.4129100      0.4129100      0.3853630      0.3714800      0.3701550      0.3707000      0.3692580      0.3697400      0.3598000      0.3476100      0.3348700      0.3240700      0.3368500      0.3275400      0.3291900      0.3290200      0.3237900      0.3135100    
  0.2840000      0.2840030      0.2926590      0.3099700      0.3099740      0.4054530      0.5486700      0.5204830      0.4923000      0.4395170      0.4130690      0.4129100      0.4129100      0.4129100      0.4129100      0.3866350      0.3735860      0.3696100      0.3707000      0.3616200      0.3486000      0.3317700      0.3306500      0.3126900      0.3016700      0.3057500      0.3127600      0.3237100      0.3294800      0.3302100    
  0.2840010      0.2926580      0.3099700      0.3099720      0.4245430      0.5486650      0.5486650      0.5486700      0.5204800      0.4923000      0.4397870      0.4133870      0.4129100      0.4129100      0.4129100      0.4129100      0.3898890      0.3804470      0.3685200      0.3576300      0.3667900      0.3395800      0.3073000      0.2745600      0.2574000      0.2730500      0.3002500      0.3259600      0.3356500      0.3449400    
