iMOD/TUTORIALS/TUT_MetaswapAnalyser/model_MetaSWAP/meteo/Precipitation/Precipitation_20060618_L1.ASC
NCOLS                30
NROWS                30
XLLCORNER     160000.00
YLLCORNER     340000.00
CELLSIZE        1000.00
NODATA_VALUE   -9999.00
   1.483580       1.562190       1.633110       1.697120       1.751270       1.805260       1.850710       1.886940       1.934690       2.068520       2.308420       2.585890       2.870660       3.181180       3.457980       3.693370       3.797920       3.994260       4.149130       4.271790       4.366800       4.509560       4.572120       4.646010       4.680530       4.703380       4.712470       4.702890       4.665680       4.601080    
   1.510370       1.596130       1.673550       1.748520       1.812870       1.875840       1.928330       1.967870       1.992760       2.127010       2.449000       2.774240       3.098710       3.428550       3.732740       3.904080       4.135510       4.350030       4.505770       4.612710       4.685230       4.795360       4.827130       4.867750       4.869080       4.859120       4.837200       4.800250       4.759760       4.669610    
   1.538870       1.633550       1.723520       1.803150       1.888880       1.967340       2.039960       2.109700       2.199160       2.378220       2.674320       3.013450       3.355080       3.721670       4.064200       4.285260       4.530220       4.718730       4.848920       4.927620       4.976080       5.047160       5.068800       5.046910       5.013590       4.970740       4.939930       4.873900       4.808440       4.698660    
   1.576320       1.679950       1.781130       1.875400       1.974450       2.073270       2.175010       2.292820       2.445890       2.660040       2.948800       3.287710       3.649550       4.042870       4.411730       4.682960       4.938750       5.118150       5.219920       5.258300       5.252300       5.254190       5.263320       5.225720       5.153110       5.072000       4.982710       4.884640       4.788160       4.658190    
   1.621290       1.733800       1.842100       1.956470       2.073250       2.195100       2.327160       2.487390       2.678880       2.924360       3.221410       3.567340       3.954240       4.373400       4.775580       5.111880       5.392580       5.557050       5.614080       5.595780       5.566240       5.480590       5.450480       5.346050       5.234360       5.115590       4.988860       4.868820       4.710050       4.520400    
   1.672150       1.791050       1.915050       2.043020       2.177070       2.320670       2.480440       2.672070       2.900330       3.152260       3.472000       3.840950       4.247870       4.683310       5.162240       5.561570       5.872000       6.008560       5.989050       5.892110       5.793360       5.654230       5.575250       5.430770       5.281390       5.125680       4.961620       4.801630       4.600540       4.368460    
   1.729460       1.857370       1.991110       2.131460       2.282320       2.444310       2.624420       2.847930       3.071320       3.356950       3.688850       4.067650       4.490670       4.952150       5.505190       5.975390       6.381610       6.458600       6.310720       6.147740       5.960830       5.774910       5.590750       5.475310       5.293010       5.104910       4.928430       4.713700       4.479310       4.219560    
   1.803290       1.927790       2.069470       2.220130       2.381990       2.515970       2.768220       2.970190       3.228800       3.525110       3.863090       4.244350       4.668460       5.131640       5.733620       6.228520       6.748840       6.727410       6.496500       6.267280       6.046140       5.831180       5.620120       5.478340       5.270790       5.080030       4.853430       4.612920       4.330930       4.060650    
   1.868900       1.996590       2.145010       2.303090       2.419700       2.609110       2.880220       3.088320       3.354440       3.654200       3.990410       4.364090       4.774110       5.398330       5.810060       6.221800       6.546440       6.611210       6.461880       6.259080       6.041440       5.820230       5.597720       5.441650       5.242140       5.008700       4.763890       4.475660       4.208490       3.924070    
   1.932780       2.063850       2.217060       2.310470       2.492050       2.687720       2.939940       3.180790       3.448050       3.744390       4.071200       4.427950       4.811260       5.439570       5.774820       6.087710       6.299630       6.379780       6.318160       6.174390       5.991050       5.749780       5.529590       5.301380       5.162930       4.920390       4.632640       4.368410       4.089370       3.795700    
   1.930750       2.071230       2.239980       2.368550       2.550270       2.727040       3.008070       3.248160       3.511160       3.798390       4.109750       4.443050       5.122970       5.606600       5.792580       5.993960       6.110830       6.133170       6.060180       5.919490       5.738520       5.534710       5.317100       5.108040       4.839640       4.627500       4.377490       4.116390       3.843440       3.677560    
   1.933360       2.152630       2.368550       2.532370       2.599500       2.770920       3.054850       3.292120       3.546640       3.820550       4.461610       4.730040       5.390800       5.519830       5.688910       5.827690       5.908640       5.903020       5.839980       5.723420       5.568070       5.385290       5.173170       4.954720       4.724110       4.557860       4.308250       4.045540       3.769870       3.482370    
   2.063390       2.368550       2.529350       2.605320       2.611150       2.874980       3.086250       3.313040       4.025230       4.257990       4.492030       5.155140       5.312220       5.458270       5.574760       5.662720       5.702900       5.692960       5.617700       5.513590       5.381310       5.217920       5.031090       4.825610       4.604590       4.369680       4.200370       3.941480       3.668670       3.383140    
   2.368550       2.529320       2.608240       2.611150       2.794730       2.898070       3.687790       3.882130       4.083520       4.325080       4.530570       5.165260       5.284180       5.388160       5.467170       5.507450       5.502160       5.467880       5.412350       5.315480       5.202060       5.057630       4.902420       4.713420       4.506160       4.282740       4.115910       3.864720       3.598140       3.317200    
   2.529680       2.609690       2.611150       2.767980       2.898070       3.434070       3.716340       3.900170       4.088140       4.278020       5.011150       5.112370       5.204510       5.280380       5.331990       5.356290       5.335700       5.268660       5.200190       5.163280       5.042240       4.914390       4.760470       4.585010       4.391220       4.181150       3.955930       3.786290       3.531510       3.236440    
   2.610420       2.611150       2.759070       2.898070       3.349490       3.716340       3.808260       3.901550       4.305080       4.953970       5.033940       5.107720       5.170280       5.215940       5.224940       5.220530       5.213150       5.145910       5.075130       5.009030       4.922240       4.762330       4.615400       4.449720       4.267840       4.071450       3.861420       3.638120       3.468310       3.215100    
   2.611150       2.756100       2.898070       3.321300       3.716340       3.762300       3.808720       4.242210       4.953970       4.993950       5.055930       5.102180       5.121150       5.140450       5.189860       5.160120       5.116600       5.049660       4.974100       4.892790       4.798640       4.686930       4.557290       4.350750       4.183430       4.003780       3.812160       3.608430       3.392280       3.218240    
   2.755110       2.898070       3.311900       3.716340       3.739320       3.762450       4.191800       4.953970       4.973960       5.035540       5.092020       5.081850       5.093860       5.154760       5.129360       5.083660       5.037370       4.964810       4.882050       4.791050       4.690210       4.577580       4.452680       4.315980       4.109380       3.947680       3.776660       3.595550       3.403360       3.196490    
   2.898070       3.308770       3.716340       3.727830       3.739370       4.161880       4.953970       4.963970       5.026450       5.086930       5.081850       5.087860       5.113720       5.124420       5.081670       5.021210       4.943810       4.888940       4.797720       4.698520       4.591920       4.477960       4.356920       4.229290       4.095410       3.955050       3.752270       3.596640       3.428860       3.239030    
   3.307730       3.716340       3.722080       3.727850       4.145760       4.953970       4.958970       5.022130       5.084390       5.081850       5.084850       5.101960       5.124420       5.103040       5.075770       5.015560       4.951320       4.876820       4.706300       4.612990       4.500530       4.384680       4.266690       4.147570       4.027750       3.906810       3.772220       3.638200       3.434090       3.260830    
   3.716340       3.719210       3.722090       4.137420       4.953970       4.956470       5.020010       5.083120       5.081850       5.083350       5.098270       5.124420       5.113730       5.101080       5.064790       5.014220       4.947900       4.728180       4.573150       4.533310       4.413840       4.294820       4.178600       4.054250       3.948970       3.848790       3.665560       3.573490       3.480640       3.382330    
   3.717780       3.719210       4.133170       4.953970       4.955220       5.018960       5.082490       5.081850       5.082600       5.096970       5.124420       5.119080       5.113080       5.093200       5.060030       5.008970       4.755370       4.553230       4.533310       4.420180       4.313380       4.190800       4.075680       3.971040       3.795680       3.712530       3.644610       3.586180       3.531970       3.474670    
   3.717780       4.131030       4.953970       4.954590       5.018430       5.082170       5.081850       5.082230       5.096460       5.124420       5.121750       5.118860       5.108450       5.088770       5.054070       4.737930       4.543270       4.533310       4.289820       4.195270       4.123260       4.099130       3.904580       3.801290       3.717200       3.655490       3.615310       3.592520       3.580900       3.571040    
   4.129960       4.953970       4.954280       5.018170       5.082010       5.081850       5.082040       5.096240       5.124420       5.123080       5.121680       5.116350       5.105360       4.913460       4.645350       4.326580       4.322030       4.201300       4.059950       4.010520       4.077160       3.935840       3.809960       3.704450       3.629070       3.585570       3.572650       3.586300       3.620060       3.627160    
   4.953970       4.954130       5.018040       5.081930       5.081850       5.081940       5.096140       5.124420       5.123750       5.123060       5.120370       5.114460       4.791310       4.407620       4.402540       4.262240       4.114440       4.110750       4.012660       3.974070       3.943870       3.780270       3.708020       3.596960       3.525870       3.497510       3.510280       3.559150       3.604540       3.710110    
   4.954050       5.017980       5.081890       5.081850       5.081900       5.096090       5.124420       5.124090       5.123740       5.122390       5.322540       5.627400       4.819320       4.413750       4.412710       4.402540       4.209950       4.118130       4.110750       3.955300       3.901190       3.703560       3.535240       3.476490       3.404400       3.388300       3.425020       3.478850       3.596800       3.744720    
   5.017940       5.081870       5.081850       5.081870       5.096060       5.124420       5.124250       5.124080       5.123410       5.364700       5.627400       5.627400       5.627400       4.828490       4.426020       4.422870       4.402540       4.208360       4.125510       4.110750       3.865370       3.634960       3.436330       3.288820       3.263410       3.257700       3.299050       3.408460       3.555340       3.723610    
   5.081860       5.081850       5.081860       5.096050       5.124420       5.124340       5.124250       5.889270       5.984990       5.628740       5.627400       5.627400       5.627400       5.627400       4.847840       4.452640       4.443200       4.402540       4.194640       4.140270       3.857830       3.584670       3.341640       3.157650       3.061320       3.099690       3.184260       3.326680       3.499270       3.679610    
   5.081850       5.081860       5.096050       5.124420       5.124380       6.459760       8.462490       8.323920       8.185320       6.483700       5.631420       5.627400       5.627400       5.627400       5.627400       4.888450       4.512180       4.483860       4.402540       4.125020       3.828720       3.525760       3.272200       3.039110       2.899330       2.917000       3.074980       3.258180       3.457310       3.650290    
   5.081850       5.096040       5.124420       5.124400       6.727350       8.463300       8.463300       8.462490       8.323950       8.185320       6.490650       5.639470       5.627400       5.627400       5.627400       5.627400       4.971010       4.650140       4.565190       4.265760       4.029750       3.643540       3.256560       2.907350       2.716160       2.800080       3.013630       3.226800       3.459230       3.661660    
