iMOD/TUTORIALS/TUT_MetaswapAnalyser/model_MetaSWAP/meteo/Precipitation/Precipitation_20060305_L1.ASC
NCOLS                30
NROWS                30
XLLCORNER     160000.00
YLLCORNER     340000.00
CELLSIZE        1000.00
NODATA_VALUE   -9999.00
   1.051310       1.099530       1.148290       1.192280       1.221260       1.200860       1.129410       1.031450      0.9327300      0.8705800      0.8511100      0.8427400      0.8349600      0.8238000      0.8103100      0.7983700      0.7700000      0.7508500      0.7295400      0.7067700      0.6827800      0.6649200      0.6394000      0.6156800      0.5882200      0.5604300      0.5329900      0.5072300      0.4856800      0.4683800    
   1.037100       1.075840       1.110740       1.136380       1.145850       1.118540       1.057130      0.9697000      0.8665000      0.8077000      0.8211700      0.8277800      0.8288500      0.8276400      0.8196200      0.7979000      0.7810700      0.7436500      0.7195900      0.6926900      0.6642800      0.6415400      0.6118500      0.5837300      0.5526500      0.5211600      0.4895200      0.4584200      0.4338000      0.4087300    
   1.018050       1.047990       1.072020       1.090270       1.085360       1.057440       1.006200      0.9372000      0.8650000      0.8234400      0.8221700      0.8281400      0.8342100      0.8342800      0.8213300      0.7999800      0.7811100      0.7572400      0.7291200      0.6979400      0.6656100      0.6376800      0.6057700      0.5708200      0.5354600      0.4996100      0.4677500      0.4297300      0.3878000      0.3536100    
  0.9985200       1.021090       1.037160       1.047110       1.038220       1.013440      0.9736600      0.9252400      0.8789700      0.8494200      0.8396200      0.8408500      0.8465900      0.8444300      0.8384300      0.8205100      0.8007300      0.7741900      0.7419000      0.7058300      0.6678500      0.6323200      0.5994800      0.5665200      0.5275200      0.4882600      0.4485400      0.4082100      0.3643200      0.3252400    
  0.9803900      0.9972500       1.011160       1.012510       1.003460      0.9833900      0.9539000      0.9226100      0.8907300      0.8686400      0.8755300      0.8697900      0.8676500      0.8656400      0.8588200      0.8449100      0.8274100      0.7978500      0.7605000      0.7188800      0.6791400      0.6361300      0.6001200      0.5582900      0.5175000      0.4772500      0.4375600      0.3945600      0.3596200      0.3318200    
  0.9646600      0.9784200      0.9852100      0.9851200      0.9772700      0.9618200      0.9433200      0.9198800      0.9250200      0.9126000      0.8982700      0.8905100      0.8864400      0.8844200      0.8837800      0.8731100      0.8534800      0.8195000      0.7745900      0.7260900      0.6807500      0.6341000      0.5952000      0.5522700      0.5108400      0.4706500      0.4325600      0.3929700      0.3633700      0.3422200    
  0.9490200      0.9590100      0.9639000      0.9633500      0.9615400      0.9491200      0.9329100      0.9581900      0.9485200      0.9300200      0.9164900      0.9076800      0.9024500      0.8992900      0.9037300      0.8965100      0.8822800      0.8414000      0.7853500      0.7321000      0.6798000      0.6306300      0.5844000      0.5467100      0.5056300      0.4668900      0.4256600      0.3944100      0.3683900      0.3501000    
  0.9155200      0.9487700      0.9520800      0.9507200      0.9450600      0.9830500      0.9818700      0.9781000      0.9595500      0.9431700      0.9298900      0.9198200      0.9125300      0.9076100      0.9139300      0.9064400      0.8995700      0.8494000      0.7868200      0.7283400      0.6744100      0.6245600      0.5782800      0.5410300      0.5010300      0.4579000      0.4248400      0.3958500      0.3762300      0.3575300    
  0.9094700      0.9342000      0.9364700      0.9357100      0.9926100      0.9803300      0.9837300      0.9847400      0.9682300      0.9527200      0.9388500      0.9268000      0.9163600      0.9272100      0.9116700      0.8951200      0.8709300      0.8269100      0.7716000      0.7159600      0.6637000      0.6152700      0.5703800      0.5345800      0.4898700      0.4550300      0.4235900      0.4013400      0.3772800      0.3588400    
  0.8980700      0.9217500      0.9234200      0.9992200      0.9907100      0.9796300       1.005820      0.9908600      0.9752000      0.9595400      0.9442700      0.9294700      0.9148900      0.9230600      0.9001700      0.8733800      0.8386500      0.7960200      0.7464100      0.6956900      0.6471500      0.6029900      0.5607400      0.5212600      0.4847600      0.4515000      0.4271300      0.3995200      0.3760100      0.3571400    
  0.9042300      0.9144130      0.9608900      0.9991700      0.9913000       1.024190       1.011210      0.9968500      0.9812100      0.9646700      0.9474200      0.9293600      0.9453700      0.8957000      0.8661600      0.8378300      0.8036000      0.7642700      0.7217200      0.6788900      0.6374500      0.5977700      0.5597500      0.5178300      0.4896500      0.4639500      0.4335100      0.4058300      0.3814400      0.3529400    
  0.9036040      0.9446760      0.9991700       1.007890      0.9936800       1.030350       1.017650       1.003210      0.9870800      0.9692700      0.9156600      0.8992200      0.9130700      0.8769000      0.8466700      0.8116000      0.7728000      0.7310000      0.6907000      0.6530600      0.6176300      0.5833100      0.5499100      0.5165800      0.4838800      0.4588400      0.4291600      0.4015900      0.3766300      0.3546600    
  0.9353130      0.9991700       1.018750       1.020550       1.047410       1.037190       1.025080       1.010630      0.9441500      0.9294700      0.9131700      0.9268700      0.8978200      0.8653600      0.8293600      0.7879300      0.7429700      0.6982600      0.6584200      0.6282000      0.5985000      0.5701600      0.5406700      0.5101500      0.4791800      0.4484700      0.4255200      0.3975200      0.3715400      0.3479500    
  0.9991700       1.024830       1.033980       1.047410       1.043600       1.046210      0.9671200      0.9572900      0.9451100      0.9343700      0.9162600      0.9258300      0.8938700      0.8577100      0.8165300      0.7701800      0.7202500      0.6661100      0.6270400      0.6037000      0.5839500      0.5611400      0.5273000      0.4977600      0.4671000      0.4362800      0.4125600      0.3839100      0.3570900      0.3324700    
   1.028030       1.040690       1.047410       1.045740       1.046210       1.006780       1.007020      0.9943100      0.9788400      0.9603800      0.9733700      0.9415100      0.9057300      0.8652900      0.8194700      0.7667800      0.7085200      0.6431800      0.5996400      0.5908200      0.5732700      0.5515900      0.5256400      0.4966700      0.4658900      0.4344000      0.4031900      0.3793100      0.3508700      0.3264000    
   1.044050       1.047410       1.046450       1.046210       1.020000       1.007020       1.000660      0.9933900      0.9851520       1.007080      0.9787100      0.9469000      0.9111000      0.8707400      0.8218000      0.7714900      0.7148800      0.6596500      0.6208200      0.6022400      0.5849700      0.5587200      0.5321100      0.5022300      0.4701600      0.4370300      0.4039100      0.3717800      0.3470500      0.3186500    
   1.047410       1.046690       1.046210       1.024410       1.007020       1.003840       1.000360      0.9965720       1.007080      0.9928950      0.9727840      0.9565500      0.9172300      0.8785100      0.8331100      0.7865200      0.7376100      0.6915900      0.6546500      0.6274600      0.6035100      0.5779900      0.5492800      0.5111800      0.4764000      0.4404300      0.4044500      0.3695500      0.3367200      0.3138400    
   1.046770       1.046210       1.025880       1.007020       1.005430       1.003740       1.001960       1.007080      0.9999870      0.9826110      0.9656150      0.9746800      0.9400800      0.8930100      0.8532900      0.8115300      0.7678600      0.7271300      0.6911100      0.6598100      0.6304600      0.6001300      0.5672300      0.5314000      0.4870800      0.4472200      0.4073500      0.3687800      0.3327700      0.3024900    
   1.046210       1.026370       1.007020       1.006230       1.005400       1.004550       1.007080       1.003530      0.9869010      0.9701470      0.9746800      0.9573800      0.9305170      0.9143000      0.8787100      0.8417200      0.8044600      0.7651700      0.7300600      0.6967100      0.6636200      0.6290100      0.5916700      0.5512500      0.5081600      0.4634000      0.4129900      0.3696600      0.3316900      0.2952500    
   1.026530       1.007020       1.006620       1.006210       1.005810       1.007080       1.005310      0.9889220      0.9724140      0.9746800      0.9660300      0.9442190      0.9143000      0.8965050      0.8782430      0.8416300      0.8037830      0.7665630      0.7425820      0.7377600      0.7023000      0.6642500      0.6227000      0.5774100      0.5288200      0.4780500      0.4258800      0.3793400      0.3267800      0.2836000    
   1.007020       1.006820       1.006620       1.006430       1.007080       1.006190      0.9899070      0.9735470      0.9746800      0.9703550      0.9498070      0.9143000      0.9054030      0.8963490      0.8721260      0.8412190      0.8039920      0.7713250      0.7604850      0.7832100      0.7466300      0.7061300      0.6609200      0.6095600      0.5551000      0.4974900      0.4333500      0.3766900      0.3243000      0.2789900    
   1.006920       1.006820       1.006740       1.007080       1.006640      0.9903950      0.9741130      0.9746800      0.9725170      0.9522860      0.9143000      0.9098510      0.9053510      0.8912930      0.8698980      0.8391120      0.7943190      0.7718470      0.7832100      0.7750800      0.7954000      0.7538700      0.7060100      0.6514900      0.5815500      0.5184200      0.4515700      0.3854500      0.3237200      0.2703100    
   1.006920       1.006890       1.007080       1.006860      0.9906380      0.9743970      0.9746800      0.9735990      0.9534460      0.9143000      0.9120760      0.9098340      0.9021650      0.8888470      0.8667680      0.8479090      0.7775290      0.7832100      0.8432570      0.8602500      0.8307380      0.8114900      0.7517100      0.6936700      0.6283500      0.5558900      0.4788900      0.4012200      0.3273500      0.2624200    
   1.006970       1.007080       1.006970      0.9907590      0.9745380      0.9746800      0.9741390      0.9540060      0.9143000      0.9131880      0.9120700      0.9080250      0.9002820      0.9640070      0.9795340      0.9595580      0.9586850      0.9466820      0.9342360      0.9544900      0.9251000      0.8678300      0.8172700      0.7584400      0.6877700      0.6068100      0.5186800      0.4277000      0.3390100      0.2581800    
   1.007080       1.007020      0.9908190      0.9746090      0.9746800      0.9744100      0.9542810      0.9143000      0.9137440      0.9131860      0.9110940      0.9067920       1.034290       1.199150       1.198250       1.115870       1.142460       1.134160       1.038550      0.9879670      0.9838800      0.9473100      0.8973000      0.8387300      0.7642900      0.6754400      0.5758700      0.4707800      0.3655200      0.2667700    
   1.007050      0.9908500      0.9746450      0.9746800      0.9745450      0.9544180      0.9143000      0.9140220      0.9137430      0.9126750       1.015750       1.173830       1.191390       1.199980       1.200050       1.198250       1.164090       1.150760       1.134160       1.077570       1.054920       1.034200      0.9986200      0.9375700      0.8617600      0.7660600      0.6553400      0.5362200      0.4168700      0.3029800    
  0.9908650      0.9746620      0.9746800      0.9746120      0.9544860      0.9143000      0.9141610      0.9140220      0.9134800       1.037960       1.173830       1.173830       1.173830       1.192610       1.201650       1.201860       1.198250       1.173190       1.167360       1.134160       1.137320       1.130810       1.108390       1.062930      0.9836100      0.8822800      0.7601400      0.6287400      0.4982300      0.3774700    
  0.9746710      0.9746800      0.9746460      0.9545200      0.9143000      0.9142300      0.9141610      0.9149880       1.007630       1.173700       1.173830       1.173830       1.173830       1.173830       1.194910       1.204850       1.205460       1.198250       1.193000       1.200550       1.220400       1.233560       1.231970       1.203820       1.137260       1.025790      0.8909800      0.7463000      0.6065700      0.4827000    
  0.9746800      0.9746630      0.9545360      0.9143000      0.9142650      0.8919360      0.8585300      0.8884090      0.9182900       1.088300       1.173450       1.173830       1.173830       1.173830       1.173830       1.199090       1.210840       1.212670       1.198250       1.239020       1.282090       1.323800       1.356310       1.365860       1.314610       1.198650       1.041350      0.8805300      0.7314900      0.6040600    
  0.9746720      0.9545450      0.9143000      0.9142830      0.8874550      0.8584580      0.8584580      0.8585300      0.8884060      0.9182900       1.087650       1.172690       1.173830       1.173830       1.173830       1.173830       1.206230       1.221600       1.227090       1.280410       1.341940       1.408930       1.478370       1.534870       1.521690       1.384190       1.199840       1.016900      0.8589100      0.7284300    
