iMOD/TUTORIALS/TUT_MetaswapAnalyser/model_MetaSWAP/meteo/Precipitation/Precipitation_20060326_L1.ASC
NCOLS                30
NROWS                30
XLLCORNER     160000.00
YLLCORNER     340000.00
CELLSIZE        1000.00
NODATA_VALUE   -9999.00
   1.963450       1.934730       1.898300       1.850630       1.784960       1.683750       1.546870       1.392180       1.246030       1.163730       1.154840       1.163320       1.170610       1.172500       1.168330       1.152670       1.141920       1.122280       1.098060       1.070990       1.041870       1.012990      0.9816800      0.9469700      0.9150800      0.8830800      0.8513400      0.8205500      0.7922200      0.7697800    
   1.885310       1.847250       1.799560       1.738380       1.659410       1.553060       1.420840       1.268610       1.103280       1.017420       1.052890       1.078200       1.094240       1.098040       1.097640       1.095090       1.082520       1.054090       1.033010       1.008210      0.9813800      0.9547500      0.9255700      0.8928700      0.8624900      0.8314600      0.7998600      0.7680600      0.7351700      0.7097100    
   1.809660       1.764170       1.708580       1.642110       1.556690       1.452950       1.332000       1.200100       1.075430       1.008350       1.009450       1.025220       1.035690       1.041990       1.037010       1.031810       1.019190       1.002140      0.9816000      0.9584300      0.9344100      0.9094100      0.8790200      0.8506700      0.8212200      0.7905800      0.7563300      0.7233500      0.6897300      0.6558400    
   1.738910       1.688410       1.628510       1.559290       1.475430       1.379380       1.274130       1.167560       1.076290       1.018880      0.9977200      0.9952800      0.9983700      0.9970300      0.9918900      0.9840600      0.9706900      0.9536300      0.9336800      0.9116200      0.8880100      0.8612200      0.8370000      0.8077400      0.7800000      0.7509100      0.7202700      0.6878800      0.6541000      0.6183000    
   1.674370       1.621060       1.561340       1.490790       1.411490       1.324820       1.234470       1.148830       1.074640       1.022120       1.003760      0.9840500      0.9727200      0.9632800      0.9535300      0.9413700      0.9246500      0.9063500      0.8861200      0.8646100      0.8387000      0.8156100      0.7936900      0.7699600      0.7443300      0.7174200      0.6891700      0.6604200      0.6306200      0.6040600    
   1.616440       1.563100       1.501880       1.434020       1.360250       1.282420       1.204630       1.131570       1.096410       1.041810       1.001860      0.9740800      0.9533700      0.9353200      0.9180500      0.9011900      0.8826100      0.8625800      0.8418400      0.8208600      0.7967900      0.7755100      0.7556300      0.7335700      0.7106300      0.6872100      0.6622300      0.6374800      0.6129900      0.5924400    
   1.563980       1.510540       1.450870       1.386320       1.319070       1.248390       1.178440       1.158440       1.094750       1.040350      0.9967600      0.9623000      0.9342300      0.9096700      0.8849500      0.8634500      0.8413900      0.8193000      0.7980600      0.7754400      0.7556600      0.7365100      0.7175200      0.6999100      0.6800300      0.6592900      0.6386200      0.6170100      0.5968900      0.5795600    
   1.502450       1.464860       1.408330       1.346870       1.282890       1.270580       1.217520       1.151320       1.089600       1.035280      0.9886600      0.9488500      0.9143000      0.8833600      0.8521900      0.8258500      0.7999600      0.7759400      0.7530300      0.7330600      0.7151000      0.6985300      0.6825700      0.6681600      0.6516300      0.6350400      0.6168300      0.5984100      0.5820800      0.5660400    
   1.461650       1.424420       1.368570       1.311270       1.320420       1.252900       1.205930       1.143070       1.082890       1.027930      0.9784300      0.9339400      0.8935900      0.8519500      0.8187300      0.7875300      0.7585400      0.7326300      0.7093700      0.6904900      0.6749200      0.6615700      0.6492300      0.6384700      0.6263300      0.6122000      0.5969800      0.5826500      0.5664400      0.5512100    
   1.424570       1.388740       1.334810       1.364560       1.303050       1.238500       1.197910       1.135350       1.075710       1.019610      0.9672600      0.9184100      0.8726300      0.8240900      0.7852400      0.7487000      0.7166800      0.6879000      0.6652000      0.6485200      0.6366700      0.6258300      0.6178500      0.6096500      0.6027900      0.5919200      0.5810100      0.5667800      0.5517100      0.5365300    
   1.428930       1.382710       1.359240       1.348830       1.286960       1.240650       1.190340       1.128850       1.069160       1.011680      0.9565300      0.9035600      0.8445300      0.7938600      0.7527100      0.7101200      0.6719300      0.6409900      0.6189300      0.6056700      0.5990400      0.5959800      0.5938100      0.5913800      0.5882800      0.5790200      0.5685500      0.5557100      0.5410100      0.5230100    
   1.428020       1.379930       1.348830       1.299930       1.277110       1.231140       1.183260       1.124330       1.064330       1.005450      0.9397200      0.8843300      0.8208500      0.7738600      0.7216700      0.6717800      0.6270200      0.5912200      0.5691600      0.5605800      0.5609700      0.5650500      0.5713400      0.5733600      0.5721100      0.5684200      0.5599900      0.5482200      0.5335200      0.5164500    
   1.407480       1.348830       1.304390       1.281970       1.286830       1.241360       1.181070       1.120650       1.047130      0.9913000      0.9329600      0.8715400      0.8132200      0.7544400      0.6954300      0.6370900      0.5826300      0.5392800      0.5165400      0.5162200      0.5281600      0.5413300      0.5522800      0.5592500      0.5615900      0.5592000      0.5535100      0.5423600      0.5273500      0.5089300    
   1.348830       1.306110       1.284400       1.286830       1.256560       1.241500       1.163280       1.105260       1.046810      0.9845400      0.9255700      0.8671700      0.8058100      0.7428800      0.6780900      0.6116300      0.5453600      0.4862900      0.4620700      0.4780800      0.5029500      0.5250900      0.5371500      0.5472900      0.5517400      0.5507200      0.5459000      0.5350300      0.5197400      0.5003800    
   1.306850       1.285610       1.286830       1.261630       1.241500       1.189060       1.162400       1.105670       1.048100      0.9896500      0.9305800      0.8693400      0.8064500      0.7414500      0.6738400      0.6041000      0.5294200      0.4513300      0.4191100      0.4601400      0.4932900      0.5196600      0.5388800      0.5512900      0.5572200      0.5570800      0.5512600      0.5414600      0.5255100      0.5027000    
   1.286220       1.286830       1.263320       1.241500       1.197650       1.162400       1.134030       1.105390       1.035780      0.9997200      0.9403600      0.8796300      0.8172400      0.7528800      0.6900100      0.6210800      0.5444200      0.4843100      0.4608500      0.4807600      0.5084700      0.5321000      0.5502800      0.5621400      0.5677100      0.5672400      0.5610600      0.5495900      0.5346200      0.5137200    
   1.286830       1.263880       1.241500       1.200520       1.162400       1.148220       1.133940       1.068730      0.9997200      0.9700400      0.9281280      0.8977500      0.8429700      0.7816300      0.7030100      0.6439200      0.5885600      0.5449600      0.5247600      0.5289000      0.5447600      0.5622300      0.5767100      0.5855900      0.5895900      0.5879500      0.5808600      0.5686800      0.5518700      0.5360500    
   1.264070       1.241500       1.201470       1.162400       1.155310       1.148190       1.087650      0.9997200      0.9848800      0.9463070      0.9104650      0.9231800      0.8683500      0.7935500      0.7402800      0.6893100      0.6440000      0.6095700      0.5907900      0.5875200      0.5941700      0.6043600      0.6136800      0.6196800      0.6203600      0.6167300      0.6081000      0.5947900      0.5773400      0.5601700    
   1.241500       1.201790       1.162400       1.158850       1.155300       1.097720      0.9997200      0.9923000      0.9541820      0.9168220      0.9231800      0.8957650      0.8543380      0.8322700      0.7854900      0.7420200      0.7044400      0.6756700      0.6580100      0.6509800      0.6515500      0.6557100      0.6599900      0.6619800      0.6602400      0.6540700      0.6425900      0.6276500      0.6129500      0.5945000    
   1.201900       1.162400       1.160630       1.158850       1.102900      0.9997200      0.9960100      0.9578770      0.9200010      0.9231800      0.9094720      0.8763880      0.8322700      0.8088800      0.7865930      0.7439830      0.7073770      0.6793730      0.6977300      0.7175100      0.7143000      0.7140300      0.7140400      0.7122200      0.7071600      0.6980600      0.6880800      0.6770000      0.6518600      0.6272600    
   1.162400       1.161510       1.160630       1.105520      0.9997200      0.9978650      0.9596750      0.9215910      0.9231800      0.9163260      0.8853280      0.8322700      0.8205750      0.8092480      0.7798190      0.7459840      0.7102440      0.7245910      0.7519950      0.7864800      0.7811800      0.7779500      0.7747100      0.7736500      0.7651800      0.7527600      0.7365800      0.7165100      0.6935500      0.6693900    
   1.161960       1.161510       1.106850      0.9997200      0.9987920      0.9605650      0.9223850      0.9231800      0.9197530      0.8892760      0.8322700      0.8264230      0.8206980      0.8032140      0.7783500      0.7453490      0.7473070      0.7692380      0.7864800      0.8082800      0.8571800      0.8517700      0.8459000      0.8379300      0.8216200      0.8100100      0.7905700      0.7668900      0.7402100      0.7125200    
   1.161960       1.107510      0.9997200      0.9992560      0.9610080      0.9227830      0.9231800      0.9214670      0.8911200      0.8322700      0.8293460      0.8264630      0.8167780      0.8007540      0.7756380      0.8103710      0.7778590      0.7864800      0.8933840      0.9330150      0.9281600      0.9249800      0.9135600      0.9037200      0.8919900      0.8744600      0.8515400      0.8236200      0.7919400      0.7589000    
   1.107840      0.9997200      0.9994880      0.9612290      0.9229810      0.9231800      0.9223230      0.8920090      0.8322700      0.8308080      0.8293600      0.8241960      0.8146650      0.9385670      0.9946910       1.003090       1.002990       1.009760       1.019980       1.045760       1.008850      0.9980200      0.9883500      0.9800600      0.9664800      0.9467100      0.9204200      0.8879400      0.8502900      0.8110000    
  0.9997200      0.9996040      0.9613400      0.9230810      0.9231800      0.9227520      0.8924460      0.8322700      0.8315390      0.8308130      0.8281210      0.8227400       1.060960       1.362840       1.361100       1.217190       1.228420       1.219500       1.129450       1.081170       1.082670       1.073900       1.069800       1.062370       1.048500       1.027160      0.9979900      0.9612500      0.9189900      0.8696200    
  0.9996620      0.9613950      0.9231300      0.9231800      0.9229660      0.8926620      0.8322700      0.8319050      0.8315410      0.8301580       1.085430       1.472750       1.400860       1.364510       1.364570       1.361100       1.276260       1.237340       1.219500       1.171370       1.152000       1.156640       1.157590       1.151050       1.138120       1.116090       1.084740       1.045880      0.9980500      0.9434500    
  0.9614220      0.9231550      0.9231800      0.9230730      0.8927690      0.8322700      0.8320870      0.8319050      0.8312010       1.138530       1.472750       1.472750       1.472750       1.403320       1.367870       1.368050       1.361100       1.287100       1.255190       1.219500       1.231290       1.241540       1.247800       1.247070       1.235180       1.213240       1.181160       1.138900       1.089340       1.035090    
  0.9231680      0.9231800      0.9231260      0.8928230      0.8322700      0.8321790      0.8320870       1.000380       1.210800       1.472780       1.472750       1.472750       1.472750       1.472750       1.408100       1.374460       1.375000       1.361100       1.312600       1.290880       1.309250       1.326820       1.340730       1.346770       1.340340       1.318130       1.283430       1.239010       1.188880       1.137040    
  0.9231800      0.9231530      0.8928500      0.8322700      0.8322240       1.090620       1.478280       1.492310       1.506340       1.484030       1.472840       1.472750       1.472750       1.472750       1.472750       1.417150       1.387270       1.388900       1.361100       1.378910       1.399380       1.421150       1.440080       1.449330       1.450060       1.428410       1.388890       1.341310       1.290480       1.240440    
  0.9231670      0.8928630      0.8322700      0.8322470       1.142330       1.478270       1.478270       1.478280       1.492310       1.506340       1.484190       1.473030       1.472750       1.472750       1.472750       1.472750       1.433560       1.411810       1.416700       1.439390       1.462800       1.494020       1.526980       1.556710       1.565800       1.535650       1.486260       1.439440       1.387770       1.339210    
