iMOD/TUTORIALS/TUT_MetaswapAnalyser/model_MetaSWAP/meteo/Precipitation/Precipitation_20060207_L1.ASC
NCOLS                30
NROWS                30
XLLCORNER     160000.00
YLLCORNER     340000.00
CELLSIZE        1000.00
NODATA_VALUE   -9999.00
   9.426050       9.459150       9.492860       9.520400       9.524820       9.473940       9.357200       9.201640       9.024180       8.816820       8.577910       8.337320       8.112430       7.894370       7.694190       7.531110       7.377550       7.232780       7.106680       6.996170       6.898930       6.820550       6.743160       6.675590       6.608660       6.545120       6.484230       6.425890       6.370750       6.316770    
   9.376770       9.399940       9.419260       9.426140       9.409340       9.354510       9.258480       9.132080       8.989300       8.800820       8.556080       8.323410       8.098250       7.898190       7.702240       7.529250       7.365800       7.227290       7.095090       6.978210       6.873390       6.785600       6.699290       6.622530       6.546680       6.474430       6.405120       6.338530       6.272130       6.212320    
   9.315130       9.326180       9.330190       9.321110       9.288810       9.229710       9.140500       9.024600       8.886860       8.708500       8.497030       8.277060       8.071520       7.866920       7.679280       7.508380       7.346150       7.198460       7.064750       6.943680       6.831940       6.737250       6.647680       6.560070       6.477200       6.398150       6.318750       6.246290       6.173420       6.109430    
   9.242740       9.241910       9.232470       9.209800       9.168280       9.103760       9.014210       8.897540       8.763580       8.602020       8.410660       8.211760       8.012360       7.818920       7.634460       7.465020       7.304520       7.157120       7.022460       6.899170       6.785500       6.682060       6.589210       6.491960       6.403560       6.319270       6.238640       6.161370       6.084620       6.015820    
   9.163570       9.151800       9.130850       9.096830       9.046160       8.975780       8.883730       8.786030       8.648570       8.489890       8.298550       8.119070       7.935760       7.752230       7.575750       7.408030       7.247500       7.101500       6.967580       6.843740       6.731810       6.622800       6.526090       6.426520       6.333310       6.244430       6.159770       6.075590       6.001630       5.935150    
   9.080740       9.059220       9.028170       8.984820       8.926430       8.850690       8.772160       8.661020       8.474120       8.342570       8.187830       8.022670       7.851710       7.677410       7.503720       7.338770       7.182580       7.039760       6.909240       6.786940       6.673880       6.562600       6.462090       6.360310       6.262910       6.168770       6.080850       5.994540       5.919620       5.853300    
   8.993490       8.966400       8.926850       8.875700       8.835910       8.751110       8.650290       8.457460       8.351160       8.219350       8.075080       7.921230       7.760910       7.596940       7.426690       7.264770       7.108190       6.970630       6.846550       6.729300       6.612850       6.499460       6.389590       6.290040       6.188870       6.092460       5.996720       5.912570       5.835120       5.767140    
   8.879930       8.908830       8.860660       8.798590       8.724200       8.481240       8.420120       8.334270       8.221990       8.097380       7.962050       7.818070       7.667640       7.513030       7.348340       7.191980       7.034430       6.904210       6.786490       6.667960       6.550150       6.434070       6.320720       6.217270       6.112350       6.007310       5.913690       5.826750       5.755360       5.682170    
   8.835850       8.814810       8.759020       8.695930       8.415900       8.342540       8.284780       8.203140       8.095340       7.977080       7.849630       7.714560       7.573550       7.415270       7.271280       7.125690       6.983010       6.852070       6.728740       6.607420       6.486470       6.366690       6.249280       6.141710       6.027630       5.924360       5.827290       5.746810       5.662270       5.586450    
   8.749230       8.723910       8.663990       8.346790       8.281420       8.207110       8.169060       8.074910       7.971140       7.858490       7.738040       7.611070       7.479000       7.326920       7.194560       7.060120       6.926080       6.798240       6.673230       6.548690       6.424050       6.297010       6.174940       6.056540       5.944970       5.837800       5.747440       5.652330       5.564950       5.486060    
   8.756000       8.712380       8.487800       8.216520       8.150550       8.117390       8.041390       7.949370       7.849150       7.741400       7.627100       7.507390       7.358840       7.284090       7.144920       7.009310       6.874220       6.739410       6.604350       6.468610       6.333050       6.199400       6.069410       5.939810       5.831920       5.722250       5.617640       5.520880       5.432480       5.381530    
   8.753670       8.543170       8.216520       8.082690       8.021530       7.991360       7.916520       7.826250       7.729030       7.625450       7.601310       7.475430       7.328810       7.195730       7.068960       6.940520       6.810930       6.679400       6.543260       6.403000       6.261320       6.121430       5.990280       5.860640       5.737460       5.628750       5.520930       5.421140       5.329760       5.247090    
   8.576720       8.216520       8.055800       7.981840       7.942140       7.874840       7.793370       7.705330       7.737620       7.621360       7.503400       7.347990       7.230000       7.109790       6.989000       6.866930       6.743630       6.615930       6.479660       6.335210       6.187090       6.041280       5.900550       5.766240       5.639100       5.519660       5.416110       5.313580       5.219580       5.134250    
   8.216520       8.044110       7.961990       7.942140       7.856860       7.753610       7.841120       7.741650       7.636110       7.526980       7.411190       7.251610       7.136880       7.020360       6.903220       6.786680       6.672330       6.551080       6.413810       6.259440       6.102770       5.950790       5.735210       5.586120       5.447650       5.320160       5.213440       5.109050       5.015990       4.934210    
   8.038710       7.952060       7.942140       7.850870       7.753610       7.792820       7.783740       7.680930       7.572290       7.458490       7.283030       7.171020       7.055920       6.938890       6.821120       6.701360       6.586060       6.471040       6.336000       6.138490       5.957780       5.785660       5.623770       5.472530       5.332300       5.203420       5.086190       4.990090       4.896830       4.825810    
   7.947100       7.942140       7.848870       7.753610       7.776720       7.783740       7.732340       7.678990       7.500820       7.291570       7.184330       7.072980       6.958420       6.841590       6.708830       6.591080       6.438090       6.325110       6.185300       6.014200       5.839760       5.668760       5.508560       5.358290       5.218670       5.090250       4.973510       4.868830       4.784800       4.704680    
   7.942140       7.848210       7.753610       7.771360       7.783740       7.758040       7.731690       7.550930       7.291570       7.237950       7.075210       6.975680       6.841270       6.722060       6.531320       6.416420       6.297850       6.170910       6.027640       5.868130       5.702520       5.539110       5.382140       5.230330       5.091620       4.963950       4.848090       4.744750       4.654530       4.591930    
   7.847990       7.753610       7.769570       7.783740       7.770890       7.757820       7.583060       7.291570       7.264760       7.073960       6.913580       6.851480       6.733490       6.523750       6.404840       6.282920       6.155300       6.020380       5.875080       5.720350       5.561060       5.402640       5.249110       5.103100       4.962990       4.836730       4.722330       4.620850       4.533320       4.466930    
   7.753610       7.768970       7.783740       7.777310       7.770820       7.600830       7.291570       7.278160       7.072860       6.882530       6.851480       6.792490       6.628140       6.403840       6.279470       6.151220       6.018030       5.876510       5.729450       5.576620       5.421060       5.266460       5.116110       4.972590       4.837860       4.713470       4.597590       4.498090       4.419340       4.345030    
   7.768770       7.783740       7.780530       7.777290       7.610130       7.291570       7.284870       7.072220       6.867010       6.851480       6.821980       6.668990       6.403840       6.341650       6.278180       6.149570       6.015250       5.874660       5.586530       5.439500       5.285910       5.133850       4.986040       4.844810       4.712060       4.589400       4.468970       4.377940       4.330980       4.259530    
   7.783740       7.782130       7.780520       7.614880       7.291570       7.288220       7.071880       6.859240       6.851480       6.836730       6.686570       6.403840       6.372750       6.341220       6.256470       6.147670       6.013160       5.632410       5.375040       5.310580       5.157790       5.007280       4.861370       4.711610       4.581430       4.461110       4.397870       4.299780       4.215160       4.146850    
   7.782940       7.782130       7.617280       7.291570       7.289890       7.071700       6.855360       6.851480       6.844110       6.694660       6.403840       6.388290       6.372600       6.323480       6.248450       6.139100       5.689330       5.342810       5.310580       5.164310       5.024560       4.876280       4.732920       4.596480       4.509920       4.393940       4.286190       4.189030       4.104510       4.036620    
   7.782940       7.618480       7.291570       7.290730       7.071610       6.853420       6.851480       6.847790       6.698520       6.403840       6.396070       6.388250       6.361460       6.314850       6.237010       5.690170       5.326690       5.310580       5.047630       4.921970       4.838360       4.768630       4.661590       4.528700       4.405860       4.290980       4.185490       4.089300       4.003770       3.932720    
   7.619080       7.291570       7.291150       7.071570       6.852450       6.851480       6.849640       6.700410       6.403840       6.399950       6.396050       6.381920       6.354850       5.959360       5.518630       5.051300       5.047270       4.945970       4.824520       4.793670       4.819380       4.702940       4.560600       4.431490       4.311650       4.201440       4.100180       4.006710       3.920520       3.854880    
   7.291570       7.291360       7.071550       6.851960       6.851480       6.850560       6.701340       6.403840       6.401900       6.399950       6.392640       6.377610       5.709220       4.924720       4.924110       4.894350       4.779940       4.783950       4.763170       4.757910       4.767970       4.615700       4.473060       4.346090       4.230870       4.127470       4.034100       3.947690       3.874930       3.791960    
   7.291470       7.071540       6.851720       6.851480       6.851020       6.701810       6.403840       6.402870       6.401900       6.398160       5.889290       5.138130       4.996280       4.925230       4.925340       4.924110       4.826100       4.775940       4.783950       4.717150       4.686390       4.540590       4.403230       4.273060       4.163960       4.070890       3.990870       3.927260       3.856710       3.782710    
   7.071530       6.851600       6.851480       6.851250       6.702040       6.403840       6.403350       6.402870       6.400980       5.793120       5.138130       5.138130       5.138130       4.997020       4.926260       4.926570       4.924110       4.820390       4.767930       4.783950       4.630310       4.480650       4.340630       4.216970       4.110780       4.032340       3.978850       3.930620       3.885080       3.839220    
   6.851540       6.851480       6.851370       6.702150       6.403840       6.403600       6.403350       6.240110       5.805440       5.138430       5.138130       5.138130       5.138130       5.138130       4.998360       4.928100       4.929020       4.924110       4.805560       4.751900       4.594330       4.439150       4.293400       4.167690       4.073930       4.014640       3.985540       3.969530       3.957600       3.948080    
   6.851480       6.851420       6.702210       6.403840       6.403720       6.200510       5.895760       5.824510       5.753250       5.343990       5.139030       5.138130       5.138130       5.138130       5.138130       5.000630       4.931160       4.933930       4.924110       4.762290       4.597030       4.431420       4.261030       4.126010       4.041880       4.014340       4.021840       4.045490       4.070600       4.095860    
   6.851450       6.702240       6.403840       6.403780       6.160100       5.895990       5.895990       5.895760       5.824510       5.753250       5.345550       5.140840       5.138130       5.138130       5.138130       5.138130       5.004230       4.935430       4.943750       4.784410       4.590030       4.429920       4.266710       4.113490       4.019250       4.034070       4.095810       4.166130       4.225200       4.279610    
