iMOD/TUTORIALS/TUT_MetaswapAnalyser/model_MetaSWAP/meteo/Precipitation/Precipitation_20060801_L1.ASC
NCOLS                30
NROWS                30
XLLCORNER     160000.00
YLLCORNER     340000.00
CELLSIZE        1000.00
NODATA_VALUE   -9999.00
   12.12760       12.00300       11.85770       11.68130       11.44810       11.11750       10.67270       10.16020       9.671270       9.432940       9.500620       9.642840       9.795100       9.912920       10.02090       10.15230       10.22030       10.27770       10.31010       10.32110       10.31030       10.28730       10.23310       10.15830       10.06050       9.943740       9.811970       9.672940       9.540760       9.433130    
   12.05560       11.92120       11.82160       11.61670       11.35030       11.00700       10.57310       10.05800       9.474680       9.223180       9.501050       9.745580       9.954280       10.15400       10.30440       10.41830       10.50250       10.56700       10.58850       10.57460       10.53230       10.47280       10.38240       10.27210       10.13970       9.988940       9.822280       9.644940       9.555180       9.390940    
   12.04550       11.90290       11.73150       11.51400       11.32720       10.99970       10.60990       10.17510       9.762800       9.600910       9.750970       9.976710       10.22040       10.42170       10.60260       10.73900       10.83200       10.87640       10.87390       10.83020       10.75770       10.66150       10.53750       10.39190       10.22870       10.04890       9.950020       9.721960       9.476940       9.241140    
   12.05700       11.91210       11.74060       11.52410       11.28360       11.00430       10.69480       10.43840       10.17670       10.06790       10.13860       10.31040       10.52700       10.74120       10.93470       11.08630       11.18340       11.21600       11.18670       11.10720       10.99100       10.85490       10.70130       10.63490       10.43670       10.22300       9.994390       9.751390       9.492340       9.230600    
   12.09120       11.94950       11.76680       11.57950       11.36740       11.13460       10.89450       10.64250       10.49310       10.45030       10.47660       10.65480       10.87300       11.10660       11.29470       11.46450       11.62660       11.65370       11.59710       11.48030       11.33360       11.15380       10.96300       10.75300       10.53380       10.30630       10.07250       9.832570       9.605220       9.417430    
   12.14670       11.98550       11.83600       11.66980       11.48930       11.30160       11.07870       10.92270       10.69060       10.72000       10.81750       10.98460       11.19020       11.43250       11.67030       11.88240       12.01660       12.01970       11.90770       11.73450       11.53920       11.32110       11.09970       10.86770       10.63310       10.39800       10.16780       9.944950       9.751840       9.610130    
   12.10550       12.06180       11.92780       11.78370       11.57250       11.42650       11.29470       10.96970       10.96670       11.00770       11.11310       11.27670       11.48630       11.72290       11.97890       12.23400       12.42620       12.38620       12.18730       11.95820       11.71210       11.46120       11.20920       10.96510       10.72020       10.48350       10.25540       10.05360       9.884680       9.765720    
   12.17330       11.97380       11.95030       11.82990       11.70960       11.25010       11.18610       11.17280       11.18360       11.24330       11.35490       11.51560       11.71790       11.95810       12.20220       12.47330       12.74000       12.63480       12.37410       12.10460       11.83190       11.55940       11.29040       11.03430       10.78330       10.54170       10.32560       10.13640       10.00510       9.889770    
   12.13240       12.04030       11.94830       11.94410       11.40080       11.34720       11.31040       11.32460       11.35520       11.42630       11.53970       11.69350       11.88200       12.10130       12.31600       12.53480       12.67670       12.62400       12.42000       12.16260       11.88670       11.60590       11.32830       11.06580       10.80660       10.57190       10.36140       10.20830       10.05760       9.949860    
   12.19590       12.11120       12.03390       11.43090       11.45980       11.42580       11.42790       11.44020       11.48240       11.55790       11.66780       11.80990       11.97830       12.15710       12.35130       12.49700       12.57190       12.53120       12.37410       12.14500       11.87990       11.59750       11.31760       11.04670       10.79320       10.56050       10.38400       10.20460       10.06120       9.957940    
   12.19500       12.11370       11.75730       11.45320       11.42730       11.51080       11.49830       11.52010       11.56700       11.64120       11.74270       11.86890       12.00560       12.12860       12.27730       12.39740       12.44970       12.41430       12.28280       12.07690       11.82500       11.55140       11.27380       10.99960       10.77790       10.54290       10.33670       10.16210       10.02280       9.912660    
   12.19500       11.87980       11.45320       11.44800       11.44650       11.46780       11.47010       11.56580       11.61190       11.67990       11.71170       11.82690       11.94140       12.05230       12.19150       12.28300       12.31770       12.28010       12.15740       11.95940       11.71160       11.43960       11.18460       10.91660       10.66430       10.43810       10.23550       10.06460       9.928510       9.829370    
   11.95070       11.45320       11.45550       11.45570       11.46500       11.46100       11.47770       11.51000       11.49140       11.60440       11.68640       11.72630       11.84000       11.95350       12.06810       12.13950       12.16610       12.12540       12.00840       11.81130       11.56600       11.29450       11.01930       10.75220       10.50160       10.27340       10.07710       9.908170       9.773790       9.675810    
   11.45320       11.45850       11.46040       11.46500       11.45720       11.44550       11.37190       11.40500       11.45180       11.50400       11.57720       11.63900       11.72840       11.81610       11.89390       11.96180       11.98320       11.95630       11.83060       11.61990       11.35710       11.08110       10.83520       10.57370       10.32770       10.10290       9.906980       9.738450       9.603060       9.502900    
   11.45990       11.46270       11.46500       11.45590       11.44550       11.37060       11.29430       11.32300       11.36160       11.40950       11.34840       11.42690       11.50650       11.58210       11.64810       11.73820       11.75020       11.73660       11.62580       11.37150       11.12300       10.85560       10.58900       10.33020       10.08570       9.861090       9.661230       9.492430       9.354200       9.289660    
   11.46380       11.46500       11.45550       11.44550       11.37010       11.29430       11.30870       11.32630       11.31180       11.15320       11.20820       11.26490       11.31980       11.36870       11.40140       11.43040       11.42350       11.38880       11.27180       11.06440       10.82090       10.57460       10.31830       10.06670       9.826600       9.603590       9.402890       9.229090       9.086170       8.976960    
   11.46500       11.45530       11.44550       11.37000       11.29430       11.30150       11.30970       11.27500       11.15320       11.18070       11.09590       11.08120       11.09240       11.12620       11.09070       11.09930       11.09420       11.02200       10.89170       10.70330       10.47690       10.23110       9.978200       9.739980       9.499080       9.272700       9.066520       8.885760       8.735110       8.632270    
   11.45530       11.44550       11.36990       11.29430       11.29790       11.30180       11.25990       11.15320       11.16700       11.02560       10.92650       10.77180       10.80480       10.81070       10.81270       10.79230       10.75820       10.66040       10.51870       10.33420       10.11660       9.878080       9.629120       9.378320       9.145440       8.913250       8.698810       8.508100       8.346800       8.232220    
   11.44550       11.36990       11.29430       11.29610       11.29800       11.25320       11.15320       11.16010       10.99330       10.84910       10.77180       10.78830       10.73520       10.55340       10.53020       10.48420       10.41050       10.30910       10.15600       9.968560       9.752690       9.516390       9.267900       9.014810       8.764070       8.522240       8.307670       8.103540       7.939440       7.795870    
   11.36990       11.29430       11.29520       11.29610       11.25010       11.15320       11.15660       10.97780       10.81050       10.77180       10.78010       10.71220       10.55340       10.54180       10.52260       10.47500       10.40130       10.29190       9.862530       9.611800       9.392980       9.154690       8.903270       8.645070       8.386290       8.133150       7.883930       7.675980       7.500960       7.349340    
   11.29430       11.29470       11.29520       11.24870       11.15320       11.15490       10.97010       10.79110       10.77180       10.77590       10.70440       10.55340       10.54760       10.53930       10.51310       10.46630       10.38940       9.852470       9.439500       9.267190       9.042680       8.799530       8.542660       8.269810       8.000910       7.734260       7.506700       7.264240       7.045370       6.862020    
   11.29450       11.29480       11.24800       11.15320       11.15410       10.96630       10.78150       10.77180       10.77390       10.70140       10.55340       10.55050       10.54680       10.53330       10.50620       10.45630       9.865730       9.353340       9.267190       9.003000       8.699140       8.449490       8.185690       7.911880       7.653740       7.358510       7.087110       6.823350       6.577580       6.373100    
   11.29450       11.24760       11.15320       11.15360       10.96440       10.77660       10.77180       10.77280       10.70010       10.55340       10.55200       10.55020       10.54350       10.52880       10.49860       9.696710       9.310270       9.267190       8.634190       8.371910       8.212410       8.093250       7.828820       7.557290       7.273590       6.987500       6.698780       6.410310       6.131080       5.878300    
   11.24740       11.15320       11.15340       10.96340       10.77420       10.77180       10.77230       10.69950       10.55340       10.55270       10.55190       10.54860       10.54080       9.704120       8.983520       8.350690       8.345090       8.191040       8.003090       7.894670       8.044680       7.775500       7.491520       7.221660       6.939560       6.646940       6.344930       6.035070       5.721820       5.413640    
   11.15320       11.15330       10.96300       10.77300       10.77180       10.77210       10.69930       10.55340       10.55300       10.55260       10.55100       10.54710       9.054100       7.240780       7.245580       7.580780       7.396710       7.422990       7.627750       7.742690       7.744660       7.471040       7.195070       6.921900       6.637590       6.342860       6.036520       5.716280       5.376120       5.026680    
   11.15330       10.96270       10.77240       10.77180       10.77190       10.69910       10.55340       10.55320       10.55300       10.55220       9.152220       7.055160       7.175120       7.236190       7.235970       7.245580       7.335720       7.370440       7.422990       7.450660       7.438730       7.197860       6.940570       6.648910       6.367410       6.079140       5.781370       5.466040       5.134400       4.779260    
   10.96260       10.77210       10.77180       10.77190       10.69910       10.55340       10.55330       10.55320       10.55280       8.873560       7.055160       7.055160       7.055160       7.168350       7.227010       7.226370       7.245580       7.303880       7.317880       7.422990       7.196280       6.949200       6.687360       6.417800       6.127020       5.854420       5.577660       5.293750       4.998000       4.694410    
   10.77200       10.77180       10.77180       10.69900       10.55340       10.55340       10.55330       9.563040       8.421260       7.054880       7.055160       7.055160       7.055160       7.055160       7.155260       7.209090       7.207160       7.245580       7.229060       7.212780       6.980230       6.726180       6.457780       6.186440       5.925910       5.662210       5.422320       5.183160       4.942260       4.710640    
   10.77180       10.77180       10.69900       10.55340       10.55340       8.886910       6.387420       6.490120       6.592820       6.900280       7.054320       7.055160       7.055160       7.055160       7.055160       7.130410       7.174540       7.168740       7.245580       7.034910       6.797020       6.534560       6.261610       5.977010       5.720210       5.504660       5.303480       5.117850       4.934960       4.767080    
   10.77180       10.69900       10.55340       10.55340       8.553420       6.387070       6.387070       6.387420       6.490110       6.592820       6.898840       7.052640       7.055160       7.055160       7.055160       7.055160       7.084780       7.109320       7.091890       6.882810       6.659690       6.387180       6.090300       5.783870       5.520860       5.354770       5.223720       5.090480       4.955210       4.835910    
