iMOD/TUTORIALS/TUT_MetaswapAnalyser/model_MetaSWAP/meteo/Precipitation/Precipitation_20060705_L1.ASC
NCOLS                30
NROWS                30
XLLCORNER     160000.00
YLLCORNER     340000.00
CELLSIZE        1000.00
NODATA_VALUE   -9999.00
   3.188680       2.872020       2.570000       2.288050       2.027900       1.811520       1.626480       1.459440       1.302430       1.178590       1.106840       1.061680       1.032670       1.018610       1.026740       1.088510       1.085400       1.191770       1.316070       1.475800       1.671900       1.846870       2.106340       2.511230       2.837320       3.194100       3.579800       3.992020       4.427050       4.892050    
   3.134430       2.841730       2.543140       2.289190       2.050340       1.845030       1.659050       1.482780       1.307900       1.177170       1.127630       1.087730       1.061830       1.070460       1.081120       1.059810       1.118260       1.230710       1.381300       1.555420       1.769060       1.966600       2.248500       2.674420       3.026350       3.410470       3.825210       4.268570       4.883220       5.364760    
   3.055460       2.793170       2.540640       2.292630       2.074540       1.879620       1.698860       1.528210       1.360720       1.242720       1.171830       1.125330       1.110110       1.093870       1.106880       1.096080       1.155360       1.254190       1.396340       1.582500       1.835550       2.056940       2.469190       2.813570       3.193080       3.606630       4.203050       4.661660       5.157820       5.645730    
   2.997480       2.760830       2.531990       2.304070       2.103060       1.916660       1.744220       1.589580       1.430140       1.310930       1.231600       1.179480       1.140400       1.116490       1.113150       1.104650       1.158940       1.262240       1.418300       1.624870       1.877480       2.307460       2.584270       3.095130       3.505120       3.943940       4.409390       4.898950       5.425340       5.945420    
   2.958310       2.743280       2.521570       2.324030       2.137550       1.963220       1.801680       1.625790       1.496210       1.387660       1.283570       1.231510       1.188030       1.153610       1.112060       1.100280       1.177190       1.292680       1.477880       1.722080       2.139750       2.486620       2.795390       3.223480       3.660930       4.128060       4.623220       5.166460       5.704740       6.261600    
   2.936140       2.725360       2.535470       2.353040       2.179800       2.017030       1.865070       1.692320       1.487000       1.413060       1.335750       1.270370       1.215770       1.167700       1.136480       1.104830       1.130030       1.253580       1.472050       1.752770       2.190720       2.568760       2.908270       3.339310       3.802280       4.317740       4.841510       5.416200       5.987940       6.578970    
   2.920180       2.735690       2.560300       2.391230       2.228950       2.076990       1.935210       1.633580       1.558500       1.470020       1.392090       1.322400       1.257930       1.196430       1.162740       1.089760       1.062000       1.207580       1.484250       1.887380       2.263940       2.669080       3.103290       3.487280       3.972860       4.491340       5.069400       5.648740       6.268620       6.892660    
   3.187550       2.762930       2.594270       2.437260       2.287110       2.041890       1.778080       1.707670       1.614520       1.530820       1.455460       1.386510       1.321360       1.256770       1.234490       1.142870       1.053830       1.241270       1.605680       1.976390       2.371550       2.793400       3.244190       3.643910       4.146880       4.713340       5.285740       5.890910       6.536180       7.191260    
   3.231510       2.796630       2.645300       2.493410       2.209800       2.091730       1.817000       1.759620       1.673940       1.596750       1.527290       1.464370       1.406700       1.445150       1.367630       1.309530       1.310710       1.468090       1.767720       2.124040       2.516920       2.942060       3.399670       3.806460       4.348470       4.901540       5.492470       6.133020       6.793360       7.481640    
   3.278020       2.840910       2.699880       2.375010       2.252780       2.144430       1.900310       1.814330       1.736790       1.667710       1.606940       1.554400       1.510490       1.592380       1.540560       1.525060       1.554500       1.720180       1.979910       2.306990       2.682030       3.108190       3.563600       4.057350       4.515750       5.077850       5.695500       6.341840       7.028100       7.749380    
   3.180890       2.939600       2.581790       2.411350       2.305410       2.173710       1.948820       1.871240       1.802280       1.742360       1.692050       1.652340       1.809500       1.884420       1.751090       1.756450       1.820100       1.952300       2.156540       2.423190       2.741980       3.107180       3.517250       3.995880       4.508890       4.982620       5.582240       6.236630       6.945430       7.982570    
   3.181350       2.778410       2.411350       2.360000       2.353150       2.234140       2.004230       1.929380       1.869030       1.818610       2.033680       1.970910       2.166260       1.964250       1.949340       1.972230       2.044030       2.178020       2.368960       2.616120       2.914410       3.260680       3.677970       4.124620       4.622800       5.066540       5.663990       6.323650       7.047340       7.834490    
   2.940510       2.411350       2.375760       2.361610       2.370080       2.124840       2.054560       1.992870       2.330370       2.241200       2.171850       2.234560       2.178390       2.145260       2.141260       2.173550       2.249850       2.375830       2.560140       2.790490       3.084040       3.414680       3.793340       4.222480       4.705740       5.247580       5.726980       6.386520       7.119180       7.927710    
   2.411350       2.380760       2.365850       2.370080       2.220980       2.168030       2.649500       2.550530       2.461590       2.620430       2.525610       2.399240       2.348790       2.321700       2.322960       2.358190       2.430940       2.552130       2.719480       2.949020       3.213570       3.522950       3.966710       4.395040       4.877300       5.418220       5.898600       6.560020       7.297630       8.116620    
   2.382540       2.367960       2.370080       2.253030       2.168030       2.648520       3.128040       2.998280       2.879850       2.774190       2.630550       2.564210       2.516990       2.492370       2.494400       2.521690       2.592460       2.707310       2.862990       3.093350       3.369950       3.679040       4.032780       4.435370       4.891660       5.407150       5.987920       6.508530       7.230390       8.062870    
   2.369020       2.370080       2.263710       2.168030       2.648200       3.128040       3.063160       3.002060       2.881850       2.875070       2.793480       2.727810       2.680580       2.654760       2.678950       2.702760       2.801780       2.884180       3.022110       3.219350       3.459000       3.754700       4.081890       4.456260       4.882900       5.367560       5.916560       6.536610       7.100670       7.880500    
   2.370080       2.267270       2.168030       2.648090       3.128040       3.095600       3.064420       2.955530       2.875070       2.834280       2.869750       2.889870       2.877480       2.845480       2.921210       2.930740       2.964970       3.039180       3.157930       3.323180       3.530330       3.777430       4.066250       4.423510       4.811900       5.256170       5.762490       6.337350       6.987160       7.612070    
   2.268460       2.168030       2.648050       3.128040       3.111820       3.096020       2.997660       2.875070       2.854670       2.923560       2.976190       3.062520       3.016120       3.114350       3.093060       3.094370       3.115250       3.174090       3.269640       3.403890       3.576360       3.787010       4.037640       4.331660       4.697370       5.095080       5.551300       6.071810       6.662020       7.345750    
   2.168030       2.648040       3.128040       3.119930       3.111960       3.020140       2.875070       2.864870       2.947040       3.019360       3.062520       3.039320       3.120650       3.289620       3.258940       3.248300       3.261520       3.289740       3.358870       3.460870       3.596950       3.768410       3.977450       4.227370       4.522270       4.866830       5.290580       5.750350       6.291690       6.853500    
   2.648040       3.128040       3.123990       3.119980       3.031780       2.875070       2.869970       2.958090       3.040940       3.062520       3.050920       3.128030       3.289620       3.274280       3.265620       3.256250       3.266520       3.303380       3.423790       3.496190       3.593980       3.724000       3.888950       4.092080       4.337160       4.628180       4.925960       5.331480       5.949560       6.482490    
   3.128040       3.126010       3.124000       3.037700       2.875070       2.872520       2.963480       3.051730       3.062520       3.056720       3.132770       3.289620       3.281950       3.276510       3.265380       3.262800       3.275380       3.402340       3.504740       3.513290       3.570740       3.657390       3.776400       3.883900       4.080790       4.319740       4.779470       5.109720       5.484180       5.902490    
   3.127030       3.126020       3.040700       2.875070       2.873800       2.966140       3.057120       3.062520       3.059620       3.135410       3.289620       3.285780       3.282690       3.274610       3.268230       3.267860       3.392570       3.509020       3.513290       3.516670       3.465970       3.515080       3.593030       3.703880       4.008680       4.199320       4.428800       4.696540       5.002450       5.347750    
   3.127030       3.042200       2.875070       2.874430       2.967470       3.059820       3.062520       3.061070       3.136790       3.289620       3.287700       3.286030       3.281030       3.275180       3.270230       3.396130       3.511150       3.513290       3.473180       3.438740       3.457660       3.454810       3.583730       3.650960       3.758160       3.897600       4.074960       4.285650       4.527210       4.799370    
   3.042960       2.875070       2.874750       2.968130       3.061170       3.062520       3.061790       3.137500       3.289620       3.288660       3.287790       3.284920       3.280750       3.476060       3.549670       3.543110       3.540850       3.487470       3.423910       3.424040       3.411510       3.440940       3.418030       3.440310       3.498660       3.594550       3.725820       3.887330       4.072650       4.276820    
   2.875070       2.874910       2.968460       3.061850       3.062520       3.062160       3.137860       3.289620       3.289140       3.288690       3.287120       3.284480       3.644550       4.086130       4.077800       3.735580       3.577330       3.568410       3.458560       3.408940       3.436560       3.343250       3.253630       3.226170       3.240040       3.296890       3.392590       3.518050       3.660580       3.810810    
   2.874990       2.968630       3.062180       3.062520       3.062340       3.138040       3.289620       3.289380       3.289150       3.288320       4.182120       5.525150       4.573050       4.094880       4.094460       4.077800       3.746330       3.586260       3.568410       3.432860       3.378750       3.232910       3.113920       3.011000       2.983450       3.009770       3.083280       3.189320       3.312630       3.436030    
   2.968710       3.062350       3.062520       3.062430       3.138130       3.289620       3.289500       3.289380       3.288950       4.361980       5.525150       5.525150       5.525150       4.586040       4.112390       4.111120       4.077800       3.752840       3.604110       3.568410       3.347740       3.136220       2.952250       2.817330       2.730440       2.735940       2.802540       2.910060       3.036460       3.166790    
   3.062440       3.062520       3.062470       3.138170       3.289620       3.289560       3.289500       4.791770       5.425930       5.527210       5.525150       5.525150       5.525150       5.525150       4.612180       4.148240       4.144440       4.077800       3.761040       3.639810       3.353390       3.067610       2.806630       2.604140       2.494550       2.476630       2.556350       2.683410       2.829350       2.980820    
   3.062520       3.062500       3.138200       3.289620       3.289590       6.074010       10.25020       9.774740       9.299240       6.788800       5.531330       5.525150       5.525150       5.525150       5.525150       4.664220       4.222480       4.211070       4.077800       3.758130       3.408800       3.044400       2.692040       2.402550       2.241140       2.245980       2.355090       2.517830       2.689570       2.859330    
   3.062510       3.138210       3.289620       3.289600       6.631480       10.25120       10.25120       10.25020       9.774770       9.299240       6.799460       5.543690       5.525150       5.525150       5.525150       5.525150       4.764810       4.378570       4.344350       3.979230       3.568380       3.121460       2.660300       2.234520       1.986670       2.046210       2.238030       2.438130       2.624570       2.800010    
