iMOD/TUTORIALS/TUT_MetaswapAnalyser/model_MetaSWAP/meteo/Precipitation/Precipitation_20051230_L1.ASC
NCOLS                30
NROWS                30
XLLCORNER     160000.00
YLLCORNER     340000.00
CELLSIZE        1000.00
NODATA_VALUE   -9999.00
   9.053920       8.993930       8.930150       8.863970       8.849890       8.832850       8.877160       8.891240       8.947050       9.010360       8.996020       9.006880       9.010080       9.016030       9.018190       8.960850       8.687100       8.560520       8.534330       8.507400       8.481940       8.498260       8.483460       8.453450       8.456690       8.470400       8.494160       8.525370       8.557410       8.559670    
   9.057150       9.010140       8.975840       8.934080       8.961110       8.951150       8.969800       8.997280       8.985400       9.029840       9.085250       9.039100       9.046400       9.007160       9.008490       8.761920       8.746470       8.620550       8.497940       8.463800       8.431180       8.444620       8.427010       8.395500       8.404090       8.428860       8.470890       8.529470       8.565910       8.613360    
   9.072740       9.036610       9.004820       9.062140       9.044170       9.037870       9.047060       9.062890       9.105960       9.081010       9.123730       9.067610       9.035550       9.048690       8.961530       8.738800       8.726080       8.703120       8.670010       8.631080       8.496240       8.500210       8.451430       8.442200       8.450270       8.478100       8.485470       8.566410       8.656780       8.788830    
   9.085900       9.058790       9.036900       9.114260       9.100360       9.097600       9.105070       9.123340       9.190130       9.228590       9.159620       9.048000       8.976960       9.003080       9.022350       8.831670       8.831060       8.809010       8.767090       8.714520       8.661820       8.494750       8.501990       8.434890       8.439940       8.468550       8.523340       8.607250       8.705920       8.859600    
   9.095930       9.075910       9.169200       9.153740       9.145480       9.145260       9.152780       9.257070       9.271210       9.295200       9.124410       9.039660       8.978060       9.027550       9.090990       8.946870       8.933660       8.909750       8.847590       8.768920       8.666670       8.601650       8.597500       8.474750       8.471330       8.492250       8.538380       8.584900       8.680380       8.772840    
   9.102890       9.208380       9.193340       9.183220       9.178830       9.180700       9.203430       9.309220       9.127530       9.105190       9.138600       9.175890       9.099950       9.073290       8.962860       9.057690       9.115060       9.086200       8.988520       8.874290       8.746830       8.661940       8.642060       8.604900       8.589890       8.504580       8.537060       8.561920       8.626620       8.681300    
   9.464670       9.221760       9.211270       9.204960       9.221300       9.223950       9.231840       9.117250       9.081740       9.112980       9.149160       9.191430       9.241220       9.197360       9.046260       9.206510       9.344320       9.291970       9.126500       8.950670       8.818440       8.715590       8.640360       8.633150       8.608040       8.604170       8.591360       8.622120       8.577260       8.614880    
   9.510930       9.507460       9.244730       9.240560       9.240300       8.959810       9.108070       9.059240       9.085870       9.117870       9.156100       9.201840       9.256580       9.317460       9.150790       9.325760       9.518890       9.420810       9.196280       9.016910       8.872390       8.758860       8.673550       8.656550       8.622320       8.579700       8.585430       8.605630       8.715700       8.742170    
   9.580000       9.521920       9.511260       9.252750       8.945650       8.959610       9.114630       9.061210       9.087690       9.120110       9.159460       9.206920       9.263620       9.096020       9.139860       9.289540       9.403150       9.374990       9.197130       9.044930       8.907350       8.791780       8.700430       8.675870       8.604230       8.583520       8.582170       8.686040       8.709760       8.739620    
   9.588680       9.532930       9.525220       9.133850       8.944380       8.957990       9.040440       9.061300       9.087520       9.119950       9.159580       9.207420       9.264050       9.063480       9.188440       9.224080       9.294210       9.300110       9.234380       9.132650       9.022750       8.818770       8.723060       8.649840       8.613950       8.587550       8.675530       8.687590       8.714150       8.752010    
   9.573990       9.548940       9.332130       9.136520       9.142250       8.880320       9.039410       9.059810       9.085590       9.117660       9.157020       9.204550       8.942910       9.008370       9.119210       9.222310       9.230850       9.257430       9.221080       9.137360       9.030920       8.923450       8.829020       8.726710       8.776820       8.658480       8.651760       8.665790       8.698870       8.775190    
   9.574560       9.397900       9.136520       9.115610       9.143680       9.052660       9.208860       9.056950       9.082070       9.113470       9.082260       9.133810       8.884510       8.967110       9.099560       9.209440       9.299550       9.283250       9.266320       9.185700       9.070660       8.951400       8.911630       8.834630       8.781500       8.791680       8.786600       8.803870       8.843200       8.904440    
   9.426280       9.136520       9.095990       9.091840       9.040000       9.198270       9.209290       9.223910       9.145880       9.031560       9.072990       8.749180       8.840030       8.947110       9.088120       9.216180       9.338420       9.422010       9.365940       9.312660       9.167220       9.034180       8.922220       8.837060       8.779530       8.748930       8.784550       8.806190       8.854090       8.929830    
   9.136520       9.084610       9.065920       9.040000       9.145310       9.197660       9.103630       9.119900       9.140750       9.173890       9.206620       8.725020       8.814760       8.923590       9.053820       9.222540       9.439810       9.575280       9.589860       9.386700       9.202570       9.043970       8.816110       8.715070       8.648260       8.613310       8.654640       8.680680       8.738240       8.830680    
   9.078520       9.052960       9.040000       9.127660       9.197660       9.207300       9.320600       9.330940       9.344500       9.361940       8.927030       8.980220       9.046040       9.127090       9.226470       9.269580       9.441060       9.579190       9.653050       9.320150       8.989700       8.769180       8.603700       8.485220       8.407840       8.367660       8.362740       8.451550       8.518430       8.699080    
   9.046480       9.040000       9.121770       9.197660       9.241850       9.320600       9.325770       9.332010       9.226410       8.868260       8.907230       8.955700       9.015750       9.089720       8.812160       8.980780       9.184980       9.376870       9.405790       9.227030       9.026280       8.755930       8.612580       8.508800       8.441120       8.407000       8.405360       8.436880       8.559760       8.665600    
   9.040000       9.119810       9.197660       9.253370       9.320600       9.323180       9.326130       9.188110       8.868260       8.887740       8.798810       8.926940       8.506030       8.602580       8.686500       8.821740       8.993840       9.096610       9.107600       9.017240       8.884590       8.755610       8.648200       8.441420       8.383350       8.354630       8.355240       8.386250       8.450140       8.589600    
   9.119160       9.197660       9.257210       9.320600       9.321890       9.323300       9.176420       8.868260       8.878000       8.704440       8.631440       8.335930       8.403560       8.487780       8.578500       8.675210       8.803450       8.860300       8.864030       8.812120       8.727220       8.635400       8.553150       8.488430       8.312530       8.289740       8.292030       8.320690       8.377680       8.447660    
   9.197660       9.258490       9.320600       9.321250       9.321930       9.172470       8.868260       8.873130       8.654060       8.483680       8.335930       8.369750       8.408460       8.406560       8.472240       8.537740       8.593460       8.668370       8.667210       8.633100       8.576410       8.511440       8.450010       8.399660       8.364610       8.347220       8.217330       8.242290       8.272080       8.289260    
   9.258920       9.320600       9.320920       9.321260       9.170980       8.868260       8.870700       8.628240       8.409810       8.335930       8.352840       8.380170       8.406560       8.439400       8.472180       8.534480       8.599860       8.643010       8.559610       8.480370       8.439060       8.390990       8.344130       8.304530       8.276200       8.261590       8.214700       8.214110       8.149680       8.100450    
   9.320600       9.320760       9.320930       9.170350       8.868260       8.869480       8.615200       8.372870       8.335930       8.344380       8.368880       8.406560       8.422980       8.439380       8.482020       8.535510       8.592450       8.513230       8.414670       8.348980       8.314760       8.275740       8.237440       8.155520       8.131940       8.119550       7.996180       8.013540       8.044910       8.090150    
   9.320680       9.320760       9.170080       8.868260       8.868870       8.608650       8.354400       8.335930       8.340160       8.363940       8.406560       8.414770       8.422970       8.448130       8.485630       8.536660       8.474400       8.381830       8.348980       8.271080       8.149500       8.114080       8.079820       8.050590       7.925590       7.766760       7.774440       7.793840       7.824090       7.967090    
   9.320680       9.169940       8.868260       8.868560       8.605380       8.345160       8.335930       8.338040       8.361650       8.406560       8.410670       8.414770       8.428620       8.452240       8.490140       8.334410       8.365400       8.348980       8.029660       7.925990       7.892230       7.844380       7.731500       7.708380       7.667060       7.602450       7.614240       7.636260       7.666360       7.702350    
   9.169880       8.868260       8.868410       8.603740       8.340550       8.335930       8.336990       8.360540       8.406560       8.408610       8.410660       8.418020       8.431880       8.188300       7.984870       7.812160       7.809950       7.743600       7.660550       7.572610       7.702480       7.650690       7.522820       7.501520       7.491480       7.494200       7.508950       7.532990       7.562310       7.541510    
   8.868260       8.868340       8.602920       8.338240       8.335930       8.336460       8.360010       8.406560       8.407590       8.408610       8.412430       8.420190       7.959670       7.380860       7.382180       7.438060       7.261140       7.270920       7.407910       7.483050       7.442730       7.366170       7.404550       7.378510       7.367440       7.373040       7.393400       7.423580       7.403220       7.442780    
   8.868300       8.602500       8.337080       8.335930       8.336190       8.359740       8.406560       8.407070       8.407590       8.409540       7.937070       7.222050       7.326600       7.379290       7.379550       7.382180       7.298960       7.251350       7.270920       7.305050       7.303950       7.252140       7.206050       7.237680       7.223360       7.233370       7.264020       7.249660       7.302080       7.349390    
   8.602300       8.336510       8.335930       8.336060       8.359610       8.406560       8.406820       8.407070       8.408070       7.839660       7.222050       7.222050       7.222050       7.324210       7.376140       7.376910       7.382180       7.291400       7.231780       7.270920       7.202610       7.130160       7.062700       7.013680       7.050320       7.067920       7.059520       7.127830       7.199260       7.263670    
   8.336220       8.335930       8.336000       8.359540       8.406560       8.406690       8.406820       8.138210       7.744370       7.222100       7.222050       7.222050       7.222050       7.222050       7.319080       7.369340       7.371640       7.382180       7.280710       7.192650       7.102150       7.000750       6.899580       6.820470       6.728760       6.816910       6.897350       6.997080       7.095510       7.182320    
   8.335930       8.335960       8.359510       8.406560       8.406620       7.828010       6.960000       7.145440       7.330870       7.258450       7.222190       7.222050       7.222050       7.222050       7.222050       7.308020       7.354210       7.361100       7.382180       7.277080       7.146670       6.991380       6.769970       6.532850       6.484460       6.545130       6.718980       6.864150       6.995440       7.105510    
   8.335950       8.359490       8.406560       8.406590       7.712220       6.959980       6.959980       6.960000       7.145450       7.330870       7.258690       7.222460       7.222050       7.222050       7.222050       7.222050       7.284170       7.319330       7.340030       7.219700       6.999270       6.814710       6.589670       6.347920       6.221120       6.358220       6.587170       6.698980       6.909230       7.038580    
