iMOD/TUTORIALS/TUT_MetaswapAnalyser/model_MetaSWAP/meteo/Precipitation/Precipitation_20061025_L1.ASC
NCOLS                30
NROWS                30
XLLCORNER     160000.00
YLLCORNER     340000.00
CELLSIZE        1000.00
NODATA_VALUE   -9999.00
  0.6575200      0.6841500      0.7124100      0.7421400      0.7750100      0.8052800      0.8353100      0.8633000      0.8841600      0.8799000      0.8473800      0.8067300      0.7647700      0.7243300      0.6845100      0.6478000      0.6074300      0.5745900      0.5433200      0.5139800      0.4863000      0.4621200      0.4371000      0.4131000      0.3897800      0.3673100      0.3459300      0.3262300      0.3094000      0.2959300    
  0.6516000      0.6772800      0.7050500      0.7333300      0.7650400      0.7941600      0.8237200      0.8533100      0.8825900      0.8808600      0.8336900      0.7873100      0.7425300      0.7012400      0.6604200      0.6178400      0.5816800      0.5486400      0.5181400      0.4891700      0.4619100      0.4378300      0.4130000      0.3889900      0.3653600      0.3421600      0.3194700      0.2976200      0.2770500      0.2604700    
  0.6443800      0.6684000      0.6935700      0.7230300      0.7492300      0.7752300      0.8007900      0.8244300      0.8407900      0.8334400      0.7990000      0.7564100      0.7137500      0.6720900      0.6317100      0.5904800      0.5546600      0.5217300      0.4914900      0.4635000      0.4379100      0.4146000      0.3907000      0.3671800      0.3439200      0.3207800      0.2970100      0.2740300      0.2498500      0.2295200    
  0.6351000      0.6570000      0.6796200      0.7057100      0.7280300      0.7496100      0.7692300      0.7846100      0.7898400      0.7798800      0.7536100      0.7177200      0.6785000      0.6390200      0.5998800      0.5605300      0.5256100      0.4939600      0.4653600      0.4391500      0.4146100      0.3918800      0.3706900      0.3476400      0.3255300      0.3034200      0.2812000      0.2588100      0.2351200      0.2136600    
  0.6240700      0.6435200      0.6662500      0.6853400      0.7036900      0.7203900      0.7340300      0.7413300      0.7410900      0.7296800      0.7062200      0.6757700      0.6402000      0.6033100      0.5663400      0.5291500      0.4948500      0.4650000      0.4387700      0.4150100      0.3927700      0.3713700      0.3522700      0.3320400      0.3116200      0.2912700      0.2710500      0.2495000      0.2313900      0.2169200    
  0.6116900      0.6308400      0.6472900      0.6630500      0.6774800      0.6896500      0.6979000      0.7004600      0.6932200      0.6820800      0.6618800      0.6347900      0.6022100      0.5680700      0.5330800      0.4970000      0.4641400      0.4367000      0.4138600      0.3932800      0.3737300      0.3546500      0.3375100      0.3190500      0.3007700      0.2829500      0.2654200      0.2472800      0.2333900      0.2236400    
  0.6007000      0.6136000      0.6272600      0.6398400      0.6501400      0.6585100      0.6632700      0.6574100      0.6525300      0.6401200      0.6211200      0.5963700      0.5671800      0.5344900      0.5024600      0.4666400      0.4332300      0.4091000      0.3909600      0.3738500      0.3569700      0.3402100      0.3236000      0.3088600      0.2928800      0.2773800      0.2606600      0.2478400      0.2374400      0.2305400    
  0.5656100      0.5965800      0.6060900      0.6158500      0.6236900      0.6274400      0.6235200      0.6222900      0.6150000      0.6022900      0.5842300      0.5613900      0.5346100      0.5048700      0.4755300      0.4412200      0.4068400      0.3867800      0.3723000      0.3575800      0.3427800      0.3280200      0.3134300      0.3007600      0.2870500      0.2717000      0.2600000      0.2498700      0.2428200      0.2375600    
  0.5481300      0.5787200      0.5873600      0.5929800      0.5963100      0.5991200      0.5922600      0.5893700      0.5810900      0.5683300      0.5511800      0.5300700      0.5056300      0.4843600      0.4533900      0.4230400      0.3952700      0.3743900      0.3587500      0.3446300      0.3310700      0.3178900      0.3050700      0.2943300      0.2803300      0.2697300      0.2603000      0.2534700      0.2473100      0.2436400    
  0.5317400      0.5610900      0.5676200      0.5700900      0.5718100      0.5726100      0.5647000      0.5594200      0.5505400      0.5379300      0.5217100      0.5022300      0.4800400      0.4625600      0.4352900      0.4082600      0.3842600      0.3642800      0.3479800      0.3339200      0.3211400      0.3094000      0.2981300      0.2874900      0.2771800      0.2685000      0.2621500      0.2559300      0.2515000      0.2491400    
  0.5388670      0.5534830      0.5619220      0.5488900      0.5503000      0.5469100      0.5383800      0.5322500      0.5230600      0.5107500      0.4954600      0.4774900      0.4675800      0.4494600      0.4231500      0.3977700      0.3740700      0.3539200      0.3368600      0.3223300      0.3096600      0.2983200      0.2880200      0.2767100      0.2695900      0.2645200      0.2586300      0.2541900      0.2514200      0.2539600    
  0.5386470      0.5507910      0.5488900      0.5339200      0.5288700      0.5255500      0.5155000      0.5076400      0.4983400      0.4864300      0.4847500      0.4661400      0.4576600      0.4332600      0.4087700      0.3851700      0.3633800      0.3435700      0.3271700      0.3134500      0.3018200      0.2916700      0.2819100      0.2739000      0.2668900      0.2631200      0.2586200      0.2555100      0.2539400      0.2540300    
  0.5410490      0.5488900      0.5271690      0.5182450      0.5076200      0.4985600      0.4936300      0.4865100      0.4958300      0.4812200      0.4655200      0.4643800      0.4418500      0.4187400      0.3956300      0.3731600      0.3520900      0.3333300      0.3172000      0.3049000      0.2938000      0.2848800      0.2770700      0.2702400      0.2644100      0.2596500      0.2584600      0.2564100      0.2558300      0.2567900    
  0.5488900      0.5241530      0.5129320      0.5076200      0.4950970      0.4791100      0.4986600      0.4893200      0.4779600      0.4655700      0.4503000      0.4493000      0.4278500      0.4059000      0.3838600      0.3621600      0.3421100      0.3225200      0.3073900      0.2958800      0.2871600      0.2795300      0.2833300      0.2792200      0.2756500      0.2727300      0.2724300      0.2713300      0.2712400      0.2722400    
  0.5227350      0.5102760      0.5076200      0.4939420      0.4791100      0.4924970      0.4997200      0.4886500      0.4757700      0.4611800      0.4655200      0.4443100      0.4224100      0.4001200      0.3777600      0.3543600      0.3332200      0.3124600      0.2971300      0.2939700      0.2884700      0.2840100      0.2799500      0.2763500      0.2733300      0.2709900      0.2694300      0.2706500      0.2710300      0.2728800    
  0.5089480      0.5076200      0.4935570      0.4791100      0.4904420      0.4997200      0.4941850      0.4880470      0.4746500      0.4730000      0.4534600      0.4331200      0.4122000      0.3909900      0.3680300      0.3473600      0.3388300      0.3168500      0.3017500      0.2945300      0.2897900      0.2835100      0.2795700      0.2761900      0.2734000      0.2712900      0.2699300      0.2693900      0.2715800      0.2728500    
  0.5076200      0.4934290      0.4791100      0.4897570      0.4997200      0.4969530      0.4939840      0.4824700      0.4730000      0.4632300      0.4401560      0.4235800      0.4010900      0.3810800      0.3873000      0.3637000      0.3408300      0.3217500      0.3073700      0.2978600      0.2913700      0.2864400      0.2824500      0.2760400      0.2730800      0.2708400      0.2693600      0.2686500      0.2687500      0.2706100    
  0.4933860      0.4791100      0.4895290      0.4997200      0.4983360      0.4968850      0.4866020      0.4730000      0.4681150      0.4429210      0.4206000      0.4176200      0.3975500      0.4103400      0.3873500      0.3654200      0.3440900      0.3265900      0.3124900      0.3018600      0.2939100      0.2877800      0.2828900      0.2789300      0.2726000      0.2699700      0.2681100      0.2669900      0.2666000      0.2662400    
  0.4791100      0.4894530      0.4997200      0.4990280      0.4983140      0.4887060      0.4730000      0.4705580      0.4441530      0.4191100      0.4176200      0.4075850      0.4089400      0.4102500      0.3885200      0.3679400      0.3490600      0.3309500      0.3169400      0.3055800      0.2965300      0.2892700      0.2833800      0.2785700      0.2746600      0.2715600      0.2661200      0.2644100      0.2627600      0.2624400    
  0.4894280      0.4997200      0.4993740      0.4990210      0.4897620      0.4730000      0.4717790      0.4447390      0.4183650      0.4176200      0.4126020      0.4110990      0.4102500      0.3993850      0.3889030      0.3685070      0.3493170      0.3323170      0.3146920      0.3087500      0.2987700      0.2904700      0.2835600      0.2778100      0.2730500      0.2691600      0.2672200      0.2640900      0.2578800      0.2538800    
  0.4997200      0.4995470      0.4993720      0.4902890      0.4730000      0.4723890      0.4450260      0.4179930      0.4176200      0.4151110      0.4128930      0.4102500      0.4048180      0.3995130      0.3855980      0.3689090      0.3500470      0.3235120      0.3099950      0.3112400      0.3004200      0.2911400      0.2832100      0.2779300      0.2721000      0.2672200      0.2578300      0.2547100      0.2523200      0.2505100    
  0.4996340      0.4995460      0.4905520      0.4730000      0.4726950      0.4451680      0.4178060      0.4176200      0.4163660      0.4139690      0.4102500      0.4075340      0.4048600      0.3966430      0.3846730      0.3681850      0.3328650      0.3106180      0.3112400      0.3050970      0.3036300      0.2930500      0.2838300      0.2758500      0.2639300      0.2572700      0.2525400      0.2486900      0.2455800      0.2433100    
  0.4996330      0.4906830      0.4730000      0.4728470      0.4452390      0.4177130      0.4176200      0.4169930      0.4145510      0.4102500      0.4088920      0.4075480      0.4030120      0.3953920      0.3831670      0.3416690      0.3109290      0.3112400      0.3059030      0.3052400      0.2960340      0.2927300      0.2756100      0.2668400      0.2590500      0.2523300      0.2467100      0.2420200      0.2381400      0.2349400    
  0.4907480      0.4730000      0.4729240      0.4452750      0.4176670      0.4176200      0.4173060      0.4148530      0.4102500      0.4095710      0.4088970      0.4064840      0.4019840      0.3780200      0.3467410      0.3115870      0.3116950      0.3070830      0.3024870      0.3020350      0.3068500      0.2839100      0.2732100      0.2631300      0.2543100      0.2467000      0.2402100      0.2347100      0.2300800      0.2287300    
  0.4730000      0.4729620      0.4452920      0.4176430      0.4176200      0.4174630      0.4150070      0.4102500      0.4099100      0.4095730      0.4083170      0.4057880      0.3695390      0.3305890      0.3305100      0.3181210      0.3121370      0.3121500      0.3036370      0.3001870      0.2972200      0.2842300      0.2699200      0.2587000      0.2488100      0.2402400      0.2329000      0.2266300      0.2235300      0.2184700    
  0.4729810      0.4453010      0.4176320      0.4176200      0.4175420      0.4150850      0.4102500      0.4100800      0.4099110      0.4092670      0.3813720      0.3415900      0.3342740      0.3306150      0.3306680      0.3305100      0.3181430      0.3121250      0.3121500      0.3001750      0.2964900      0.2814500      0.2675700      0.2535300      0.2425100      0.2329700      0.2248000      0.2197300      0.2135400      0.2079100    
  0.4453060      0.4176260      0.4176200      0.4175810      0.4151240      0.4102500      0.4101650      0.4100800      0.4097530      0.3767460      0.3415900      0.3415900      0.3415900      0.3343030      0.3306670      0.3308260      0.3305100      0.3177870      0.3121000      0.3121500      0.2948400      0.2783500      0.2629400      0.2489400      0.2354400      0.2249200      0.2174000      0.2099300      0.2032500      0.1972200    
  0.4176230      0.4176200      0.4176000      0.4151440      0.4102500      0.4102080      0.4101650      0.4113500      0.3866470      0.3416220      0.3415900      0.3415900      0.3415900      0.3415900      0.3342870      0.3306660      0.3311420      0.3305100      0.3163880      0.3120500      0.2933300      0.2751900      0.2579900      0.2422500      0.2285300      0.2168600      0.2077800      0.1998400      0.1927500      0.1864000    
  0.4176200      0.4176100      0.4151540      0.4102500      0.4102290      0.4220650      0.4398400      0.4276200      0.4154000      0.3662800      0.3416850      0.3415900      0.3415900      0.3415900      0.3415900      0.3340640      0.3303460      0.3317750      0.3305100      0.3108400      0.2911000      0.2715200      0.2496400      0.2337900      0.2196000      0.2080400      0.1979600      0.1896500      0.1821600      0.1754600    
  0.4176150      0.4151580      0.4102500      0.4102390      0.4244630      0.4398630      0.4398630      0.4398400      0.4276200      0.4154000      0.3664450      0.3418750      0.3415900      0.3415900      0.3415900      0.3415900      0.3331770      0.3287530      0.3330400      0.3123000      0.2835500      0.2647400      0.2455000      0.2265800      0.2101800      0.1983700      0.1888200      0.1798400      0.1716700      0.1644800    
