iMOD/TUTORIALS/TUT_MetaswapAnalyser/model_MetaSWAP/meteo/Precipitation/Precipitation_20051102_L1.ASC
NCOLS                30
NROWS                30
XLLCORNER     160000.00
YLLCORNER     340000.00
CELLSIZE        1000.00
NODATA_VALUE   -9999.00
   3.930950       3.934380       3.928080       3.901030       3.826590       3.657050       3.386840       3.078280       2.809470       2.730470       2.872300       3.083640       3.309130       3.536870       3.760950       3.991240       4.196740       4.389370       4.571280       4.740800       4.899090       5.037760       5.177550       5.306270       5.435790       5.561660       5.684400       5.803740       5.918240       6.021620    
   3.891570       3.874020       3.843160       3.778150       3.663370       3.479700       3.226120       2.924500       2.599060       2.508350       2.775300       3.036430       3.293110       3.552500       3.796030       4.026780       4.245370       4.431980       4.615880       4.787290       4.946300       5.086790       5.227040       5.356640       5.487680       5.615920       5.742090       5.866160       5.996460       6.104300    
   3.858350       3.824430       3.770150       3.684540       3.564490       3.389980       3.170830       2.927640       2.713200       2.674710       2.850240       3.091170       3.351560       3.607940       3.852010       4.086650       4.308450       4.512710       4.698970       4.868850       5.022790       5.160560       5.292380       5.424670       5.553500       5.680220       5.816360       5.939410       6.058380       6.177750    
   3.835430       3.791600       3.728430       3.637060       3.518400       3.369300       3.198930       3.035660       2.916920       2.910390       3.028010       3.226720       3.464940       3.709790       3.955980       4.192650       4.415200       4.617420       4.798430       4.961140       5.109810       5.240590       5.364400       5.502520       5.625970       5.747650       5.868400       5.988700       6.106240       6.226010    
   3.826040       3.778460       3.709820       3.627250       3.524940       3.406580       3.283320       3.178050       3.117060       3.132760       3.244220       3.410260       3.621360       3.853900       4.091980       4.328400       4.555490       4.752360       4.923000       5.073520       5.205090       5.333350       5.446630       5.563330       5.679790       5.795190       5.909960       6.020570       6.133320       6.238960    
   3.830830       3.776620       3.718340       3.647260       3.565000       3.476890       3.395180       3.333260       3.316640       3.358620       3.452740       3.602190       3.795110       4.014300       4.251170       4.489270       4.711440       4.897000       5.047460       5.178210       5.293970       5.408700       5.511150       5.619900       5.727730       5.833810       5.940880       6.043420       6.146630       6.241960    
   3.842490       3.795910       3.746160       3.688880       3.629390       3.568180       3.516480       3.498530       3.512040       3.557450       3.651320       3.791080       3.969630       4.180210       4.411600       4.653580       4.886940       5.053240       5.171060       5.274220       5.376800       5.477490       5.577110       5.666770       5.765250       5.863980       5.958640       6.056780       6.151020       6.239690    
   3.878500       3.837730       3.791920       3.748810       3.705380       3.693230       3.659230       3.664380       3.684490       3.740440       3.835510       3.968960       4.136900       4.335520       4.559660       4.795700       5.042920       5.181000       5.269200       5.358160       5.446920       5.535490       5.624130       5.703680       5.792690       5.878280       5.969210       6.059800       6.148260       6.232480    
   3.918050       3.882000       3.851790       3.815380       3.822720       3.799900       3.784520       3.809670       3.843650       3.907370       4.003310       4.131320       4.288910       4.480040       4.681300       4.890890       5.088240       5.232320       5.333250       5.419310       5.500610       5.580100       5.659190       5.729170       5.804560       5.886130       5.969190       6.052930       6.136380       6.217660    
   3.960070       3.932940       3.912290       3.934840       3.913930       3.906040       3.922990       3.945440       3.989460       4.058450       4.154210       4.276600       4.423550       4.597340       4.779550       4.962270       5.132350       5.267670       5.372520       5.458350       5.534370       5.610940       5.681540       5.752220       5.809080       5.882200       5.957620       6.035360       6.114550       6.193950    
   3.956180       3.935100       3.948830       4.015250       4.010140       4.035950       4.038770       4.071130       4.122180       4.194340       4.288780       4.405200       4.551130       4.742930       4.902930       5.050030       5.186720       5.303230       5.397840       5.474960       5.540980       5.601260       5.659580       5.714490       5.774530       5.837130       5.905390       5.977970       6.054630       6.158950    
   3.955390       3.963840       4.015250       4.084460       4.100050       4.140910       4.151650       4.186640       4.242370       4.315960       4.482680       4.583620       4.717320       4.855050       4.986240       5.114830       5.235890       5.341150       5.428140       5.498170       5.556160       5.607460       5.651880       5.700740       5.752190       5.798120       5.858010       5.923940       5.996340       6.075160    
   3.976910       4.015250       4.117070       4.156210       4.212380       4.221220       4.252830       4.296800       4.459870       4.521390       4.600940       4.739560       4.837500       4.945510       5.061980       5.175750       5.284190       5.380740       5.457520       5.516960       5.560640       5.600400       5.638000       5.676250       5.717320       5.762980       5.804480       5.863060       5.930330       6.007060    
   4.015250       4.132250       4.184300       4.212380       4.247840       4.309910       4.483910       4.522960       4.573430       4.637770       4.712240       4.842950       4.930880       5.026780       5.127520       5.231340       5.329460       5.418880       5.487790       5.528380       5.560380       5.587800       5.624450       5.653010       5.684120       5.719730       5.752090       5.801800       5.861740       5.933490    
   4.139550       4.198340       4.212380       4.256710       4.309910       4.461440       4.590510       4.630970       4.681010       4.740990       4.872020       4.941390       5.018960       5.102720       5.190250       5.279570       5.366550       5.450620       5.512600       5.540850       5.560690       5.579170       5.595750       5.612360       5.631080       5.654100       5.683740       5.712410       5.762120       5.820540    
   4.205360       4.212380       4.259670       4.309910       4.453950       4.590510       4.610740       4.634160       4.740770       4.910120       4.964990       5.027330       5.095850       5.168770       5.246490       5.323190       5.400020       5.463190       5.508240       5.531780       5.545190       5.549540       5.553460       5.556490       5.560890       5.569110       5.583850       5.607990       5.635200       5.687090    
   4.212380       4.260650       4.309910       4.451460       4.590510       4.600630       4.611800       4.723950       4.910120       4.937560       5.042430       5.106540       5.166890       5.232630       5.305080       5.366040       5.423440       5.469430       5.501380       5.518040       5.523160       5.520600       5.513100       5.498210       5.487350       5.479230       5.476890       5.483670       5.503050       5.540290    
   4.260980       4.309910       4.450630       4.590510       4.595570       4.600980       4.711620       4.910120       4.923840       5.049630       5.154860       5.203180       5.255560       5.302230       5.354170       5.402750       5.446350       5.478260       5.498090       5.504980       5.500340       5.486510       5.465840       5.440690       5.408880       5.382340       5.360300       5.346570       5.345220       5.369400    
   4.309910       4.450350       4.590510       4.593040       4.595690       4.704570       4.910120       4.916980       5.053160       5.179020       5.203180       5.229370       5.280290       5.360200       5.402390       5.439990       5.470600       5.491500       5.499910       5.496110       5.480540       5.454520       5.419810       5.378490       5.333020       5.286410       5.237680       5.200330       5.183490       5.175510    
   4.450260       4.590510       4.591770       4.593080       4.700850       4.910120       4.913550       5.054910       5.191100       5.203180       5.216280       5.268260       5.360200       5.381300       5.400860       5.437660       5.467360       5.487340       5.496220       5.493730       5.466800       5.428060       5.378690       5.320330       5.255240       5.186350       5.117360       5.064970       5.044840       4.996310    
   4.590510       4.591140       4.591790       4.698960       4.910120       4.911830       5.055780       5.197140       5.203180       5.209730       5.261980       5.360200       5.370750       5.380780       5.406610       5.435290       5.464120       5.489510       5.496780       5.499830       5.461810       5.410410       5.346260       5.270390       5.184910       5.092420       5.043770       4.948980       4.860600       4.786810    
   4.590830       4.591150       4.698000       4.910120       4.910980       5.056210       5.200160       5.203180       5.206450       5.258770       5.360200       5.365470       5.370580       5.386050       5.407560       5.435340       5.477410       5.498300       5.499830       5.476520       5.467910       5.404590       5.326230       5.233460       5.165460       5.051550       4.929380       4.802830       4.679490       4.571120    
   4.590830       4.697520       4.910120       4.910550       5.056430       5.201670       5.203180       5.204820       5.257150       5.360200       5.362840       5.365420       5.374030       5.388060       5.409650       5.490730       5.499070       5.499830       5.506220       5.492750       5.451930       5.409110       5.348730       5.244240       5.122110       4.987220       4.836610       4.676390       4.514140       4.362320    
   4.697280       4.910120       4.910330       5.056540       5.202430       5.203180       5.204000       5.256340       5.360200       5.361520       5.362820       5.367430       5.375840       5.528290       5.611090       5.638000       5.634280       5.592950       5.543550       5.555790       5.517590       5.460440       5.355440       5.241740       5.105480       4.947710       4.770630       4.577920       4.375630       4.156370    
   4.910120       4.910230       5.056600       5.202800       5.203180       5.203590       5.255930       5.360200       5.360860       5.361510       5.363920       5.368690       5.632940       5.944690       5.941400       5.798680       5.780660       5.768740       5.646390       5.582110       5.593990       5.496010       5.390920       5.266620       5.116360       4.940730       4.741450       4.521350       4.267470       4.022340    
   4.910170       5.056620       5.202990       5.203180       5.203380       5.255720       5.360200       5.360530       5.360860       5.362100       5.766240       6.368530       6.089100       5.948450       5.947970       5.941400       5.838380       5.792580       5.768740       5.678920       5.634760       5.559110       5.457370       5.319970       5.159840       4.971080       4.755850       4.503760       4.247180       3.976880    
   5.056640       5.203090       5.203180       5.203280       5.255620       5.360200       5.360360       5.360530       5.361160       5.845250       6.368530       6.368530       6.368530       6.094720       5.955990       5.954540       5.941400       5.850810       5.816420       5.768740       5.718200       5.643450       5.541430       5.409040       5.237670       5.040560       4.806380       4.558250       4.298210       4.035910    
   5.203130       5.203180       5.203230       5.255570       5.360200       5.360280       5.360360       5.687590       6.012190       6.368770       6.368530       6.368530       6.368530       6.368530       6.106370       5.972020       5.967680       5.941400       5.876680       5.864100       5.817850       5.747650       5.649970       5.520250       5.357530       5.144260       4.909080       4.658910       4.405240       4.162890    
   5.203180       5.203210       5.255550       5.360200       5.360240       5.827360       6.528030       6.598160       6.668290       6.469110       6.369260       6.368530       6.368530       6.368530       6.368530       6.130400       6.006980       5.993970       5.941400       5.932490       5.902020       5.847640       5.794100       5.674410       5.500120       5.285830       5.042130       4.791070       4.544710       4.317780    
   5.203190       5.255530       5.360200       5.360220       5.920700       6.527930       6.527940       6.528030       6.598170       6.668290       6.470360       6.370730       6.368530       6.368530       6.368530       6.368530       6.178430       6.085560       6.046540       6.045380       6.089330       6.023890       5.937210       5.824720       5.667400       5.447790       5.199120       4.938880       4.696440       4.478080    
