iMOD/TUTORIALS/TUT_MetaswapAnalyser/model_MetaSWAP/meteo/Precipitation/Precipitation_20050119_L1.ASC
NCOLS                30
NROWS                30
XLLCORNER     160000.00
YLLCORNER     340000.00
CELLSIZE        1000.00
NODATA_VALUE   -9999.00
  0.3396800      0.3610800      0.3801700      0.3950300      0.4007900      0.3888400      0.3564700      0.3137100      0.2726300      0.2546900      0.2641400      0.2809900      0.2989400      0.3150300      0.3313200      0.3477100      0.3526700      0.3704000      0.3869000      0.4039000      0.4214600      0.4355300      0.4539200      0.4737000      0.4934900      0.5140300      0.5352900      0.5571600      0.5793200      0.6009900    
  0.3188700      0.3360900      0.3518600      0.3598600      0.3588400      0.3444500      0.3158700      0.2763600      0.2299700      0.2116400      0.2381700      0.2618700      0.2831700      0.3021500      0.3202000      0.3283300      0.3445900      0.3582100      0.3763500      0.3933400      0.4108900      0.4255300      0.4440100      0.4638400      0.4838800      0.5048000      0.5266400      0.5493600      0.5776600      0.5998000    
  0.3006500      0.3142200      0.3238200      0.3283600      0.3269600      0.3131200      0.2895400      0.2589100      0.2285000      0.2181400      0.2326400      0.2532300      0.2738900      0.2926400      0.3095500      0.3194100      0.3349700      0.3507000      0.3668100      0.3834200      0.4027100      0.4174800      0.4364000      0.4554200      0.4752600      0.4960000      0.5229000      0.5448700      0.5676500      0.5910700    
  0.2847500      0.2954600      0.3023300      0.3054300      0.3010800      0.2899300      0.2727800      0.2544300      0.2370000      0.2308000      0.2379700      0.2525700      0.2701400      0.2864200      0.3026600      0.3137800      0.3282000      0.3431300      0.3587000      0.3749200      0.3917500      0.4119000      0.4267300      0.4505700      0.4697200      0.4895200      0.5100500      0.5313900      0.5535600      0.5766600    
  0.2714900      0.2801300      0.2873300      0.2883900      0.2847700      0.2765200      0.2647800      0.2515400      0.2418800      0.2389600      0.2470400      0.2571300      0.2702000      0.2841100      0.2971800      0.3089100      0.3236400      0.3377900      0.3530000      0.3690300      0.3866800      0.4038500      0.4181500      0.4379300      0.4563500      0.4753100      0.4948300      0.5148400      0.5353500      0.5556700    
  0.2608400      0.2709200      0.2751500      0.2760900      0.2735900      0.2680000      0.2597000      0.2518200      0.2522300      0.2507700      0.2534400      0.2603300      0.2703000      0.2813800      0.2958800      0.3050800      0.3156400      0.3282700      0.3426800      0.3580700      0.3749300      0.3914500      0.4052900      0.4224000      0.4399900      0.4594500      0.4776900      0.4961000      0.5145900      0.5325700    
  0.2570300      0.2625900      0.2662600      0.2673800      0.2650300      0.2615200      0.2568200      0.2608600      0.2577600      0.2563800      0.2582200      0.2630100      0.2699900      0.2788700      0.2936600      0.2994300      0.3066300      0.3178500      0.3317600      0.3470900      0.3623900      0.3781500      0.3943500      0.4076500      0.4242500      0.4410900      0.4579700      0.4749500      0.4925300      0.5085300    
  0.2534900      0.2557200      0.2586600      0.2599800      0.2594800      0.2688400      0.2664000      0.2639000      0.2612600      0.2603500      0.2615300      0.2647200      0.2695300      0.2762200      0.2915200      0.2943100      0.2978800      0.3078900      0.3211600      0.3348200      0.3491300      0.3640600      0.3795000      0.3920600      0.4076900      0.4232400      0.4388100      0.4541000      0.4690800      0.4832300    
  0.2480000      0.2512000      0.2542500      0.2554400      0.2697800      0.2679200      0.2669200      0.2657700      0.2639500      0.2631600      0.2636900      0.2655300      0.2685300      0.2899800      0.2894200      0.2901900      0.2931500      0.2999700      0.3100800      0.3219800      0.3351600      0.3493100      0.3640900      0.3760100      0.3906300      0.4051900      0.4193900      0.4332400      0.4462700      0.4586000    
  0.2452000      0.2482200      0.2510800      0.2697100      0.2691600      0.2680100      0.2692600      0.2675900      0.2661400      0.2652300      0.2650600      0.2656700      0.2670300      0.2883200      0.2866200      0.2853100      0.2859400      0.2904000      0.2980200      0.3083100      0.3206300      0.3340600      0.3484400      0.3630200      0.3737800      0.3873300      0.4004100      0.4125300      0.4238300      0.4343100    
  0.2442330      0.2481670      0.2597370      0.2699400      0.2700200      0.2716300      0.2708200      0.2695100      0.2681400      0.2669300      0.2660200      0.2654400      0.2936600      0.2978600      0.2894100      0.2829700      0.2790000      0.2784700      0.2820300      0.2895900      0.3002700      0.3129100      0.3264600      0.3400700      0.3536200      0.3627000      0.3743300      0.3851000      0.3949800      0.4107700    
  0.2437860      0.2555190      0.2699400      0.2719400      0.2715000      0.2737400      0.2731600      0.2716800      0.2702300      0.2686400      0.2877800      0.2832700      0.3107800      0.2965900      0.2864600      0.2762100      0.2682600      0.2642200      0.2657600      0.2730100      0.2843400      0.2977100      0.3116500      0.3252900      0.3381600      0.3465500      0.3569400      0.3661900      0.3743300      0.3814300    
  0.2519210      0.2699400      0.2730200      0.2739000      0.2763000      0.2764400      0.2757800      0.2745800      0.3026200      0.2976400      0.2923800      0.3271800      0.3123800      0.2976400      0.2841000      0.2694700      0.2563800      0.2475900      0.2471000      0.2556600      0.2691100      0.2840200      0.2986500      0.3122600      0.3245600      0.3354200      0.3411500      0.3488700      0.3552600      0.3604400    
  0.2699400      0.2735900      0.2751000      0.2763000      0.2774570      0.2796300      0.3178600      0.3142500      0.3098100      0.3037700      0.2977400      0.3345700      0.3178600      0.3006600      0.2828000      0.2650500      0.2458700      0.2293800      0.2264300      0.2396100      0.2568500      0.2735300      0.2912300      0.3050100      0.3168600      0.3268200      0.3316000      0.3377900      0.3424200      0.3455700    
  0.2738830      0.2757000      0.2763000      0.2777960      0.2796300      0.3076570      0.3254800      0.3219000      0.3173500      0.3118000      0.3620700      0.3444600      0.3262700      0.3072600      0.2871400      0.2663500      0.2427600      0.2171400      0.2094600      0.2327900      0.2530100      0.2706800      0.2858100      0.2985700      0.3090800      0.3175000      0.3239800      0.3253200      0.3282300      0.3291100    
  0.2760000      0.2763000      0.2779090      0.2796300      0.3042560      0.3254800      0.3236900      0.3215770      0.3357750      0.3920500      0.3744200      0.3562500      0.3373800      0.3176400      0.2970400      0.2753300      0.2542800      0.2337600      0.2282200      0.2409000      0.2570900      0.2720400      0.2849600      0.2956400      0.3041200      0.3105300      0.3150400      0.3178400      0.3159600      0.3159400    
  0.2763000      0.2779460      0.2796300      0.3031220      0.3254800      0.3245850      0.3235820      0.3432730      0.3920500      0.3832350      0.3762740      0.3706900      0.3518200      0.3325000      0.3138200      0.2936900      0.2754100      0.2604900      0.2550600      0.2597000      0.2693100      0.2797800      0.2892700      0.2969500      0.3028300      0.3068400      0.3091200      0.3098900      0.3094200      0.3064300    
  0.2779590      0.2796300      0.3027440      0.3254800      0.3250330      0.3245490      0.3458730      0.3920500      0.3876430      0.3837690      0.3793250      0.3879600      0.3698600      0.3529000      0.3343100      0.3163300      0.3009400      0.2884900      0.2822600      0.2823000      0.2864100      0.2920500      0.2975000      0.3018400      0.3045500      0.3057800      0.3055400      0.3040700      0.3017100      0.3000000    
  0.2796300      0.3026180      0.3254800      0.3252560      0.3250210      0.3468760      0.3920500      0.3898460      0.3870130      0.3836420      0.3879600      0.3789100      0.3714800      0.3752000      0.3581100      0.3419700      0.3278600      0.3169200      0.3096300      0.3064700      0.3063000      0.3075600      0.3089600      0.3096200      0.3091100      0.3072700      0.3040900      0.3001000      0.2967000      0.2922000    
  0.3025760      0.3254800      0.3253680      0.3252520      0.3473010      0.3920500      0.3909480      0.3885340      0.3858010      0.3879600      0.3834350      0.3783880      0.3752000      0.3666550      0.3584270      0.3426470      0.3289170      0.3181370      0.3245120      0.3316600      0.3280300      0.3254600      0.3230200      0.3200100      0.3160000      0.3108600      0.3043700      0.2989200      0.2893700      0.2832000    
  0.3254800      0.3254240      0.3253670      0.3474930      0.3920500      0.3914990      0.3892750      0.3868810      0.3879600      0.3856970      0.3812460      0.3752000      0.3709280      0.3667610      0.3559090      0.3433300      0.3299000      0.3348430      0.3447700      0.3578800      0.3513100      0.3453600      0.3393700      0.3324500      0.3249100      0.3163100      0.3050000      0.2950700      0.2853100      0.2767300    
  0.3254520      0.3254240      0.3475830      0.3920500      0.3917750      0.3896410      0.3874200      0.3879600      0.3868290      0.3825260      0.3752000      0.3730640      0.3709630      0.3645330      0.3553330      0.3430460      0.3434560      0.3513250      0.3578800      0.3616700      0.3758200      0.3668700      0.3575900      0.3475800      0.3339000      0.3224800      0.3094500      0.2958400      0.2824200      0.2703400    
  0.3254520      0.3476270      0.3920500      0.3919120      0.3898230      0.3876900      0.3879600      0.3873940      0.3831290      0.3752000      0.3741320      0.3730750      0.3695200      0.3636090      0.3543040      0.3697900      0.3546030      0.3578800      0.3932960      0.4049650      0.3967760      0.3912400      0.3767600      0.3631800      0.3485400      0.3330400      0.3163000      0.2986900      0.2809500      0.2645000    
  0.3476490      0.3920500      0.3919810      0.3899140      0.3878250      0.3879600      0.3876770      0.3834210      0.3752000      0.3746660      0.3741360      0.3722420      0.3687350      0.4318360      0.4562950      0.4531420      0.4525100      0.4458640      0.4390620      0.4486700      0.4341100      0.4158400      0.3990500      0.3830700      0.3656900      0.3468300      0.3264900      0.3048300      0.2823200      0.2589000    
  0.3920500      0.3920160      0.3899600      0.3878930      0.3879600      0.3878190      0.3835640      0.3752000      0.3749330      0.3746670      0.3736810      0.3717040      0.4914400      0.6414130      0.6399100      0.5570170      0.5523120      0.5471400      0.4919430      0.4635500      0.4632300      0.4444200      0.4252800      0.4065800      0.3863500      0.3645100      0.3409900      0.3157600      0.2877100      0.2598600    
  0.3920330      0.3899820      0.3879260      0.3879600      0.3878890      0.3836360      0.3752000      0.3750660      0.3749330      0.3744270      0.5498470      0.8145900      0.7004290      0.6429740      0.6429170      0.6399100      0.5833370      0.5574850      0.5471400      0.5084120      0.4933100      0.4758900      0.4567800      0.4336700      0.4109400      0.3866300      0.3606700      0.3319500      0.3025400      0.2714600    
  0.3899940      0.3879430      0.3879600      0.3879250      0.3836710      0.3752000      0.3751330      0.3750670      0.3748090      0.5856770      0.8145900      0.8145900      0.8145900      0.7027410      0.6460940      0.6459240      0.6399100      0.5888130      0.5678300      0.5471400      0.5299700      0.5107400      0.4895000      0.4664300      0.4396900      0.4134600      0.3852000      0.3562800      0.3264900      0.2965600    
  0.3879520      0.3879600      0.3879420      0.3836890      0.3752000      0.3751670      0.3751330      0.5515000      0.6891860      0.8147500      0.8145900      0.8145900      0.8145900      0.8145900      0.7073630      0.6524470      0.6519370      0.6399100      0.6003720      0.5885200      0.5701700      0.5492800      0.5260100      0.5007800      0.4744000      0.4446200      0.4158800      0.3868400      0.3580800      0.3310200    
  0.3879600      0.3879510      0.3836980      0.3752000      0.3751830      0.6606590       1.088870       1.084930       1.080990      0.9038240      0.8150690      0.8145900      0.8145900      0.8145900      0.8145900      0.7164910      0.6654950      0.6639650      0.6399100      0.6259200      0.6085700      0.5878300      0.5661900      0.5403100      0.5106700      0.4812500      0.4510500      0.4222900      0.3947200      0.3699000    
  0.3879560      0.3837020      0.3752000      0.3751920      0.7177990       1.088920       1.088920       1.088870       1.084940       1.080990      0.9046480      0.8160280      0.8145900      0.8145900      0.8145900      0.8145900      0.7339430      0.6926100      0.6880200      0.6743500      0.6623000      0.6386200      0.6112400      0.5808900      0.5497900      0.5204300      0.4916400      0.4616300      0.4342200      0.4104200    
