iMOD/TUTORIALS/TUT_MetaswapAnalyser/model_MetaSWAP/meteo/Precipitation/Precipitation_20060309_L1.ASC
NCOLS                30
NROWS                30
XLLCORNER     160000.00
YLLCORNER     340000.00
CELLSIZE        1000.00
NODATA_VALUE   -9999.00
   1.561720       1.579180       1.592740       1.596510       1.576760       1.505490       1.379960       1.231700       1.094200       1.017640       1.009090       1.020010       1.033330       1.049880       1.062150       1.068480       1.073680       1.078990       1.083120       1.085860       1.087560       1.079140       1.078800       1.077040       1.076520       1.076000       1.075520       1.075160       1.075170       1.074360    
   1.523530       1.528610       1.525200       1.508290       1.467350       1.389610       1.276050       1.138530      0.9903200      0.9146800      0.9467500      0.9728400      0.9951000       1.013990       1.029670       1.040220       1.050220       1.056680       1.061610       1.065330       1.067710       1.060740       1.060580       1.058760       1.057720       1.056250       1.054320       1.051920       1.055190       1.050510    
   1.479300       1.474310       1.459360       1.430790       1.381290       1.305570       1.206380       1.092720      0.9841600      0.9277600      0.9323200      0.9524500      0.9717600      0.9926400       1.008510       1.020210       1.030840       1.039000       1.045000       1.049170       1.051270       1.045130       1.043790       1.042980       1.041460       1.039180       1.042570       1.037250       1.029280       1.022340    
   1.436170       1.423710       1.401330       1.366830       1.315000       1.246370       1.164150       1.078870       1.002730      0.9567800      0.9451000      0.9517600      0.9652400      0.9817300      0.9961100       1.007430       1.017510       1.025310       1.031020       1.034960       1.037500       1.037220       1.030000       1.036160       1.033900       1.030470       1.025740       1.019530       1.010540       1.001660    
   1.396480       1.379140       1.353760       1.316660       1.267890       1.208250       1.141420       1.073970       1.017350      0.9799100      0.9662700      0.9635800      0.9697600      0.9811800      0.9901100      0.9999800       1.012530       1.019800       1.025130       1.028900       1.030830       1.032230       1.024110       1.022820       1.020540       1.017110       1.012380       1.004680      0.9978500      0.9906700    
   1.361310       1.341490       1.313820       1.277880       1.233680       1.182680       1.127350       1.074640       1.039780       1.003920      0.9841700      0.9764700      0.9767100      0.9821700      0.9904900      0.9984500       1.005730       1.011180       1.014890       1.017530       1.018920       1.020120       1.012610       1.011560       1.009590       1.006510       1.002280      0.9953200      0.9894400      0.9833700    
   1.330790       1.308940       1.281560       1.247910       1.207220       1.163870       1.118950       1.091540       1.049900       1.019630      0.9994100      0.9883600      0.9844500      0.9853900      0.9905200      0.9958400       1.001470       1.004610       1.006070       1.007040       1.008360       1.009550       1.010340       1.002200       1.000860      0.9985400      0.9932100      0.9890400      0.9840400      0.9786200    
   1.301250       1.280320       1.253820       1.223090       1.188360       1.172860       1.135050       1.093610       1.059650       1.032130       1.011910      0.9986900      0.9914000      0.9885200      0.9907000      0.9931200      0.9972700      0.9977100      0.9969800      0.9973900      0.9985900       1.000200       1.001760      0.9946700      0.9943000      0.9909000      0.9887200      0.9854800      0.9814800      0.9765000    
   1.276060       1.258210       1.233460       1.204780       1.202560       1.167400       1.135050       1.098040       1.067780       1.042230       1.022050       1.007210      0.9971500      0.9933800      0.9898200      0.9884400      0.9884200      0.9879800      0.9869600      0.9874300      0.9891900      0.9918100      0.9946600      0.9889500      0.9877600      0.9878300      0.9867800      0.9847700      0.9813200      0.9768500    
   1.257060       1.239920       1.216660       1.226000       1.195960       1.164500       1.132590       1.102460       1.074850       1.050670       1.030430       1.014190       1.001680      0.9958900      0.9878200      0.9825800      0.9791800      0.9769100      0.9763100      0.9778000      0.9811800      0.9843400      0.9890800      0.9935000      0.9857200      0.9872600      0.9877400      0.9865200      0.9838800      0.9799300    
   1.257160       1.237880       1.225550       1.219630       1.191910       1.158440       1.134570       1.107070       1.081370       1.058130       1.037720       1.020220       1.010780       1.013790      0.9980600      0.9846300      0.9728600      0.9647000      0.9604500      0.9603000      0.9635200      0.9688100      0.9749200      0.9791000      0.9847500      0.9771700      0.9788800      0.9791800      0.9780400      0.9859700    
   1.256180       1.235050       1.219630       1.196760       1.190400       1.158710       1.137500       1.112110       1.087860       1.065300       1.076650       1.053310       1.040530       1.019530      0.9984800      0.9802100      0.9648800      0.9525100      0.9474600      0.9490300      0.9553000      0.9638500      0.9717300      0.9801400      0.9874000      0.9828600      0.9860200      0.9874600      0.9871800      0.9851900    
   1.245940       1.219630       1.197300       1.187740       1.185080       1.166060       1.141720       1.117740       1.141420       1.115160       1.089280       1.078440       1.051760       1.026130       1.000850      0.9774100      0.9562500      0.9407000      0.9334100      0.9385200      0.9484700      0.9610100      0.9732500      0.9842600      0.9935900       1.001020      0.9951900      0.9977600      0.9983500      0.9969700    
   1.219630       1.197110       1.186410       1.185080       1.173660       1.169840       1.210770       1.183230       1.155940       1.128990       1.102730       1.092710       1.064210       1.036000       1.007750      0.9789500      0.9512700      0.9270100      0.9201900      0.9302700      0.9474700      0.9643400      0.9699100      0.9814600      0.9912200      0.9991600      0.9952300      0.9987800       1.000560       1.000540    
   1.196890       1.185750       1.185080       1.176190       1.169840       1.202800       1.227800       1.201090       1.174330       1.147640       1.140840       1.110840       1.081030       1.051090       1.020640      0.9893000      0.9565600      0.9211100      0.9090200      0.9316800      0.9479200      0.9646000      0.9793000      0.9921000       1.003040       1.012120       1.019330       1.014420       1.017420       1.015620    
   1.185410       1.185080       1.177040       1.169840       1.200150       1.227800       1.214440       1.201070       1.178570       1.191230       1.161180       1.131260       1.101330       1.071220       1.034910       1.004450      0.9748600      0.9482500      0.9391800      0.9512600      0.9683500      0.9797600      0.9939800       1.006770       1.018030       1.027710       1.035730       1.041990       1.036540       1.039180    
   1.185080       1.177320       1.169840       1.199260       1.227800       1.221120       1.214440       1.196330       1.191230       1.176210       1.164040       1.155170       1.118110       1.088570       1.061260       1.032360       1.006740      0.9871800      0.9792900      0.9838000      0.9951900       1.008940       1.022940       1.028800       1.040120       1.050280       1.059120       1.066470       1.072170       1.072440    
   1.177410       1.169840       1.198970       1.227800       1.224460       1.221120       1.205780       1.191230       1.183720       1.176220       1.168260       1.181360       1.150960       1.119140       1.090990       1.064860       1.043640       1.027710       1.020060       1.020860       1.027820       1.038170       1.049990       1.062140       1.066290       1.076720       1.086290       1.094740       1.101840       1.112560    
   1.169840       1.198870       1.227800       1.226130       1.224460       1.210650       1.191230       1.187470       1.181470       1.174810       1.181360       1.166160       1.150480       1.150440       1.124300       1.100630       1.080580       1.068630       1.060950       1.059630       1.063540       1.071070       1.080780       1.091620       1.102860       1.113970       1.116830       1.126450       1.140180       1.148400    
   1.198840       1.227800       1.226970       1.226130       1.213120       1.191230       1.189350       1.183920       1.178090       1.181360       1.173760       1.162110       1.150440       1.137370       1.125120       1.101840       1.083280       1.070050       1.085450       1.099120       1.100900       1.106250       1.114180       1.123840       1.134570       1.145820       1.158340       1.176630       1.181190       1.182380    
   1.227800       1.227380       1.226970       1.214360       1.191230       1.190290       1.185120       1.179720       1.181360       1.177560       1.166920       1.150440       1.143900       1.137640       1.121440       1.103410       1.085060       1.099350       1.119030       1.138940       1.139130       1.142790       1.149280       1.159330       1.169650       1.181120       1.193640       1.206260       1.218440       1.229820    
   1.227590       1.227380       1.214980       1.191230       1.190760       1.185710       1.180540       1.181360       1.179460       1.169070       1.150440       1.147170       1.144000       1.134330       1.120830       1.103300       1.111150       1.128980       1.138940       1.152530       1.179530       1.181640       1.186820       1.194680       1.199640       1.217660       1.231060       1.245090       1.259190       1.271940    
   1.227590       1.215300       1.191230       1.191000       1.186000       1.180950       1.181360       1.180410       1.170080       1.150440       1.148810       1.147200       1.141830       1.133050       1.119490       1.145430       1.133960       1.138940       1.194920       1.215070       1.217880       1.217940       1.223840       1.229740       1.240610       1.253400       1.268130       1.284140       1.300750       1.317200    
   1.215450       1.191230       1.191110       1.186150       1.181160       1.181360       1.180890       1.170570       1.150440       1.149620       1.148820       1.145950       1.140700       1.212240       1.247760       1.258130       1.257880       1.258220       1.259720       1.273130       1.250600       1.259710       1.258090       1.265350       1.275940       1.289620       1.305920       1.324190       1.343640       1.361060    
   1.191230       1.191170       1.186220       1.181260       1.181360       1.181120       1.170810       1.150440       1.150030       1.149630       1.148130       1.145150       1.282630       1.456270       1.454590       1.375870       1.382560       1.376820       1.320670       1.290980       1.295660       1.284940       1.293980       1.300440       1.311050       1.325670       1.343790       1.364580       1.385030       1.408710    
   1.191200       1.186260       1.181310       1.181360       1.181240       1.170930       1.150440       1.150240       1.150030       1.149260       1.347510       1.647310       1.521390       1.458010       1.457950       1.454590       1.408450       1.388290       1.376820       1.341770       1.326680       1.323090       1.323370       1.334910       1.345420       1.361120       1.381350       1.403160       1.428940       1.455840    
   1.186280       1.181330       1.181360       1.181300       1.170990       1.150440       1.150340       1.150240       1.149840       1.388280       1.647310       1.647310       1.647310       1.523960       1.461480       1.461300       1.454590       1.414120       1.399760       1.376820       1.367910       1.361850       1.359760       1.363090       1.378680       1.395700       1.417250       1.443890       1.472740       1.502080    
   1.181350       1.181360       1.181330       1.171020       1.150440       1.150390       1.150340       1.364730       1.518770       1.647510       1.647310       1.647310       1.647310       1.647310       1.529120       1.468560       1.468010       1.454590       1.425300       1.422700       1.411230       1.402010       1.396510       1.397070       1.406210       1.428810       1.454860       1.485450       1.517620       1.549200    
   1.181360       1.181350       1.171040       1.150440       1.150410       1.516060       2.064490       2.036500       2.008500       1.768250       1.647910       1.647310       1.647310       1.647310       1.647310       1.539300       1.483070       1.481440       1.454590       1.447100       1.439370       1.431960       1.428350       1.431950       1.438160       1.459440       1.494130       1.529820       1.565690       1.599610    
   1.181350       1.171050       1.150440       1.150430       1.589300       2.064640       2.064640       2.064490       2.036500       2.008500       1.769290       1.649120       1.647310       1.647310       1.647310       1.647310       1.558820       1.513170       1.508280       1.500350       1.496480       1.484570       1.472350       1.462750       1.467540       1.499120       1.542470       1.579040       1.619590       1.655510    
