iMOD/TUTORIALS/TUT_MetaswapAnalyser/model_MetaSWAP/meteo/Precipitation/Precipitation_20061111_L1.ASC
NCOLS                30
NROWS                30
XLLCORNER     160000.00
YLLCORNER     340000.00
CELLSIZE        1000.00
NODATA_VALUE   -9999.00
   2.988930       3.052050       3.104930       3.148180       3.184090       3.212860       3.234100       3.242440       3.230080       3.173810       3.072010       2.966020       2.866850       2.796510       2.729500       2.685910       2.619820       2.598250       2.604120       2.626840       2.664570       2.697610       2.757050       2.816310       2.891100       2.969970       3.050980       3.132460       3.213200       3.297050    
   2.908790       2.968290       3.024010       3.069310       3.108760       3.141440       3.167720       3.186310       3.197190       3.153880       3.041700       2.934060       2.837790       2.772110       2.706130       2.624370       2.589250       2.571370       2.559390       2.571800       2.597960       2.620460       2.666770       2.713030       2.773320       2.836980       2.901870       2.966030       3.053170       3.112550    
   2.828230       2.884560       2.933820       2.977610       3.025000       3.056020       3.079870       3.094240       3.092350       3.050450       2.966550       2.873440       2.788420       2.721090       2.656560       2.581570       2.542410       2.518610       2.509870       2.515270       2.522250       2.536220       2.564010       2.607590       2.656200       2.707590       2.785910       2.831410       2.876170       2.908880    
   2.751370       2.803110       2.848470       2.888120       2.920840       2.947000       2.965100       2.981990       2.969000       2.929390       2.865870       2.790550       2.714040       2.650200       2.589040       2.521750       2.479530       2.451420       2.437420       2.436710       2.447890       2.451060       2.466640       2.529430       2.567670       2.607430       2.646340       2.682000       2.715520       2.736040    
   2.677860       2.723890       2.763860       2.797340       2.824180       2.843550       2.853840       2.853150       2.836640       2.802750       2.754040       2.694190       2.630070       2.572120       2.505300       2.446520       2.417880       2.389180       2.374160       2.371680       2.373790       2.391160       2.398080       2.418020       2.450340       2.484180       2.517410       2.552930       2.578220       2.600720    
   2.607660       2.646440       2.680010       2.707150       2.727300       2.739540       2.743290       2.735240       2.709960       2.680760       2.635970       2.582790       2.526150       2.468800       2.421790       2.365480       2.320380       2.289480       2.272890       2.268580       2.269270       2.283840       2.289130       2.314580       2.343410       2.367300       2.397990       2.431720       2.457270       2.481180    
   2.525930       2.571820       2.598790       2.619260       2.633760       2.638800       2.634900       2.614120       2.595360       2.561280       2.517780       2.467220       2.412560       2.357740       2.319740       2.260300       2.210810       2.178960       2.163100       2.154640       2.159690       2.173530       2.194410       2.203730       2.231820       2.261570       2.297090       2.324910       2.347440       2.372360    
   2.483750       2.489110       2.522580       2.536130       2.542560       2.529630       2.521290       2.508950       2.481810       2.445630       2.401480       2.351190       2.297080       2.240530       2.211400       2.149150       2.094610       2.063010       2.045590       2.040530       2.046170       2.061050       2.083240       2.094490       2.123850       2.161020       2.191870       2.221820       2.251000       2.277110    
   2.423500       2.419280       2.434410       2.456060       2.441320       2.435180       2.421400       2.404900       2.373920       2.334900       2.288780       2.237070       2.181760       2.166570       2.100300       2.036260       1.983430       1.947790       1.927600       1.922350       1.929650       1.947250       1.972630       1.987410       2.025630       2.059250       2.092970       2.126740       2.157700       2.186320    
   2.363370       2.353820       2.363140       2.355330       2.358240       2.346680       2.334410       2.307390       2.272530       2.230210       2.181250       2.126920       2.069000       2.060900       1.985240       1.920800       1.867330       1.827110       1.805550       1.801670       1.812830       1.833190       1.863590       1.899100       1.925370       1.962830       2.001070       2.037100       2.071290       2.102980    
   2.352350       2.360110       2.338590       2.282090       2.274040       2.275860       2.248300       2.217100       2.178450       2.132670       2.080410       2.022720       2.037320       1.944890       1.871910       1.802210       1.741720       1.699530       1.678950       1.679890       1.698570       1.729660       1.768310       1.816050       1.862180       1.883450       1.924440       1.963750       2.000870       2.026280    
   2.350250       2.333290       2.282090       2.226390       2.202010       2.193650       2.162730       2.134590       2.092460       2.043360       1.975870       1.916400       1.927860       1.850620       1.762410       1.683680       1.617420       1.565270       1.543870       1.551070       1.579690       1.620840       1.673810       1.723790       1.773670       1.802380       1.847180       1.889870       1.930190       1.967860    
   2.324820       2.282090       2.207660       2.174720       2.147430       2.119980       2.090350       2.053760       1.996780       1.947720       1.891170       1.944490       1.851960       1.757760       1.661080       1.570710       1.489640       1.431010       1.403580       1.422510       1.470140       1.524780       1.581960       1.638560       1.693250       1.745470       1.773740       1.819000       1.861870       1.902320    
   2.282090       2.199560       2.161070       2.147430       2.108530       2.058190       2.007750       1.970150       1.925850       1.874620       1.816970       1.872720       1.777120       1.678440       1.577210       1.472990       1.372990       1.288700       1.266100       1.306030       1.371420       1.438590       1.501840       1.562910       1.620440       1.674560       1.706440       1.753160       1.797600       1.840020    
   2.195830       2.154250       2.147430       2.104720       2.058190       2.006120       1.952420       1.912920       1.867040       1.814700       1.900170       1.809060       1.713970       1.614910       1.511850       1.403090       1.292170       1.176540       1.139620       1.231600       1.300060       1.372470       1.439520       1.501760       1.559690       1.613810       1.664610       1.693370       1.738170       1.787680    
   2.150840       2.147430       2.103450       2.058190       2.005580       1.952420       1.932670       1.910790       1.883030       1.937440       1.851340       1.761600       1.668310       1.571640       1.470340       1.368580       1.262700       1.178310       1.157620       1.214050       1.289430       1.336070       1.399890       1.459750       1.515690       1.568000       1.617120       1.663520       1.688770       1.731300    
   2.147430       2.103020       2.058190       2.005400       1.952420       1.942540       1.931960       1.915980       1.937440       1.894390       1.789510       1.726640       1.635430       1.544120       1.439950       1.353900       1.275460       1.218810       1.203130       1.231230       1.283670       1.344440       1.406140       1.426080       1.476580       1.524330       1.569490       1.612440       1.653680       1.678770    
   2.102880       2.058190       2.005340       1.952420       1.947480       1.942310       1.931980       1.937440       1.915920       1.798080       1.698580       1.670510       1.592370       1.514350       1.436680       1.363690       1.301770       1.259600       1.245190       1.259240       1.293740       1.339090       1.388570       1.438310       1.446450       1.487940       1.527600       1.565660       1.602620       1.640870    
   2.058190       2.005320       1.952420       1.949950       1.947400       1.939800       1.937440       1.926680       1.801300       1.684540       1.670510       1.631440       1.572150       1.511370       1.443220       1.381290       1.330080       1.296690       1.282400       1.288190       1.310060       1.342320       1.379960       1.419390       1.458350       1.495550       1.490610       1.522570       1.555720       1.578710    
   2.005310       1.952420       1.951190       1.949920       1.943650       1.937440       1.932060       1.802690       1.677530       1.670510       1.650970       1.596370       1.511370       1.477290       1.445290       1.384860       1.336020       1.303060       1.304350       1.315150       1.327920       1.349690       1.376850       1.406430       1.436280       1.465030       1.486730       1.513690       1.541000       1.531970    
   1.952420       1.951800       1.951180       1.945550       1.937440       1.934750       1.803340       1.674020       1.670510       1.660740       1.607310       1.511370       1.494330       1.477990       1.435820       1.388730       1.341310       1.321990       1.327220       1.339300       1.345260       1.358680       1.376920       1.392200       1.413500       1.433950       1.457550       1.474840       1.491050       1.507590    
   1.952110       1.951800       1.946490       1.937440       1.936090       1.803660       1.672260       1.670510       1.665630       1.612480       1.511370       1.502850       1.494560       1.469380       1.434180       1.388620       1.344920       1.333260       1.339300       1.346480       1.354890       1.362100       1.373260       1.386420       1.403330       1.418680       1.429090       1.437520       1.444660       1.451600    
   1.952110       1.946960       1.937440       1.936770       1.803820       1.671390       1.670510       1.668070       1.615000       1.511370       1.507110       1.502930       1.488930       1.466040       1.430720       1.378050       1.336280       1.339300       1.360170       1.366160       1.371010       1.371200       1.384200       1.390060       1.396270       1.401280       1.403800       1.403530       1.400990       1.398270    
   1.947190       1.937440       1.937100       1.803900       1.670950       1.670510       1.669290       1.616240       1.511370       1.509240       1.507140       1.499660       1.485970       1.468640       1.431660       1.385640       1.386260       1.384900       1.383520       1.388730       1.377440       1.389400       1.388100       1.388920       1.389370       1.388000       1.383600       1.375290       1.362970       1.354030    
   1.937440       1.937270       1.803940       1.670730       1.670510       1.669900       1.616850       1.511370       1.510310       1.509250       1.505340       1.497590       1.486510       1.489080       1.488860       1.440620       1.434380       1.433210       1.408280       1.395670       1.400010       1.391300       1.392820       1.389470       1.385480       1.379380       1.369720       1.355180       1.340020       1.312510    
   1.937360       1.803960       1.670620       1.670510       1.670200       1.617160       1.511370       1.510840       1.510310       1.508300       1.506080       1.509110       1.495840       1.489190       1.489300       1.488860       1.453000       1.435550       1.433210       1.415510       1.409560       1.400010       1.392410       1.391580       1.384630       1.375580       1.362900       1.349490       1.324920       1.292300    
   1.803970       1.670560       1.670510       1.670360       1.617310       1.511370       1.511100       1.510840       1.509810       1.508580       1.509110       1.509110       1.509110       1.495990       1.489410       1.489740       1.488860       1.454390       1.437890       1.433210       1.419280       1.407990       1.398540       1.390010       1.386380       1.376200       1.366020       1.348640       1.325500       1.297290    
   1.670540       1.670510       1.670430       1.617390       1.511370       1.511240       1.511100       1.525060       1.522620       1.509110       1.509110       1.509110       1.509110       1.509110       1.496130       1.489630       1.490610       1.488860       1.457590       1.442560       1.427550       1.415040       1.404420       1.395020       1.386030       1.381680       1.370850       1.356090       1.337610       1.317550    
   1.670510       1.670470       1.617430       1.511370       1.511300       1.557610       1.627150       1.597810       1.568480       1.528910       1.509120       1.509110       1.509110       1.509110       1.509110       1.496030       1.489430       1.492370       1.488860       1.465750       1.446110       1.429450       1.409470       1.396840       1.391130       1.385100       1.379440       1.368590       1.355590       1.342850    
   1.670490       1.617440       1.511370       1.511340       1.566960       1.627210       1.627210       1.627150       1.597810       1.568480       1.528930       1.509140       1.509110       1.509110       1.509110       1.509110       1.494970       1.487060       1.495870       1.471830       1.437330       1.424510       1.413620       1.404190       1.396740       1.391430       1.385440       1.382400       1.375340       1.368200    
