iMOD/TUTORIALS/TUT_MetaswapAnalyser/model_MetaSWAP/meteo/Precipitation/Precipitation_20051206_L1.ASC
NCOLS                30
NROWS                30
XLLCORNER     160000.00
YLLCORNER     340000.00
CELLSIZE        1000.00
NODATA_VALUE   -9999.00
  0.1796400      0.1820700      0.1853500      0.1931800      0.2179200      0.2766700      0.3901200      0.5487800      0.7254100      0.8430200      0.8664500      0.8575700      0.8384400      0.8182700      0.7945500      0.7662400      0.7254800      0.7000300      0.6738600      0.6476400      0.6213900      0.5894900      0.5626500      0.5361100      0.5090100      0.4818900      0.4550700      0.4292900      0.4061100      0.3902100    
  0.2053500      0.2138500      0.2232000      0.2457100      0.2899000      0.3629600      0.4803000      0.6447700      0.8539900      0.9830000      0.9444500      0.9082600      0.8745000      0.8409700      0.8087400      0.7638900      0.7327900      0.7001900      0.6716900      0.6434700      0.6158500      0.5835000      0.5558200      0.5283100      0.5000200      0.4712400      0.4419800      0.4126300      0.3922300      0.3692500    
  0.2298100      0.2449300      0.2663700      0.3033900      0.3518300      0.4305200      0.5430900      0.6889200      0.8482000      0.9453300      0.9458000      0.9176100      0.8816900      0.8470600      0.8097600      0.7639100      0.7292800      0.6967100      0.6661500      0.6371900      0.6099700      0.5780200      0.5507000      0.5226500      0.4939400      0.4643000      0.4423500      0.4084200      0.3753400      0.3399200    
  0.2554400      0.2760200      0.3039400      0.3474900      0.4024800      0.4785600      0.5775400      0.6925400      0.8049000      0.8783200      0.9024200      0.8921600      0.8664300      0.8342500      0.7986000      0.7551100      0.7191500      0.6860000      0.6556800      0.6275400      0.6006900      0.5753700      0.5445200      0.5278700      0.4989600      0.4686300      0.4366300      0.4027700      0.3687500      0.3306900    
  0.2806200      0.3050000      0.3409800      0.3825200      0.4371600      0.5068600      0.5905600      0.6771300      0.7619100      0.8233800      0.8575600      0.8568200      0.8396500      0.8132500      0.7755200      0.7363000      0.7067800      0.6752800      0.6476700      0.6225500      0.6002300      0.5762100      0.5467100      0.5212700      0.4943600      0.4661300      0.4365400      0.4085300      0.3770400      0.3496600    
  0.3042300      0.3341000      0.3672200      0.4087700      0.4602300      0.5218700      0.5869300      0.6582600      0.7346800      0.7818900      0.8079300      0.8130900      0.8008700      0.7777700      0.7503100      0.7131600      0.6777900      0.6486200      0.6251800      0.6041900      0.5852300      0.5644600      0.5383200      0.5154400      0.4915100      0.4667300      0.4409000      0.4175800      0.3925200      0.3724300    
  0.3284800      0.3547100      0.3877900      0.4275300      0.4683800      0.5223500      0.5806600      0.6528900      0.7025000      0.7404800      0.7626300      0.7685000      0.7600900      0.7398900      0.7177000      0.6798700      0.6422900      0.6173000      0.6007300      0.5860100      0.5697500      0.5526600      0.5346100      0.5108700      0.4905100      0.4693500      0.4510700      0.4293700      0.4097100      0.3940400    
  0.3389400      0.3657200      0.3963900      0.4335900      0.4758900      0.5443000      0.5898100      0.6346200      0.6743400      0.7044000      0.7222700      0.7272100      0.7200800      0.7027300      0.6864000      0.6493600      0.6086300      0.5894800      0.5791600      0.5673400      0.5546500      0.5411900      0.5268900      0.5070500      0.4905800      0.4771500      0.4593700      0.4421000      0.4232800      0.4118400    
  0.3454600      0.3792600      0.4093300      0.4417200      0.5058100      0.5448800      0.5820000      0.6179500      0.6494500      0.6730300      0.6868400      0.6901900      0.6834800      0.6878200      0.6580300      0.6256800      0.5949000      0.5740400      0.5608600      0.5502000      0.5401600      0.5301100      0.5196400      0.5038000      0.4951900      0.4818300      0.4681400      0.4507200      0.4395400      0.4302300    
  0.3573900      0.3901100      0.4178200      0.4796900      0.5104700      0.5437400      0.5729900      0.6027600      0.6277100      0.6459500      0.6561200      0.6576500      0.6508300      0.6598100      0.6331400      0.6040300      0.5773700      0.5574500      0.5436400      0.5339900      0.5266700      0.5192400      0.5127800      0.5057800      0.4962900      0.4869500      0.4726600      0.4635100      0.4549100      0.4473800    
  0.3611730      0.3884400      0.4436800      0.4871000      0.5153900      0.5390800      0.5652800      0.5893600      0.6090300      0.6228600      0.6298300      0.6295000      0.6568300      0.6212700      0.5975600      0.5751100      0.5535000      0.5370400      0.5262600      0.5205800      0.5182800      0.5174400      0.5165700      0.5180600      0.5100500      0.4983600      0.4923200      0.4856400      0.4787400      0.4636300    
  0.3621540      0.4200980      0.4871000      0.5092970      0.5178700      0.5387400      0.5601200      0.5779800      0.5933600      0.6035500      0.5870200      0.5877900      0.6150300      0.5934700      0.5725700      0.5500300      0.5288700      0.5113600      0.5019400      0.4998500      0.5025600      0.5070600      0.5104100      0.5131500      0.5141600      0.5068900      0.5040000      0.4999400      0.4950400      0.4896300    
  0.4019960      0.4871000      0.5076440      0.5173500      0.5168300      0.5362100      0.5547100      0.5703800      0.5530000      0.5613700      0.5661800      0.6037100      0.5899600      0.5716300      0.5497700      0.5254100      0.5013800      0.4823900      0.4734600      0.4767300      0.4869000      0.4976900      0.5071700      0.5144900      0.5194200      0.5220300      0.5152900      0.5135400      0.5104100      0.5061700    
  0.4871000      0.5071660      0.5170900      0.5168300      0.5294870      0.5354200      0.5134800      0.5281900      0.5397300      0.5518100      0.5544100      0.5875800      0.5731000      0.5541200      0.5309800      0.5044900      0.4738500      0.4487300      0.4417500      0.4556500      0.4747700      0.4922500      0.5053100      0.5164000      0.5245000      0.5298300      0.5259000      0.5261400      0.5246000      0.5215000    
  0.5070140      0.5169600      0.5168300      0.5272460      0.5354200      0.5131800      0.4906400      0.5040300      0.5147200      0.5220800      0.5728100      0.5642300      0.5514900      0.5345000      0.5132200      0.4885900      0.4584200      0.4240300      0.4138400      0.4451200      0.4698700      0.4916000      0.5093400      0.5234000      0.5340600      0.5416300      0.5464000      0.5415300      0.5413100      0.5378500    
  0.5168950      0.5168300      0.5264990      0.5354200      0.5130800      0.4906400      0.4973350      0.5031300      0.5277130      0.5700200      0.5648700      0.5563200      0.5441700      0.5283300      0.5095900      0.4866000      0.4594900      0.4366500      0.4331600      0.4537600      0.4786100      0.4984900      0.5172700      0.5326700      0.5447800      0.5537800      0.5598900      0.5633600      0.5573500      0.5562600    
  0.5168300      0.5262500      0.5354200      0.5130470      0.4906400      0.4939880      0.4970350      0.5245490      0.5700200      0.5674450      0.5587880      0.5522100      0.5424900      0.5288200      0.5080500      0.4908300      0.4745600      0.4626000      0.4626300      0.4757600      0.4952900      0.5157000      0.5345000      0.5466500      0.5594100      0.5692500      0.5762600      0.5805900      0.5824300      0.5674900    
  0.5261660      0.5354200      0.5130360      0.4906400      0.4923140      0.4938880      0.5213980      0.5700200      0.5687330      0.5596280      0.5513650      0.5505200      0.5420600      0.5267100      0.5151900      0.5033100      0.4940500      0.4885900      0.4909000      0.5013000      0.5170200      0.5346900      0.5519600      0.5675000      0.5764300      0.5865500      0.5939800      0.5988100      0.6011600      0.5937700    
  0.5354200      0.5130320      0.4906400      0.4914770      0.4922800      0.5194050      0.5700200      0.5693760      0.5599690      0.5509430      0.5505200      0.5462900      0.5380250      0.5328100      0.5252000      0.5180700      0.5129700      0.5130900      0.5172900      0.5269200      0.5405500      0.5561500      0.5719100      0.5865300      0.5991900      0.6094300      0.6127900      0.6177400      0.6129600      0.6123600    
  0.5130310      0.4906400      0.4910580      0.4914660      0.5182960      0.5700200      0.5696980      0.5601230      0.5507310      0.5505200      0.5484050      0.5419110      0.5328100      0.5290050      0.5253600      0.5187470      0.5147100      0.5144500      0.5365900      0.5514100      0.5641400      0.5785000      0.5931500      0.6069200      0.6190000      0.6288400      0.6379200      0.6325000      0.6239800      0.6231200    
  0.4906400      0.4908490      0.4910550      0.5177100      0.5700200      0.5698590      0.5601970      0.5506260      0.5505200      0.5494630      0.5434120      0.5328100      0.5309080      0.5290580      0.5243710      0.5196060      0.5159690      0.5405630      0.5628250      0.5742400      0.5868500      0.6007100      0.6147200      0.6300000      0.6414300      0.6506700      0.6361000      0.6405300      0.6433900      0.6450800    
  0.4907450      0.4908480      0.5174080      0.5700200      0.5699390      0.5602340      0.5505730      0.5505200      0.5499910      0.5440510      0.5328100      0.5318590      0.5309250      0.5281120      0.5243450      0.5199820      0.5437820      0.5685330      0.5742400      0.5907270      0.6110900      0.6246900      0.6383200      0.6510500      0.6487500      0.6553000      0.6601100      0.6631700      0.6645400      0.6630300    
  0.4907440      0.5172550      0.5700200      0.5699800      0.5602520      0.5505460      0.5505200      0.5502560      0.5443430      0.5328100      0.5323340      0.5318650      0.5302990      0.5277940      0.5241460      0.5587140      0.5713860      0.5742400      0.6116600      0.6274100      0.6363680      0.6398600      0.6545100      0.6652900      0.6714600      0.6769700      0.6808400      0.6827300      0.6827100      0.6812000    
  0.5171780      0.5700200      0.5700000      0.5602610      0.5505330      0.5505200      0.5503880      0.5444820      0.5328100      0.5325720      0.5323360      0.5314990      0.5299860      0.5680320      0.6019550      0.6333020      0.6340750      0.6410720      0.6495730      0.6542650      0.6437300      0.6624700      0.6785000      0.6863400      0.6932600      0.6984900      0.7015600      0.7022100      0.7005000      0.7005400    
  0.5700200      0.5700100      0.5602660      0.5505270      0.5505200      0.5504540      0.5445500      0.5328100      0.5326910      0.5325730      0.5321360      0.5312740      0.6016940      0.6896430      0.6898900      0.6778830      0.6944440      0.6939100      0.6759780      0.6670430      0.6648000      0.6858200      0.6984300      0.7070000      0.7142200      0.7192600      0.7216100      0.7210600      0.7210000      0.7142900    
  0.5700150      0.5602680      0.5505230      0.5505200      0.5504870      0.5445830      0.5328100      0.5327500      0.5326910      0.5324670      0.5695600      0.6259100      0.6681190      0.6893110      0.6893960      0.6898900      0.6931250      0.6949780      0.6939100      0.6886930      0.6926000      0.7022300      0.7126200      0.7259400      0.7338900      0.7389400      0.7406300      0.7418800      0.7368700      0.7286500    
  0.5602690      0.5505220      0.5505200      0.5505030      0.5446000      0.5328100      0.5327800      0.5327510      0.5326360      0.5773080      0.6259100      0.6259100      0.6259100      0.6676130      0.6886470      0.6889010      0.6898900      0.6937210      0.6960450      0.6939100      0.7034600      0.7152200      0.7279000      0.7397600      0.7518900      0.7570400      0.7601600      0.7576200      0.7517800      0.7435000    
  0.5505210      0.5505200      0.5505120      0.5446080      0.5328100      0.5327950      0.5327800      0.5303520      0.5638780      0.6258380      0.6259100      0.6259100      0.6259100      0.6259100      0.6664980      0.6871510      0.6879130      0.6898900      0.6950370      0.6981800      0.7095800      0.7238600      0.7396300      0.7545100      0.7657000      0.7740700      0.7744300      0.7705100      0.7639800      0.7562200    
  0.5505200      0.5505160      0.5446130      0.5328100      0.5328030      0.5334600      0.5344600      0.5288490      0.5232400      0.5914930      0.6256950      0.6259100      0.6259100      0.6259100      0.6259100      0.6640300      0.6836490      0.6859350      0.6898900      0.6981700      0.7108600      0.7275700      0.7433600      0.7640800      0.7796600      0.7853300      0.7844200      0.7784900      0.7712600      0.7641200    
  0.5505180      0.5446150      0.5328100      0.5328060      0.5335970      0.5344570      0.5344570      0.5344600      0.5288460      0.5232400      0.5911250      0.6252660      0.6259100      0.6259100      0.6259100      0.6259100      0.6586480      0.6751230      0.6819800      0.6902300      0.6949800      0.7165000      0.7425400      0.7706500      0.7912200      0.7930400      0.7860000      0.7786000      0.7715400      0.7655200    
