iMOD/TUTORIALS/TUT_MetaswapAnalyser/model_MetaSWAP/meteo/Precipitation/Precipitation_20050108_L1.ASC
NCOLS                30
NROWS                30
XLLCORNER     160000.00
YLLCORNER     340000.00
CELLSIZE        1000.00
NODATA_VALUE   -9999.00
   0.000000       0.000000       0.000000       0.000000       0.000000       0.000000       0.000000       0.000000       0.000000       0.000000       0.000000       0.000000       0.000000       0.000000      0.1915000      0.2287700      0.2627400      0.2947200      0.3241400      0.3502600      0.3731400      0.3930500      0.4100200      0.4233100      0.4352900      0.4451600      0.4530300      0.4590400      0.4634600      0.4672500    
   0.000000       0.000000       0.000000       0.000000       0.000000       0.000000       0.000000       0.000000       0.000000       0.000000       0.000000       0.000000       0.000000       0.000000      0.1995400      0.2395700      0.2785100      0.3145900      0.3466400      0.3756100      0.4010000      0.4231700      0.4422500      0.4576300      0.4716300      0.4835300      0.4934300      0.5014500      0.5056200      0.5114700    
   0.000000       0.000000       0.000000       0.000000       0.000000       0.000000       0.000000       0.000000       0.000000       0.000000       0.000000       0.000000       0.000000       0.000000      0.2139200      0.2576200      0.2997100      0.3387900      0.3740400      0.4052100      0.4318400      0.4558100      0.4758100      0.4939900      0.5100000      0.5240400      0.5341800      0.5448300      0.5537800      0.5610800    
   0.000000       0.000000       0.000000       0.000000       0.000000       0.000000       0.000000       0.000000       0.000000       0.000000       0.000000       0.000000       0.000000      0.1901000      0.2357700      0.2824900      0.3270400      0.3683300      0.4052300      0.4376200      0.4660200      0.4896800      0.5117900      0.5296200      0.5477500      0.5642100      0.5791000      0.5924000      0.6043200      0.6143100    
   0.000000       0.000000       0.000000       0.000000       0.000000       0.000000       0.000000       0.000000       0.000000       0.000000       0.000000       0.000000      0.1761900      0.2186400      0.2644200      0.3139700      0.3598200      0.4020100      0.4389800      0.4711200      0.4992700      0.5246600      0.5479200      0.5684400      0.5884100      0.6070800      0.6244700      0.6410500      0.6559300      0.6697000    
   0.000000       0.000000       0.000000       0.000000       0.000000       0.000000       0.000000       0.000000       0.000000       0.000000       0.000000      0.1771600      0.2081200      0.2523200      0.3027200      0.3515700      0.3999300      0.4425400      0.4779300      0.5083900      0.5356300      0.5610300      0.5850400      0.6079600      0.6299000      0.6495400      0.6694300      0.6889900      0.7067600      0.7233000    
  0.1864600       0.000000       0.000000       0.000000       0.000000       0.000000       0.000000       0.000000       0.000000       0.000000      0.1896700      0.2143800      0.2474700      0.2860400      0.3410900      0.3923400      0.4452200      0.4863700      0.5168300      0.5441500      0.5702000      0.5956300      0.6206300      0.6451000      0.6691200      0.6924500      0.7158700      0.7374300      0.7561100      0.7749400    
  0.1926500      0.2067500      0.1904300      0.1865700      0.1827700      0.1907600      0.1920500      0.1958200      0.1998000      0.2096700      0.2265100      0.2509200      0.2830900      0.3239800      0.3749200      0.4275400      0.4871200      0.5236500      0.5491100      0.5745700      0.6004100      0.6267200      0.6533900      0.6800100      0.7065500      0.7335700      0.7589900      0.7832200      0.8053700      0.8257400    
  0.2185100      0.2213600      0.2185100      0.2025500      0.2154300      0.2141400      0.2190700      0.2264600      0.2326100      0.2439000      0.2612200      0.2851400      0.3159400      0.3677900      0.4044500      0.4522100      0.5008100      0.5388500      0.5690200      0.5964700      0.6243100      0.6530500      0.6825400      0.7122000      0.7428600      0.7723500      0.8008600      0.8274900      0.8523500      0.8750200    
  0.2316400      0.2363500      0.2348700      0.2503700      0.2361800      0.2371200      0.2516800      0.2557800      0.2635300      0.2757400      0.2931000      0.3160600      0.3448200      0.3949600      0.4320000      0.4677300      0.5066400      0.5445300      0.5777200      0.6091300      0.6408700      0.6741900      0.7078500      0.7418600      0.7764900      0.8097900      0.8413500      0.8713000      0.8990300      0.9241200    
  0.2334630      0.2342870      0.2481380      0.2709600      0.2715600      0.2733600      0.2778900      0.2835000      0.2923200      0.3049600      0.3218900      0.3434000      0.3916700      0.3972000      0.4281900      0.4661200      0.5027300      0.5415600      0.5790400      0.6163700      0.6544200      0.6932500      0.7324800      0.7726600      0.8110500      0.8489900      0.8845800      0.9179100      0.9484600      0.9738200    
  0.2333510      0.2467120      0.2709600      0.2929120      0.2932900      0.3141300      0.3190600      0.3094900      0.3189500      0.3316100      0.3186100      0.3406200      0.3861100      0.4044600      0.4374000      0.4691200      0.5019400      0.5354100      0.5740300      0.6161600      0.6608800      0.7067200      0.7530700      0.7984200      0.8426300      0.8849600      0.9253000      0.9629200      0.9972200       1.027570    
  0.2459660      0.2709600      0.3035690      0.3145650      0.3358400      0.3405000      0.3448100      0.3511300      0.3176700      0.3196000      0.3368900      0.3704000      0.3918000      0.4156200      0.4437800      0.4692800      0.4954900      0.5248500      0.5629200      0.6110600      0.6644700      0.7185600      0.7719400      0.8239700      0.8742900      0.9225400      0.9678600       1.010080       1.048360       1.081970    
  0.2709600      0.3088930      0.3252020      0.3358400      0.3468600      0.3642400      0.3168700      0.3253500      0.3360300      0.3401800      0.3563000      0.3857200      0.4047700      0.4253300      0.4464500      0.4693300      0.4857700      0.5074800      0.5451300      0.6046600      0.6682300      0.7308700      0.7891200      0.8473500      0.9035100      0.9573200       1.008320       1.055480       1.098210       1.135640    
  0.3115540      0.3305210      0.3358400      0.3489800      0.3642400      0.3306030      0.3107000      0.3203500      0.3320000      0.3457900      0.3894500      0.4044600      0.4210900      0.4386800      0.4563200      0.4691500      0.4843700      0.4966000      0.5293100      0.6037500      0.6757500      0.7444300      0.8108300      0.8752000      0.9375300      0.9974700       1.054400       1.107540       1.155350       1.196950    
  0.3331810      0.3358400      0.3496870      0.3642400      0.3351810      0.3107000      0.3155250      0.3210170      0.3471120      0.3903100      0.4028800      0.4172200      0.4330200      0.4497800      0.4737300      0.4888100      0.5116800      0.5259700      0.5618700      0.6255000      0.6959600      0.7665700      0.8372400      0.9067800      0.9748400       1.040860       1.103970       1.163020       1.216850       1.263250    
  0.3358400      0.3499220      0.3642400      0.3367070      0.3107000      0.3131120      0.3157470      0.3434910      0.3903100      0.3965950      0.4229100      0.4290100      0.4553000      0.4707800      0.5023500      0.5176400      0.5371000      0.5620600      0.6018000      0.6580800      0.7242700      0.7947600      0.8670200      0.9396200       1.013280       1.085770       1.155870       1.222010       1.282320       1.334930    
  0.3500010      0.3642400      0.3372160      0.3107000      0.3119060      0.3131870      0.3406650      0.3903100      0.3934520      0.4274030      0.4520700      0.4751300      0.4875100      0.5029000      0.5190100      0.5380600      0.5634700      0.5946100      0.6368800      0.6911100      0.7548900      0.8250500      0.8992700      0.9760700       1.053140       1.132590       1.210530       1.284880       1.353150       1.411990    
  0.3642400      0.3373850      0.3107000      0.3113030      0.3119310      0.3390170      0.3903100      0.3918810      0.4299790      0.4636000      0.4751300      0.4813200      0.4954720      0.5163500      0.5346900      0.5570100      0.5848600      0.6218100      0.6661600      0.7204400      0.7837600      0.8544700      0.9309900       1.011970       1.096170       1.182150       1.267160       1.351240       1.428510       1.496080    
  0.3374420      0.3107000      0.3110020      0.3113110      0.3381400      0.3903100      0.3910960      0.4313330      0.4693650      0.4751300      0.4782250      0.4920680      0.5163500      0.5255200      0.5360170      0.5588530      0.5878930      0.6242770      0.7028940      0.7443300      0.8083500      0.8805100      0.9598800       1.045490       1.136240       1.230680       1.327220       1.421160       1.509190       1.587680    
  0.3107000      0.3108510      0.3110040      0.3376910      0.3903100      0.3907030      0.4320230      0.4722470      0.4751300      0.4766770      0.4904430      0.5163500      0.5209350      0.5259620      0.5401300      0.5609210      0.5903410      0.6859650      0.7530300      0.7617300      0.8269900      0.9011200      0.9837500       1.075020       1.172740       1.276430       1.381820       1.489480       1.594170       1.689640    
  0.3107750      0.3108520      0.3374640      0.3903100      0.3905060      0.4323710      0.4736890      0.4751300      0.4759040      0.4896500      0.5163500      0.5186420      0.5210820      0.5290090      0.5423380      0.5637970      0.6712670      0.7573800      0.7617300      0.8093700      0.8393900      0.9154900       1.001350       1.096890       1.204070       1.326310       1.443980       1.566380       1.688750       1.794500    
  0.3107760      0.3373500      0.3903100      0.3904080      0.4325450      0.4744090      0.4751300      0.4755170      0.4892580      0.5163500      0.5174960      0.5186920      0.5229110      0.5308100      0.5450480      0.6565730      0.7595550      0.7617300      0.8201070      0.8515050      0.9013860      0.9437300       1.032970       1.128750       1.235600       1.352330       1.482860       1.622410       1.766740       1.907090    
  0.3372930      0.3903100      0.3903590      0.4326330      0.4747700      0.4751300      0.4753230      0.4890640      0.5163500      0.5169230      0.5175130      0.5197000      0.5241370      0.5507370      0.6282250      0.7433850      0.7459050      0.7944100      0.8519610      0.8578250      0.8636200      0.9447000       1.026090       1.125600       1.238850       1.366360       1.508350       1.664290       1.831980       2.004730    
  0.3903100      0.3903350      0.4326760      0.4749500      0.4751300      0.4752270      0.4889670      0.5163500      0.5166360      0.5169290      0.5180450      0.5204500      0.5596410      0.6025580      0.6041800      0.6893560      0.7246950      0.7300800      0.8081710      0.8465530      0.8520300      0.9242400       1.010890       1.112240       1.228920       1.361920       1.512170       1.680530       1.869080       2.072640    
  0.3903220      0.4326980      0.4750400      0.4751300      0.4751780      0.4889180      0.5163500      0.5164930      0.5166380      0.5172030      0.5006450      0.4739000      0.5584490      0.6010720      0.6009360      0.6041800      0.6826440      0.7193100      0.7300800      0.7982270      0.8240100      0.8963000      0.9823900       1.083440       1.201170       1.336320       1.489920       1.667190       1.859880       2.075790    
  0.4327090      0.4750850      0.4751300      0.4751540      0.4888940      0.5163500      0.5164220      0.5164940      0.5167780      0.4964570      0.4739000      0.4739000      0.4739000      0.5562680      0.5981020      0.5976910      0.6041800      0.6770050      0.7085400      0.7300800      0.7867900      0.8561700      0.9397900       1.039080       1.155130       1.288950       1.446880       1.614750       1.800570       2.000640    
  0.4751070      0.4751300      0.4751420      0.4888820      0.5163500      0.5163860      0.5164220      0.4496560      0.4418170      0.4737470      0.4739000      0.4739000      0.4739000      0.4739000      0.5521330      0.5924340      0.5912020      0.6041800      0.6652200      0.6870000      0.7393700      0.8044600      0.8839300      0.9793600       1.103230       1.229080       1.372970       1.532210       1.703020       1.877260    
  0.4751300      0.4751360      0.4888760      0.5163500      0.5163680      0.4225430      0.2817900      0.2653580      0.2489300      0.3984960      0.4734420      0.4739000      0.4739000      0.4739000      0.4739000      0.5445070      0.5819190      0.5782250      0.6041800      0.6396200      0.6860100      0.7449700      0.8365100      0.9195600       1.021790       1.143150       1.280340       1.429380       1.584610       1.737370    
  0.4751330      0.4888730      0.5163500      0.5163590      0.4037500      0.2817670      0.2817670      0.2817900      0.2653540      0.2489300      0.3977110      0.4725250      0.4739000      0.4739000      0.4739000      0.4739000      0.5310060      0.5633530      0.5522700      0.5817400      0.6505600      0.6966500      0.7564200      0.8317000      0.9267400       1.044250       1.176350       1.316560       1.458770       1.596980    
