iMOD/TUTORIALS/TUT_MetaswapAnalyser/model_MetaSWAP/meteo/Precipitation/Precipitation_20051023_L1.ASC
NCOLS                30
NROWS                30
XLLCORNER     160000.00
YLLCORNER     340000.00
CELLSIZE        1000.00
NODATA_VALUE   -9999.00
   5.149050       5.269910       5.373310       5.429890       5.374280       5.070370       4.513490       3.857890       3.262190       2.924300       2.858090       2.867340       2.886110       2.905250       2.903880       2.859870       2.849590       2.805260       2.728590       2.634800       2.526340       2.411850       2.282440       2.121260       1.984190       1.845790       1.709940       1.582730       1.474440       1.400070    
   5.127530       5.195010       5.228190       5.188160       5.034560       4.703530       4.207060       3.608430       2.975380       2.648310       2.749250       2.824730       2.879660       2.903030       2.913540       2.926990       2.890640       2.877100       2.810340       2.707870       2.586430       2.454220       2.305010       2.123590       1.960910       1.793860       1.625590       1.460940       1.296370       1.182630    
   5.083570       5.102730       5.076070       4.986770       4.786410       4.465640       4.035980       3.543000       3.075560       2.825130       2.824680       2.880920       2.924410       2.966990       3.005980       3.028690       2.999710       2.939870       2.850670       2.735810       2.615890       2.468520       2.278830       2.106550       1.926620       1.741210       1.536680       1.350430       1.165790      0.9991900    
   5.029480       5.012170       4.948840       4.830330       4.624320       4.336560       3.982950       3.605210       3.274740       3.075340       3.007670       3.013640       3.038360       3.081400       3.104820       3.122180       3.093670       3.029120       2.930220       2.802530       2.652540       2.474020       2.302010       2.096090       1.905650       1.711060       1.514190       1.316920       1.120430      0.9337300    
   4.977080       4.935550       4.860500       4.724660       4.531560       4.284390       4.000210       3.716610       3.467920       3.299460       3.178660       3.157640       3.173950       3.204940       3.233880       3.244980       3.205620       3.132830       3.019180       2.874700       2.675560       2.496370       2.317430       2.135840       1.937260       1.737190       1.538470       1.343420       1.164310       1.019650    
   4.932600       4.883240       4.791870       4.660350       4.487790       4.280220       4.060190       3.834460       3.598320       3.430470       3.359750       3.336840       3.337050       3.355400       3.370070       3.385050       3.361730       3.279990       3.146760       2.983030       2.771860       2.579530       2.390140       2.189110       1.987530       1.796420       1.601980       1.417780       1.258160       1.137550    
   4.908600       4.838730       4.747980       4.626680       4.488540       4.313770       4.128810       3.882530       3.688830       3.585040       3.522340       3.496520       3.497970       3.510870       3.514120       3.545020       3.543790       3.446930       3.283440       3.075380       2.878240       2.675770       2.470610       2.274340       2.071780       1.874960       1.685620       1.515580       1.373640       1.262270    
   4.723030       4.837050       4.739390       4.628640       4.497550       4.263440       4.104600       3.908850       3.798890       3.715670       3.662770       3.638490       3.637280       3.651530       3.642010       3.680460       3.708440       3.590080       3.391070       3.191760       2.987380       2.779880       2.571640       2.374520       2.173390       1.977230       1.796950       1.634260       1.483660       1.378670    
   4.714850       4.818240       4.737260       4.629830       4.399170       4.288880       4.154870       3.976270       3.889620       3.823210       3.779740       3.758430       3.755590       3.706880       3.736290       3.760540       3.748920       3.654900       3.486520       3.295690       3.093980       2.887380       2.680050       2.485050       2.283740       2.095490       1.920370       1.747140       1.614920       1.507380    
   4.693910       4.807360       4.734410       4.499400       4.402830       4.312500       4.110350       4.030110       3.961510       3.908600       3.873280       3.855010       3.850800       3.784260       3.810290       3.814990       3.798920       3.708780       3.568840       3.396370       3.205750       2.995330       2.792190       2.591840       2.405330       2.222050       2.033820       1.882650       1.750190       1.638460    
   4.748620       4.745230       4.632390       4.488410       4.416810       4.157040       4.133990       4.069830       4.015190       3.972900       3.944280       3.928760       3.815500       3.838870       3.897150       3.890500       3.846160       3.767320       3.645370       3.488670       3.309320       3.118220       2.923460       2.727700       2.521300       2.343380       2.179690       2.030040       1.896070       1.772790    
   4.744700       4.653660       4.488410       4.380930       4.415600       4.163970       4.156640       4.095400       4.051410       4.017320       3.978970       3.968050       3.850590       3.935200       3.941190       3.935290       3.906230       3.830300       3.721660       3.575730       3.404700       3.221170       3.014470       2.829100       2.650510       2.491400       2.332860       2.185810       2.051080       1.929140    
   4.660630       4.488410       4.345370       4.309250       4.202890       4.206710       4.159320       4.116370       4.058710       4.023050       4.006120       3.945320       3.952330       3.962370       3.970260       3.970270       3.952990       3.906090       3.800340       3.658350       3.480900       3.301660       3.121890       2.946350       2.777570       2.616910       2.476520       2.334170       2.200730       2.075930    
   4.488410       4.323180       4.256070       4.202890       4.200250       4.191150       4.122110       4.088220       4.059840       3.992570       3.983510       3.951330       3.959210       3.970340       3.981690       3.988830       3.982580       3.963100       3.889010       3.727150       3.558460       3.387040       3.243250       3.084020       2.930540       2.783240       2.652180       2.516880       2.386240       2.259300    
   4.310990       4.229480       4.202890       4.198100       4.191150       4.097590       3.979520       3.960640       3.946550       3.938060       3.911820       3.918490       3.929880       3.944570       3.960670       3.973410       3.987080       3.993960       3.939510       3.798570       3.624340       3.471110       3.322770       3.180090       3.043260       2.911880       2.785040       2.672150       2.550190       2.421160    
   4.216180       4.202890       4.197380       4.191150       4.089420       3.979520       3.970080       3.962240       3.931860       3.882190       3.883220       3.888920       3.898660       3.911400       3.907880       3.923580       3.977980       3.963670       3.906180       3.798330       3.677290       3.514290       3.386750       3.264710       3.148200       3.036410       2.927870       2.820570       2.723170       2.610760    
   4.202890       4.197140       4.191150       4.086700       3.979520       3.974800       3.970610       3.936590       3.882190       3.882700       3.861830       3.843780       3.826230       3.835090       3.936640       3.931280       3.917910       3.893490       3.843120       3.765680       3.674060       3.578960       3.485480       3.341380       3.249870       3.162560       3.077530       2.992070       2.903020       2.841380    
   4.197060       4.191150       4.085790       3.979520       3.977160       3.974980       3.941050       3.882190       3.882450       3.853040       3.827410       3.811050       3.801890       3.884970       3.874630       3.863270       3.842530       3.815560       3.773530       3.716620       3.650490       3.581720       3.514790       3.451870       3.338680       3.280140       3.223790       3.166190       3.103120       3.053490    
   4.191150       4.085490       3.979520       3.978340       3.977220       3.943840       3.882190       3.882320       3.849590       3.819230       3.811050       3.806470       3.828390       3.815670       3.799770       3.783190       3.763510       3.730980       3.696650       3.655280       3.610150       3.565500       3.524790       3.490020       3.461560       3.438110       3.363160       3.339760       3.333500       3.287970    
   4.085390       3.979520       3.978930       3.978360       3.945400       3.882190       3.882250       3.848060       3.815140       3.811050       3.808760       3.815400       3.815670       3.807720       3.799540       3.782160       3.759230       3.730380       3.631830       3.581630       3.553590       3.530070       3.513960       3.507190       3.510230       3.521850       3.538240       3.589370       3.535240       3.484350    
   3.979520       3.979230       3.978940       3.946220       3.882190       3.882220       3.847330       3.813100       3.811050       3.809910       3.812720       3.815670       3.811700       3.807640       3.796470       3.780310       3.757250       3.630830       3.538110       3.494590       3.479910       3.474050       3.479920       3.499000       3.533630       3.582220       3.598710       3.666230       3.730670       3.780440    
   3.979370       3.979230       3.946640       3.882190       3.882210       3.846970       3.812070       3.811050       3.810480       3.812340       3.815670       3.813680       3.811670       3.805270       3.794810       3.778010       3.635870       3.516350       3.494590       3.453790       3.386870       3.394710       3.418950       3.462450       3.457260       3.556030       3.664590       3.786180       3.911220       4.026040    
   3.979370       3.946860       3.882190       3.882200       3.846800       3.811560       3.811050       3.810760       3.812380       3.815670       3.814680       3.813670       3.810210       3.803920       3.792700       3.547560       3.505470       3.494590       3.314800       3.272330       3.263990       3.295070       3.252270       3.315510       3.416760       3.543110       3.697210       3.875470       4.068760       4.258470    
   3.946970       3.882190       3.882190       3.846710       3.811310       3.811050       3.810910       3.812470       3.815670       3.815170       3.814670       3.812850       3.809270       3.405670       3.154780       3.020720       3.023630       3.048880       3.080800       3.038490       3.157780       3.085540       3.122020       3.208360       3.328040       3.484850       3.680470       3.913750       4.178950       4.454920    
   3.882190       3.882190       3.846660       3.811180       3.811050       3.810980       3.812520       3.815670       3.815420       3.815170       3.814230       3.812260       3.089690       2.212130       2.215840       2.547940       2.533050       2.552670       2.801530       2.931580       2.919190       2.917740       2.968880       3.061750       3.195100       3.374460       3.603100       3.882080       4.205710       4.579230    
   3.882190       3.846640       3.811110       3.811050       3.811010       3.812560       3.815670       3.815550       3.815420       3.814940       3.063270       1.937340       2.117570       2.208540       2.208420       2.215840       2.419240       2.513430       2.552670       2.683360       2.717780       2.742810       2.795870       2.879000       3.016850       3.209020       3.458920       3.763110       4.128490       4.550890    
   3.846630       3.811080       3.811050       3.811030       3.812570       3.815670       3.815610       3.815550       3.815300       2.913660       1.937340       1.937340       1.937340       2.112280       2.201360       2.201000       2.215840       2.395030       2.474190       2.552670       2.543820       2.553190       2.590770       2.669380       2.795950       2.991650       3.248970       3.567880       3.938350       4.346700    
   3.811070       3.811050       3.811040       3.812580       3.815670       3.815640       3.815610       3.302940       2.687790       1.937230       1.937340       1.937340       1.937340       1.937340       2.102000       2.187240       2.186160       2.215840       2.337420       2.395710       2.369010       2.356720       2.369850       2.425320       2.543130       2.730780       2.994120       3.313750       3.671090       4.041350    
   3.811050       3.811050       3.812590       3.815670       3.815650       2.967050       1.694180       1.729750       1.765320       1.879690       1.937000       1.937340       1.937340       1.937340       1.937340       2.082420       2.159730       2.156480       2.215840       2.185460       2.155970       2.132100       2.126110       2.166240       2.257650       2.447650       2.715760       3.034710       3.375620       3.712790    
   3.811050       3.812590       3.815670       3.815660       2.797330       1.694160       1.694160       1.694180       1.729750       1.765320       1.879110       1.936320       1.937340       1.937340       1.937340       1.937340       2.046440       2.106870       2.097110       2.056050       2.017030       1.968280       1.922490       1.896440       1.953290       2.165310       2.463340       2.767900       3.091540       3.402960    
