iMOD/TUTORIALS/TUT_MetaswapAnalyser/model_MetaSWAP/meteo/Precipitation/Precipitation_20061209_L1.ASC
NCOLS                30
NROWS                30
XLLCORNER     160000.00
YLLCORNER     340000.00
CELLSIZE        1000.00
NODATA_VALUE   -9999.00
   1.335160       1.483770       1.638630       1.791570       1.914090       1.969430       1.931340       1.838830       1.726070       1.620160       1.531470       1.450030       1.372030       1.297150       1.224190       1.156690       1.079840       1.019140      0.9606000      0.9054700      0.8534000      0.8040900      0.7568900      0.7116500      0.6677700      0.6252400      0.5840600      0.5447200      0.5086900      0.4790500    
   1.326610       1.461240       1.590300       1.713920       1.801270       1.845720       1.829630       1.764780       1.668510       1.574780       1.506720       1.435090       1.361620       1.290970       1.219450       1.141610       1.076760       1.013840      0.9594700      0.9077100      0.8589200      0.8123900      0.7669700      0.7223800      0.6779800      0.6336200      0.5891200      0.5446600      0.5004900      0.4631800    
   1.302730       1.421960       1.536250       1.625000       1.695910       1.734130       1.729330       1.686200       1.616430       1.544530       1.478740       1.413010       1.344150       1.274090       1.203290       1.128490       1.064180       1.006120      0.9540400      0.9065100      0.8633400      0.8201200      0.7770500      0.7333300      0.6887900      0.6431100      0.5948500      0.5462400      0.4960200      0.4458500    
   1.272730       1.377320       1.474910       1.544000       1.606770       1.640660       1.642650       1.612170       1.564080       1.506370       1.448580       1.384970       1.322850       1.253120       1.182520       1.110840       1.046950      0.9919600      0.9451500      0.9036100      0.8642500      0.8265700      0.7862500      0.7426800      0.6988100      0.6530100      0.6051500      0.5549700      0.5023100      0.4472900    
   1.240350       1.331990       1.397570       1.469800       1.524010       1.555750       1.563200       1.542200       1.510500       1.466860       1.418230       1.361810       1.299050       1.229500       1.157870       1.087500       1.021560      0.9702700      0.9310000      0.8975800      0.8650600      0.8304200      0.7935600      0.7545200      0.7115600      0.6663100      0.6191000      0.5706100      0.5216900      0.4770400    
   1.208020       1.266320       1.340290       1.403290       1.451480       1.481900       1.488500       1.479270       1.462670       1.428250       1.385350       1.333620       1.276050       1.207560       1.141580       1.060510      0.9907800      0.9450900      0.9181000      0.8955500      0.8703600      0.8401900      0.8058200      0.7669300      0.7249100      0.6813000      0.6354900      0.5896400      0.5454400      0.5068800    
   1.182840       1.223010       1.288360       1.344310       1.381550       1.411520       1.426340       1.428860       1.413470       1.389430       1.354620       1.309740       1.254910       1.191530       1.129350       1.038300      0.9535700      0.9187300      0.9120500      0.9013500      0.8818700      0.8544000      0.8205000      0.7823900      0.7404400      0.6965300      0.6521300      0.6083000      0.5673200      0.5312200    
   1.161690       1.209910       1.233770       1.284470       1.325310       1.359090       1.374570       1.375760       1.370720       1.354570       1.327930       1.291070       1.243790       1.185090       1.134540       1.042240      0.9393900      0.9212000      0.9283700      0.9216300      0.9028800      0.8746000      0.8392500      0.7996400      0.7565000      0.7121900      0.6677200      0.6247500      0.5831400      0.5486600    
   1.128690       1.175940       1.227430       1.237700       1.281020       1.309870       1.327160       1.331970       1.332970       1.324210       1.305960       1.278310       1.241100       1.227940       1.161730       1.087200       1.019930      0.9867900      0.9748000      0.9591900      0.9343100      0.9009200      0.8611900      0.8180200      0.7723900      0.7260500      0.6806100      0.6350500      0.5959100      0.5607700    
   1.104770       1.145500       1.192300       1.231180       1.238000       1.266670       1.278480       1.293270       1.299730       1.297980       1.288210       1.270570       1.245140       1.254080       1.200730       1.148870       1.100420       1.065260       1.038250       1.009380      0.9738800      0.9317200      0.8849400      0.8356200      0.7864400      0.7371400      0.6871500      0.6433200      0.6029800      0.5666000    
   1.100670       1.147520       1.191410       1.196650       1.229440       1.213950       1.240710       1.258740       1.270080       1.274860       1.273310       1.265730       1.315200       1.263490       1.230370       1.199630       1.170300       1.140330       1.107640       1.068250       1.021350      0.9688300      0.9133100      0.8572300      0.7988900      0.7467100      0.6968000      0.6504000      0.6078900      0.5660700    
   1.099780       1.159060       1.196650       1.192250       1.197330       1.205980       1.232230       1.227320       1.242910       1.253500       1.232230       1.237430       1.300520       1.283890       1.268210       1.253350       1.236320       1.212590       1.175740       1.124990       1.064400      0.9993400      0.9313300      0.8673700      0.8063800      0.7497900      0.6965800      0.6476800      0.6031700      0.5629800    
   1.126250       1.196650       1.176490       1.171460       1.145590       1.177700       1.202590       1.223350       1.198710       1.198410       1.213900       1.303680       1.301600       1.299680       1.297300       1.297230       1.294780       1.281160       1.242520       1.177700       1.100310       1.021660      0.9457300      0.8741200      0.8073900      0.7457400      0.6899500      0.6385000      0.5919800      0.5500900    
   1.196650       1.169310       1.158520       1.145590       1.157540       1.149340       1.123770       1.148480       1.170660       1.184730       1.203560       1.292590       1.298110       1.305050       1.314340       1.325340       1.341270       1.345060       1.307420       1.220650       1.125660       1.034740      0.9483100      0.8701700      0.7985100      0.7330700      0.6742700      0.6206000      0.5723600      0.5291700    
   1.165900       1.152060       1.145590       1.150820       1.149340       1.126510       1.106420       1.131080       1.153990       1.175450       1.315710       1.318750       1.322750       1.328580       1.337110       1.334660       1.356270       1.382520       1.352960       1.236020       1.127910       1.029840      0.9401200      0.8580300      0.7830400      0.7147800      0.6529700      0.5979500      0.5482100      0.5009800    
   1.148820       1.145590       1.148580       1.149340       1.127420       1.106420       1.118750       1.130500       1.187270       1.288540       1.293430       1.298600       1.304580       1.311820       1.322960       1.332320       1.343930       1.342800       1.299090       1.206610       1.105800       1.009050      0.9186000      0.8348400      0.7577800      0.6873700      0.6235600      0.5662700      0.5159900      0.4710700    
   1.145590       1.147840       1.149340       1.127730       1.106420       1.112590       1.118560       1.181260       1.288540       1.290980       1.284120       1.271970       1.281650       1.286540       1.304070       1.303740       1.293580       1.274230       1.227620       1.153470       1.065950      0.9760100      0.8885600      0.8056300      0.7281400      0.6566500      0.5915300      0.5330000      0.4811600      0.4371900    
   1.147590       1.149340       1.127830       1.106420       1.109500       1.112520       1.175240       1.288540       1.289760       1.280350       1.270020       1.268070       1.268040       1.266970       1.263630       1.255890       1.235440       1.207270       1.160290       1.095020       1.017620      0.9349500      0.8517100      0.7706600      0.6934900      0.6213500      0.5550900      0.4953800      0.4427000      0.3978400    
   1.149340       1.127860       1.106420       1.107960       1.109480       1.171450       1.288540       1.289150       1.279150       1.269040       1.268070       1.268050       1.257330       1.226260       1.218170       1.204490       1.182270       1.144900       1.098370       1.038210      0.9676600      0.8909000      0.8116400      0.7326400      0.6559700      0.5832100      0.5157200      0.4546400      0.4013400      0.3555700    
   1.127870       1.106420       1.107190       1.107950       1.169360       1.288540       1.288850       1.278690       1.268560       1.268070       1.268060       1.254930       1.226260       1.222210       1.216310       1.201640       1.177220       1.141850       1.040850      0.9853800      0.9196100      0.8473700      0.7714000      0.6941600      0.6177900      0.5441900      0.4749600      0.4124500      0.3580200      0.3114000    
   1.106420       1.106810       1.107190       1.168260       1.288540       1.288690       1.278490       1.268310       1.268070       1.268070       1.254330       1.226260       1.224240       1.221590       1.213390       1.198390       1.173570       1.051730      0.9613750      0.9373700      0.8753200      0.8066500      0.7333400      0.6575200      0.5810700      0.5062200      0.4358800      0.3706800      0.3131500      0.2653000    
   1.106610       1.106800       1.167700       1.288540       1.288620       1.278400       1.268190       1.268070       1.268070       1.254180       1.226260       1.225250       1.224030       1.219740       1.211120       1.195120       1.062090      0.9493730      0.9373700      0.8829630      0.8362000      0.7705000      0.6994000      0.6245700      0.5489700      0.4682200      0.3958500      0.3281600      0.2679500       0.000000    
   1.106610       1.167410       1.288540       1.288580       1.278350       1.268130       1.268070       1.268070       1.254140       1.226260       1.225750       1.225180       1.223010       1.218300       1.208660       1.049420      0.9433710      0.9373700      0.8433030      0.7987000      0.7603900      0.7301000      0.6635700      0.5918800      0.5143700      0.4417500      0.3658800      0.2938900       0.000000       0.000000    
   1.167270       1.288540       1.288560       1.278330       1.268100       1.268070       1.268070       1.254140       1.226260       1.226010       1.225730       1.224650       1.222160       1.083160      0.9559940      0.8364480      0.8353850      0.8034940      0.7649120      0.7541800      0.7612000      0.7039500      0.6419000      0.5721800      0.4972600      0.4192300      0.3407900      0.2650500       0.000000       0.000000    
   1.288540       1.288550       1.278320       1.268090       1.268070       1.268070       1.254130       1.226260       1.226130       1.226000       1.225460       1.224180      0.9784310      0.6816520      0.6826600      0.7404830      0.7305890      0.7334000      0.7384850      0.7418570      0.7471600      0.6851900      0.6251500      0.5580000      0.4841500      0.4056600      0.3254000      0.2467300       0.000000       0.000000    
   1.288540       1.278310       1.268080       1.268070       1.268070       1.254130       1.226260       1.226200       1.226130       1.225860      0.9573240      0.5554900      0.6386730      0.6805380      0.6806430      0.6826600      0.7133000      0.7277770      0.7334000      0.7245050      0.7172100      0.6704500      0.6153400      0.5517400      0.4800900      0.4021800      0.3213400      0.2418400       0.000000       0.000000    
   1.278310       1.268070       1.268070       1.268070       1.254130       1.226260       1.226230       1.226200       1.226060      0.9040600      0.5554900      0.5554900      0.5554900      0.6370140      0.6783100      0.6786260      0.6826600      0.7093610      0.7221550      0.7334000      0.7002500      0.6602200      0.6117200      0.5533600      0.4853800      0.4091700      0.3288000      0.2501600       0.000000       0.000000    
   1.268070       1.268070       1.268070       1.254130       1.226260       1.226240       1.226230       1.003980      0.7885950      0.5553590      0.5554900      0.5554900      0.5554900      0.5554900      0.6336130      0.6736440      0.6745920      0.6826600      0.6992300      0.7109100      0.6846700      0.6528200      0.6130800      0.5626400      0.4972100      0.4250400      0.3469600      0.2702900       0.000000       0.000000    
   1.268070       1.268070       1.254130       1.226260       1.226250      0.8633520      0.3190400      0.3282390      0.3374400      0.4824510      0.5550970      0.5554900      0.5554900      0.5554900      0.5554900      0.6266930      0.6636810      0.6665250      0.6826600      0.6699500      0.6547600      0.6356900      0.6029200      0.5736800      0.5207000      0.4503500      0.3728400      0.2981600       0.000000       0.000000    
   1.268070       1.254130       1.226260       1.226260      0.7907470      0.3189880      0.3189880      0.3190400      0.3282360      0.3374400      0.4817750      0.5543110      0.5554900      0.5554900      0.5554900      0.5554900      0.6130090      0.6418570      0.6503900      0.6424500      0.6196600      0.6140200      0.6053100      0.5890700      0.5510500      0.4806800      0.4016800      0.3284800      0.2668400       0.000000    
