iMOD/TUTORIALS/TUT_MetaswapAnalyser/model_MetaSWAP/meteo/Precipitation/Precipitation_20050410_L1.ASC
NCOLS                30
NROWS                30
XLLCORNER     160000.00
YLLCORNER     340000.00
CELLSIZE        1000.00
NODATA_VALUE   -9999.00
  0.5806500      0.5806500      0.6127700      0.7241200      0.8192300      0.8476800      0.6348700      0.3525900       0.000000       0.000000       0.000000      0.4373900      0.6132300      0.6538900      0.6538900      0.5916500      0.5701300      0.5595200      0.5595200      0.5595200      0.5595200      0.5502000      0.5502000      0.5418400      0.5418400      0.5418400      0.5418400      0.5418100      0.5394900      0.4930000    
  0.5436200      0.5436200      0.5808700      0.6127700      0.6239000      0.6277900      0.4696300       0.000000       0.000000       0.000000       0.000000      0.4424600      0.6020300      0.5916500      0.5916500      0.5701300      0.5701300      0.5595200      0.5502000      0.5502000      0.5502000      0.5419300      0.5419300      0.5336600      0.5336600      0.5336600      0.5336600      0.5318200      0.4992700      0.4583100    
  0.5436200      0.5436200      0.5436200      0.5024100      0.5444500      0.5438700      0.4535900      0.2926700       0.000000       0.000000      0.2919900      0.4830700      0.5521600      0.5916500      0.5802000      0.5595200      0.5595200      0.5595200      0.5595200      0.5595200      0.5502000      0.5419300      0.5336600      0.5336600      0.5336600      0.5336600      0.5040400      0.5023600      0.4585400      0.4426900    
  0.5436200      0.5436200      0.5436200      0.5024100      0.5024100      0.5024100      0.4762900      0.4176700      0.3259100      0.3515900      0.4519700      0.5148200      0.5516800      0.5802000      0.5802000      0.5595200      0.5595800      0.5595200      0.5595200      0.5595200      0.5595200      0.5418400      0.5336600      0.5040500      0.5040500      0.5040500      0.5040400      0.5020700      0.4577900      0.4370500    
  0.5436200      0.5436200      0.5024100      0.5024100      0.5024100      0.5024100      0.5024100      0.5419800      0.5066100      0.5023800      0.4651400      0.5152700      0.5206800      0.5516800      0.5829700      0.5870300      0.5784800      0.5715900      0.5440400      0.5287200      0.5181200      0.5181200      0.5106200      0.5040500      0.5040500      0.5040500      0.5040500      0.4583500      0.4602000      0.4551800    
  0.5436200      0.5024100      0.5024100      0.5024100      0.5024100      0.5024100      0.5769800      0.5613600      0.5483400      0.4878800      0.4878800      0.4878800      0.4951700      0.5523700      0.5713200      0.6496100      0.7076500      0.6890100      0.6135500      0.5458200      0.5181200      0.5181200      0.5106200      0.5106200      0.5106200      0.5040500      0.5040500      0.4563700      0.4588400      0.4602300    
  0.5021400      0.5024100      0.5024100      0.5024100      0.5769800      0.5769800      0.5769800      0.5483400      0.4878800      0.4878800      0.4878800      0.4878800      0.4878800      0.5404600      0.6240200      0.7645400      0.8957900      0.8481000      0.6977800      0.5680200      0.5183000      0.5181200      0.5181200      0.5106200      0.5106200      0.5106200      0.4595100      0.4595100      0.4560900      0.4567900    
  0.5018100      0.5843600      0.5769800      0.5769800      0.5769800      0.5613600      0.5483400      0.4878800      0.4878800      0.4878800      0.4878800      0.4878800      0.4878800      0.5407000      0.6194600      0.7926600       1.020600      0.9250300      0.7194200      0.5796000      0.5192200      0.5181200      0.5181200      0.5106200      0.5106200      0.4595100      0.4595100      0.4595100      0.4833400      0.4833400    
  0.5934500      0.5843600      0.5843600      0.5769800      0.5613600      0.5613600      0.5483400      0.4878800      0.4878800      0.4878800      0.4878800      0.4878800      0.4878800      0.5043300      0.5838600      0.7070600      0.8105800      0.7663100      0.6618600      0.5575100      0.5181200      0.5181200      0.5181200      0.5106200      0.4595100      0.4595100      0.4595100      0.4833400      0.4833400      0.4833400    
  0.5934500      0.5843600      0.5843600      0.5665700      0.5613600      0.5613600      0.4878800      0.4878800      0.4878800      0.4878800      0.4878800      0.4878800      0.4878800      0.4574400      0.5223400      0.5888800      0.6216900      0.6074300      0.5488100      0.4984300      0.4907400      0.5181200      0.5181200      0.5181200      0.4595100      0.4595100      0.4833400      0.4833400      0.4833400      0.4833400    
  0.5904200      0.5873900      0.5754650      0.5665700      0.5665700      0.4945600      0.4878800      0.4878800      0.4878800      0.4878800      0.4878800      0.4878800      0.4574400      0.4095100      0.4312200      0.4417400      0.4655000      0.4610500      0.4451900      0.4415700      0.4415700      0.4415700      0.4415700      0.3878600      0.4054700      0.4351200      0.4351200      0.4351200      0.4351200      0.4833400    
  0.5904200      0.5799610      0.5665700      0.5483450      0.5665700      0.4936700      0.4865600      0.4878800      0.4878800      0.4878800      0.4390700      0.4390700      0.4095100      0.3911200      0.4312200      0.4312200      0.4202000      0.4058400      0.4023200      0.4239800      0.4415600      0.4415700      0.4054700      0.4054700      0.4054700      0.4054700      0.4054700      0.4054700      0.4054700      0.4054700    
  0.5823480      0.5665700      0.5346760      0.5301200      0.4936700      0.4865600      0.4865600      0.4865600      0.4346100      0.4390700      0.4390700      0.3911200      0.3911200      0.3911200      0.4312200      0.4128500      0.3433500       0.000000       0.000000      0.3472400      0.3758200      0.4054700      0.4054700      0.4054700      0.4054700      0.4054700      0.4054700      0.4054700      0.4054700      0.4054700    
  0.5665700      0.5267030      0.5118950      0.4936700      0.4889300      0.4865600      0.4346100      0.4346100      0.4346100      0.4173400      0.4173400      0.3911200      0.3911200      0.3911200      0.3905100      0.3680500       0.000000       0.000000       0.000000       0.000000      0.3230900      0.3990000      0.3977600      0.3977600      0.3977600      0.3977600      0.3982600      0.3982600      0.3982600      0.3982600    
  0.5224310      0.5027820      0.4936700      0.4897200      0.4865600      0.4537130      0.4399700      0.4399700      0.4399700      0.4399700      0.4027200      0.4027200      0.4027200      0.4027200      0.3990300      0.3609900       0.000000       0.000000       0.000000       0.000000      0.2916900      0.3847700      0.3982600      0.3982600      0.3982600      0.3982600      0.3982600      0.3987100      0.3987100      0.3922600    
  0.4982260      0.4936700      0.4899830      0.4865600      0.4600810      0.4399700      0.4399700      0.4399700      0.4306580      0.4027200      0.4027200      0.4027200      0.4027200      0.4027200      0.4019600      0.3416000       0.000000       0.000000       0.000000       0.000000      0.2985800      0.3841300      0.3913300      0.3913300      0.3913300      0.3913300      0.3913300      0.3913300      0.3922600      0.3922600    
  0.4936700      0.4900710      0.4865600      0.4622040      0.4399700      0.4399700      0.4399700      0.4283290      0.4027200      0.4027200      0.3895860      0.4027200      0.4029500      0.4029500      0.3343800      0.3185900      0.2956600       0.000000       0.000000       0.000000      0.3460600      0.3775300      0.3775300      0.3913300      0.3913300      0.3913300      0.3913300      0.3913300      0.3913300      0.3426600    
  0.4901000      0.4865600      0.4629110      0.4399700      0.4399700      0.4399700      0.4277470      0.4027200      0.4027200      0.3803920      0.3698850      0.3370500      0.3370500      0.3343800      0.3343800      0.3343800      0.3642900      0.3412700      0.3380300      0.3582600      0.3771700      0.3775300      0.3775300      0.3775300      0.3913300      0.3913300      0.3913300      0.3913300      0.3913300      0.3382100    
  0.4865600      0.4631470      0.4399700      0.4399700      0.4399700      0.4276020      0.4027200      0.4027200      0.3752700      0.3534670      0.3370500      0.3370500      0.3357150      0.3343800      0.3343800      0.3343800      0.3343800      0.3775300      0.3775300      0.3775300      0.3775300      0.3775300      0.3775300      0.3775300      0.3775300      0.3775300      0.3913300      0.3913300      0.3382100      0.3265300    
  0.4632260      0.4399700      0.4399700      0.4399700      0.4275650      0.4027200      0.4027200      0.3726040      0.3452590      0.3370500      0.3370500      0.3360490      0.3343800      0.3343800      0.3343800      0.3343800      0.3487630      0.3631470      0.3775300      0.3775300      0.3775300      0.3775300      0.3775300      0.3775300      0.3775300      0.3775300      0.3681300      0.3071900      0.3144700      0.3320700    
  0.4399700      0.4399700      0.4399700      0.4275560      0.4027200      0.4027200      0.3712500      0.3411540      0.3370500      0.3370500      0.3361320      0.3343800      0.3343800      0.3343800      0.3343800      0.3391740      0.3487630      0.3689000      0.3775300      0.3775300      0.3775300      0.3775300      0.3775300      0.3681300      0.3681300      0.3681300      0.3144700      0.3144700      0.3144700      0.3144700    
  0.4399700      0.4399700      0.4275540      0.4027200      0.4027200      0.3705680      0.3391020      0.3370500      0.3370500      0.3361530      0.3343800      0.3343800      0.3343800      0.3343800      0.3359780      0.3407730      0.3623800      0.3775300      0.3775300      0.3743970      0.3681300      0.3681300      0.3681300      0.3681300      0.3708700      0.3207600      0.3207600      0.3207600      0.3207600      0.3144700    
  0.4399700      0.4275540      0.4027200      0.4027200      0.3702270      0.3380760      0.3370500      0.3370500      0.3361580      0.3343800      0.3343800      0.3343800      0.3343800      0.3349130      0.3370440      0.3210850      0.3775300      0.3775300      0.3537550      0.3479700      0.3616360      0.3708700      0.3732400      0.3732400      0.3207600      0.2916600      0.2916600      0.2916600      0.2916600      0.2854300    
  0.4275530      0.4027200      0.4027200      0.3700560      0.3375630      0.3370500      0.3370500      0.3361600      0.3343800      0.3343800      0.3343800      0.3343800      0.3345580      0.2515840      0.2048330      0.1887650      0.1887650      0.2345100      0.2910590      0.3151250      0.3278100      0.3732400      0.2916600      0.2916600      0.2916600      0.2916600      0.2916600      0.2916600      0.2871800       0.000000    
  0.4027200      0.4027200      0.3699710      0.3373060      0.3370500      0.3370500      0.3361600      0.3343800      0.3343800      0.3343800      0.3343800      0.3344390      0.1841040       0.000000       0.000000      0.4719130E-01   0.000000       0.000000      0.1502050      0.2100830      0.3024400       0.000000      0.2916600      0.2916600      0.2916600      0.2916600      0.2916600      0.2916600      0.2987700       0.000000    
  0.4027200      0.3699280      0.3371780      0.3370500      0.3370500      0.3361600      0.3343800      0.3343800      0.3343800      0.3343800      0.2006400       0.000000       0.000000       0.000000       0.000000       0.000000       0.000000       0.000000       0.000000      0.7561000E-01   0.000000       0.000000       0.000000      0.2916600      0.2916600      0.2916600      0.2916600      0.3207600      0.2929900       0.000000    
  0.3699060      0.3371140      0.3370500      0.3370500      0.3361600      0.3343800      0.3343800      0.3343800      0.3343800      0.1738800       0.000000       0.000000       0.000000       0.000000       0.000000       0.000000       0.000000       0.000000       0.000000       0.000000       0.000000       0.000000       0.000000       0.000000      0.2916600      0.2916600      0.3207600      0.3207600      0.3053200       0.000000    
  0.3370820      0.3370500      0.3370500      0.3361600      0.3343800      0.3343800      0.3343800      0.3309600      0.2118420      0.2199590E-03   0.000000       0.000000       0.000000       0.000000       0.000000       0.000000       0.000000       0.000000       0.000000       0.000000       0.000000       0.000000       0.000000       0.000000      0.2836600      0.3227600      0.3208700      0.3207600      0.3200200      0.2903500    
  0.3370500      0.3370500      0.3361600      0.3343800      0.3343800      0.2006280       0.000000      0.1603420      0.3207000      0.1074950      0.6598770E-03   0.000000       0.000000       0.000000       0.000000       0.000000       0.000000       0.000000       0.000000       0.000000       0.000000       0.000000       0.000000      0.2957200      0.2989200      0.2949400      0.3254400      0.3209100      0.3207600      0.3204500    
  0.3370500      0.3361600      0.3343800      0.3343800      0.1738780       0.000000       0.000000       0.000000      0.1603260      0.3207000      0.1086190      0.1979630E-02   0.000000       0.000000       0.000000       0.000000       0.000000       0.000000       0.000000       0.000000       0.000000       0.000000       0.000000      0.2916300      0.2967900      0.2903300       0.000000       0.000000      0.3207600      0.3207600    
