iMOD/TUTORIALS/TUT_MetaswapAnalyser/model_MetaSWAP/meteo/Precipitation/Precipitation_20060220_L1.ASC
NCOLS                30
NROWS                30
XLLCORNER     160000.00
YLLCORNER     340000.00
CELLSIZE        1000.00
NODATA_VALUE   -9999.00
   14.14110       13.82010       13.48640       13.13930       12.76520       12.38350       11.97760       11.56980       11.21570       11.10610       11.27840       11.52970       11.78440       12.02400       12.23920       12.43600       12.63710       12.73240       12.80060       12.83160       12.82890       12.82510       12.77120       12.70090       12.60950       12.50580       12.39460       12.28220       12.17770       12.10820    
   13.96730       13.64410       13.31180       12.95810       12.57430       12.18480       11.77060       11.33460       10.88090       10.73690       11.06690       11.37440       11.66230       11.93290       12.16550       12.40670       12.56340       12.63540       12.68440       12.70670       12.69400       12.67740       12.61390       12.53400       12.43460       12.32270       12.20200       12.07660       11.94900       11.85890    
   13.82490       13.50440       13.17120       12.80680       12.45280       12.07940       11.69400       11.31060       10.98370       10.89780       11.09090       11.36100       11.64390       11.90630       12.12570       12.35040       12.50310       12.60630       12.66080       12.67160       12.62900       12.59580       12.52250       12.42680       12.31600       12.19280       12.05370       11.91330       11.77980       11.63330    
   13.70740       13.39570       13.07400       12.72700       12.39210       12.05330       11.72120       11.42160       11.20700       11.14270       11.25350       11.45670       11.70330       11.94220       12.16510       12.37770       12.52640       12.61860       12.65530       12.64540       12.59950       12.51470       12.44350       12.32940       12.20900       12.07820       11.93850       11.79140       11.64820       11.48710    
   13.61380       13.31580       12.99520       12.68980       12.38420       12.08590       11.80830       11.56550       11.41370       11.37120       11.47040       11.62520       11.81940       12.03540       12.24980       12.44970       12.59200       12.66730       12.67650       12.63700       12.56890       12.47550       12.38680       12.25240       12.12440       11.98920       11.84880       11.72020       11.57580       11.45130    
   13.54140       13.24760       12.96550       12.68470       12.41040       12.15120       11.90080       11.72290       11.64630       11.62760       11.67220       11.78820       11.95130       12.15280       12.35020       12.55210       12.69940       12.75150       12.71890       12.64050       12.54260       12.42840       12.32390       12.19580       12.06220       11.91490       11.77820       11.65840       11.53180       11.43000    
   13.50560       13.21890       12.95750       12.70150       12.42660       12.20560       12.01450       11.92860       11.85710       11.82220       11.85450       11.94700       12.08760       12.26020       12.44290       12.66010       12.83820       12.85230       12.75440       12.63600       12.50840       12.37720       12.24350       12.12750       11.99220       11.85710       11.74170       11.61300       11.49390       11.40300    
   13.38620       13.18610       12.92330       12.69500       12.48060       12.33670       12.20700       12.10950       12.02280       11.98960       12.01080       12.08270       12.19790       12.34670       12.49070       12.70360       12.92350       12.88310       12.73820       12.59490       12.45380       12.31430       12.17590       12.05800       11.92410       11.81160       11.68310       11.56320       11.45700       11.37130    
   13.31290       13.18510       12.96490       12.73050       12.60310       12.42570       12.32160       12.24460       12.16560       12.13030       12.13940       12.19000       12.27700       12.32860       12.48340       12.64150       12.75600       12.74470       12.64140       12.50990       12.37290       12.23550       12.09920       11.98430       11.87370       11.74600       11.62390       11.51030       11.41010       11.32680    
   13.29850       13.19150       12.98800       12.87640       12.67040       12.50960       12.47280       12.36310       12.28690       12.24640       12.24150       12.26970       12.32600       12.32750       12.43520       12.53130       12.58670       12.57340       12.49720       12.38720       12.26340       12.14210       12.01350       11.88530       11.79960       11.67820       11.56140       11.45330       11.35650       11.27380    
   13.33500       13.15930       12.99620       12.92900       12.76070       12.70590       12.57030       12.46590       12.38910       12.34110       12.32110       12.32630       12.23710       12.27050       12.33930       12.39980       12.42600       12.40990       12.35260       12.26710       12.16510       12.05400       11.93780       11.83440       11.71220       11.63300       11.52160       11.41640       11.32000       11.21340    
   13.33670       13.10490       12.92900       12.88470       12.82340       12.81260       12.67960       12.55500       12.47540       12.41860       12.31250       12.30580       12.18600       12.22380       12.26040       12.28500       12.28510       12.25490       12.20170       12.13020       12.04500       11.94920       11.85730       11.74850       11.63650       11.55390       11.44650       11.34370       11.24790       11.16130    
   13.22470       12.92900       12.94090       12.92450       13.02560       12.87970       12.75860       12.65510       12.46310       12.38960       12.35080       12.14450       12.16220       12.17920       12.18540       12.18050       12.15550       12.11220       12.05680       11.99670       11.93720       11.85770       11.76680       11.66710       11.56200       11.45440       11.38020       11.27860       11.18220       11.09330    
   12.92900       12.96760       12.97500       13.02560       12.95120       12.94840       12.68470       12.59200       12.51400       12.44330       12.39160       12.14510       12.14390       12.13900       12.12440       12.09170       12.03930       11.97650       11.92080       11.88230       11.83210       11.76530       11.68240       11.58960       11.48920       11.38450       11.30950       11.20750       11.10950       11.01770    
   12.98060       13.00030       13.02560       12.97510       12.94840       12.77020       12.67760       12.58930       12.51270       12.44650       12.15380       12.13980       12.12500       12.10490       12.07430       12.01900       11.95600       11.86700       11.80240       11.78780       11.74410       11.68350       11.60680       11.51770       11.41960       11.31600       11.21010       11.13680       11.03630       10.94570    
   13.01300       13.02560       12.98300       12.94840       12.79870       12.67760       12.63340       12.59320       12.43470       12.19050       12.16610       12.14280       12.11740       12.08610       12.02670       11.97490       11.90690       11.83300       11.77490       11.74030       11.69830       11.62980       11.55410       11.46570       11.36750       11.26270       11.15450       11.04640       10.97190       10.87190    
   13.02560       12.98570       12.94840       12.80820       12.67760       12.65550       12.63470       12.46300       12.19050       12.17830       12.14350       12.14980       12.09130       12.05420       12.01010       11.96010       11.89280       11.82980       11.77260       11.72230       11.66890       11.60460       11.52730       11.42330       11.32170       11.21280       11.09990       10.98630       10.87570       10.81240    
   12.98660       12.94840       12.81140       12.67760       12.66660       12.65600       12.48590       12.19050       12.18440       12.13790       12.10890       12.06810       12.04290       12.05060       12.00990       11.96160       11.89590       11.83800       11.78010       11.72190       11.65920       11.58720       11.50360       11.40800       11.28750       11.17210       11.05200       10.93080       10.81240       10.71330    
   12.94840       12.81250       12.67760       12.67210       12.66670       12.49970       12.19050       12.18750       12.13390       12.08850       12.06810       12.05550       12.05560       12.06080       12.02080       11.97490       11.92410       11.85490       11.79640       11.73380       11.66460       11.58580       11.49540       11.39290       11.27890       11.15560       11.01220       10.88070       10.76380       10.65620    
   12.81280       12.67760       12.67480       12.67210       12.50730       12.19050       12.18900       12.13160       12.07830       12.06810       12.06180       12.06000       12.06080       12.04080       12.01880       11.97330       11.91800       11.85850       11.78630       11.75660       11.68330       11.59920       11.50260       11.39260       11.26980       11.13600       11.01490       10.88980       10.74250       10.58250    
   12.67760       12.67620       12.67490       12.51120       12.19050       12.18970       12.13050       12.07320       12.06810       12.06490       12.06270       12.06080       12.05080       12.04010       12.01100       11.97000       11.91660       11.82510       11.77320       11.78980       11.71460       11.62700       11.52530       11.43340       11.29910       11.15160       11.00880       10.84600       10.68380       10.53080    
   12.67690       12.67620       12.51320       12.19050       12.19010       12.12990       12.07070       12.06810       12.06650       12.06410       12.06080       12.05580       12.05060       12.03400       12.00700       11.96590       11.85660       11.78150       11.78980       11.76680       11.79590       11.70210       11.59290       11.46670       11.31890       11.18090       11.00680       10.82320       10.63770       10.45730    
   12.67690       12.51420       12.19050       12.19030       12.12960       12.06940       12.06810       12.06730       12.06490       12.06080       12.05830       12.05570       12.04680       12.03050       12.00230       11.92650       11.78570       11.78980       11.86050       11.87450       11.81190       11.75110       11.66590       11.53090       11.38150       11.20790       11.01590       10.80980       10.59750       10.39150    
   12.51470       12.19050       12.19040       12.12940       12.06870       12.06810       12.06770       12.06530       12.06080       12.05950       12.05830       12.05360       12.04430       12.03190       12.02540       12.01870       12.01730       11.99790       11.97790       12.01100       11.95320       11.85720       11.73420       11.60320       11.44560       11.26120       11.05220       10.82290       10.58050       10.31620    
   12.19050       12.19050       12.12940       12.06840       12.06810       12.06790       12.06550       12.06080       12.06020       12.05950       12.05710       12.05210       12.04550       12.04850       12.04810       12.12610       12.25330       12.24470       12.11640       12.04810       12.06880       11.95910       11.82620       11.69720       11.53670       11.34350       11.11960       10.86940       10.58050       10.30120    
   12.19050       12.12930       12.06830       12.06810       12.06800       12.06560       12.06080       12.06050       12.06020       12.05900       12.03840       12.01170       12.03680       12.04920       12.04890       12.04810       12.18580       12.26190       12.24470       12.16180       12.12220       12.05610       11.96560       11.81530       11.65610       11.45740       11.22200       10.94020       10.65270       10.35080    
   12.12930       12.06820       12.06810       12.06810       12.06560       12.06080       12.06060       12.06050       12.05990       12.03620       12.01170       12.01170       12.01170       12.03780       12.05050       12.04970       12.04810       12.18840       12.27910       12.24470       12.21160       12.16290       12.08960       11.98090       11.80460       11.60340       11.34710       11.06950       10.77480       10.47580    
   12.06810       12.06810       12.06810       12.06560       12.06080       12.06070       12.06060       11.92570       11.92290       12.01150       12.01170       12.01170       12.01170       12.01170       12.04000       12.05360       12.05130       12.04810       12.18180       12.31350       12.29900       12.27340       12.22590       12.14020       11.99860       11.77240       11.51350       11.22630       10.93030       10.64350    
   12.06810       12.06810       12.06570       12.06080       12.06080       11.76820       11.32960       11.42560       11.52160       11.84770       12.01100       12.01170       12.01170       12.01170       12.01170       12.04510       12.06150       12.05450       12.04810       12.12080       12.18700       12.24160       12.29400       12.32800       12.19740       11.97920       11.69190       11.39180       11.09430       10.81700    
   12.06810       12.06570       12.06080       12.06080       11.70970       11.32940       11.32940       11.32960       11.42560       11.52160       11.84660       12.00970       12.01170       12.01170       12.01170       12.01170       12.05600       12.08190       12.06080       12.15010       12.28720       12.35700       12.42040       12.45920       12.40670       12.19500       11.90910       11.54370       11.24320       10.97340    
