iMOD/TUTORIALS/TUT_MetaswapAnalyser/model_MetaSWAP/meteo/Precipitation/Precipitation_20050630_L1.ASC
NCOLS                30
NROWS                30
XLLCORNER     160000.00
YLLCORNER     340000.00
CELLSIZE        1000.00
NODATA_VALUE   -9999.00
   16.67820       16.74210       16.81100       16.84990       16.77200       16.41660       15.73970       14.89390       14.04340       13.41250       13.05470       12.77760       12.52440       12.28950       12.06460       11.84550       11.73310       11.59820       11.47210       11.36810       11.28030       11.22820       11.15600       11.08150       11.00300       10.91670       10.82010       10.71110       10.58680       10.42880    
   17.04130       17.06470       17.06490       17.00640       16.81570       16.42850       15.82140       15.04450       14.15960       13.54580       13.38180       13.19180       12.98490       12.76850       12.56230       12.43230       12.26620       12.08700       11.99020       11.89700       11.81810       11.77110       11.70150       11.62570       11.54430       11.45330       11.35140       11.23720       11.12210       10.95620    
   17.34560       17.33060       17.28000       17.14630       16.91180       16.53090       15.99480       15.33690       14.64510       14.13690       13.88470       13.68830       13.48400       13.28490       13.06870       12.92130       12.76030       12.63030       12.53010       12.45180       12.40690       12.36680       12.29730       12.21980       12.13000       12.02730       11.92780       11.79700       11.64010       11.48680    
   17.61360       17.57010       17.48600       17.31040       17.07000       16.72150       16.26770       15.74140       15.21910       14.79530       14.48990       14.25710       14.04970       13.83100       13.61400       13.44470       13.28620       13.16990       13.09230       13.03790       12.98960       12.95320       12.91040       12.84500       12.74140       12.61970       12.48170       12.32910       12.15230       11.98060    
   17.86110       17.80100       17.65860       17.50470       17.28010       16.97780       16.60540       16.18350       15.77800       15.42130       15.18500       14.91100       14.66400       14.42460       14.18140       13.97320       13.81490       13.71610       13.67360       13.65470       13.62800       13.58380       13.54450       13.46500       13.34250       13.19650       13.02990       12.82850       12.63110       12.40990    
   18.09810       17.96580       17.86890       17.72640       17.53040       17.27890       16.97660       16.64380       16.45810       16.13940       15.85030       15.58500       15.31750       15.05490       14.76390       14.51890       14.32640       14.25160       14.26700       14.29620       14.29540       14.25690       14.20750       14.09190       13.94270       13.77720       13.57330       13.33080       13.08740       12.81830    
   18.31820       18.17590       18.09030       17.96900       17.80250       17.60220       17.36960       17.31300       17.04150       16.77550       16.52300       16.27820       16.02870       15.74800       15.40730       15.10820       14.83340       14.81120       14.92880       15.00850       15.02590       14.98010       14.87810       14.76080       14.57340       14.35300       14.08380       13.81550       13.53160       13.21600    
   18.51070       18.47180       18.31160       18.21700       18.09380       18.17630       18.03280       17.83130       17.62060       17.41160       17.20640       16.99990       16.78180       16.52640       16.17520       15.86830       15.49270       15.55910       15.74630       15.83920       15.84190       15.76530       15.62230       15.45860       15.22070       14.92390       14.62540       14.30330       13.96260       13.59900    
   18.71230       18.69150       18.63810       18.47580       18.69340       18.56800       18.48660       18.34640       18.19760       18.04860       17.90020       17.74850       17.58560       17.25900       17.08050       16.87810       16.70150       16.69020       16.77420       16.80610       16.75240       16.61620       16.41060       16.18430       15.85830       15.52580       15.16720       14.79030       14.39150       13.97790    
   18.91360       18.90780       18.87830       19.18250       19.04140       18.96170       18.94340       18.85660       18.76860       18.68230       18.59830       18.51450       18.42600       18.17850       18.09120       18.01190       17.95900       17.94500       17.93880       17.87780       17.73340       17.52450       17.23560       16.89600       16.53260       16.13080       15.71080       15.26930       14.81380       14.34810    
   18.91690       18.89990       19.11700       19.49940       19.46160       19.38220       19.38690       19.35540       19.32680       19.30410       19.28870       19.28050       19.05090       18.76010       18.88850       19.02380       19.14530       19.23330       19.24450       19.14550       18.93370       18.62920       18.25680       17.81480       17.36450       16.94170       16.44500       15.93180       15.40550       14.70960    
   18.91450       19.10830       19.49940       19.73460       19.80730       19.83780       19.88300       19.83520       19.86350       19.90280       19.29470       19.45110       19.33170       19.59840       19.85500       20.13250       20.37830       20.53900       20.53940       20.35500       20.02220       19.59510       19.09670       18.58080       18.04400       17.53270       16.97080       16.39770       15.81510       15.22540    
   19.11210       19.49940       19.84830       19.98880       20.17030       20.24700       20.29750       20.35680       19.45710       19.60010       19.80700       19.65120       19.99280       20.36530       20.74930       21.17600       21.58010       21.85980       21.87370       21.57660       21.07530       20.50880       19.91330       19.30640       18.69360       18.07570       17.49610       16.86870       16.23440       15.59400    
   19.49940       19.89940       20.07950       20.17030       20.33750       20.59530       19.40970       19.58830       19.79010       20.02560       20.28640       20.13500       20.55620       21.02140       21.53500       22.08100       22.67260       23.18020       23.22760       22.71480       22.03660       21.33920       20.62650       19.94280       19.26690       18.59480       17.96390       17.29170       16.61510       15.93330    
   19.92350       20.12490       20.17030       20.36770       20.59530       19.87400       19.61700       19.83200       20.07360       20.34630       20.14430       20.57020       21.04010       21.56040       22.13750       22.74630       23.46500       24.24820       24.41760       23.54910       22.74780       21.97300       21.22740       20.50210       19.78930       19.08310       18.37900       17.71520       17.00720       16.27130    
   20.14760       20.17030       20.37780       20.59530       20.02880       19.61700       19.72450       19.84090       20.05680       19.97530       20.39660       20.85620       21.35860       21.90720       22.49740       23.13130       23.82060       24.38280       24.43950       23.86750       23.13100       22.41740       21.68050       20.95190       20.22900       19.50850       18.78740       18.06390       17.37760       16.64540    
   20.17030       20.38110       20.59530       20.08040       19.61700       19.67070       19.72750       19.89940       19.97530       20.18600       20.70910       21.03480       21.54830       22.08440       22.75790       23.30980       23.80310       24.16530       24.19560       23.85800       23.30300       22.65570       21.97130       21.32350       20.61970       19.90710       19.18660       18.45880       17.72520       17.05290    
   20.38220       20.59530       20.09760       19.61700       19.64390       19.67170       19.81820       19.97530       20.08060       20.66230       21.15870       21.28260       21.74910       22.27170       22.77170       23.25090       23.64280       23.91090       23.94770       23.73510       23.32980       22.80350       22.20620       21.56520       20.94700       20.25910       19.55280       18.83240       18.10240       17.39560    
   20.59530       20.10330       19.61700       19.63040       19.64420       19.77730       19.97530       20.02800       20.64430       21.22060       21.28260       21.51590       21.88120       22.22140       22.67680       23.09670       23.43870       23.65320       23.70900       23.57980       23.28800       22.87200       22.36660       21.79660       21.17850       20.52320       19.88960       19.18470       18.49250       17.73280    
   20.10520       19.61700       19.62370       19.63050       19.75680       19.97530       20.00160       20.63640       21.25160       21.28260       21.39920       21.72530       22.22140       22.44910       22.66500       23.07070       23.39620       23.60030       23.52270       23.41710       23.21680       22.89760       22.48080       21.98500       21.42490       20.81250       20.09730       19.44080       18.57540       17.95170    
   19.61700       19.62040       19.62380       19.74660       19.97530       19.98850       20.63260       21.26710       21.28260       21.34090       21.65710       22.22140       22.33530       22.44520       22.72830       23.04400       23.35570       23.42180       23.33570       23.25430       23.13400       22.90210       22.56940       22.08680       21.58720       21.02120       20.22950       19.57800       18.90850       18.23940    
   19.61870       19.62040       19.74150       19.97530       19.98190       20.63080       21.27490       21.28260       21.31180       21.62550       22.22140       22.27830       22.33390       22.50290       22.73910       23.04270       23.27420       23.29500       23.25430       23.12440       22.98500       22.83760       22.58740       22.23950       21.61780       21.09270       20.50960       19.87800       19.21780       18.55590    
   19.61870       19.73900       19.97530       19.97860       20.62990       21.27870       21.28260       21.29720       21.61030       22.22140       22.24990       22.27790       22.37170       22.52530       22.76160       22.96980       23.27470       23.25430       22.97100       22.87320       22.81630       22.83270       22.48830       22.20400       21.81960       21.34010       20.78720       20.16960       19.51000       18.83630    
   19.73770       19.97530       19.97690       20.62940       21.28070       21.28260       21.28990       21.60290       22.22140       22.23560       22.24970       22.29980       22.39160       21.98410       22.08130       22.51040       22.51820       22.59440       22.67910       22.63210       22.76150       22.66470       22.53520       22.34190       22.03120       21.60620       21.07880       20.46810       19.79870       19.09300    
   19.97530       19.97610       20.62920       21.28160       21.28260       21.28620       21.59920       22.22140       22.22850       22.23560       22.26170       22.31370       21.43390       20.25740       20.27800       21.44260       21.73830       21.78220       22.28550       22.53200       22.50280       22.55800       22.61970       22.51360       22.27140       21.89130       21.38530       20.77620       20.08480       19.35530    
   19.97570       20.62910       21.28210       21.28260       21.28440       21.59740       22.22140       22.22500       22.22850       22.24190       20.34740       17.46300       19.30860       20.23640       20.23680       20.27800       21.23570       21.69450       21.78220       22.19560       22.33180       22.54520       22.66130       22.70260       22.53590       22.19960       21.70920       21.09090       20.39390       19.64540    
   20.62900       21.28240       21.28260       21.28350       21.59640       22.22140       22.22320       22.22500       22.23180       19.94880       17.46300       17.46300       17.46300       19.27750       20.19440       20.19560       20.27800       21.18800       21.60680       21.78220       22.16570       22.50440       22.75510       22.86280       22.82710       22.53090       22.03970       21.41350       20.70620       19.96490    
   21.28250       21.28260       21.28310       21.59600       22.22140       22.22230       22.22320       19.77240       18.34100       17.46010       17.46300       17.46300       17.46300       17.46300       19.21580       20.10960       20.11320       20.27800       21.08510       21.43130       21.92400       22.40500       22.82120       23.08790       23.11000       22.87590       22.36230       21.70310       20.98100       20.25490    
   21.28260       21.28280       21.59580       22.22140       22.22180       18.16920       12.09010       12.24990       12.40970       15.77070       17.45430       17.46300       17.46300       17.46300       17.46300       19.09500       19.93770       19.94840       20.27800       20.84890       21.47230       22.12900       22.78070       23.30980       23.46710       23.18610       22.62190       21.90110       21.15830       20.44760    
   21.28270       21.59560       22.22140       22.22160       17.35760       12.08900       12.08900       12.09010       12.24980       12.40970       15.75580       17.43700       17.46300       17.46300       17.46300       17.46300       18.86620       19.58680       19.61880       20.23180       20.96230       21.74690       22.59890       23.42080       23.84060       23.45990       22.71800       21.91140       21.17220       20.49190    
