iMOD/TUTORIALS/TUT_MetaswapAnalyser/model_MetaSWAP/meteo/Precipitation/Precipitation_20060217_L1.ASC
NCOLS                30
NROWS                30
XLLCORNER     160000.00
YLLCORNER     340000.00
CELLSIZE        1000.00
NODATA_VALUE   -9999.00
   13.84100       13.51260       13.16640       12.79710       12.39370       11.92690       11.39910       10.84910       10.35390       10.11600       10.16570       10.29100       10.41120       10.52480       10.58900       10.61690       10.64930       10.57550       10.46290       10.31390       10.13620       9.966550       9.758520       9.543480       9.327190       9.113400       8.905680       8.708100       8.526690       8.381590    
   13.44500       13.10150       12.74280       12.34950       11.92170       11.44280       10.91580       10.35150       9.761490       9.494390       9.710990       9.893480       10.04850       10.18880       10.27330       10.35960       10.35070       10.28100       10.16830       10.02010       9.841320       9.666200       9.454480       9.234520       9.011900       8.789420       8.569640       8.355280       8.139550       7.970070    
   13.08100       12.72780       12.35390       11.95860       11.53140       11.06740       10.57570       10.07480       9.627850       9.420880       9.496860       9.640260       9.788400       9.924110       10.01200       10.09260       10.08940       10.03020       9.918840       9.764510       9.573150       9.388130       9.169230       8.943580       8.714620       8.484770       8.242610       8.016890       7.803620       7.584950    
   12.74370       12.38820       12.01490       11.62560       11.21220       10.78260       10.34850       9.938830       9.612890       9.434390       9.419610       9.493960       9.605590       9.723350       9.810380       9.883060       9.881750       9.816900       9.692750       9.522830       9.322470       9.098860       8.892390       8.646870       8.414920       8.183320       7.952700       7.723100       7.502370       7.271580    
   12.43410       12.08240       11.72080       11.34260       10.95490       10.56480       10.18680       9.844800       9.580560       9.421640       9.374640       9.399820       9.466110       9.561920       9.649380       9.714490       9.707780       9.629670       9.480440       9.284170       9.060910       8.828450       8.614430       8.374230       8.141420       7.911240       7.684280       7.472920       7.253760       7.054010    
   12.15070       11.80990       11.45740       11.09860       10.73850       10.38540       10.04080       9.758300       9.529060       9.385750       9.316180       9.313230       9.343170       9.421900       9.493230       9.567800       9.579160       9.480890       9.290260       9.058050       8.811640       8.566110       8.344570       8.109480       7.879510       7.651290       7.433200       7.233900       7.033100       6.854430    
   11.84790       11.55920       11.22170       10.88290       10.52930       10.20990       9.913710       9.659430       9.462010       9.316560       9.233140       9.205560       9.223020       9.265820       9.322240       9.421560       9.477390       9.340800       9.081690       8.809250       8.545730       8.293120       8.051200       7.839670       7.617280       7.402560       7.209270       7.010060       6.823190       6.657640    
   11.45810       11.24900       10.98120       10.66390       10.35390       10.00570       9.784780       9.559070       9.364780       9.218220       9.120950       9.070020       9.059630       9.083750       9.094460       9.190900       9.300530       9.106990       8.801420       8.516630       8.251480       8.003390       7.769560       7.567890       7.357620       7.170600       6.975930       6.791340       6.626520       6.468000    
   11.18010       11.03220       10.73060       10.48080       10.11840       9.847230       9.648660       9.436060       9.245860       9.093580       8.980240       8.904020       8.860970       8.781070       8.796840       8.829840       8.817990       8.669660       8.426750       8.170770       7.925930       7.695800       7.479080       7.293760       7.114610       6.927470       6.748150       6.586240       6.424100       6.274870    
   10.96000       10.82960       10.54010       10.17100       9.946650       9.688380       9.518860       9.300220       9.108940       8.947290       8.815550       8.711880       8.632520       8.494470       8.466960       8.417860       8.342210       8.198750       8.002130       7.787320       7.575370       7.375310       7.183070       6.999140       6.858640       6.689320       6.534860       6.376420       6.226120       6.085460    
   11.01370       10.77660       10.38230       9.988630       9.730300       9.582570       9.371690       9.154520       8.958740       8.785420       8.634040       8.502340       8.270090       8.141280       8.078120       7.998960       7.882390       7.744680       7.582950       7.412820       7.244430       7.080600       6.920770       6.775680       6.630420       6.504170       6.354820       6.208700       6.067270       5.901570    
   11.01360       10.54030       9.988630       9.685670       9.561320       9.381870       9.182180       9.002630       8.800520       8.614720       8.337360       8.195440       7.931750       7.833490       7.726120       7.604490       7.467540       7.307770       7.160490       7.022380       6.892000       6.764270       6.653940       6.523780       6.390730       6.281900       6.148420       6.015370       5.884220       5.756330    
   10.70260       9.988630       9.662160       9.511880       9.462440       9.256700       9.028020       8.810680       8.449300       8.301430       8.131310       7.796490       7.670170       7.538110       7.396040       7.238160       7.068310       6.902250       6.752520       6.647740       6.569440       6.480270       6.383410       6.278260       6.166010       6.048380       5.955610       5.834400       5.712610       5.591590    
   9.988630       9.650100       9.487160       9.462440       9.274350       9.103920       8.662770       8.461390       8.268540       8.069860       7.892080       7.569190       7.422960       7.267730       7.098710       6.912940       6.709680       6.506480       6.371500       6.311010       6.266820       6.210360       6.175430       6.097440       6.007440       5.907860       5.825580       5.714740       5.599900       5.482500    
   9.643990       9.474800       9.462440       9.280240       9.103920       8.739550       8.451960       8.253410       8.060810       7.873010       7.470820       7.323070       7.169150       7.005130       6.826850       6.646180       6.422300       6.182120       6.033120       6.067020       6.049980       6.024430       5.978620       5.915700       5.838590       5.749990       5.652320       5.572870       5.463720       5.334980    
   9.468620       9.462440       9.282200       9.103920       8.765140       8.451960       8.352680       8.255390       7.905480       7.434680       7.284520       7.130600       6.970390       6.801100       6.665040       6.464820       6.237600       6.038270       5.919010       5.899100       5.892950       5.843360       5.800760       5.742960       5.671790       5.589380       5.497880       5.399330       5.321090       5.213030    
   9.462440       9.282850       9.103920       8.773670       8.451960       8.402320       8.353350       7.987060       7.434680       7.359600       7.125440       6.958320       6.861630       6.692300       6.472500       6.297980       6.127440       5.971570       5.863930       5.808440       5.776560       5.745480       5.705510       5.612910       5.544540       5.465900       5.378520       5.284140       5.184500       5.119180    
   9.283070       9.103920       8.776520       8.451960       8.427140       8.402540       8.044350       7.434680       7.397140       7.125490       6.888690       6.819060       6.674610       6.503020       6.348930       6.193200       6.049140       5.917460       5.816090       5.745870       5.695070       5.650030       5.601690       5.545470       5.438940       5.361140       5.275450       5.183240       5.086140       4.999470    
   9.103920       8.777470       8.451960       8.439550       8.427210       8.077180       7.434680       7.415910       7.126050       6.853880       6.819060       6.746830       6.596260       6.388370       6.247960       6.109300       5.978030       5.868620       5.772100       5.695650       5.633380       5.577230       5.520390       5.458430       5.389010       5.311390       5.187070       5.095250       5.012100       4.925530    
   8.777780       8.451960       8.445760       8.439580       8.094660       7.434680       7.425290       7.126430       6.836470       6.819060       6.782950       6.637630       6.388370       6.318160       6.248540       6.111760       5.985320       5.872920       5.720360       5.652240       5.583530       5.519680       5.455780       5.388110       5.314370       5.233570       5.169590       5.097940       5.015890       4.861890    
   8.451960       8.448860       8.445760       8.103670       7.434680       7.429990       7.126650       6.827760       6.819060       6.801000       6.657000       6.388370       6.353270       6.318360       6.226160       6.115210       5.990000       5.764890       5.632700       5.613170       5.541340       5.472670       5.403540       5.360230       5.279470       5.192510       5.141310       5.041340       4.935580       4.826470    
   8.450410       8.448860       8.108240       7.434680       7.432330       7.126760       6.823410       6.819060       6.810030       6.666360       6.388370       6.370820       6.353330       6.299260       6.219910       6.110450       5.821240       5.622940       5.613170       5.567550       5.548140       5.471140       5.393820       5.313410       5.250290       5.173870       5.076750       4.972300       4.862430       4.749450    
   8.450410       8.110550       7.434680       7.433510       7.126810       6.821240       6.819060       6.814550       6.670960       6.388370       6.379590       6.370840       6.341140       6.290830       6.209870       5.856710       5.618050       5.613170       5.544360       5.515760       5.474550       5.437840       5.382280       5.298180       5.215100       5.122430       5.020460       4.910730       4.795250       4.676950    
   8.111710       7.434680       7.434090       7.126840       6.820150       6.819060       6.816800       6.673230       6.388370       6.383980       6.379600       6.363860       6.334270       6.086820       5.807150       5.513380       5.513910       5.499740       5.484330       5.480950       5.483380       5.432250       5.340010       5.262170       5.174840       5.077300       4.969900       4.853950       4.731620       4.606870    
   7.434680       7.434390       7.126860       6.819600       6.819060       6.817930       6.674370       6.388370       6.386180       6.383990       6.375810       6.359240       5.957800       5.503180       5.505440       5.466660       5.408180       5.414650       5.442190       5.456270       5.478520       5.381160       5.308340       5.229880       5.140090       5.038310       4.925190       4.802500       4.673520       4.539070    
   7.434530       7.126860       6.819330       6.819060       6.818500       6.674930       6.388370       6.387270       6.386180       6.381990       5.961840       5.345090       5.448570       5.500880       5.500920       5.505440       5.439090       5.401710       5.414650       5.416900       5.406900       5.348800       5.282520       5.201600       5.110250       5.004340       4.885130       4.756110       4.618990       4.477480    
   7.126870       6.819200       6.819060       6.818780       6.675210       6.388370       6.387820       6.387270       6.385150       5.884040       5.345090       5.345090       5.345090       5.445140       5.496280       5.496390       5.505440       5.434570       5.388770       5.414650       5.367540       5.315150       5.253770       5.178950       5.084310       4.974030       4.848350       4.710960       4.567200       4.421500    
   6.819130       6.819060       6.818920       6.675360       6.388370       6.388100       6.387820       6.018790       5.686180       5.344790       5.345090       5.345090       5.345090       5.345090       5.438270       5.486990       5.487350       5.505440       5.429410       5.362890       5.322430       5.277430       5.223580       5.154450       5.063160       4.945730       4.810520       4.663950       4.513390       4.364390    
   6.819060       6.818990       6.675430       6.388370       6.388230       5.779320       4.866270       4.890590       4.914930       5.200890       5.344190       5.345090       5.345090       5.345090       5.345090       5.424620       5.468190       5.469260       5.505440       5.434640       5.367650       5.302610       5.236170       5.128500       5.040990       4.916990       4.767090       4.609100       4.451270       4.298860    
   6.819030       6.675460       6.388370       6.388300       5.657520       4.866050       4.866050       4.866270       4.890580       4.914930       5.199350       5.342390       5.345090       5.345090       5.345090       5.345090       5.397870       5.429870       5.433070       5.363050       5.300570       5.240010       5.182510       5.120430       5.025030       4.867420       4.685080       4.538780       4.374510       4.219740    
