iMOD/TUTORIALS/TUT_MetaswapAnalyser/model_MetaSWAP/meteo/Precipitation/Precipitation_20060218_L1.ASC
NCOLS                30
NROWS                30
XLLCORNER     160000.00
YLLCORNER     340000.00
CELLSIZE        1000.00
NODATA_VALUE   -9999.00
  0.8580300      0.9687700       1.085590       1.207650       1.334440       1.461930       1.588630       1.711430       1.823870       1.897700       1.927360       1.939910       1.946240       1.946580       1.945440       1.933560       1.902630       1.890820       1.881620       1.871050       1.858990       1.843840       1.828330       1.793250       1.776320       1.758010       1.738780       1.719580       1.702200       1.685860    
  0.9087500       1.021380       1.141720       1.265580       1.394580       1.525130       1.656990       1.789130       1.920850       2.005150       2.015490       2.023510       2.027780       2.021350       2.018820       1.991870       1.984580       1.966530       1.950940       1.938180       1.924030       1.907070       1.889670       1.853540       1.834750       1.814470       1.792950       1.770760       1.740020       1.721510    
  0.9596100       1.072910       1.192190       1.317850       1.446780       1.577090       1.708150       1.837190       1.954850       2.034720       2.068770       2.085670       2.090590       2.092630       2.087250       2.064050       2.055350       2.045140       2.033470       2.020300       2.000190       1.982040       1.944720       1.925780       1.905200       1.882940       1.848480       1.824940       1.796420       1.775390    
   1.008150       1.121200       1.239780       1.364110       1.490310       1.617980       1.744490       1.865750       1.969880       2.050470       2.099520       2.129160       2.146700       2.152950       2.154960       2.139470       2.131570       2.121760       2.110190       2.096890       2.081790       2.040700       2.021380       1.989730       1.969150       1.947290       1.924140       1.899720       1.870580       1.846870    
   1.054210       1.166240       1.284410       1.405140       1.528260       1.651700       1.772500       1.884980       1.984350       2.064370       2.136320       2.170300       2.193940       2.206940       2.216680       2.210910       2.201120       2.192200       2.181160       2.168140       2.130420       2.113690       2.093490       2.071040       2.050640       2.029230       2.006970       1.978980       1.958840       1.943070    
   1.097790       1.209160       1.323910       1.441830       1.561360       1.680390       1.798190       1.903240       2.033120       2.107250       2.165650       2.208840       2.240400       2.258970       2.276910       2.276900       2.273180       2.266500       2.257300       2.245820       2.211910       2.195760       2.176340       2.157820       2.138360       2.116000       2.095850       2.071010       2.055250       2.044810    
   1.139900       1.247930       1.360190       1.475060       1.594050       1.708660       1.819820       1.972110       2.058860       2.134180       2.195950       2.244650       2.281750       2.309480       2.339920       2.343720       2.343210       2.339380       2.332690       2.307530       2.293780       2.278920       2.263050       2.244000       2.226350       2.208370       2.184010       2.168700       2.155230       2.147810    
   1.165140       1.288880       1.397600       1.509120       1.621300       1.808400       1.908070       2.001770       2.087990       2.163680       2.227990       2.280950       2.323340       2.356200       2.402070       2.409400       2.411860       2.411260       2.398150       2.387510       2.375660       2.362780       2.348980       2.332100       2.316810       2.293980       2.279990       2.267570       2.254180       2.249880    
   1.204850       1.322930       1.429660       1.537490       1.744060       1.846890       1.943300       2.034510       2.119620       2.195740       2.262080       2.318480       2.365320       2.444670       2.462060       2.473190       2.479770       2.481090       2.474420       2.466450       2.457230       2.446990       2.435880       2.421640       2.401280       2.389190       2.377840       2.363320       2.356890       2.353570    
   1.238240       1.354860       1.458960       1.684520       1.786120       1.886280       1.978280       2.069330       2.153700       2.230270       2.298340       2.357630       2.408270       2.500940       2.520700       2.536090       2.552480       2.552450       2.549980       2.545820       2.540430       2.531350       2.523450       2.514750       2.495150       2.485780       2.471930       2.465100       2.460070       2.457400    
   1.244770       1.350690       1.557000       1.729670       1.829730       1.922240       2.016430       2.106210       2.190110       2.267190       2.336780       2.398570       2.529340       2.619270       2.649380       2.641530       2.632180       2.620420       2.608420       2.597080       2.586660       2.576980       2.567840       2.552330       2.539090       2.526270       2.520820       2.517310       2.516070       2.561390    
   1.246010       1.470530       1.729670       1.836290       1.873360       1.964380       2.057000       2.145060       2.228720       2.306370       2.495150       2.543450       2.679200       2.729390       2.723530       2.714260       2.702610       2.691640       2.680910       2.672360       2.665480       2.659380       2.643100       2.636890       2.631410       2.623590       2.619980       2.617940       2.617720       2.619560    
   1.397980       1.729670       1.842810       1.892880       1.912400       2.006580       2.098430       2.186580       2.439340       2.502090       2.558330       2.809790       2.811160       2.808000       2.800500       2.789260       2.775430       2.761500       2.752770       2.747870       2.738560       2.735100       2.731680       2.728280       2.725120       2.722510       2.717090       2.716280       2.716940       2.719250    
   1.729670       1.846880       1.902640       1.912400       1.989780       2.050350       2.362880       2.438150       2.507620       2.549100       2.607710       2.895040       2.895260       2.890850       2.881860       2.868500       2.851440       2.833530       2.823300       2.821430       2.822730       2.823300       2.792040       2.785600       2.780130       2.776060       2.771590       2.771340       2.773520       2.778270    
   1.849120       1.907520       1.912400       1.984180       2.050350       2.273500       2.407260       2.483820       2.555010       2.620210       2.980280       2.984320       2.983840       2.978750       2.968980       2.954520       2.935560       2.910590       2.897470       2.892300       2.890680       2.886020       2.880940       2.876100       2.872070       2.869340       2.868330       2.867010       2.870270       2.875730    
   1.909960       1.912400       1.982310       2.050350       2.243700       2.407260       2.445540       2.482030       2.681640       3.067520       3.075300       3.078920       3.078180       3.073010       3.052270       3.039900       3.015180       2.999370       2.987510       2.981300       2.975880       2.975870       2.971530       2.967570       2.964510       2.962800       2.962850       2.964970       2.967080       2.974020    
   1.912400       1.981690       2.050350       2.233770       2.407260       2.426400       2.444940       2.669180       3.067520       3.071410       3.141170       3.178600       3.162120       3.157750       3.133610       3.121950       3.109940       3.096540       3.085320       3.076980       3.070210       3.064080       3.058530       3.061640       3.059130       3.058150       3.059060       3.062160       3.067690       3.066270    
   1.981480       2.050350       2.230460       2.407260       2.416830       2.426200       2.652010       3.067520       3.069460       3.165540       3.242060       3.305520       3.297240       3.240360       3.231040       3.219860       3.209350       3.197020       3.185850       3.176370       3.168320       3.161370       3.155480       3.150860       3.155840       3.155300       3.156860       3.160810       3.167390       3.169910    
   2.050350       2.229360       2.407260       2.412050       2.416760       2.640640       3.067520       3.068490       3.176370       3.273790       3.305520       3.301380       3.296350       3.342280       3.333090       3.322240       3.310300       3.300670       3.289200       3.278800       3.269620       3.261710       3.255180       3.250290       3.247340       3.246640       3.256450       3.261120       3.261940       3.268720    
   2.228990       2.407260       2.409650       2.412020       2.634240       3.067520       3.068010       3.181510       3.289660       3.305520       3.303450       3.311380       3.342280       3.337690       3.332540       3.321880       3.311070       3.300060       3.349200       3.384280       3.373940       3.364950       3.357610       3.352230       3.349130       3.348610       3.345310       3.340160       3.285420       3.319230    
   2.407260       2.408460       2.409650       2.630860       3.067520       3.067760       3.184030       3.297590       3.305520       3.304490       3.315660       3.342280       3.339980       3.337500       3.330700       3.321830       3.311000       3.378410       3.438660       3.493040       3.481410       3.471180       3.462820       3.450010       3.447170       3.447210       3.366130       3.375960       3.392680       3.417430    
   2.407860       2.408450       2.629120       3.067520       3.067640       3.185280       3.301550       3.305520       3.305000       3.316990       3.342280       3.341130       3.339920       3.336060       3.330010       3.321180       3.394020       3.465850       3.493040       3.518940       3.582380       3.571870       3.563290       3.557270       3.475800       3.474080       3.478160       3.488550       3.505890       3.529780    
   2.407860       2.628240       3.067520       3.067580       3.185900       3.303540       3.305520       3.305260       3.317450       3.342280       3.341710       3.341110       3.339040       3.335330       3.329080       3.474100       3.479440       3.493040       3.635260       3.693470       3.674160       3.676120       3.605770       3.596190       3.588040       3.586940       3.592210       3.603830       3.622110       3.648260    
   2.627790       3.067520       3.067550       3.186210       3.304530       3.305520       3.305390       3.317630       3.342280       3.341990       3.341700       3.340620       3.338490       3.617530       3.777160       3.847990       3.845840       3.826630       3.808370       3.835610       3.804560       3.735890       3.725370       3.711930       3.705290       3.705800       3.713210       3.726970       3.746590       3.767000    
   3.067520       3.067530       3.186360       3.305020       3.305520       3.305460       3.317700       3.342280       3.342140       3.341990       3.341440       3.340270       3.849540       4.472530       4.466670       4.209810       4.218690       4.198650       3.997810       3.896040       3.866650       3.854800       3.848050       3.834050       3.828420       3.831520       3.842720       3.860650       3.878610       3.906280    
   3.067530       3.186440       3.305270       3.305520       3.305490       3.317740       3.342280       3.342210       3.342140       3.341850       4.036800       5.080140       4.680050       4.478550       4.478380       4.466670       4.308030       4.238730       4.198650       4.060930       4.016920       3.987120       3.963540       3.961860       3.957700       3.964910       3.982430       4.003540       4.034540       4.068670    
   3.186480       3.305400       3.305520       3.305500       3.317760       3.342280       3.342240       3.342210       3.342070       4.176210       5.080140       5.080140       5.080140       4.688970       4.490600       4.490090       4.466670       4.328060       4.278820       4.198650       4.161480       4.127730       4.100680       4.084340       4.093110       4.106390       4.130250       4.167230       4.211250       4.260080    
   3.305460       3.305520       3.305510       3.317770       3.342280       3.342260       3.342240       4.068740       4.610200       5.080830       5.080140       5.080140       5.080140       5.080140       4.706760       4.515050       4.513510       4.466670       4.368110       4.358980       4.317740       4.278760       4.246140       4.226150       4.225540       4.254300       4.294260       4.347540       4.408970       4.476640    
   3.305520       3.305520       3.317770       3.342280       3.342270       4.544690       6.348110       6.298290       6.248440       5.471450       5.082200       5.080140       5.080140       5.080140       5.080140       4.741780       4.564960       4.560350       4.466670       4.448160       4.424690       4.398110       4.377560       4.377940       4.374350       4.407330       4.472610       4.546440       4.627520       4.714160    
   3.305520       3.317770       3.342280       3.342280       4.785420       6.348530       6.348530       6.348110       6.298310       6.248440       5.475000       5.086330       5.080140       5.080140       5.080140       5.080140       4.808490       4.667850       4.654030       4.637830       4.626920       4.592740       4.555000       4.521990       4.523120       4.589470       4.687460       4.766830       4.868690       4.972310    
