iMOD/TUTORIALS/TUT_MetaswapAnalyser/model_MetaSWAP/meteo/Precipitation/Precipitation_20060404_L1.ASC
NCOLS                30
NROWS                30
XLLCORNER     160000.00
YLLCORNER     340000.00
CELLSIZE        1000.00
NODATA_VALUE   -9999.00
  0.5145900      0.5145900      0.5145400      0.5141300      0.5682300      0.5672500      0.5700100      0.5173700      0.5357400      0.5300500      0.5044200      0.5001900      0.5464800      0.5328700      0.5328700      0.4903700      0.5328700      0.4903700      0.4903700      0.4903700      0.4903700      0.4739600      0.4739600      0.4816400      0.4816400      0.4816400      0.4816400      0.4816200      0.4815300      0.4671500    
  0.4836400      0.4836400      0.5145800      0.5145400      0.5707700      0.5707500      0.5712500      0.5771200      0.6168400      0.6851900      0.5139400      0.5471500      0.5464900      0.4903700      0.4903700      0.5328700      0.5328700      0.5210700      0.4821100      0.4821100      0.4821100      0.4671600      0.4671600      0.4739600      0.4739600      0.4739600      0.4739500      0.4738500      0.4484500      0.4300000    
  0.4836400      0.4836400      0.4836400      0.5394400      0.5709500      0.5709700      0.5711900      0.5737700      0.5739700      0.5300500      0.5577700      0.5468500      0.4998100      0.4903700      0.4821100      0.5210700      0.5210700      0.5210700      0.5210700      0.5210700      0.4821100      0.4671600      0.4739600      0.4739600      0.4739600      0.4739600      0.4493000      0.4490400      0.4303000      0.3944100    
  0.4836400      0.4836400      0.4836400      0.5394400      0.5394400      0.5394500      0.5395000      0.5714000      0.5549100      0.6176000      0.5538900      0.4998700      0.4903800      0.4821100      0.4821100      0.5210800      0.5210900      0.5210900      0.5210800      0.5210700      0.5210700      0.4903700      0.4739600      0.4493200      0.4493200      0.4493200      0.4493000      0.4489900      0.4293200       0.000000    
  0.4836400      0.4836400      0.5394400      0.5394400      0.5394400      0.5394400      0.5394500      0.5862400      0.5863100      0.5863200      0.5101000      0.4651100      0.4645300      0.4576000      0.4821600      0.5212800      0.4963000      0.4962200      0.4959800      0.4958900      0.5063500      0.5063500      0.4865300      0.4493200      0.4493200      0.4493200      0.4493100      0.4338900      0.4326000      0.4255500    
  0.4836400      0.5394400      0.5394400      0.5394400      0.5394400      0.5394400      0.6110400      0.5862000      0.5656900      0.5100500      0.5100400      0.5100400      0.5063500      0.4576300      0.4962100      0.4981800      0.5024900      0.5006800      0.4969400      0.4960000      0.5063600      0.5063500      0.4865300      0.4865300      0.4865300      0.4493200      0.4493200      0.4340000      0.4338400      0.4333700    
  0.5096700      0.5394400      0.5394400      0.5394400      0.6110400      0.6110400      0.6110400      0.5656800      0.5100400      0.5100400      0.5100400      0.5100400      0.5100500      0.4959600      0.4972200      0.5121700      0.5982300      0.5496300      0.5014700      0.5067800      0.5063800      0.5063500      0.5063500      0.4865300      0.4865300      0.4865300      0.4716400      0.4716400      0.4340100      0.4339800    
  0.5823900      0.5823900      0.6110400      0.6110400      0.6110400      0.5862000      0.5656800      0.5100400      0.5100400      0.5100400      0.5100400      0.5100400      0.5100500      0.4987000      0.5440400      0.5738700       1.049960      0.6470500      0.5156000      0.5069400      0.5063800      0.5063500      0.5063500      0.4865300      0.4865300      0.4716400      0.4716400      0.4716400      0.4310400      0.4310300    
  0.6804900      0.5823900      0.5823900      0.6110400      0.5862000      0.5862000      0.5656800      0.5100400      0.5100400      0.5100400      0.5100400      0.5100400      0.5100500      0.5485500      0.5429500      0.5512800      0.5825300      0.5826000      0.5098400      0.5066600      0.5063700      0.5063500      0.5063500      0.4865300      0.4716400      0.4716400      0.4716400      0.4310400      0.4310400      0.4310400    
  0.6804900      0.5823900      0.5823900      0.5587100      0.5862000      0.5862000      0.5100400      0.5100400      0.5100400      0.5100400      0.5100400      0.5100400      0.5100400      0.5657100      0.5486600      0.5430700      0.5600500      0.5594200      0.5579300      0.5574700      0.5574000      0.5063500      0.5063500      0.5063500      0.4716400      0.4716400      0.4310400      0.4310400      0.4310400      0.4310400    
  0.6477900      0.6150900      0.5705500      0.5587100      0.5587100      0.5234800      0.5100400      0.5100400      0.5100400      0.5100400      0.5100400      0.5100400      0.5656800      0.5100400      0.5100600      0.5101300      0.5065100      0.5064800      0.5063900      0.5063500      0.5063500      0.5063500      0.5063500      0.4913200      0.4477400      0.3962800      0.3962800      0.3962800      0.3962800      0.4310400    
  0.6477900      0.5980350      0.5587100      0.5428970      0.5587100      0.4954600      0.4836400      0.5100400      0.5100400      0.5100400      0.4651000      0.4651000      0.5100400      0.5234800      0.5100400      0.5100400      0.5100300      0.5062900      0.5062800      0.5063100      0.5063400      0.5063400      0.4477400      0.4477400      0.4477400      0.4310400      0.4310400      0.4310400      0.4310400      0.4310400    
  0.6185310      0.5587100      0.5310380      0.5270850      0.4954600      0.4836400      0.4836400      0.4836400      0.4393000      0.4651000      0.4651000      0.5234800      0.5234800      0.5234800      0.5100400      0.5100000      0.5097800      0.5091000      0.5052700      0.4654400      0.4476900      0.4477300      0.4477400      0.4477400      0.4477400      0.4477400      0.4310400      0.4310400      0.4310400      0.4310400    
  0.5587100      0.5241200      0.5112720      0.4954600      0.4875800      0.4836400      0.4393000      0.4393000      0.4393000      0.4461700      0.4461700      0.5234800      0.5234800      0.5234800      0.5234700      0.5099000      0.4651300      0.4567200      0.4534700      0.4456100      0.4475400      0.4477200      0.4083400      0.4083400      0.4083400      0.4083400      0.3962800      0.3962800      0.3962800      0.3962800    
  0.5204140      0.5033660      0.4954600      0.4888930      0.4836400      0.4408030      0.3994700      0.3994700      0.3994700      0.3994700      0.4444700      0.4444700      0.4444700      0.4444700      0.4444600      0.4663000      0.4632900       0.000000       0.000000       0.000000       0.000000       0.000000       0.000000       0.000000       0.000000       0.000000       0.000000       0.000000       0.000000       0.000000    
  0.4994130      0.4954600      0.4893310      0.4836400      0.4413040      0.3994700      0.3994700      0.3994700      0.4107200      0.4444700      0.4444700      0.4444700      0.4444700      0.4444700      0.3994700      0.3993900       0.000000       0.000000       0.000000       0.000000       0.000000       0.000000       0.000000       0.000000       0.000000       0.000000       0.000000       0.000000       0.000000       0.000000    
  0.4954600      0.4894770      0.4836400      0.4414710      0.3994700      0.3994700      0.3994700      0.4135320      0.4444700      0.4444700      0.3555760      0.4444700      0.3994700      0.3994700       0.000000       0.000000       0.000000       0.000000       0.000000       0.000000       0.000000       0.000000       0.000000       0.000000       0.000000       0.000000       0.000000       0.000000       0.000000       0.000000    
  0.4895260      0.4836400      0.4415270      0.3994700      0.3994700      0.3994700      0.4142360      0.4444700      0.4444700      0.2933500      0.2222350       0.000000       0.000000       0.000000       0.000000       0.000000       0.000000       0.000000       0.000000       0.000000       0.000000       0.000000       0.000000       0.000000       0.000000       0.000000       0.000000       0.000000       0.000000       0.000000    
  0.4836400      0.4415460      0.3994700      0.3994700      0.3994700      0.4144110      0.4444700      0.4444700      0.2586820      0.1111170       0.000000       0.000000       0.000000       0.000000       0.000000       0.000000       0.000000       0.000000       0.000000       0.000000       0.000000       0.000000       0.000000       0.000000       0.000000       0.000000       0.000000       0.000000       0.000000       0.000000    
  0.4415520      0.3994700      0.3994700      0.3994700      0.4144550      0.4444700      0.4444700      0.2406360      0.5555870E-01   0.000000       0.000000       0.000000       0.000000       0.000000       0.000000       0.000000       0.000000       0.000000       0.000000       0.000000       0.000000       0.000000       0.000000       0.000000       0.000000       0.000000       0.000000       0.000000       0.000000       0.000000    
  0.3994700      0.3994700      0.3994700      0.4144660      0.4444700      0.4444700      0.2314710      0.2777940E-01   0.000000       0.000000       0.000000       0.000000       0.000000       0.000000       0.000000       0.000000       0.000000       0.000000       0.000000       0.000000       0.000000       0.000000       0.000000       0.000000       0.000000       0.000000       0.000000       0.000000       0.000000       0.000000    
  0.3994700      0.3994700      0.4144690      0.4444700      0.4444700      0.2268600      0.1388970E-01   0.000000       0.000000       0.000000       0.000000       0.000000       0.000000       0.000000       0.000000       0.000000       0.000000       0.000000       0.000000       0.000000       0.000000       0.000000       0.000000       0.000000       0.000000       0.000000       0.000000       0.000000       0.000000       0.000000    
  0.3994700      0.4144700      0.4444700      0.4444700      0.2245490      0.6944840E-02   0.000000       0.000000       0.000000       0.000000       0.000000       0.000000       0.000000       0.000000       0.000000       0.000000       0.000000       0.000000       0.000000       0.000000       0.000000       0.000000       0.000000       0.000000       0.000000       0.000000       0.000000       0.000000       0.000000       0.000000    
  0.4144700      0.4444700      0.4444700      0.2233920      0.3472420E-02   0.000000       0.000000       0.000000       0.000000       0.000000       0.000000       0.000000       0.000000       0.000000       0.000000       0.000000       0.000000       0.000000       0.000000       0.000000       0.000000       0.000000       0.000000       0.000000       0.000000       0.000000       0.000000       0.000000       0.000000       0.000000    
  0.4444700      0.4444700      0.2228140      0.1736210E-02   0.000000       0.000000       0.000000       0.000000       0.000000       0.000000       0.000000       0.000000       0.000000       0.000000       0.000000       0.000000       0.000000       0.000000       0.000000       0.000000       0.000000       0.000000       0.000000       0.000000       0.000000       0.000000       0.000000       0.000000       0.000000       0.000000    
  0.4444700      0.2225240      0.8681050E-03   0.000000       0.000000       0.000000       0.000000       0.000000       0.000000       0.000000       0.000000       0.000000       0.000000       0.000000       0.000000       0.000000       0.000000       0.000000       0.000000       0.000000       0.000000       0.000000       0.000000       0.000000       0.000000       0.000000       0.000000       0.000000       0.000000       0.000000    
  0.2223800      0.4340530E-03   0.000000       0.000000       0.000000       0.000000       0.000000       0.000000       0.000000       0.000000       0.000000       0.000000       0.000000       0.000000       0.000000       0.000000       0.000000       0.000000       0.000000       0.000000       0.000000       0.000000       0.000000       0.000000       0.000000       0.000000       0.000000       0.000000       0.000000       0.000000    
  0.2170260E-03   0.000000       0.000000       0.000000       0.000000       0.000000       0.000000       0.000000       0.000000       0.000000       0.000000       0.000000       0.000000       0.000000       0.000000       0.000000       0.000000       0.000000       0.000000       0.000000       0.000000       0.000000       0.000000       0.000000       0.000000       0.000000       0.000000       0.000000       0.000000       0.000000    
   0.000000       0.000000       0.000000       0.000000       0.000000       0.000000       0.000000       0.000000       0.000000       0.000000       0.000000       0.000000       0.000000       0.000000       0.000000       0.000000       0.000000       0.000000       0.000000       0.000000       0.000000       0.000000       0.000000       0.000000       0.000000       0.000000       0.000000       0.000000       0.000000       0.000000    
   0.000000       0.000000       0.000000       0.000000       0.000000       0.000000       0.000000       0.000000       0.000000       0.000000       0.000000       0.000000       0.000000       0.000000       0.000000       0.000000       0.000000       0.000000       0.000000       0.000000       0.000000       0.000000       0.000000       0.000000       0.000000       0.000000       0.000000       0.000000       0.000000       0.000000    
