iMOD/TUTORIALS/TUT_MetaswapAnalyser/model_MetaSWAP/meteo/Precipitation/Precipitation_20050118_L1.ASC
NCOLS                30
NROWS                30
XLLCORNER     160000.00
YLLCORNER     340000.00
CELLSIZE        1000.00
NODATA_VALUE   -9999.00
   11.71050       11.71730       11.73050       11.72500       11.62810       11.34750       10.83960       10.23410       9.659990       9.298440       9.186380       9.160410       9.173080       9.178040       9.226500       9.335250       9.487530       9.622150       9.783860       9.971680       10.18230       10.38380       10.62650       10.89230       11.15850       11.43410       11.71700       12.00430       12.28970       12.54680    
   11.71800       11.68160       11.63200       11.53730       11.34370       11.02550       10.55940       9.991640       9.376420       9.011270       9.032690       9.056150       9.082920       9.122590       9.177810       9.298330       9.409440       9.540980       9.717730       9.923200       10.15400       10.38020       10.64560       10.93380       11.22440       11.52600       11.83790       12.15860       12.48360       12.78360    
   11.69710       11.61990       11.51710       11.35160       11.12630       10.80280       10.38110       9.893820       9.413750       9.113240       9.038660       9.029510       9.056490       9.067480       9.107760       9.208990       9.318520       9.468260       9.658040       9.882690       10.13640       10.38620       10.68170       10.98020       11.29020       11.61140       11.94510       12.29120       12.63550       13.00730    
   11.66040       11.55200       11.41440       11.22030       10.98100       10.67270       10.30370       9.902840       9.535140       9.276630       9.136270       9.076870       9.057580       9.042170       9.061140       9.134480       9.236260       9.390800       9.596630       9.843300       10.11840       10.42350       10.70580       11.02040       11.34400       11.67740       12.02210       12.37980       12.73980       13.13280    
   11.62090       11.49170       11.32400       11.13160       10.89380       10.60980       10.29020       9.971760       9.666200       9.424730       9.257250       9.159530       9.097650       9.049820       9.034260       9.066290       9.150050       9.308350       9.535670       9.809550       10.12010       10.43360       10.72890       11.05690       11.38700       11.72390       12.06880       12.40460       12.76890       13.12430    
   11.58650       11.44020       11.27580       11.08150       10.85420       10.59630       10.33510       10.05080       9.742180       9.552650       9.386350       9.261820       9.168290       9.091470       9.025240       9.009100       9.059840       9.224930       9.488020       9.796830       10.13080       10.45970       10.76470       11.09160       11.42030       11.75500       12.09060       12.41180       12.75270       13.07930    
   11.56580       11.41930       11.25310       11.06380       10.87800       10.64040       10.39160       10.07310       9.883040       9.687700       9.524060       9.389220       9.275640       9.174690       9.060150       8.987280       8.965780       9.154460       9.481330       9.833870       10.17650       10.51120       10.83890       11.13620       11.45470       11.77320       12.07160       12.39380       12.71330       13.01880    
   11.66490       11.45600       11.28830       11.10330       10.90190       10.59110       10.36680       10.19920       10.00380       9.827660       9.673660       9.540280       9.422430       9.315200       9.175310       9.076970       8.972300       9.206420       9.577860       9.932630       10.27130       10.59590       10.90960       11.19030       11.48990       11.76510       12.06440       12.36290       12.65120       12.93950    
   11.72420       11.46470       11.30430       11.13080       10.81850       10.63720       10.43650       10.30130       10.13070       9.974960       9.836580       9.715080       9.607820       9.452660       9.384700       9.331040       9.338140       9.507480       9.799290       10.11260       10.41990       10.71580       11.00160       11.25470       11.50380       11.77570       12.04800       12.31290       12.58520       12.85360    
   11.74210       11.48630       11.33520       11.01120       10.85550       10.69490       10.56650       10.40990       10.26280       10.12910       10.01100       9.909310       9.824020       9.675580       9.657620       9.661770       9.721750       9.874310       10.09780       10.35040       10.60620       10.86510       11.11090       11.35280       11.54190       11.78090       12.01460       12.25990       12.50690       12.75420    
   11.69820       11.52120       11.21850       11.04110       10.90060       10.84320       10.65650       10.52240       10.39820       10.28710       10.19190       10.11480       9.934950       9.984850       9.984590       10.02350       10.11180       10.24680       10.41830       10.60600       10.79650       10.98600       11.17580       11.34870       11.53560       11.72480       11.93370       12.14970       12.37220       12.63970    
   11.69420       11.36970       11.04110       10.99960       10.95280       10.91890       10.74820       10.63580       10.53320       10.44450       10.46670       10.40180       10.24020       10.23840       10.29050       10.36790       10.47820       10.61990       10.76230       10.89720       11.02560       11.15430       11.26400       11.40550       11.55800       11.69360       11.86650       12.05080       12.24580       12.45100    
   11.48790       11.04110       11.04320       11.02830       11.10390       10.94340       10.84050       10.74600       10.79980       10.72040       10.65660       10.42350       10.44440       10.49250       10.57810       10.69050       10.83230       10.98070       11.10810       11.18580       11.22840       11.28880       11.36360       11.45500       11.56320       11.68740       11.79620       11.94870       12.11620       12.29800    
   11.04110       11.06360       11.06610       11.10390       11.02130       11.01660       11.11360       11.02240       10.94300       10.88040       10.83440       10.60660       10.64860       10.71950       10.82450       10.97100       11.14940       11.33810       11.44180       11.43660       11.41440       11.41200       11.40290       11.44230       11.50430       11.58720       11.66290       11.78370       11.92410       12.08400    
   11.07340       11.08500       11.10390       11.04730       11.01660       11.11950       11.22840       11.15020       11.08390       11.03280       10.73960       10.77140       10.82670       10.91020       11.02700       11.18490       11.38030       11.62100       11.73260       11.59060       11.51350       11.45690       11.43050       11.43110       11.45620       11.50430       11.57440       11.63830       11.75140       11.88460    
   11.09450       11.10390       11.05590       11.01660       11.12150       11.22840       11.18930       11.15420       11.02860       10.84750       10.86960       10.90950       10.97080       11.05700       11.17210       11.31590       11.47650       11.64230       11.69920       11.61400       11.50880       11.45880       11.40560       11.37640       11.37050       11.38730       11.42700       11.48980       11.54950       11.66170    
   11.10390       11.05880       11.01660       11.12220       11.22840       11.20890       11.19060       11.05490       10.84750       10.85860       10.97060       11.02280       11.08410       11.16400       11.25920       11.36940       11.47880       11.57020       11.59540       11.54530       11.46000       11.37230       11.29700       11.28860       11.25750       11.24710       11.25850       11.29330       11.35320       11.44140    
   11.05980       11.01660       11.12240       11.22840       11.21860       11.20930       11.07550       10.84750       10.85300       10.99880       11.11330       11.20380       11.24140       11.23490       11.30440       11.38220       11.44140       11.48630       11.48830       11.44410       11.36930       11.28360       11.20060       11.12830       11.12010       11.08490       11.06960       11.07690       11.10980       11.19500    
   11.01660       11.12250       11.22840       11.22350       11.21880       11.08770       10.84750       10.85030       11.01230       11.15860       11.20380       11.22260       11.23890       11.27570       11.32240       11.37050       11.41090       11.40210       11.38420       11.33460       11.26040       11.17300       11.08260       10.99700       10.92160       10.86050       10.86510       10.84470       10.87260       10.90600    
   11.12250       11.22840       11.22600       11.22360       11.09440       10.84750       10.84890       11.01900       11.18120       11.20380       11.21320       11.23530       11.27570       11.29900       11.32290       11.36790       11.39450       11.39910       11.29450       11.22640       11.14660       11.05340       10.95420       10.85530       10.76190       10.67870       10.59310       10.57220       10.57310       10.62050    
   11.22840       11.22720       11.22600       11.09780       10.84750       10.84820       11.02230       11.19250       11.20380       11.20850       11.23200       11.27570       11.28740       11.29920       11.32990       11.36180       11.38720       11.27770       11.17570       11.12500       11.03630       10.93450       10.82480       10.69290       10.58280       10.47850       10.43420       10.35610       10.29950       10.27390    
   11.22780       11.22720       11.09960       10.84750       10.84780       11.02400       11.19810       11.20380       11.20620       11.23000       11.27570       11.28150       11.28740       11.30550       11.33030       11.35960       11.26040       11.15040       11.12500       11.02380       10.91000       10.80080       10.68170       10.55670       10.45900       10.35470       10.23480       10.12460       10.03210       9.966700    
   11.22780       11.10050       10.84750       10.84770       11.02480       11.20100       11.20380       11.20500       11.22890       11.27570       11.27860       11.28160       11.29150       11.30770       11.33180       11.21560       11.13770       11.12500       10.95530       10.86140       10.77900       10.69880       10.61740       10.47670       10.33790       10.19270       10.04760       9.905990       9.775390       9.669390    
   11.10100       10.84750       10.84760       11.02520       11.20240       11.20380       11.20440       11.22830       11.27570       11.27720       11.27860       11.28390       11.29360       11.21510       11.11550       10.99470       10.98970       10.91280       10.82000       10.81110       10.81280       10.67270       10.51890       10.37360       10.21940       10.05820       9.891460       9.721390       9.552500       9.386830    
   10.84750       10.84750       11.02540       11.20310       11.20380       11.20410       11.22810       11.27570       11.27640       11.27720       11.27990       11.28540       11.13140       10.93110       10.92920       10.91400       10.85660       10.85450       10.80910       10.78760       10.80940       10.65040       10.44970       10.29520       10.13120       9.958450       9.777110       9.586960       9.380140       9.177160    
   10.84750       11.02550       11.20340       11.20380       11.20390       11.22790       11.27570       11.27610       11.27640       11.27780       11.28940       11.30220       11.05660       10.93320       10.93300       10.92920       10.88060       10.85880       10.85450       10.78310       10.74050       10.60640       10.45930       10.24590       10.07670       9.899460       9.713500       9.510460       9.303110       9.083380    
   11.02560       11.20360       11.20380       11.20390       11.22780       11.27570       11.27590       11.27610       11.27680       11.28960       11.30220       11.30220       11.30220       11.05980       10.93750       10.93690       10.92920       10.87980       10.86310       10.85450       10.72800       10.58720       10.43430       10.27200       10.05750       9.883380       9.698700       9.512060       9.320080       9.128230    
   11.20370       11.20380       11.20380       11.22780       11.27570       11.27580       11.27590       11.43830       11.43000       11.30260       11.30220       11.30220       11.30220       11.30220       11.06630       10.94640       10.94450       10.92920       10.87230       10.87170       10.74010       10.59440       10.43710       10.27290       10.10650       9.905740       9.740780       9.576370       9.415220       9.268580    
   11.20380       11.20380       11.22780       11.27570       11.27570       11.61230       12.11710       12.02090       11.92460       11.51060       11.30330       11.30220       11.30220       11.30220       11.30220       11.07970       10.96550       10.95990       10.92920       10.83370       10.71950       10.58780       10.44750       10.30580       10.14130       9.990040       9.826780       9.691240       9.564510       9.458310    
   11.20380       11.22780       11.27570       11.27570       11.67970       12.11720       12.11720       12.11710       12.02090       11.92460       11.51240       11.30540       11.30220       11.30220       11.30220       11.30220       11.10660       11.00740       10.99060       10.89750       10.80110       10.66460       10.51190       10.34930       10.19850       10.08210       9.978850       9.854620       9.750450       9.674780    
