iMOD/TUTORIALS/TUT_MetaswapAnalyser/model_MetaSWAP/meteo/Precipitation/Precipitation_20060213_L1.ASC
NCOLS                30
NROWS                30
XLLCORNER     160000.00
YLLCORNER     340000.00
CELLSIZE        1000.00
NODATA_VALUE   -9999.00
  0.2288500      0.2446500      0.2596700      0.2736800      0.2863700      0.2959500      0.3015100      0.3031100      0.3003200      0.2918600      0.2783300      0.2633000      0.2475900      0.2311000      0.2154600      0.1995600      0.1810000      0.1664200      0.1517600      0.1373600      0.1232700      0.1106800      0.9738000E-01  0.8458000E-01  0.7225000E-01  0.6061000E-01   0.000000       0.000000       0.000000       0.000000    
  0.2212600      0.2367100      0.2534400      0.2671400      0.2797400      0.2896600      0.2966100      0.3003600      0.3011300      0.2947600      0.2810800      0.2668300      0.2521800      0.2360300      0.2204300      0.2016300      0.1855800      0.1695800      0.1538000      0.1379100      0.1223800      0.1083100      0.9380000E-01  0.7992000E-01  0.6665000E-01   0.000000       0.000000       0.000000       0.000000       0.000000    
  0.2152100      0.2299500      0.2440800      0.2578700      0.2718100      0.2815100      0.2887300      0.2930200      0.2934800      0.2891000      0.2796200      0.2675700      0.2542600      0.2395800      0.2245200      0.2065800      0.1898800      0.1727200      0.1553800      0.1381700      0.1217000      0.1064500      0.9108000E-01  0.7639000E-01  0.6252000E-01   0.000000       0.000000       0.000000       0.000000       0.000000    
  0.2091500      0.2229800      0.2362300      0.2493400      0.2604400      0.2698400      0.2770500      0.2831600      0.2835400      0.2816900      0.2750900      0.2657700      0.2543800      0.2414400      0.2273600      0.2107500      0.1936600      0.1756700      0.1572100      0.1388500      0.1210400      0.1043800      0.8916000E-01  0.7450000E-01  0.6032000E-01   0.000000       0.000000       0.000000       0.000000       0.000000    
  0.2031300      0.2159500      0.2291400      0.2405300      0.2507600      0.2594400      0.2661300      0.2722200      0.2736500      0.2719900      0.2683300      0.2616000      0.2524500      0.2416800      0.2289400      0.2142100      0.1974400      0.1788100      0.1593200      0.1399200      0.1213800      0.1037800      0.8830000E-01  0.7319000E-01  0.5917000E-01   0.000000       0.000000       0.000000       0.000000       0.000000    
  0.1972200      0.2101200      0.2213200      0.2317200      0.2410400      0.2489600      0.2591000      0.2615200      0.2655200      0.2643500      0.2608200      0.2552400      0.2482700      0.2399200      0.2311400      0.2169100      0.2004200      0.1811900      0.1605400      0.1402000      0.1210700      0.1032100      0.8770000E-01  0.7270000E-01  0.5915000E-01   0.000000       0.000000       0.000000       0.000000       0.000000    
  0.1866900      0.2035200      0.2136800      0.2230900      0.2369000      0.2437700      0.2490500      0.2541000      0.2556500      0.2550600      0.2524900      0.2481100      0.2421400      0.2358500      0.2304300      0.2178300      0.2030100      0.1829400      0.1608200      0.1398700      0.1204400      0.1026900      0.8660000E-01  0.7296000E-01  0.6004000E-01   0.000000       0.000000       0.000000       0.000000       0.000000    
  0.1840900      0.1973300      0.2129200      0.2212000      0.2285000      0.2367000      0.2410400      0.2444000      0.2458500      0.2455300      0.2434900      0.2398300      0.2347100      0.2298700      0.2264900      0.2150400      0.2026500      0.1817100      0.1590600      0.1381900      0.1191700      0.1019600      0.8648000E-01  0.7354000E-01  0.6135000E-01   0.000000       0.000000       0.000000       0.000000       0.000000    
  0.1874100      0.1915700      0.1998900      0.2140600      0.2229600      0.2282100      0.2319200      0.2349200      0.2361800      0.2358800      0.2340100      0.2306500      0.2258700      0.2307700      0.2195900      0.2075200      0.1931300      0.1746900      0.1544100      0.1349400      0.1170200      0.1007900      0.8623000E-01  0.7416000E-01  0.6292000E-01   0.000000       0.000000       0.000000       0.000000       0.000000    
  0.1835200      0.1861300      0.1935200      0.2046200      0.2156400      0.2201800      0.2234800      0.2258000      0.2267500      0.2262600      0.2243100      0.2209000      0.2160500      0.2198300      0.2107600      0.1975900      0.1825500      0.1656700      0.1477700      0.1302900      0.1140200      0.9908000E-01  0.8571000E-01  0.7377000E-01  0.6424000E-01   0.000000       0.000000       0.000000       0.000000       0.000000    
  0.1819300      0.1877230      0.1956100      0.1981700      0.2033100      0.2128600      0.2152900      0.2171200      0.2176600      0.2168500      0.2146400      0.2109700      0.2205200      0.2123200      0.2015100      0.1875300      0.1721600      0.1559700      0.1396600      0.1240800      0.1096900      0.9655000E-01  0.8461000E-01  0.7395000E-01  0.6414000E-01  0.5636000E-01   0.000000       0.000000       0.000000       0.000000    
  0.1819010      0.1908580      0.1981700      0.1972250      0.1965800      0.2005100      0.2026300      0.2089300      0.2090400      0.2078500      0.2101400      0.2054600      0.2144100      0.2020800      0.1915000      0.1768400      0.1612500      0.1455200      0.1306700      0.1172100      0.1050600      0.9391000E-01  0.8355000E-01  0.7399000E-01  0.6522000E-01  0.5811000E-01   0.000000       0.000000       0.000000       0.000000    
  0.1866010      0.1981700      0.1949860      0.1937100      0.1908400      0.1928800      0.1951900      0.1964800      0.2039700      0.2054500      0.2018800      0.2154000      0.2049400      0.1930900      0.1820100      0.1665700      0.1502800      0.1343500      0.1206700      0.1096300      0.1002000      0.9128000E-01  0.8264000E-01  0.7431000E-01  0.6638000E-01  0.5895000E-01   0.000000       0.000000       0.000000       0.000000    
  0.1981700      0.1940680      0.1922750      0.1908400      0.1900900      0.1865500      0.1973700      0.1977500      0.1969600      0.1933800      0.1901200      0.2082100      0.1974200      0.1851600      0.1713500      0.1575700      0.1402600      0.1227100      0.1096300      0.1023300      0.9597000E-01  0.8927000E-01  0.8396000E-01  0.7686000E-01  0.6969000E-01  0.6262000E-01  0.5648000E-01   0.000000       0.000000       0.000000    
  0.1936590      0.1915570      0.1908400      0.1891600      0.1865500      0.1914570      0.1904500      0.1905400      0.1895500      0.1873400      0.2080800      0.1990900      0.1887500      0.1769300      0.1635100      0.1513800      0.1332000      0.1132900      0.9992000E-01  0.9847000E-01  0.9514000E-01  0.9041000E-01  0.8476000E-01  0.7851000E-01  0.7193000E-01  0.6521000E-01  0.5848000E-01   0.000000       0.000000       0.000000    
  0.1911990      0.1908400      0.1888500      0.1865500      0.1894860      0.1904500      0.1904950      0.1901800      0.1944870      0.2105200      0.2027800      0.1938700      0.1836900      0.1721600      0.1588200      0.1446500      0.1304800      0.1147400      0.1041100      0.9986000E-01  0.9639000E-01  0.9211000E-01  0.8705000E-01  0.8134000E-01  0.7517000E-01  0.6872000E-01  0.6209000E-01   0.000000       0.000000       0.000000    
  0.1908400      0.1887470      0.1865500      0.1888290      0.1904500      0.1904720      0.1903750      0.1964210      0.2105200      0.2066500      0.1959220      0.1898000      0.1792500      0.1685600      0.1553100      0.1433000      0.1327500      0.1203000      0.1108500      0.1047000      0.1000100      0.9540000E-01  0.9038000E-01  0.8482000E-01  0.7887000E-01  0.7259000E-01  0.6607000E-01  0.5936000E-01   0.000000       0.000000    
  0.1887120      0.1865500      0.1886100      0.1904500      0.1904610      0.1904330      0.1969470      0.2105200      0.2085850      0.1963900      0.1862200      0.1826400      0.1741900      0.1649600      0.1551200      0.1447000      0.1364500      0.1259500      0.1172600      0.1105100      0.1049600      0.9983000E-01  0.9462000E-01  0.8913000E-01  0.8327000E-01  0.7714000E-01  0.7074000E-01  0.6414000E-01  0.5738000E-01   0.000000    
  0.1865500      0.1885370      0.1904500      0.1904560      0.1904480      0.1970900      0.2105200      0.2095520      0.1965130      0.1844300      0.1826400      0.1784150      0.1716200      0.1646900      0.1560000      0.1469800      0.1380600      0.1313100      0.1232200      0.1163600      0.1103900      0.1048800      0.9948000E-01  0.9397000E-01  0.8825000E-01  0.8229000E-01  0.7605000E-01  0.6966000E-01  0.6315000E-01  0.5648000E-01
  0.1885120      0.1904500      0.1904530      0.1904510      0.1971280      0.2105200      0.2100360      0.1965520      0.1835350      0.1826400      0.1805280      0.1743410      0.1646900      0.1603450      0.1558900      0.1470130      0.1387830      0.1308630      0.1239960      0.1219400      0.1158300      0.1101300      0.1046200      0.9912000E-01  0.9353000E-01  0.8780000E-01  0.8180000E-01  0.7577000E-01  0.7016000E-01  0.6372000E-01
  0.1904500      0.1904510      0.1904510      0.1971380      0.2105200      0.2102780      0.1965670      0.1830870      0.1826400      0.1815840      0.1755500      0.1646900      0.1625180      0.1603080      0.1544160      0.1472290      0.1388870      0.1290680      0.1245450      0.1271500      0.1210300      0.1152800      0.1097500      0.1042900      0.9888000E-01  0.9342000E-01  0.8867000E-01  0.8300000E-01  0.7716000E-01  0.7119000E-01
  0.1904510      0.1904510      0.1971400      0.2105200      0.2103990      0.1965740      0.1828640      0.1826400      0.1821120      0.1761160      0.1646900      0.1636040      0.1625050      0.1590810      0.1539840      0.1468440      0.1336360      0.1258480      0.1271500      0.1246900      0.1258900      0.1201300      0.1146300      0.1093200      0.1048800      0.9935000E-01  0.9441000E-01  0.8936000E-01  0.8415000E-01  0.7899000E-01
  0.1904510      0.1971400      0.2105200      0.2104600      0.1965770      0.1827520      0.1826400      0.1823760      0.1763890      0.1646900      0.1641470      0.1636000      0.1617300      0.1585230      0.1533030      0.1391860      0.1264990      0.1271500      0.1285420      0.1289300      0.1257100      0.1233200      0.1185800      0.1137600      0.1089800      0.1045500      0.1001800      0.9579000E-01  0.9130000E-01  0.8663000E-01
  0.1971400      0.2105200      0.2104900      0.1965780      0.1826960      0.1826400      0.1825080      0.1765240      0.1646900      0.1644180      0.1641460      0.1631590      0.1612840      0.1554790      0.1461650      0.1348250      0.1349650      0.1335510      0.1322060      0.1334000      0.1319700      0.1272400      0.1218800      0.1173100      0.1130400      0.1090300      0.1052500      0.1015800      0.9793000E-01  0.9454000E-01
  0.2105200      0.2105050      0.1965790      0.1826680      0.1826400      0.1825740      0.1765900      0.1646900      0.1645540      0.1644180      0.1639080      0.1628630      0.1553710      0.1484370      0.1483600      0.1427910      0.1430130      0.1427800      0.1370770      0.1342870      0.1348300      0.1294900      0.1247100      0.1201700      0.1160800      0.1124500      0.1092100      0.1062400      0.1037500      0.1009200    
  0.2105120      0.1965800      0.1826540      0.1826400      0.1826070      0.1766240      0.1646900      0.1646220      0.1645540      0.1642930      0.1604900      0.1556300      0.1508810      0.1484940      0.1485140      0.1483600      0.1448270      0.1432450      0.1427800      0.1378400      0.1360600      0.1313400      0.1267900      0.1218900      0.1178400      0.1144600      0.1116600      0.1094600      0.1072900      0.1051400    
  0.1965800      0.1826470      0.1826400      0.1826240      0.1766400      0.1646900      0.1646560      0.1646220      0.1644900      0.1601190      0.1556300      0.1556300      0.1556300      0.1509630      0.1486070      0.1486690      0.1483600      0.1449250      0.1437100      0.1427800      0.1376900      0.1324500      0.1273600      0.1227300      0.1180600      0.1148100      0.1123800      0.1104500      0.1085800      0.1065000    
  0.1826440      0.1826400      0.1826320      0.1766480      0.1646900      0.1646730      0.1646560      0.1664370      0.1629940      0.1556410      0.1556300      0.1556300      0.1556300      0.1556300      0.1511010      0.1487930      0.1489770      0.1483600      0.1448500      0.1446400      0.1389800      0.1329800      0.1269600      0.1214700      0.1166100      0.1131900      0.1112100      0.1095700      0.1077800      0.1055000    
  0.1826400      0.1826360      0.1766530      0.1646900      0.1646820      0.1654150      0.1665300      0.1692550      0.1719800      0.1611110      0.1556640      0.1556300      0.1556300      0.1556300      0.1556300      0.1513110      0.1490430      0.1495950      0.1483600      0.1436200      0.1379900      0.1315900      0.1231500      0.1179300      0.1131300      0.1104700      0.1085200      0.1071900      0.1054100      0.1029400    
  0.1826380      0.1766550      0.1646900      0.1646860      0.1655670      0.1665270      0.1665270      0.1665300      0.1692550      0.1719800      0.1611690      0.1557320      0.1556300      0.1556300      0.1556300      0.1556300      0.1515940      0.1491730      0.1508300      0.1458400      0.1363100      0.1298600      0.1222000      0.1139900      0.1077000      0.1058400      0.1053400      0.1039600      0.1020900      0.9942000E-01
