iMOD/TUTORIALS/TUT_MetaswapAnalyser/model_MetaSWAP/meteo/Precipitation/Precipitation_20061124_L1.ASC
NCOLS                30
NROWS                30
XLLCORNER     160000.00
YLLCORNER     340000.00
CELLSIZE        1000.00
NODATA_VALUE   -9999.00
   1.548490       1.472590       1.396990       1.320040       1.238940       1.143220       1.035080      0.9251500      0.8265600      0.7632500      0.7390300      0.7268100      0.7176700      0.7117600      0.7068600      0.7034600      0.7146100      0.7149500      0.7178100      0.7221400      0.7273500      0.7338900      0.7391400      0.7468100      0.7496800      0.7511600      0.7512600      0.7503600      0.7493100      0.7507700    
   1.511250       1.432890       1.356480       1.273130       1.185570       1.087510      0.9818000      0.8724700      0.7637200      0.6981800      0.6924600      0.6855000      0.6784400      0.6723900      0.6671400      0.6741100      0.6737100      0.6753100      0.6792800      0.6858900      0.6936800      0.7027800      0.7106300      0.7204400      0.7254800      0.7287300      0.7300700      0.7296600      0.7246400      0.7257500    
   1.480090       1.399300       1.316830       1.233570       1.144580       1.048250      0.9482200      0.8483100      0.7566600      0.6980400      0.6742900      0.6613700      0.6505600      0.6418300      0.6342800      0.6369700      0.6362000      0.6392100      0.6458000      0.6550800      0.6650300      0.6769900      0.6907600      0.6999300      0.7073200      0.7125500      0.7115900      0.7125900      0.7121800      0.7092600    
   1.451490       1.369660       1.286230       1.202510       1.113500       1.022210      0.9305900      0.8436300      0.7657500      0.7084800      0.6736100      0.6508800      0.6334100      0.6194500      0.6077400      0.6050300      0.6030300      0.6065900      0.6153100      0.6276500      0.6417800      0.6584800      0.6728300      0.6808400      0.6910700      0.6990800      0.7046500      0.7076000      0.7086100      0.7061200    
   1.426380       1.344820       1.264180       1.179680       1.094050       1.008260      0.9244300      0.8398600      0.7722700      0.7182300      0.6779700      0.6476600      0.6232100      0.6028500      0.5872100      0.5774700      0.5709900      0.5748000      0.5861500      0.6020600      0.6225700      0.6403400      0.6578400      0.6724000      0.6854000      0.6961500      0.7045800      0.7118300      0.7160300      0.7205700    
   1.405140       1.326570       1.245460       1.163860       1.082350       1.002050      0.9177700      0.8455300      0.7836700      0.7302800      0.6868100      0.6512000      0.6214400      0.5952800      0.5699800      0.5532400      0.5445700      0.5494300      0.5655700      0.5864900      0.6107800      0.6320400      0.6524800      0.6703100      0.6860300      0.6992700      0.7108800      0.7218600      0.7307600      0.7405500    
   1.393920       1.310260       1.231900       1.153760       1.064780      0.9914800      0.9214000      0.8555500      0.7956300      0.7434600      0.6986100      0.6599700      0.6259000      0.5953700      0.5617200      0.5378000      0.5205400      0.5285400      0.5529000      0.5810500      0.6068000      0.6308400      0.6529400      0.6738300      0.6919900      0.7082600      0.7241400      0.7373700      0.7500200      0.7635200    
   1.378940       1.284570       1.205970       1.133630       1.062600       1.008450      0.9292700      0.8665800      0.8096900      0.7587700      0.7136600      0.6736200      0.6375300      0.6045100      0.5653400      0.5379700      0.5108400      0.5245800      0.5555400      0.5846300      0.6119300      0.6373400      0.6608700      0.6833800      0.7034600      0.7233700      0.7405100      0.7568000      0.7723400      0.7889100    
   1.345870       1.275840       1.205460       1.131100       1.083870       1.016800      0.9396500      0.8802400      0.8259100      0.7765700      0.7321200      0.6921100      0.6558500      0.6076200      0.5823300      0.5597200      0.5456500      0.5522500      0.5744400      0.6003900      0.6264200      0.6514900      0.6752800      0.6986000      0.7213500      0.7415400      0.7608500      0.7790300      0.7978000      0.8167400    
   1.337130       1.270100       1.202920       1.162610       1.091480       1.027960      0.9520300      0.8961100      0.8443200      0.7969000      0.7538700      0.7150100      0.6800200      0.6297200      0.6089600      0.5925700      0.5840100      0.5891500      0.6047800      0.6258700      0.6489400      0.6724400      0.6955200      0.7180000      0.7421800      0.7635500      0.7838500      0.8046900      0.8255400      0.8465500    
   1.337620       1.270050       1.201390       1.169910       1.106850       1.032650      0.9669500      0.9139600      0.8647500      0.8195600      0.7784700      0.7414800      0.6783900      0.6525900      0.6347900      0.6252600      0.6228700      0.6286500      0.6417300      0.6596700      0.6802100      0.7019400      0.7241000      0.7475000      0.7689100      0.7923600      0.8145200      0.8367300      0.8591300      0.8778800    
   1.337790       1.244740       1.169910       1.129750       1.119560       1.052060      0.9876600      0.9335400      0.8869400      0.8441300      0.7922600      0.7596400      0.6980100      0.6775100      0.6679900      0.6623600      0.6625700      0.6689200      0.6802800      0.6953700      0.7130100      0.7323800      0.7533800      0.7746900      0.7965400      0.8201300      0.8429800      0.8662600      0.8900100      0.9141900    
   1.289580       1.169910       1.135870       1.121120       1.122690       1.057080       1.006200      0.9584000      0.8933600      0.8523100      0.8182600      0.7327800      0.7185000      0.7076600      0.7018800      0.6995100      0.7022100      0.7095400      0.7202300      0.7329400      0.7484100      0.7655400      0.7844000      0.8046300      0.8259400      0.8481600      0.8727000      0.8966800      0.9214300      0.9469100    
   1.169910       1.137590       1.121910       1.122690       1.084600       1.074030      0.9964500      0.9541200      0.9150300      0.8805000      0.8485000      0.7568700      0.7455800      0.7377800      0.7340100      0.7356500      0.7404200      0.7500200      0.7606100      0.7713500      0.7838900      0.7989900      0.8145900      0.8334200      0.8538100      0.8755500      0.9000000      0.9242500      0.9496100      0.9760600    
   1.138120       1.122300       1.122690       1.093770       1.074030       1.026660       1.009500      0.9702300      0.9341000      0.9013600      0.7931000      0.7814100      0.7727000      0.7674100      0.7659800      0.7689100      0.7763200      0.7889100      0.8004700      0.8068800      0.8176000      0.8311000      0.8470800      0.8651400      0.8849600      0.9063200      0.9290700      0.9547600      0.9802000       1.008390    
   1.122490       1.122690       1.096830       1.074030       1.036730       1.009500      0.9898650      0.9712770      0.9080200      0.8263900      0.8144500      0.8050500      0.7985400      0.7952500      0.7988100      0.8024700      0.8061600      0.8178700      0.8291400      0.8386600      0.8497100      0.8627600      0.8783800      0.8960200      0.9154400      0.9364500      0.9588900      0.9826900       1.009310       1.035670    
   1.122690       1.097850       1.074030       1.040090       1.009500      0.9996830      0.9902140      0.9238880      0.8263900      0.8204200      0.8249460      0.8278400      0.8278600      0.8260300      0.8168600      0.8228400      0.8335500      0.8441000      0.8551900      0.8662900      0.8783400      0.8920600      0.9076400      0.9244700      0.9434300      0.9639000      0.9857500       1.008900       1.033250       1.064470    
   1.098190       1.074030       1.041210       1.009500       1.004590      0.9997990      0.9350440      0.8263900      0.8234050      0.8324350      0.8394200      0.8510000      0.8487000      0.8373100      0.8411100      0.8474600      0.8587900      0.8689700      0.8801700      0.8920800      0.9049400      0.9191100      0.9347700      0.9519300      0.9699700      0.9898500       1.010960       1.033170       1.056390       1.084390    
   1.074030       1.041580       1.009500       1.007050       1.004630      0.9414560      0.8263900      0.8248980      0.8356880      0.8452100      0.8510000      0.8498500      0.8490100      0.8590300      0.8635700      0.8702900      0.8788800      0.8926700      0.9041000      0.9165300      0.9299600      0.9445100      0.9602900      0.9773000      0.9954800       1.014740       1.034410       1.055490       1.081020       1.106300    
   1.041700       1.009500       1.008270       1.007060      0.9448800      0.8263900      0.8256440      0.8372160      0.8481050      0.8510000      0.8504250      0.8522230      0.8590300      0.8613000      0.8642970      0.8709130      0.8806130      0.8918830      0.9229400      0.9397300      0.9535700      0.9684300      0.9843000       1.001140       1.018880       1.037430       1.060110       1.085810       1.122360       1.136810    
   1.009500       1.008890       1.008280      0.9466510      0.8263900      0.8260170      0.8379600      0.8495530      0.8510000      0.8507130      0.8531690      0.8590300      0.8601650      0.8615420      0.8655030      0.8719410      0.8811370      0.9215610      0.9507000      0.9616700      0.9758600      0.9909600       1.006870       1.027630       1.044600       1.062120       1.104180       1.121660       1.138170       1.153360    
   1.009190       1.008890      0.9475510      0.8263900      0.8262030      0.8383290      0.8502760      0.8510000      0.8508560      0.8534780      0.8590300      0.8595980      0.8602460      0.8624040      0.8663290      0.8728600      0.9184990      0.9561850      0.9616700      0.9801070       1.002790       1.017380       1.032750       1.048730       1.084520       1.103850       1.120890       1.136910       1.151640       1.165220    
   1.009190      0.9480060      0.8263900      0.8262970      0.8385120      0.8506380      0.8510000      0.8509280      0.8535910      0.8590300      0.8593140      0.8596240      0.8607490      0.8629930      0.8671980      0.9262380      0.9589280      0.9616700       1.003600       1.019550       1.033530       1.039270       1.069550       1.086010       1.104130       1.121000       1.136790       1.151230       1.164090       1.175090    
  0.9482340      0.8263900      0.8263430      0.8386040      0.8508190      0.8510000      0.8509640      0.8536370      0.8590300      0.8591720      0.8593230      0.8598960      0.8611220      0.9120720      0.9632260       1.014070       1.014580       1.028240       1.044390       1.053070       1.036320       1.071910       1.085530       1.103580       1.120730       1.136720       1.151280       1.164180       1.175200       1.186650    
  0.8263900      0.8263670      0.8386490      0.8509100      0.8510000      0.8509820      0.8536580      0.8590300      0.8591010      0.8591750      0.8594630      0.8601140      0.9496270       1.057480       1.057350       1.051510       1.068700       1.067480       1.064060       1.060540       1.069830       1.080500       1.101480       1.119310       1.135950       1.151080       1.164450       1.175830       1.187290       1.193750    
  0.8263780      0.8386720      0.8509550      0.8510000      0.8509910      0.8536670      0.8590300      0.8590650      0.8591020      0.8592460      0.9245340       1.021960       1.045700       1.057560       1.057620       1.057350       1.065420       1.069920       1.067480       1.075140       1.075470       1.094970       1.113810       1.133620       1.149830       1.164150       1.176340       1.188130       1.195450       1.200000    
  0.8386840      0.8509770      0.8510000      0.8509960      0.8536720      0.8590300      0.8590480      0.8590660      0.8591380      0.9373610       1.021960       1.021960       1.021960       1.045820       1.057710       1.057880       1.057350       1.066930       1.072360       1.067480       1.087790       1.107760       1.126930       1.144770       1.162400       1.175960       1.188370       1.196940       1.202610       1.205420    
  0.8509890      0.8510000      0.8509980      0.8536740      0.8590300      0.8590390      0.8590480      0.8824180      0.9381080       1.021940       1.021960       1.021960       1.021960       1.021960       1.045970       1.057910       1.058410       1.057350       1.070520       1.077230       1.098140       1.118710       1.138420       1.156580       1.172410       1.187200       1.197480       1.204550       1.208610       1.209780    
  0.8510000      0.8509990      0.8536760      0.8590300      0.8590340      0.8868310      0.9285400      0.9404800      0.9524200      0.9987250       1.021900       1.021960       1.021960       1.021960       1.021960       1.046130       1.057970       1.059480       1.057350       1.080030       1.102690       1.124950       1.143620       1.165590       1.182710       1.195620       1.205200       1.210710       1.213200       1.212820    
  0.8509990      0.8536760      0.8590300      0.8590320      0.8923620      0.9284990      0.9284990      0.9285400      0.9404810      0.9524200      0.9986200       1.021780       1.021960       1.021960       1.021960       1.021960       1.046170       1.057080       1.061610       1.084900       1.101740       1.126820       1.150930       1.173250       1.191690       1.203910       1.211600       1.214870       1.216120       1.214350    
