iMOD/TUTORIALS/TUT_MetaswapAnalyser/model_MetaSWAP/meteo/Precipitation/Precipitation_20050509_L1.ASC
NCOLS                30
NROWS                30
XLLCORNER     160000.00
YLLCORNER     340000.00
CELLSIZE        1000.00
NODATA_VALUE   -9999.00
   1.132180       1.039580      0.9426700      0.8445500      0.7544700      0.6779200      0.6184600      0.5640400      0.5176100      0.5270900      0.6068900      0.7069400      0.8091100      0.9082400       1.007340       1.107040       1.202770       1.299380       1.399520       1.502040       1.607360       1.715080       1.827120       1.945830       2.065870       2.190220       2.317680       2.444720       2.563370       2.660970    
   1.097750       1.012200      0.9356900      0.8454800      0.7636200      0.6847600      0.6118600      0.5376700      0.4554000      0.4467900      0.5604200      0.6689800      0.7732100      0.8729300      0.9706100       1.065960       1.164450       1.272030       1.376570       1.487300       1.602060       1.719570       1.841730       1.970630       2.101410       2.237820       2.380120       2.526960       2.685920       2.809790    
   1.087330       1.008070      0.9268600      0.8529700      0.7849900      0.7080500      0.6347700      0.5643000      0.5048200      0.5062300      0.5788800      0.6702200      0.7641600      0.8549400      0.9470100       1.038910       1.135650       1.239020       1.349840       1.467340       1.587350       1.712790       1.845540       1.978710       2.116710       2.260970       2.427160       2.586850       2.758100       2.926220    
   1.087300       1.014660      0.9407600      0.8766800      0.8043800      0.7358600      0.6725600      0.6257400      0.5876600      0.5917800      0.6359200      0.7015200      0.7748000      0.8529900      0.9324500       1.014870       1.105380       1.207450       1.321520       1.444880       1.574020       1.707270       1.840200       1.990380       2.129820       2.273970       2.424870       2.584810       2.757720       2.937400    
   1.095900       1.030010      0.9769000      0.9097500      0.8451600      0.7849500      0.7316200      0.6876900      0.6655600      0.6690700      0.6890400      0.7419600      0.8014600      0.8651200      0.9279700      0.9962300       1.081530       1.182620       1.302400       1.433690       1.574410       1.711090       1.844750       1.976920       2.112520       2.250030       2.390650       2.536980       2.679360       2.803000    
   1.111550       1.070780       1.009830      0.9502200      0.8935900      0.8419100      0.8025500      0.7622500      0.7247300      0.7305900      0.7543700      0.7918700      0.8373300      0.8872200      0.9345600      0.9841800       1.049710       1.148970       1.277710       1.417770       1.562670       1.700140       1.831110       1.960170       2.086420       2.208600       2.331360       2.452640       2.560640       2.643460    
   1.186970       1.102500       1.048430      0.9961400      0.9547600      0.9102700      0.8731600      0.8040500      0.7964900      0.8024600      0.8213700      0.8502900      0.8847600      0.9219100      0.9547300      0.9803400       1.015850       1.119350       1.267330       1.419760       1.562220       1.696040       1.821720       1.937970       2.050330       2.157240       2.260890       2.352670       2.429230       2.484360    
   1.207750       1.183820       1.102030       1.055880       1.013260      0.9068900      0.8833600      0.8697800      0.8660800      0.8730500      0.8899700      0.9145900      0.9434300      0.9759800      0.9990500       1.012990       1.016220       1.132850       1.293890       1.442350       1.578130       1.701880       1.814810       1.915900       2.010710       2.100480       2.178220       2.245080       2.297520       2.330960    
   1.259590       1.229780       1.184440       1.109910      0.9829500      0.9592700      0.9416500      0.9333400      0.9334700      0.9425400      0.9599600      0.9841400       1.012630       1.048770       1.074880       1.101860       1.143410       1.235260       1.363860       1.493050       1.611950       1.718570       1.813480       1.895490       1.973010       2.038090       2.093250       2.137120       2.167360       2.182070    
   1.299860       1.278390       1.238610       1.075400       1.028100       1.010120      0.9978600      0.9941900      0.9982800       1.010420       1.030330       1.057090       1.089390       1.126140       1.171740       1.215700       1.271840       1.358310       1.461630       1.566080       1.661940       1.744130       1.816760       1.879140       1.932110       1.975320       2.008820       2.031360       2.041840       2.039440    
   1.305290       1.272290       1.177220       1.116500       1.096350       1.058140       1.050810       1.051610       1.059720       1.075560       1.099190       1.130410       1.169410       1.243220       1.283280       1.339550       1.406260       1.483850       1.565060       1.641330       1.707740       1.763560       1.809900       1.850190       1.880480       1.897010       1.910280       1.914200       1.907910       1.903850    
   1.305060       1.217820       1.116500       1.133130       1.140100       1.128340       1.122280       1.104760       1.116710       1.136350       1.213480       1.244220       1.288630       1.317520       1.385340       1.453600       1.529430       1.606410       1.674550       1.726940       1.764680       1.791950       1.814040       1.828140       1.836560       1.835970       1.831030       1.818130       1.796400       1.765440    
   1.244680       1.116500       1.147250       1.159830       1.179550       1.169600       1.169440       1.175520       1.255030       1.254680       1.280680       1.292780       1.340580       1.399010       1.477210       1.556350       1.643200       1.725550       1.783690       1.809010       1.816560       1.814420       1.808720       1.800500       1.789310       1.774140       1.750770       1.723680       1.689060       1.646210    
   1.116500       1.153250       1.169690       1.179550       1.185970       1.208760       1.297140       1.301270       1.311940       1.318010       1.345340       1.352510       1.403630       1.466380       1.542240       1.638950       1.739160       1.838490       1.889740       1.878610       1.849090       1.819180       1.783790       1.755770       1.727690       1.697950       1.662680       1.624790       1.580850       1.529800    
   1.155980       1.174620       1.179550       1.191430       1.208760       1.279840       1.333630       1.340230       1.353060       1.372880       1.390450       1.428110       1.475800       1.534910       1.607000       1.690730       1.794650       1.916090       1.970310       1.900970       1.843400       1.792830       1.747970       1.706720       1.667150       1.627480       1.585990       1.539000       1.489200       1.427610    
   1.177080       1.179550       1.193250       1.208760       1.274080       1.333630       1.336930       1.342310       1.367380       1.403360       1.431130       1.466940       1.511710       1.566400       1.635520       1.710490       1.793590       1.874480       1.901270       1.857420       1.798200       1.744430       1.692060       1.643080       1.596290       1.550300       1.503700       1.455100       1.401500       1.345010    
   1.179550       1.193850       1.208760       1.272160       1.333630       1.335280       1.337620       1.362490       1.403360       1.417250       1.457810       1.493170       1.538790       1.583520       1.622840       1.682480       1.748050       1.792100       1.802750       1.775480       1.727770       1.674030       1.620300       1.573070       1.523880       1.475810       1.427930       1.379170       1.328490       1.273730    
   1.194050       1.208760       1.271520       1.333630       1.334460       1.335510       1.359690       1.403360       1.410300       1.453340       1.493810       1.494460       1.526460       1.562880       1.602870       1.643750       1.686660       1.707420       1.706550       1.682450       1.641930       1.593360       1.542320       1.491620       1.446520       1.399220       1.352750       1.306470       1.259720       1.212050    
   1.208760       1.271300       1.333630       1.334040       1.334530       1.358250       1.403360       1.406830       1.451120       1.494140       1.494460       1.510460       1.532390       1.545750       1.571530       1.595430       1.613420       1.624910       1.614390       1.588510       1.550630       1.505610       1.457650       1.409470       1.362520       1.317330       1.277860       1.235940       1.194970       1.156070    
   1.271230       1.333630       1.333840       1.334070       1.357550       1.403360       1.405100       1.450010       1.494300       1.494460       1.502460       1.520760       1.545750       1.558640       1.570900       1.593460       1.611250       1.617570       1.546610       1.496820       1.458670       1.415250       1.369640       1.324190       1.280370       1.238880       1.201320       1.165000       1.133630       1.103210    
   1.333630       1.333730       1.333840       1.357200       1.403360       1.404230       1.449460       1.494380       1.494460       1.498460       1.515860       1.545750       1.552200       1.558430       1.574330       1.591870       1.607430       1.527300       1.452630       1.408440       1.368240       1.324760       1.280460       1.238140       1.197770       1.160580       1.130170       1.099550       1.071810       1.047120    
   1.333680       1.333740       1.357040       1.403360       1.403790       1.449190       1.494420       1.494460       1.496460       1.513630       1.545750       1.548970       1.552130       1.561650       1.574880       1.591210       1.513120       1.430540       1.408440       1.352260       1.280110       1.235500       1.191680       1.150480       1.115970       1.079800       1.052160       1.028230       1.007720      0.9925300    
   1.333680       1.356950       1.403360       1.403580       1.449050       1.494440       1.494460       1.495460       1.512580       1.545750       1.547360       1.548950       1.554250       1.562890       1.575910       1.457270       1.419490       1.408440       1.255390       1.191550       1.162870       1.140630       1.098330       1.059790       1.026130       1.003410      0.9805600      0.9623900      0.9480900      0.9374500    
   1.356910       1.403360       1.403470       1.448980       1.494450       1.494460       1.494960       1.512060       1.545750       1.546560       1.547350       1.550190       1.555360       1.416280       1.296390       1.189430       1.187680       1.147420       1.097960       1.069310       1.102980       1.055110       1.017590      0.9779500      0.9459900      0.9219900      0.9051200      0.8938100      0.8863500      0.8778800    
   1.403360       1.403410       1.448940       1.494450       1.494460       1.494710       1.511810       1.545750       1.546150       1.546550       1.548030       1.550970       1.293100      0.9718430      0.9720600       1.020780      0.9611330      0.9669200       1.008370       1.033020       1.035640      0.9803200      0.9307800      0.8900500      0.8598700      0.8404900      0.8304800      0.8272200      0.8246900      0.8265600    
   1.403390       1.448930       1.494460       1.494460       1.494590       1.511680       1.545750       1.545950       1.546150       1.546910       1.377240       1.120330       1.021340      0.9718400      0.9716260      0.9720600      0.9622650      0.9553450      0.9669200      0.9642480      0.9604300      0.8997300      0.8462700      0.8021700      0.7732100      0.7590500      0.7574400      0.7625500      0.7732400      0.7844600    
   1.448920       1.494460       1.494460       1.494520       1.511620       1.545750       1.545850       1.545950       1.546340       1.342190       1.120330       1.120330       1.120330       1.021350      0.9718340      0.9711920      0.9720600      0.9547330      0.9437700      0.9669200      0.8940000      0.8240900      0.7625300      0.7153500      0.6856200      0.6777100      0.6864600      0.7057600      0.7302300      0.7555000    
   1.494460       1.494460       1.494490       1.511590       1.545750       1.545800       1.545850       1.535920       1.384960       1.120520       1.120330       1.120330       1.120330       1.120330       1.021630      0.9722510      0.9703250      0.9720600      0.9361820      0.9206200      0.8375900      0.7561600      0.6828800      0.6269200      0.6001200      0.5975600      0.6201400      0.6561600      0.6970600      0.7383200    
   1.494460       1.494480       1.511570       1.545750       1.545780       1.575870       1.620910       1.563220       1.505530       1.249240       1.120890       1.120330       1.120330       1.120330       1.120330       1.022740      0.9743680      0.9685900      0.9720600      0.8851300      0.7929900      0.6991500      0.6180000      0.5446400      0.5077600      0.5187500      0.5613700      0.6177100      0.6761000      0.7323900    
   1.494470       1.511560       1.545750       1.545760       1.581930       1.621020       1.621020       1.620910       1.563230       1.505530       1.250220       1.122020       1.120330       1.120330       1.120330       1.120330       1.025930      0.9824530      0.9651200      0.8727600      0.7903000      0.6779800      0.5651400      0.4636900      0.4120300      0.4470900      0.5206200      0.5980400      0.6720100      0.7402500    
