iMOD/TUTORIALS/TUT_MetaswapAnalyser/model_MetaSWAP/meteo/Precipitation/Precipitation_20051210_L1.ASC
NCOLS                30
NROWS                30
XLLCORNER     160000.00
YLLCORNER     340000.00
CELLSIZE        1000.00
NODATA_VALUE   -9999.00
   0.000000       0.000000       0.000000       0.000000       0.000000       0.000000       0.000000       0.000000       0.000000       0.000000       0.000000       0.000000       0.000000       0.000000       0.000000       0.000000       0.000000       0.000000       0.000000       0.000000       0.000000       0.000000       0.000000       0.000000       0.000000       0.000000       0.000000       0.000000       0.000000       0.000000    
   0.000000       0.000000       0.000000       0.000000       0.000000       0.000000       0.000000       0.000000       0.000000       0.000000       0.000000       0.000000       0.000000       0.000000       0.000000       0.000000       0.000000       0.000000       0.000000       0.000000       0.000000       0.000000       0.000000       0.000000       0.000000       0.000000       0.000000       0.000000       0.000000       0.000000    
   0.000000       0.000000       0.000000       0.000000       0.000000       0.000000       0.000000       0.000000       0.000000       0.000000       0.000000       0.000000       0.000000       0.000000       0.000000       0.000000       0.000000       0.000000      0.6287000E-01  0.6200000E-01   0.000000       0.000000       0.000000       0.000000       0.000000       0.000000       0.000000       0.000000       0.000000       0.000000    
   0.000000       0.000000       0.000000       0.000000       0.000000       0.000000       0.000000       0.000000       0.000000       0.000000       0.000000       0.000000       0.000000       0.000000       0.000000       0.000000      0.6286000E-01  0.6610000E-01  0.6710000E-01  0.6594000E-01  0.6288000E-01   0.000000       0.000000       0.000000       0.000000       0.000000       0.000000       0.000000       0.000000       0.000000    
   0.000000       0.000000       0.000000       0.000000       0.000000       0.000000       0.000000       0.000000       0.000000       0.000000       0.000000       0.000000       0.000000       0.000000       0.000000      0.6385000E-01  0.6915000E-01  0.7223000E-01  0.7288000E-01  0.7123000E-01  0.6759000E-01  0.6241000E-01   0.000000       0.000000       0.000000       0.000000       0.000000       0.000000       0.000000       0.000000    
   0.000000       0.000000       0.000000       0.000000       0.000000       0.000000       0.000000       0.000000       0.000000       0.000000       0.000000       0.000000       0.000000       0.000000      0.6488000E-01  0.7209000E-01  0.7752000E-01  0.8038000E-01  0.8045000E-01  0.7806000E-01  0.7363000E-01  0.6767000E-01   0.000000       0.000000       0.000000       0.000000       0.000000       0.000000       0.000000       0.000000    
   0.000000       0.000000       0.000000       0.000000       0.000000       0.000000       0.000000       0.000000       0.000000       0.000000       0.000000       0.000000       0.000000      0.6584000E-01  0.7456000E-01  0.8225000E-01  0.8815000E-01  0.9065000E-01  0.8976000E-01  0.8632000E-01  0.8089000E-01  0.7398000E-01  0.6608000E-01   0.000000       0.000000       0.000000       0.000000       0.000000       0.000000       0.000000    
   0.000000       0.000000       0.000000       0.000000       0.000000       0.000000       0.000000       0.000000       0.000000       0.000000       0.000000       0.000000      0.6719000E-01  0.7609000E-01  0.8538000E-01  0.9369000E-01  0.1005000      0.1023800      0.1003500      0.9579000E-01  0.8921000E-01  0.8118000E-01  0.7228000E-01  0.6233000E-01   0.000000       0.000000       0.000000       0.000000       0.000000       0.000000    
   0.000000       0.000000       0.000000       0.000000       0.000000       0.000000       0.000000       0.000000       0.000000       0.000000       0.000000      0.6855000E-01  0.7729000E-01  0.8724000E-01  0.9659000E-01  0.1052300      0.1116000      0.1137200      0.1114800      0.1060500      0.9830000E-01  0.8905000E-01  0.7901000E-01  0.6803000E-01   0.000000       0.000000       0.000000       0.000000       0.000000       0.000000    
   0.000000       0.000000       0.000000       0.000000       0.000000       0.000000       0.000000       0.000000       0.000000      0.6282000E-01  0.6975000E-01  0.7797000E-01  0.8729000E-01  0.9802000E-01  0.1078200      0.1166400      0.1230200      0.1252700      0.1229900      0.1168400      0.1079000      0.9731000E-01  0.8599000E-01  0.7470000E-01  0.6310000E-01   0.000000       0.000000       0.000000       0.000000       0.000000    
   0.000000       0.000000       0.000000       0.000000       0.000000       0.000000       0.000000       0.000000      0.6439000E-01  0.7061000E-01  0.7812000E-01  0.8691000E-01  0.9784000E-01  0.1054200      0.1165000      0.1265700      0.1340300      0.1372800      0.1353600      0.1286600      0.1185000      0.1064100      0.9367000E-01  0.8113000E-01  0.6927000E-01   0.000000       0.000000       0.000000       0.000000       0.000000    
   0.000000       0.000000       0.000000       0.000000       0.000000       0.000000      0.6250000E-01  0.6553000E-01  0.7106000E-01  0.7779000E-01  0.8167000E-01  0.9118000E-01  0.1026100      0.1142700      0.1261700      0.1373500      0.1461200      0.1503700      0.1484700      0.1405400      0.1285000      0.1145400      0.1001000      0.8636000E-01  0.7367000E-01   0.000000       0.000000       0.000000       0.000000       0.000000    
   0.000000       0.000000       0.000000       0.000000       0.000000      0.6396000E-01  0.6791000E-01  0.7277000E-01  0.7318000E-01  0.7912000E-01  0.8763000E-01  0.9847000E-01  0.1095500      0.1217400      0.1345800      0.1472600      0.1582000      0.1645400      0.1627800      0.1526400      0.1378200      0.1216700      0.1057700      0.9087000E-01  0.7732000E-01  0.6526000E-01   0.000000       0.000000       0.000000       0.000000    
   0.000000       0.000000       0.000000       0.000000      0.4416330E-01  0.6853000E-01  0.6650000E-01  0.7158000E-01  0.7772000E-01  0.8508000E-01  0.9370000E-01  0.1035300      0.1148100      0.1273500      0.1409100      0.1550200      0.1689200      0.1794700      0.1783200      0.1637000      0.1453800      0.1271200      0.1101400      0.9439000E-01  0.8021000E-01  0.6763000E-01   0.000000       0.000000       0.000000       0.000000    
   0.000000       0.000000       0.000000      0.3756440E-01  0.6853000E-01  0.6858330E-01  0.7072000E-01  0.7596000E-01  0.8221000E-01  0.8959000E-01  0.1002400      0.1098700      0.1207700      0.1328800      0.1460800      0.1589800      0.1742300      0.1902500      0.1911400      0.1695400      0.1490300      0.1298800      0.1122400      0.9618000E-01  0.8173000E-01  0.6890000E-01   0.000000       0.000000       0.000000       0.000000    
   0.000000       0.000000      0.3536480E-01  0.6853000E-01  0.6927780E-01  0.7072000E-01  0.7334000E-01  0.7629670E-01  0.8562000E-01  0.9472000E-01  0.1028700      0.1121500      0.1225400      0.1339600      0.1479100      0.1602700      0.1729100      0.1825800      0.1808600      0.1656900      0.1473300      0.1293300      0.1122300      0.9644000E-01  0.8209000E-01  0.6924000E-01   0.000000       0.000000       0.000000       0.000000    
   0.000000      0.3463160E-01  0.6853000E-01  0.6950930E-01  0.7072000E-01  0.7203000E-01  0.7345220E-01  0.8249420E-01  0.9472000E-01  0.9879500E-01  0.1080840      0.1129300      0.1250200      0.1348600      0.1462300      0.1562800      0.1646100      0.1694600      0.1669200      0.1566000      0.1420400      0.1261500      0.1103700      0.9550000E-01  0.8158000E-01  0.6894000E-01   0.000000       0.000000       0.000000       0.000000    
  0.3438720E-01  0.6853000E-01  0.6958640E-01  0.7072000E-01  0.7137500E-01  0.7206740E-01  0.8067410E-01  0.9472000E-01  0.9675750E-01  0.1069380      0.1153400      0.1177500      0.1256500      0.1333600      0.1418600      0.1495900      0.1550600      0.1574300      0.1547200      0.1468000      0.1351700      0.1216200      0.1074500      0.9347000E-01  0.8029000E-01  0.6800000E-01   0.000000       0.000000       0.000000       0.000000    
  0.6853000E-01  0.6961210E-01  0.7072000E-01  0.7104750E-01  0.7138750E-01  0.7970910E-01  0.9472000E-01  0.9573880E-01  0.1065420      0.1165450      0.1177500      0.1217000      0.1266030      0.1296500      0.1365100      0.1423500      0.1462700      0.1469500      0.1442600      0.1377700      0.1281800      0.1165700      0.1039300      0.9102000E-01  0.7840000E-01  0.6649000E-01   0.000000       0.000000       0.000000       0.000000    
  0.6962070E-01  0.7072000E-01  0.7088380E-01  0.7105170E-01  0.7921600E-01  0.9472000E-01  0.9522940E-01  0.1063800      0.1171470      0.1177500      0.1197250      0.1239260      0.1296500      0.1330800      0.1361700      0.1417100      0.1451900      0.1458270      0.1363620      0.1298300      0.1217100      0.1116300      0.1003000      0.8837000E-01  0.7639000E-01  0.6482000E-01   0.000000       0.000000       0.000000       0.000000    
  0.7072000E-01  0.7080190E-01  0.7088510E-01  0.7896790E-01  0.9472000E-01  0.9497470E-01  0.1063060      0.1174490      0.1177500      0.1187380      0.1227630      0.1296500      0.1313650      0.1329670      0.1369870      0.1410230      0.1442420      0.1353590      0.1264150      0.1230000      0.1160100      0.1071600      0.9692000E-01  0.8571000E-01  0.7435000E-01  0.6310000E-01   0.000000       0.000000       0.000000       0.000000    
  0.7076090E-01  0.7080230E-01  0.7884370E-01  0.9472000E-01  0.9484730E-01  0.1062700      0.1175990      0.1177500      0.1182440      0.1222250      0.1296500      0.1305070      0.1313270      0.1337730      0.1369920      0.1407510      0.1336660      0.1247080      0.1230000      0.1165230      0.1105600      0.1028900      0.9374000E-01  0.8348000E-01  0.7266000E-01  0.6227000E-01   0.000000       0.000000       0.000000       0.000000    
  0.7076110E-01  0.7878170E-01  0.9472000E-01  0.9478370E-01  0.1062520      0.1176750      0.1177500      0.1179970      0.1219670      0.1296500      0.1300790      0.1304950      0.1318690      0.1340310      0.1371720      0.1292400      0.1238540      0.1230000      0.1127950      0.1079950      0.1038900      0.1014300      0.9294000E-01  0.8305000E-01  0.7231000E-01   0.000000       0.000000       0.000000       0.000000       0.000000    
  0.7875080E-01  0.9472000E-01  0.9475180E-01  0.1062440      0.1177120      0.1177500      0.1178730      0.1218410      0.1296500      0.1298640      0.1300750      0.1308140      0.1321320      0.1220630      0.1156270      0.1110650      0.1109350      0.1080930      0.1046810      0.1036600      0.1054300      0.9914000E-01  0.9107000E-01  0.8187000E-01  0.7143000E-01   0.000000       0.000000       0.000000       0.000000       0.000000    
  0.9472000E-01  0.9473590E-01  0.1062390      0.1177310      0.1177500      0.1178120      0.1217790      0.1296500      0.1297570      0.1298630      0.1302510      0.1310070      0.1109640      0.8499310E-01  0.8518000E-01  0.9707700E-01  0.9840500E-01  0.9887000E-01  0.1011200      0.1023870      0.1018900      0.9710000E-01  0.9029000E-01  0.8179000E-01  0.7171000E-01   0.000000       0.000000       0.000000       0.000000       0.000000    
  0.9472800E-01  0.1062370      0.1177410      0.1177500      0.1177810      0.1217480      0.1296500      0.1297040      0.1297570      0.1299570      0.1052600      0.6759000E-01  0.7904590E-01  0.8481580E-01  0.8480620E-01  0.8518000E-01  0.9378800E-01  0.9794000E-01  0.9887000E-01  0.9956250E-01  0.9984000E-01  0.9596000E-01  0.9029000E-01  0.8264000E-01  0.7304000E-01  0.6183000E-01   0.000000       0.000000       0.000000       0.000000    
  0.1062360      0.1177450      0.1177500      0.1177650      0.1217320      0.1296500      0.1296770      0.1297030      0.1298060      0.1000310      0.6759000E-01  0.6759000E-01  0.6759000E-01  0.7878450E-01  0.8446110E-01  0.8443250E-01  0.8518000E-01  0.9316190E-01  0.9701000E-01  0.9887000E-01  0.9765000E-01  0.9517000E-01  0.9095000E-01  0.8448000E-01  0.7553000E-01  0.6441000E-01   0.000000       0.000000       0.000000       0.000000    
  0.1177480      0.1177500      0.1177580      0.1217240      0.1296500      0.1296630      0.1296770      0.9729650E-01  0.7866970E-01  0.6754360E-01  0.6759000E-01  0.6759000E-01  0.6759000E-01  0.6759000E-01  0.7828070E-01  0.8377090E-01  0.8368500E-01  0.8518000E-01  0.9158750E-01  0.9515000E-01  0.9520000E-01  0.9438000E-01  0.9204000E-01  0.8727000E-01  0.7978000E-01  0.6840000E-01   0.000000       0.000000       0.000000       0.000000    
  0.1177500      0.1177540      0.1217210      0.1296500      0.1296570      0.7779800E-01   0.000000       0.000000       0.000000      0.4493470E-01  0.6745090E-01  0.6759000E-01  0.6759000E-01  0.6759000E-01  0.6759000E-01  0.7732950E-01  0.8244780E-01  0.8219000E-01  0.8518000E-01  0.8715000E-01  0.8910000E-01  0.9076000E-01  0.9275000E-01  0.9175000E-01  0.8472000E-01  0.7303000E-01   0.000000       0.000000       0.000000       0.000000    
  0.1177520      0.1217190      0.1296500      0.1296530      0.6742090E-01   0.000000       0.000000       0.000000       0.000000       0.000000      0.4469780E-01  0.6717280E-01  0.6759000E-01  0.6759000E-01  0.6759000E-01  0.6759000E-01  0.7559520E-01  0.7997330E-01  0.7920000E-01  0.8161000E-01  0.8684000E-01  0.8955000E-01  0.9239000E-01  0.9418000E-01  0.9053000E-01  0.7770000E-01  0.6241000E-01   0.000000       0.000000       0.000000    
