iMOD/TUTORIALS/TUT_MetaswapAnalyser/model_MetaSWAP/meteo/Precipitation/Precipitation_20060117_L1.ASC
NCOLS                30
NROWS                30
XLLCORNER     160000.00
YLLCORNER     340000.00
CELLSIZE        1000.00
NODATA_VALUE   -9999.00
   5.914040       5.879400       5.845060       5.810800       5.775440       5.746490       5.720160       5.692680       5.658590       5.605640       5.532150       5.455150       5.381550       5.307540       5.246900       5.201950       5.196660       5.168130       5.156540       5.156730       5.166990       5.178780       5.202850       5.213830       5.248500       5.286520       5.327830       5.373100       5.424060       5.481460    
   5.908440       5.867770       5.823220       5.785900       5.747470       5.714530       5.683090       5.651850       5.619800       5.564550       5.477020       5.391920       5.311680       5.236160       5.171260       5.145510       5.107290       5.068710       5.053610       5.055460       5.068030       5.083270       5.109910       5.124360       5.160910       5.200350       5.242390       5.287310       5.347220       5.400620    
   5.891900       5.847870       5.804570       5.758670       5.717230       5.678940       5.640700       5.600920       5.555700       5.492490       5.410280       5.322980       5.240660       5.158130       5.081950       5.042370       5.000900       4.976550       4.968890       4.975500       4.988140       5.008010       5.020370       5.055570       5.093550       5.133550       5.186780       5.227820       5.268230       5.315410    
   5.874060       5.827110       5.780670       5.731510       5.686570       5.641430       5.595060       5.545780       5.489190       5.420960       5.340040       5.252990       5.167350       5.077910       4.999280       4.947960       4.904200       4.881460       4.878890       4.892240       4.916470       4.925190       4.955940       5.006580       5.045820       5.085900       5.126520       5.167610       5.207660       5.252040    
   5.855190       5.805700       5.753120       5.704190       5.654710       5.603980       5.550790       5.497140       5.432270       5.359020       5.288990       5.198150       5.104910       5.010830       4.918270       4.852070       4.812910       4.794200       4.801500       4.826150       4.842130       4.880480       4.914330       4.951460       4.992970       5.034810       5.077120       5.118070       5.164760       5.218450    
   5.835720       5.781590       5.729960       5.677680       5.624220       5.568780       5.515590       5.451740       5.397890       5.325350       5.237770       5.144380       5.045930       4.945560       4.843470       4.763230       4.707220       4.693370       4.715410       4.754100       4.782660       4.827470       4.866010       4.909790       4.953120       4.993570       5.037760       5.081500       5.132310       5.191080    
   5.819170       5.761860       5.707920       5.652930       5.604600       5.544340       5.480890       5.438040       5.371510       5.288170       5.198560       5.103100       5.002600       4.896700       4.776960       4.679850       4.600970       4.598620       4.646060       4.688300       4.739540       4.788940       4.836390       4.875610       4.919910       4.964030       5.006230       5.054090       5.105140       5.165160    
   5.811000       5.760660       5.698630       5.640400       5.580340       5.548320       5.486760       5.425950       5.347000       5.262660       5.172740       5.077370       4.976910       4.871320       4.741860       4.638800       4.533040       4.549720       4.607360       4.664250       4.717390       4.767260       4.814490       4.853240       4.896870       4.937450       4.982580       5.030430       5.087200       5.144590    
   5.810730       5.743480       5.685460       5.621100       5.599970       5.532930       5.471260       5.411580       5.332520       5.248880       5.160600       5.067890       4.971260       4.831000       4.743870       4.659040       4.595690       4.589970       4.624920       4.670770       4.717530       4.762910       4.806600       4.842370       4.880350       4.922000       4.965240       5.016650       5.065780       5.120700    
   5.795860       5.728050       5.669780       5.661500       5.590640       5.523340       5.479580       5.405380       5.327620       5.246200       5.161310       5.073430       4.983560       4.844240       4.773020       4.709240       4.671070       4.656630       4.671300       4.701130       4.736670       4.774070       4.811440       4.848730       4.875750       4.913600       4.959050       5.000930       5.046810       5.097860    
   5.791750       5.731230       5.679040       5.656810       5.592190       5.555320       5.479350       5.406790       5.331440       5.253430       5.173170       5.091470       4.934050       4.962040       4.897730       4.819660       4.760130       4.723950       4.709520       4.710790       4.721880       4.739100       4.760520       4.782300       4.815980       4.840760       4.875640       4.915180       4.960100       5.076300    
   5.791340       5.714710       5.656810       5.620100       5.592460       5.565640       5.490320       5.415040       5.342910       5.269070       5.358550       5.258970       5.097570       5.047320       4.964880       4.893730       4.837270       4.797590       4.773960       4.763340       4.762440       4.768710       4.782100       4.798660       4.819380       4.837020       4.865830       4.899730       4.939240       4.984870    
   5.753070       5.656810       5.632890       5.615700       5.638940       5.567280       5.501600       5.434320       5.610660       5.510020       5.413970       5.284820       5.197660       5.114400       5.036960       4.969860       4.914530       4.871930       4.841120       4.821250       4.809620       4.805670       4.807960       4.815650       4.828320       4.845880       4.860540       4.888090       4.921550       4.961310    
   5.656810       5.638990       5.627320       5.638940       5.595500       5.580270       5.850730       5.760790       5.669020       5.551770       5.461560       5.349590       5.266400       5.187070       5.113700       5.047430       4.993820       4.947630       4.910450       4.880890       4.859650       4.845920       4.830910       4.828300       4.831510       4.840470       4.848220       4.868810       4.896010       4.930120    
   5.641970       5.633130       5.638940       5.604900       5.580270       5.779510       5.907540       5.820270       5.731340       5.641380       5.523670       5.438990       5.356190       5.276800       5.202490       5.129420       5.071580       5.021630       4.979040       4.938340       4.905880       4.881060       4.863130       4.851640       4.846360       4.847280       4.854580       4.861250       4.881980       4.914630    
   5.636030       5.638940       5.608040       5.580270       5.755770       5.907540       5.863900       5.819720       5.718680       5.681720       5.599220       5.517200       5.436770       5.359190       5.279140       5.211830       5.146190       5.092850       5.044400       5.000260       4.962280       4.927890       4.902080       4.882530       4.869230       4.862280       4.861960       4.868650       4.875340       4.897340    
   5.638940       5.609080       5.580270       5.747860       5.907540       5.885720       5.863720       5.771000       5.681720       5.640470       5.615390       5.601280       5.513300       5.436900       5.359880       5.292050       5.223240       5.164810       5.110770       5.061080       5.016440       4.977350       4.944020       4.912660       4.890880       4.875580       4.867210       4.866300       4.873440       4.882220    
   5.609430       5.580270       5.745220       5.907540       5.896630       5.885660       5.800540       5.681720       5.661090       5.650900       5.639410       5.677530       5.600260       5.520600       5.447790       5.378260       5.303260       5.240080       5.180570       5.124920       5.073560       5.026980       4.985580       4.949700       4.915780       4.891970       4.875300       4.866520       4.866500       4.875810    
   5.580270       5.744340       5.907540       5.902090       5.896610       5.816140       5.681720       5.671410       5.665940       5.658470       5.677530       5.638900       5.603090       5.613980       5.540170       5.468590       5.399810       5.319640       5.254660       5.192850       5.134630       5.080530       5.031040       4.986680       4.948010       4.915670       4.886600       4.869530       4.861590       4.865110    
   5.744050       5.907540       5.904810       5.902080       5.824140       5.681720       5.676560       5.672920       5.668000       5.677530       5.658210       5.633370       5.613980       5.577080       5.540910       5.469520       5.396010       5.324700       5.275560       5.265820       5.200620       5.138890       5.081260       5.028350       4.980830       4.939470       4.906650       4.880510       4.872400       4.862830    
   5.907540       5.906180       5.904810       5.828190       5.681720       5.679140       5.676300       5.672760       5.677530       5.667870       5.645770       5.613980       5.595530       5.577320       5.529170       5.468820       5.396750       5.329290       5.305330       5.344840       5.272540       5.203090       5.137240       5.077420       5.020850       4.970170       4.935630       4.899510       4.873100       4.858890    
   5.906860       5.906180       5.830220       5.681720       5.680430       5.677970       5.675150       5.677530       5.672700       5.651290       5.613980       5.604750       5.595610       5.567340       5.525100       5.464910       5.372960       5.325090       5.344840       5.323770       5.353940       5.276390       5.202030       5.131710       5.075850       5.012510       4.959430       4.913560       4.876920       4.854070    
   5.906860       5.831240       5.681720       5.681080       5.678800       5.676340       5.677530       5.675120       5.653870       5.613980       5.609370       5.604780       5.589230       5.562680       5.519120       5.476980       5.334960       5.344840       5.436900       5.461640       5.400460       5.359960       5.274520       5.197560       5.124940       5.057260       4.994930       4.938730       4.890280       4.853280    
   5.831760       5.681720       5.681400       5.679210       5.676930       5.677530       5.676320       5.655130       5.613980       5.611670       5.609380       5.601130       5.585570       5.768710       5.788560       5.690340       5.686960       5.637270       5.583790       5.617340       5.569340       5.442650       5.354020       5.269080       5.188670       5.113320       5.043010       4.977520       4.917190       4.869500    
   5.681720       5.681560       5.679420       5.677230       5.677530       5.676930       5.655740       5.613980       5.612830       5.611680       5.607390       5.598690       5.956460       6.410230       6.403800       6.078440       6.049100       6.029090       5.791710       5.672370       5.665350       5.567240       5.444280       5.351510       5.264270       5.183120       5.107420       5.035720       4.970860       4.902540    
   5.681640       5.679520       5.677380       5.677530       5.677230       5.656040       5.613980       5.613400       5.612830       5.610630       6.215140       7.128960       6.655110       6.416640       6.416660       6.403800       6.173880       6.069110       6.029090       5.848040       5.782430       5.675720       5.570530       5.445890       5.352910       5.268450       5.191330       5.122690       5.051460       4.978820    
   5.679570       5.677450       5.677530       5.677380       5.656200       5.613980       5.613690       5.613400       5.612290       6.339300       7.128960       7.128960       7.128960       6.664590       6.429470       6.429530       6.403800       6.193500       6.109140       6.029090       5.915310       5.798430       5.682620       5.573140       5.454900       5.370160       5.299510       5.233220       5.169780       5.108450    
   5.677490       5.677530       5.677450       5.656270       5.613980       5.613840       5.613690       6.324590       6.788030       7.129760       7.128960       7.128960       7.128960       7.128960       6.683270       6.455070       6.455260       6.403800       6.231970       6.189190       6.066820       5.938550       5.809780       5.688840       5.585370       5.489700       5.426380       5.372370       5.323120       5.279410    
   5.677530       5.677490       5.656310       5.613980       5.613910       6.791650       8.558210       8.508600       8.458960       7.574460       7.131350       7.128960       7.128960       7.128960       7.128960       6.719530       6.506150       6.506710       6.403800       6.305800       6.192770       6.066890       5.927080       5.815620       5.706560       5.633970       5.577050       5.540060       5.506800       5.478680    
   5.677510       5.656330       5.613980       5.613940       7.027450       8.558530       8.558530       8.558210       8.508620       8.458960       7.578560       7.136120       7.128960       7.128960       7.128960       7.128960       6.787770       6.607940       6.609620       6.512780       6.378800       6.249560       6.103810       5.952860       5.835290       5.790680       5.775670       5.742680       5.719290       5.701280    
