iMOD/TUTORIALS/TUT_MetaswapAnalyser/model_MetaSWAP/meteo/Precipitation/Precipitation_20050424_L1.ASC
NCOLS                30
NROWS                30
XLLCORNER     160000.00
YLLCORNER     340000.00
CELLSIZE        1000.00
NODATA_VALUE   -9999.00
  0.2179200      0.2215700      0.2207300      0.2133300      0.1967000      0.1600200      0.1102100       0.000000       0.000000       0.000000       0.000000       0.000000       0.000000       0.000000       0.000000       0.000000       0.000000       0.000000       0.000000       0.000000      0.1048000      0.1112500      0.1172800      0.1225800      0.1265500      0.1294400      0.1314500      0.1330800      0.1354300      0.1401100    
  0.1924700      0.1918100      0.1878600      0.1742900      0.1533500      0.1187800       0.000000       0.000000       0.000000       0.000000       0.000000       0.000000       0.000000       0.000000       0.000000       0.000000       0.000000       0.000000       0.000000       0.000000       0.000000       0.000000      0.1058700      0.1122500      0.1170800      0.1204100      0.1222500      0.1228700      0.1234700      0.1256900    
  0.1727700      0.1688400      0.1596800      0.1477600      0.1257000       0.000000       0.000000       0.000000       0.000000       0.000000       0.000000       0.000000       0.000000       0.000000       0.000000       0.000000       0.000000       0.000000       0.000000       0.000000       0.000000       0.000000       0.000000      0.1039200      0.1096500      0.1135600      0.1157500      0.1155700      0.1133100      0.1105600    
  0.1570500      0.1512200      0.1408300      0.1294000      0.1083500       0.000000       0.000000       0.000000       0.000000       0.000000       0.000000       0.000000       0.000000       0.000000       0.000000       0.000000       0.000000       0.000000       0.000000       0.000000       0.000000       0.000000       0.000000       0.000000      0.1048900      0.1096800      0.1123000      0.1126200      0.1104100      0.1064500    
  0.1452300      0.1385700      0.1333100      0.1184200       0.000000       0.000000       0.000000       0.000000       0.000000       0.000000       0.000000       0.000000       0.000000       0.000000       0.000000       0.000000       0.000000       0.000000       0.000000       0.000000       0.000000       0.000000       0.000000       0.000000      0.1025000      0.1085200      0.1125500      0.1144900      0.1156500      0.1182600    
  0.1368400      0.1363000      0.1259000      0.1126900       0.000000       0.000000       0.000000       0.000000       0.000000       0.000000       0.000000       0.000000       0.000000       0.000000       0.000000       0.000000       0.000000       0.000000       0.000000       0.000000       0.000000       0.000000       0.000000       0.000000      0.1030100      0.1101800      0.1159200      0.1201500      0.1247500      0.1316000    
  0.1376600      0.1315300      0.1220700      0.1105400       0.000000       0.000000       0.000000       0.000000       0.000000       0.000000       0.000000       0.000000       0.000000       0.000000       0.000000       0.000000       0.000000       0.000000       0.000000       0.000000       0.000000       0.000000       0.000000       0.000000      0.1059200      0.1145200      0.1213700      0.1279400      0.1347200      0.1437100    
  0.1352000      0.1169400      0.1110600      0.1022100       0.000000       0.000000       0.000000       0.000000       0.000000       0.000000       0.000000       0.000000       0.000000       0.000000       0.000000       0.000000       0.000000       0.000000       0.000000       0.000000       0.000000       0.000000       0.000000       0.000000      0.1113000      0.1202700      0.1285700      0.1364400      0.1452600      0.1553600    
  0.1199600      0.1157100      0.1094400      0.1033700       0.000000       0.000000       0.000000       0.000000       0.000000       0.000000       0.000000       0.000000       0.000000       0.000000       0.000000       0.000000       0.000000       0.000000       0.000000       0.000000       0.000000       0.000000       0.000000      0.1079700      0.1185400      0.1281600      0.1369200      0.1458200      0.1548200      0.1649300    
  0.1194400      0.1158300      0.1104600      0.1083900      0.1021200       0.000000       0.000000       0.000000       0.000000       0.000000       0.000000       0.000000       0.000000       0.000000       0.000000       0.000000       0.000000       0.000000       0.000000       0.000000       0.000000       0.000000      0.1065000      0.1183100      0.1281900      0.1375100      0.1465900      0.1550900      0.1638400      0.1733500    
  0.1192930      0.1152430      0.1116120      0.1117700      0.1057300      0.1009800       0.000000       0.000000       0.000000       0.000000       0.000000       0.000000       0.000000       0.000000       0.000000       0.000000       0.000000       0.000000       0.000000       0.000000       0.000000      0.1093300      0.1209000      0.1308700      0.1406200      0.1485500      0.1565900      0.1644100      0.1723600      0.1807800    
  0.1189270      0.1144800      0.1117700      0.1113250      0.1107600      0.1063300      0.1017000       0.000000       0.000000       0.000000       0.000000       0.000000       0.000000       0.000000       0.000000       0.000000       0.000000       0.000000       0.000000      0.1081500      0.1182800      0.1280500      0.1371900      0.1456700      0.1534700      0.1604600      0.1673400      0.1740500      0.1807900      0.1877600    
  0.1167830      0.1117700      0.1135090      0.1139000      0.1170400      0.1136500      0.1093400      0.1052300       0.000000       0.000000       0.000000      0.1043000      0.1015000       0.000000      0.1036600      0.1063300      0.1120000      0.1200500      0.1284400      0.1359100      0.1423200      0.1486900      0.1549700      0.1610800      0.1669400      0.1725300      0.1776700      0.1830600      0.1884200      0.1938300    
  0.1117700      0.1144470      0.1154700      0.1170400      0.1170200      0.1203700      0.1148200      0.1119400      0.1094700      0.1081400      0.1069000      0.1203800      0.1194300      0.1203700      0.1237500      0.1328300      0.1432600      0.1542200      0.1623900      0.1650500      0.1669500      0.1695600      0.1723500      0.1759300      0.1797000      0.1835300      0.1868700      0.1908300      0.1947700      0.1986400    
  0.1148780      0.1162550      0.1170400      0.1181430      0.1203700      0.1220730      0.1310300      0.1285500      0.1265800      0.1253000      0.1448700      0.1431100      0.1430400      0.1450600      0.1496900      0.1599900      0.1710200      0.1868100      0.1960800      0.1911300      0.1887300      0.1881100      0.1887400      0.1901800      0.1921200      0.1943700      0.1967700      0.1986800      0.2013000      0.2038300    
  0.1166470      0.1170400      0.1185180      0.1203700      0.1244910      0.1310300      0.1297900      0.1287200      0.1355070      0.1616000      0.1596400      0.1591100      0.1603200      0.1636000      0.1711300      0.1793600      0.1918200      0.2040200      0.2106800      0.2088900      0.2059400      0.2038500      0.2029300      0.2028400      0.2033400      0.2042500      0.2054100      0.2066900      0.2073200      0.2086900    
  0.1170400      0.1186430      0.1203700      0.1252970      0.1310300      0.1304100      0.1298470      0.1389040      0.1616000      0.1606200      0.1673240      0.1736300      0.1784700      0.1819700      0.1840400      0.1921900      0.2058300      0.2141600      0.2191000      0.2196000      0.2179100      0.2159200      0.2143400      0.2131800      0.2127100      0.2126200      0.2128000      0.2131700      0.2136300      0.2126000    
  0.1186840      0.1203700      0.1255660      0.1310300      0.1307200      0.1304290      0.1401900      0.1616000      0.1611100      0.1700640      0.1781350      0.1826400      0.1853600      0.1907900      0.1964200      0.2034300      0.2159400      0.2218800      0.2257000      0.2268700      0.2261600      0.2246300      0.2230000      0.2215700      0.2202400      0.2194700      0.2189500      0.2186300      0.2184800      0.2176800    
  0.1203700      0.1256550      0.1310300      0.1308750      0.1307260      0.1407350      0.1616000      0.1613550      0.1711600      0.1803870      0.1826400      0.1840000      0.1899600      0.2010500      0.2060000      0.2118100      0.2178800      0.2278900      0.2308600      0.2320900      0.2318800      0.2307800      0.2293000      0.2277600      0.2263100      0.2250200      0.2237600      0.2229200      0.2213600      0.2199500    
  0.1256850      0.1310300      0.1309520      0.1308770      0.1409840      0.1616000      0.1614770      0.1716540      0.1815140      0.1826400      0.1833200      0.1894130      0.2010500      0.2035250      0.2062870      0.2118970      0.2191930      0.2255430      0.2329800      0.2358000      0.2357800      0.2349600      0.2336600      0.2321300      0.2305400      0.2289700      0.2264300      0.2235600      0.2226400      0.2219800    
  0.1310300      0.1309910      0.1309530      0.1411030      0.1616000      0.1615390      0.1718900      0.1820770      0.1826400      0.1829800      0.1891060      0.2010500      0.2022870      0.2036210      0.2072360      0.2124590      0.2188780      0.2306010      0.2370300      0.2382600      0.2382500      0.2375700      0.2364200      0.2332100      0.2318000      0.2302600      0.2264000      0.2252300      0.2240400      0.2230100    
  0.1310110      0.1309910      0.1411620      0.1616000      0.1615690      0.1720050      0.1823580      0.1826400      0.1828100      0.1889440      0.2010500      0.2016690      0.2023190      0.2043810      0.2077720      0.2128580      0.2275690      0.2376450      0.2382600      0.2377200      0.2366500      0.2363800      0.2356600      0.2345800      0.2326400      0.2312200      0.2297700      0.2280300      0.2261600      0.2227700    
  0.1310110      0.1411910      0.1616000      0.1615850      0.1720630      0.1824990      0.1826400      0.1827250      0.1888610      0.2010500      0.2013590      0.2016790      0.2027900      0.2048240      0.2083370      0.2224590      0.2379530      0.2382600      0.2365280      0.2365650      0.2375720      0.2405200      0.2381100      0.2371200      0.2325900      0.2309300      0.2294600      0.2274700      0.2250400      0.2224700    
  0.1412060      0.1616000      0.1615920      0.1720910      0.1825700      0.1826400      0.1826830      0.1888190      0.2010500      0.2012050      0.2013630      0.2019430      0.2030980      0.2164700      0.2233820      0.2258780      0.2261450      0.2292080      0.2330370      0.2335650      0.2364800      0.2378300      0.2313800      0.2315700      0.2313200      0.2305400      0.2291100      0.2269000      0.2238300      0.2202300    
  0.1616000      0.1615960      0.1721060      0.1826050      0.1826400      0.1826610      0.1887980      0.2010500      0.2011270      0.2012060      0.2015030      0.2021350      0.2241970      0.2497870      0.2499300      0.2288640      0.2135360      0.2140300      0.2241870      0.2289800      0.2306500      0.2249500      0.2295100      0.2299500      0.2300300      0.2296100      0.2284600      0.2263000      0.2231700      0.2181000    
  0.1615980      0.1721130      0.1826220      0.1826400      0.1826510      0.1887870      0.2010500      0.2010890      0.2011280      0.2012790      0.2245810      0.2590300      0.2527850      0.2496860      0.2496440      0.2499300      0.2258430      0.2130420      0.2140300      0.2201750      0.2198100      0.2219700      0.2238900      0.2275300      0.2280500      0.2282100      0.2276800      0.2266500      0.2233300      0.2181900    
  0.1721160      0.1826310      0.1826400      0.1826450      0.1887820      0.2010500      0.2010690      0.2010890      0.2011650      0.2290090      0.2590300      0.2590300      0.2590300      0.2526380      0.2494850      0.2493590      0.2499300      0.2263690      0.2120550      0.2140300      0.2162100      0.2182800      0.2202600      0.2222000      0.2252900      0.2262900      0.2276600      0.2269300      0.2248900      0.2213600    
  0.1826360      0.1826400      0.1826430      0.1887790      0.2010500      0.2010600      0.2010690      0.2197980      0.2384640      0.2590230      0.2590300      0.2590300      0.2590300      0.2590300      0.2523930      0.2491650      0.2487870      0.2499300      0.2294630      0.2100800      0.2120200      0.2139100      0.2158200      0.2179300      0.2217900      0.2247600      0.2264700      0.2274700      0.2273200      0.2260800    
  0.1826400      0.1826410      0.1887780      0.2010500      0.2010550      0.2602850      0.3491100      0.3124890      0.2758700      0.2646260      0.2590100      0.2590300      0.2590300      0.2590300      0.2590300      0.2520200      0.2487780      0.2476450      0.2499300      0.2438100      0.2381000      0.2328200      0.2321500      0.2143900      0.2166900      0.2203800      0.2249100      0.2280500      0.2299800      0.2308600    
  0.1826410      0.1887770      0.2010500      0.2010520      0.2721450      0.3491380      0.3491380      0.3491100      0.3124880      0.2758700      0.2645930      0.2589700      0.2590300      0.2590300      0.2590300      0.2590300      0.2514830      0.2487600      0.2453600      0.2383900      0.2390600      0.2312000      0.2238800      0.2175300      0.2148700      0.2186400      0.2245600      0.2276600      0.2326400      0.2352800    
