iMOD/TUTORIALS/TUT_MetaswapAnalyser/model_MetaSWAP/meteo/Precipitation/Precipitation_20050209_L1.ASC
NCOLS                30
NROWS                30
XLLCORNER     160000.00
YLLCORNER     340000.00
CELLSIZE        1000.00
NODATA_VALUE   -9999.00
   1.271960       1.278250       1.275960       1.260070       1.222830       1.131880      0.9947400      0.8423100      0.7084700      0.6488700      0.6680300      0.7099400      0.7557600      0.8016600      0.8428300      0.8794200      0.9034100      0.9198000      0.9328700      0.9380700      0.9358700      0.9402000      0.9265000      0.9046900      0.8807600      0.8524100      0.8201900      0.7846300      0.7463300      0.7090400    
   1.173900       1.171700       1.167170       1.134600       1.082050      0.9901100      0.8682600      0.7288800      0.5848100      0.5265700      0.5899700      0.6497900      0.7054000      0.7582500      0.8040900      0.8381700      0.8681100      0.8912600      0.8966500      0.8979000      0.8911700      0.8893300      0.8711900      0.8458000      0.8186600      0.7878000      0.7537400      0.7169300      0.6663900      0.6306700    
   1.093840       1.082700       1.059870       1.028130      0.9720700      0.8875400      0.7846300      0.6732900      0.5753500      0.5372700      0.5697100      0.6216200      0.6760100      0.7289000      0.7768700      0.8133200      0.8427700      0.8609300      0.8677300      0.8644000      0.8465900      0.8382600      0.8132000      0.7865800      0.7565600      0.7236400      0.6757600      0.6406700      0.6064100      0.5674600    
   1.020420       1.003220      0.9753700      0.9404500      0.8833600      0.8122900      0.7317300      0.6533000      0.5923300      0.5666400      0.5793400      0.6163300      0.6624400      0.7120000      0.7581700      0.7950500      0.8227200      0.8368800      0.8376100      0.8273200      0.8089900      0.7774100      0.7591900      0.7151400      0.6837100      0.6506600      0.6162400      0.5806300      0.5458600      0.5073100    
  0.9549700      0.9343100      0.9106600      0.8701000      0.8196300      0.7611000      0.6990900      0.6448100      0.6024500      0.5836700      0.5884100      0.6148100      0.6530600      0.6971400      0.7459700      0.7835400      0.8027300      0.8106700      0.8021300      0.7822200      0.7517500      0.7217500      0.6987100      0.6615600      0.6279500      0.5935500      0.5584600      0.5253800      0.4884100      0.4515700    
  0.8975700      0.8798400      0.8501300      0.8132100      0.7699400      0.7225000      0.6750000      0.6365100      0.6028500      0.5900600      0.5953800      0.6161600      0.6487300      0.6886000      0.7324300      0.7715400      0.7975500      0.7986800      0.7780900      0.7472700      0.7094400      0.6738600      0.6461400      0.6110000      0.5757200      0.5376300      0.5024700      0.4696300      0.4338900      0.3988700    
  0.8655100      0.8268700      0.7990400      0.7661800      0.7297500      0.6911500      0.6538300      0.6194400      0.5983400      0.5897300      0.5942100      0.6110600      0.6383900      0.6745600      0.7183300      0.7614800      0.7959600      0.7862100      0.7476400      0.7031400      0.6619800      0.6225500      0.5846500      0.5557000      0.5201100      0.4849000      0.4528300      0.4176600      0.3821800      0.3489900    
  0.8108100      0.7997400      0.7556800      0.7265500      0.6951600      0.6325800      0.6262300      0.6029800      0.5874500      0.5809100      0.5842700      0.5973800      0.6194000      0.6496300      0.6894700      0.7300800      0.7745700      0.7499500      0.6978900      0.6507400      0.6073800      0.5670600      0.5290500      0.5000500      0.4653300      0.4343300      0.4003400      0.3669000      0.3321700      0.3017100    
  0.7732400      0.7605200      0.7354600      0.6915600      0.6242300      0.6012900      0.6022100      0.5832800      0.5705800      0.5646400      0.5661000      0.5749500      0.5906200      0.6191700      0.6427400      0.6676000      0.6826700      0.6667600      0.6282400      0.5862500      0.5459000      0.5079200      0.4720200      0.4446200      0.4149400      0.3825300      0.3506000      0.3167200      0.2869800      0.2582800    
  0.7372700      0.7258300      0.7026300      0.6256700      0.5901100      0.5706100      0.5759000      0.5602600      0.5487800      0.5422600      0.5410700      0.5451000      0.5537200      0.5731800      0.5848800      0.5935700      0.5942100      0.5777600      0.5488000      0.5148400      0.4804500      0.4469700      0.4148800      0.3837900      0.3632400      0.3335300      0.3015100      0.2731200       0.000000       0.000000    
  0.7395770      0.7219100      0.6614000      0.5914700      0.5724800      0.5503500      0.5490300      0.5346300      0.5232600      0.5153600      0.5110600      0.5100900      0.5225200      0.5218500      0.5261200      0.5220000      0.5117600      0.4938300      0.4697100      0.4426400      0.4149200      0.3874100      0.3602300      0.3354400      0.3053900      0.2858200      0.2595900       0.000000       0.000000       0.000000    
  0.7387290      0.6785890      0.5914700      0.5570700      0.5416100      0.5348500      0.5339000      0.5072500      0.4952800      0.4855900      0.4771300      0.4716000      0.4776900      0.4753600      0.4661700      0.4531300      0.4362500      0.4159500      0.3942700      0.3727400      0.3514900      0.3300500      0.3075600      0.2849500      0.2618400       0.000000       0.000000       0.000000       0.000000       0.000000    
  0.6909080      0.5914700      0.5508560      0.5321650      0.5227200      0.5225500      0.5062300      0.4909700      0.4746600      0.4531600      0.4428800      0.4557200      0.4412700      0.4262100      0.4102100      0.3902600      0.3675500      0.3441500      0.3238600      0.3075600      0.2931300      0.2776300      0.2606600       0.000000       0.000000       0.000000       0.000000       0.000000       0.000000       0.000000    
  0.5914700      0.5481220      0.5274420      0.5227200      0.5133970      0.4949200      0.4752700      0.4599200      0.4452300      0.4288700      0.4154000      0.4191400      0.4006800      0.3810400      0.3592600      0.3352200      0.3058900      0.2780500      0.2587500       0.000000       0.000000       0.000000       0.000000       0.000000       0.000000       0.000000       0.000000       0.000000       0.000000       0.000000    
  0.5468480      0.5250810      0.5227200      0.5103460      0.4949200      0.4668730      0.4304300      0.4163300      0.4024300      0.3885900      0.4065400      0.3860200      0.3648500      0.3423000      0.3175900      0.2878800      0.2579200       0.000000       0.000000       0.000000       0.000000       0.000000       0.000000       0.000000       0.000000       0.000000       0.000000       0.000000       0.000000       0.000000    
  0.5239010      0.5227200      0.5093280      0.4949200      0.4640740      0.4304300      0.4233800      0.4163970      0.4015050      0.3986700      0.3769200      0.3549500      0.3322900      0.3084500      0.2823500       0.000000       0.000000       0.000000       0.000000       0.000000       0.000000       0.000000       0.000000       0.000000       0.000000       0.000000       0.000000       0.000000       0.000000       0.000000    
  0.5227200      0.5089890      0.4949200      0.4631410      0.4304300      0.4269050      0.4234020      0.4099880      0.3986700      0.3877950      0.3511220      0.3271600      0.3031300      0.2792900       0.000000       0.000000       0.000000       0.000000       0.000000       0.000000       0.000000       0.000000       0.000000       0.000000       0.000000       0.000000       0.000000       0.000000       0.000000       0.000000    
  0.5088760      0.4949200      0.4628300      0.4304300      0.4286670      0.4269120      0.4147410      0.3986700      0.3932320      0.3496060      0.3125350      0.2979100      0.2758100       0.000000       0.000000       0.000000       0.000000       0.000000       0.000000       0.000000       0.000000       0.000000       0.000000       0.000000       0.000000       0.000000       0.000000       0.000000       0.000000       0.000000    
  0.4949200      0.4627270      0.4304300      0.4295490      0.4286700      0.4172480      0.3986700      0.3959510      0.3489280      0.3052230      0.2979100      0.2868600      0.1434300       0.000000       0.000000       0.000000       0.000000       0.000000       0.000000       0.000000       0.000000       0.000000       0.000000       0.000000       0.000000       0.000000       0.000000       0.000000       0.000000       0.000000    
  0.4626920      0.4304300      0.4299890      0.4295500      0.4185340      0.3986700      0.3973110      0.3486050      0.3015660      0.2979100      0.2923850      0.1820500       0.000000       0.000000       0.000000       0.000000       0.000000       0.000000       0.000000       0.000000       0.000000       0.000000       0.000000       0.000000       0.000000       0.000000       0.000000       0.000000       0.000000       0.000000    
  0.4304300      0.4302100      0.4299900      0.4191860      0.3986700      0.3979900      0.3484470      0.2997380      0.2979100      0.2951470      0.1930860       0.000000       0.000000       0.000000       0.000000       0.000000       0.000000       0.000000       0.000000       0.000000       0.000000       0.000000       0.000000       0.000000       0.000000       0.000000       0.000000       0.000000       0.000000       0.000000    
  0.4303200      0.4302100      0.4195140      0.3986700      0.3983300      0.3483680      0.2988240      0.2979100      0.2965290      0.1965360       0.000000       0.000000       0.000000       0.000000       0.000000       0.000000       0.000000       0.000000       0.000000       0.000000       0.000000       0.000000       0.000000       0.000000       0.000000       0.000000       0.000000       0.000000       0.000000       0.000000    
  0.4303200      0.4196780      0.3986700      0.3985000      0.3483290      0.2983670      0.2979100      0.2972190      0.1977440       0.000000       0.000000       0.000000       0.000000       0.000000       0.000000       0.000000       0.000000       0.000000       0.000000       0.000000       0.000000       0.000000       0.000000       0.000000       0.000000       0.000000       0.000000       0.000000       0.000000       0.000000    
  0.4197610      0.3986700      0.3985850      0.3483100      0.2981380      0.2979100      0.2975650      0.1982180       0.000000       0.000000       0.000000       0.000000       0.000000       0.000000       0.000000       0.000000       0.000000       0.000000       0.000000       0.000000       0.000000       0.000000       0.000000       0.000000       0.000000       0.000000       0.000000       0.000000       0.000000       0.000000    
  0.3986700      0.3986280      0.3483000      0.2980240      0.2979100      0.2977370      0.1984230       0.000000       0.000000       0.000000       0.000000       0.000000       0.000000       0.000000       0.000000       0.000000       0.000000       0.000000       0.000000       0.000000       0.000000       0.000000       0.000000       0.000000       0.000000       0.000000       0.000000       0.000000       0.000000       0.000000    
  0.3986490      0.3482950      0.2979670      0.2979100      0.2978240      0.1985180       0.000000       0.000000       0.000000       0.000000       0.000000       0.000000       0.000000       0.000000       0.000000       0.000000       0.000000       0.000000       0.000000       0.000000       0.000000       0.000000       0.000000       0.000000       0.000000       0.000000       0.000000       0.000000       0.000000       0.000000    
  0.3482920      0.2979390      0.2979100      0.2978670      0.1985630       0.000000       0.000000       0.000000       0.000000       0.000000       0.000000       0.000000       0.000000       0.000000       0.000000       0.000000       0.000000       0.000000       0.000000       0.000000       0.000000       0.000000       0.000000       0.000000       0.000000       0.000000       0.000000       0.000000       0.000000       0.000000    
  0.2979240      0.2979100      0.2978880      0.1985850       0.000000       0.000000       0.000000       0.000000       0.000000       0.000000       0.000000       0.000000       0.000000       0.000000       0.000000       0.000000       0.000000       0.000000       0.000000       0.000000       0.000000       0.000000       0.000000       0.000000       0.000000       0.000000       0.000000       0.000000       0.000000       0.000000    
  0.2979100      0.2978990      0.1985960       0.000000       0.000000       0.000000       0.000000       0.000000       0.000000       0.000000       0.000000       0.000000       0.000000       0.000000       0.000000       0.000000       0.000000       0.000000       0.000000       0.000000       0.000000       0.000000       0.000000       0.000000       0.000000       0.000000       0.000000       0.000000       0.000000       0.000000    
  0.2979050      0.1986010       0.000000       0.000000       0.000000       0.000000       0.000000       0.000000       0.000000       0.000000       0.000000       0.000000       0.000000       0.000000       0.000000       0.000000       0.000000       0.000000       0.000000       0.000000       0.000000       0.000000       0.000000       0.000000       0.000000       0.000000       0.000000       0.000000       0.000000       0.000000    
