iMOD/TUTORIALS/TUT_MetaswapAnalyser/model_MetaSWAP/meteo/Precipitation/Precipitation_20060413_L1.ASC
NCOLS                30
NROWS                30
XLLCORNER     160000.00
YLLCORNER     340000.00
CELLSIZE        1000.00
NODATA_VALUE   -9999.00
   4.092350       3.878330       3.664100       3.454660       3.262650       3.115010       3.014840       2.938420       2.895010       2.977640       3.217700       3.498550       3.777470       4.057910       4.300520       4.543040       4.784050       4.908450       5.011620       5.076860       5.105980       5.105780       5.071280       4.995020       4.910680       4.805580       4.683470       4.549190       4.410080       4.280500    
   4.206180       3.995560       3.779880       3.583530       3.403230       3.250380       3.121520       3.002980       2.879680       2.928960       3.248300       3.560720       3.856110       4.168290       4.426190       4.704820       4.900910       5.107240       5.208860       5.289270       5.330550       5.338000       5.307430       5.231850       5.141690       5.025680       4.887200       4.730570       4.569230       4.409940    
   4.337630       4.138210       3.944310       3.758840       3.587080       3.440680       3.313680       3.205720       3.134670       3.206400       3.445350       3.733340       4.034780       4.327270       4.609840       4.894730       5.107070       5.281760       5.416590       5.510420       5.538320       5.552350       5.512080       5.452530       5.361380       5.241430       5.102160       4.931170       4.743940       4.540620    
   4.497400       4.312550       4.135230       3.967710       3.817750       3.687510       3.581420       3.507480       3.487840       3.571560       3.754410       4.004830       4.271160       4.559700       4.824840       5.099440       5.318830       5.502030       5.645740       5.747770       5.807370       5.787130       5.768130       5.717910       5.626250       5.504300       5.354730       5.179940       4.985730       4.767950    
   4.681620       4.513830       4.353750       4.208580       4.080520       3.974480       3.897160       3.856680       3.872580       3.961820       4.072240       4.300770       4.564340       4.839690       5.094100       5.353640       5.585870       5.777060       5.929550       6.039440       6.090310       6.112030       6.089560       6.011260       5.920710       5.800650       5.654830       5.492740       5.309200       5.128670    
   4.886360       4.735950       4.598270       4.475280       4.371240       4.291390       4.249820       4.230380       4.134740       4.254420       4.431000       4.652090       4.903170       5.160610       5.403090       5.658070       5.886490       6.083940       6.243710       6.359070       6.414460       6.436900       6.414450       6.357120       6.267000       6.134500       5.996360       5.847690       5.685570       5.531420    
   5.081220       4.977770       4.861410       4.761350       4.693540       4.637730       4.613590       4.406010       4.489470       4.622330       4.801750       5.019680       5.263540       5.524300       5.739720       5.997520       6.228060       6.433640       6.602110       6.711040       6.778160       6.798070       6.775610       6.713450       6.623970       6.510400       6.386030       6.242640       6.090200       5.953290    
   5.159030       5.220500       5.154400       5.075300       5.017790       4.760120       4.674530       4.736930       4.841470       4.988690       5.176730       5.399430       5.646930       5.911270       6.114800       6.380980       6.614160       6.831200       7.000260       7.116520       7.178530       7.191160       7.161470       7.094030       7.002860       6.900230       6.776030       6.645740       6.520340       6.395630    
   5.401320       5.481920       5.408520       5.383300       5.041340       5.058000       4.976820       5.060980       5.184860       5.348010       5.548780       5.782290       6.040490       6.210720       6.513210       6.800530       7.059520       7.282940       7.450140       7.559800       7.610390       7.609300       7.566580       7.489160       7.401300       7.290570       7.172660       7.058930       6.941960       6.831840    
   5.636020       5.748220       5.695100       5.264570       5.307720       5.346590       5.265760       5.371700       5.514170       5.694080       5.910220       6.158890       6.433510       6.592780       6.929100       7.244580       7.534760       7.769490       7.941090       8.041840       8.075780       8.042460       7.979420       7.889940       7.789090       7.676150       7.568480       7.458010       7.355080       7.261020    
   5.701970       5.693110       5.550970       5.496000       5.529040       5.541170       5.539620       5.663810       5.823600       6.020050       6.252650       6.518890       6.612650       6.949430       7.343470       7.698840       8.020150       8.282830       8.461630       8.548820       8.556090       8.505250       8.417760       8.317990       8.212220       8.068340       7.956490       7.854660       7.765120       7.671270    
   5.706800       5.610510       5.496000       5.668070       5.764040       5.754510       5.762130       5.932210       6.107230       6.318730       6.507140       6.798570       6.902470       7.322810       7.740110       8.143410       8.516710       8.814970       8.999190       9.057090       9.017640       8.920650       8.811350       8.678910       8.548360       8.416440       8.307500       8.215140       8.140740       8.083930    
   5.640710       5.496000       5.717730       5.823630       5.883210       5.865160       5.987080       6.141310       6.244280       6.504070       6.773030       6.821630       7.210610       7.632470       8.093780       8.553010       8.996790       9.361640       9.553820       9.556850       9.454540       9.299840       9.134980       8.976120       8.831290       8.704980       8.588460       8.505750       8.446970       8.411710    
   5.496000       5.737590       5.853420       5.883210       5.933370       6.051750       6.069390       6.239760       6.444430       6.651870       6.935050       7.028040       7.431790       7.874920       8.356350       8.883590       9.414450       9.898270       10.11620       10.00460       9.794750       9.578250       9.360680       9.178680       9.022240       8.892970       8.781700       8.709020       8.665880       8.652180    
   5.746280       5.868310       5.883210       5.956110       6.051750       6.093440       6.159190       6.339220       6.552430       6.801110       6.771630       7.141790       7.552110       8.004500       8.500830       9.077690       9.655490       10.27910       10.56560       10.25010       9.961950       9.709400       9.488930       9.300230       9.143200       9.017920       8.924550       8.852790       8.823740       8.813550    
   5.875760       5.883210       5.963690       6.051750       6.101460       6.159190       6.249210       6.350280       6.556450       6.533020       6.859800       7.222210       7.621850       8.059820       8.524660       9.037430       9.591200       10.08780       10.30150       10.15580       9.922850       9.693720       9.486500       9.307880       9.160150       9.044410       8.961250       8.911020       8.884440       8.900600    
   5.883210       5.966220       6.051750       6.104130       6.159190       6.204200       6.252890       6.422240       6.533020       6.696410       7.000510       7.239220       7.600300       8.006240       8.425020       8.874180       9.346840       9.700320       9.875380       9.850890       9.715390       9.544900       9.375590       9.224590       9.096950       8.997430       8.927840       8.888970       8.880850       8.892350    
   5.967060       6.051750       6.105020       6.159190       6.181690       6.205430       6.353090       6.533020       6.614720       6.914400       7.193770       7.148310       7.496670       7.868500       8.247720       8.622470       9.019240       9.288780       9.440710       9.466830       9.402120       9.291360       9.166970       9.048220       8.947150       8.867350       8.813030       8.785440       8.784400       8.806580    
   6.051750       6.105320       6.159190       6.170440       6.182100       6.318310       6.533020       6.573870       6.876300       7.171040       7.148310       7.322490       7.550890       7.690060       8.011960       8.319610       8.590580       8.874050       9.006580       9.053580       9.031670       8.966780       8.882750       8.797050       8.721170       8.662080       8.624770       8.608340       8.611770       8.657810    
   6.105420       6.159190       6.164820       6.170580       6.300970       6.533020       6.553440       6.858230       7.159670       7.148310       7.235400       7.427940       7.690060       7.851010       8.007210       8.307380       8.594750       8.823740       8.752340       8.628430       8.630210       8.596410       8.543770       8.486410       8.434710       8.395470       8.406440       8.404600       8.411110       8.421250    
   6.159190       6.162000       6.164860       6.292350       6.533020       6.543230       6.849400       7.153990       7.148310       7.191860       7.375430       7.690060       7.770540       7.849430       8.055200       8.303110       8.575290       8.556730       8.413750       8.199070       8.211910       8.197060       8.166470       8.170940       8.136410       8.112180       8.102960       8.106500       8.122790       8.148720    
   6.160600       6.162020       6.288060       6.533020       6.538130       6.845020       7.151150       7.148310       7.170080       7.351410       7.690060       7.730300       7.770010       7.891720       8.069250       8.311200       8.388120       8.306410       8.199070       8.084100       7.841310       7.829220       7.806820       7.782560       7.760400       7.752380       7.755460       7.770340       7.795280       7.827610    
   6.160600       6.285920       6.533020       6.535570       6.842840       7.149730       7.148310       7.159200       7.339970       7.690060       7.710180       7.730120       7.797340       7.910330       8.090720       7.995880       8.252740       8.199070       7.578240       7.358590       7.382560       7.403570       7.379730       7.365610       7.359940       7.363250       7.378760       7.405290       7.440330       7.480330    
   6.284860       6.533020       6.534300       6.841750       7.149020       7.148310       7.153750       7.334380       7.690060       7.700120       7.710120       7.745880       7.812600       7.219640       6.971910       6.961540       6.958110       6.907010       6.832210       6.671210       6.875870       6.962820       6.947560       6.939240       6.940940       6.955710       6.983910       7.023440       7.070510       7.085840    
   6.533020       6.533660       6.841210       7.148670       7.148310       7.151030       7.331630       7.690060       7.695090       7.700100       7.718710       7.756200       6.582720       5.071670       5.080160       5.792840       5.673780       5.717150       6.208370       6.466850       6.466540       6.440380       6.512090       6.504420       6.511710       6.536620       6.578320       6.632960       6.665030       6.733610    
   6.533340       6.840940       7.148490       7.148310       7.149670       7.330260       7.690060       7.692580       7.695080       7.704630       6.435670       4.501660       4.875210       5.063830       5.063180       5.080160       5.459290       5.630420       5.717150       5.978270       6.058140       6.026370       6.000820       6.067050       6.077510       6.112470       6.169610       6.217830       6.300460       6.385890    
   6.840800       7.148400       7.148310       7.148990       7.329570       7.690060       7.691320       7.692570       7.697430       6.167740       4.501660       4.501660       4.501660       4.863690       5.048160       5.046210       5.080160       5.409440       5.543680       5.717150       5.671250       5.624650       5.586910       5.569530       5.642810       5.688730       5.746980       5.840380       5.945090       6.051320    
   7.148350       7.148310       7.148650       7.329230       7.690060       7.690690       7.691320       6.730430       5.696580       4.501240       4.501660       4.501660       4.501660       4.501660       4.841750       5.018110       5.012250       5.080160       5.296780       5.370220       5.306820       5.241760       5.185810       5.154920       5.165620       5.261760       5.356420       5.477020       5.607240       5.736250    
   7.148310       7.148480       7.329060       7.690060       7.690370       6.176130       3.904380       3.872380       3.840380       4.280090       4.500400       4.501660       4.501660       4.501660       4.501660       4.801020       4.961920       4.944340       5.080160       5.019590       4.947800       4.869610       4.824200       4.765790       4.756330       4.829190       4.985760       5.139110       5.296260       5.447150    
   7.148400       7.328980       7.690060       7.690220       5.872930       3.904210       3.904210       3.904380       3.872370       3.840380       4.277930       4.497870       4.501660       4.501660       4.501660       4.501660       4.728240       4.861260       4.808520       4.737550       4.725520       4.606390       4.485060       4.378810       4.350630       4.466700       4.650490       4.834280       5.022700       5.191050    
