iMOD/TUTORIALS/TUT_MetaswapAnalyser/model_MetaSWAP/meteo/Precipitation/Precipitation_20050426_L1.ASC
NCOLS                30
NROWS                30
XLLCORNER     160000.00
YLLCORNER     340000.00
CELLSIZE        1000.00
NODATA_VALUE   -9999.00
   5.561600       5.262050       4.961750       4.658540       4.345120       4.013490       3.662690       3.316430       3.017720       2.889740       2.952230       3.073140       3.202200       3.345580       3.473440       3.616580       3.773520       3.862180       3.945270       4.015610       4.074750       4.136340       4.179460       4.231510       4.260930       4.285480       4.306000       4.323820       4.341560       4.368490    
   5.420600       5.122090       4.824050       4.515700       4.196280       3.864490       3.518760       3.165350       2.811250       2.671830       2.846830       3.011370       3.172350       3.354460       3.504190       3.679940       3.800850       3.897130       3.968140       4.029740       4.077000       4.124020       4.153130       4.190060       4.205890       4.216780       4.222950       4.224790       4.218630       4.226360    
   5.302940       5.008120       4.710350       4.406020       4.098840       3.783420       3.465190       3.155750       2.892000       2.796120       2.888780       3.037980       3.211830       3.387050       3.546010       3.721010       3.846970       3.945990       4.018330       4.068080       4.090410       4.120700       4.149530       4.156720       4.159390       4.157700       4.145250       4.134110       4.120830       4.097910    
   5.202620       4.915880       4.627740       4.336410       4.046930       3.760000       3.483620       3.235110       3.049500       2.972030       3.016800       3.132330       3.284150       3.454960       3.618900       3.791250       3.920290       4.013520       4.071490       4.102130       4.115150       4.123370       4.129340       4.116650       4.108350       4.097530       4.083300       4.064290       4.042300       4.008300    
   5.119330       4.844220       4.568160       4.296910       4.030930       3.775530       3.540340       3.330090       3.192500       3.133970       3.151870       3.247830       3.379340       3.542140       3.711840       3.882170       4.011220       4.093380       4.127540       4.130700       4.135340       4.118010       4.107350       4.080320       4.063250       4.046220       4.028230       4.013110       3.990200       3.970940    
   5.051460       4.788650       4.531100       4.279560       4.037880       3.812070       3.594980       3.433720       3.284480       3.258010       3.279520       3.356570       3.474000       3.634040       3.798180       3.981160       4.126130       4.191590       4.187910       4.155050       4.130380       4.094050       4.069690       4.043070       4.020210       3.993520       3.975940       3.964450       3.949620       3.941100    
   5.000340       4.749540       4.508780       4.276690       4.031100       3.834910       3.664320       3.465390       3.401200       3.366500       3.383530       3.449210       3.557600       3.701220       3.859870       4.068310       4.253880       4.286920       4.221060       4.159770       4.098460       4.048090       4.007880       3.984050       3.959840       3.940910       3.931920       3.920050       3.909400       3.908730    
   4.971150       4.684150       4.459870       4.250400       4.055030       3.800640       3.638030       3.552820       3.479190       3.447220       3.458520       3.511960       3.604770       3.734240       3.863110       4.073310       4.307770       4.290350       4.186260       4.098120       4.027900       3.973330       3.931920       3.908970       3.887700       3.879660       3.870520       3.866600       3.881040       3.883540    
   4.889980       4.664060       4.458390       4.259590       3.974720       3.823990       3.672610       3.601940       3.533740       3.500400       3.503060       3.541100       3.612550       3.652550       3.796940       3.955630       4.084670       4.102090       4.045120       3.975120       3.914720       3.867500       3.832720       3.816300       3.808350       3.801170       3.800380       3.821210       3.828090       3.840110    
   4.863300       4.649190       4.456170       4.140120       3.978170       3.839210       3.727690       3.633480       3.566360       3.528080       3.519110       3.538520       3.583940       3.578470       3.681080       3.779140       3.846940       3.867620       3.841700       3.798470       3.756810       3.733920       3.712120       3.699180       3.708660       3.711240       3.736730       3.748910       3.766450       3.788770    
   4.861150       4.656220       4.343470       4.128390       3.981450       3.894360       3.740750       3.648950       3.579720       3.533870       3.511170       3.510110       3.419740       3.447120       3.502410       3.570260       3.613460       3.632280       3.628080       3.613780       3.599440       3.589500       3.585130       3.591420       3.613900       3.647820       3.665240       3.687480       3.714680       3.728030    
   4.863260       4.497310       4.128390       4.025460       3.973810       3.901340       3.746830       3.650710       3.577250       3.522330       3.421040       3.408720       3.292170       3.305030       3.345150       3.377080       3.396770       3.398630       3.400680       3.405200       3.413740       3.425230       3.455570       3.472790       3.492200       3.525560       3.552920       3.584910       3.622120       3.664560    
   4.640360       4.128390       4.042010       3.996000       4.018180       3.847790       3.739450       3.645640       3.472870       3.414110       3.373000       3.149780       3.164840       3.179960       3.191000       3.192310       3.184120       3.174660       3.172320       3.195700       3.236310       3.271030       3.303600       3.334490       3.365120       3.397140       3.443960       3.484230       3.529950       3.581800    
   4.128390       4.048920       4.007090       4.018180       3.899640       3.832950       3.596700       3.511110       3.437370       3.381720       3.327740       3.068960       3.066230       3.060610       3.047840       3.024890       2.991290       2.951510       2.951950       2.999560       3.057870       3.110260       3.151960       3.192340       3.230540       3.268920       3.320590       3.366380       3.418090       3.477090    
   4.052030       4.012630       4.018180       3.916920       3.832950       3.680300       3.611240       3.519050       3.436310       3.362120       3.029210       3.011040       2.991630       2.967810       2.936060       2.890210       2.833550       2.761540       2.747930       2.839990       2.903940       2.964730       3.016520       3.062190       3.104500       3.146050       3.189340       3.247670       3.301650       3.367800    
   4.015410       4.018180       3.922680       3.832950       3.708160       3.611240       3.565150       3.522200       3.326800       2.989730       2.963090       2.936530       2.908000       2.875160       2.842330       2.793720       2.723060       2.675130       2.674700       2.735150       2.805430       2.843920       2.894730       2.940100       2.982120       3.023090       3.065420       3.111540       3.174190       3.234680    
   4.018180       3.924600       3.832950       3.717450       3.611240       3.588190       3.566200       3.350970       2.989730       2.976410       2.906040       2.868250       2.843490       2.806390       2.729220       2.691560       2.656230       2.629110       2.630710       2.664320       2.713450       2.764910       2.813480       2.823190       2.860270       2.896480       2.933930       2.974920       3.021820       3.101020    
   3.925250       3.832950       3.720550       3.611240       3.599720       3.588540       3.373770       2.989730       2.983070       2.893040       2.820430       2.772600       2.745170       2.693120       2.661690       2.629320       2.604570       2.586600       2.586680       2.605860       2.637630       2.674310       2.710990       2.745580       2.743180       2.771430       2.800730       2.833210       2.871190       2.930350    
   3.832950       3.721580       3.611240       3.605480       3.599830       3.387940       2.989730       2.986400       2.886990       2.796510       2.772600       2.758880       2.711010       2.633160       2.604240       2.576370       2.552650       2.543980       2.541480       2.551160       2.569870       2.593180       2.617440       2.640550       2.661770       2.681500       2.667620       2.688740       2.727430       2.758690    
   3.721920       3.611240       3.608360       3.605520       3.395750       2.989730       2.988060       2.884060       2.784560       2.772600       2.765740       2.718910       2.633160       2.618700       2.604590       2.577750       2.557670       2.546040       2.516120       2.497980       2.506570       2.518440       2.530970       2.542300       2.551580       2.558900       2.564910       2.589290       2.597360       2.583350    
   3.611240       3.609800       3.608370       3.399840       2.989730       2.988900       2.882610       2.778580       2.772600       2.769170       2.722600       2.633160       2.625930       2.618820       2.600350       2.580000       2.560490       2.507560       2.471980       2.445980       2.446500       2.448760       2.450730       2.450370       2.447650       2.441970       2.445830       2.437930       2.432050       2.432310    
   3.610520       3.609800       3.401930       2.989730       2.989310       2.881880       2.775590       2.772600       2.770890       2.724380       2.633160       2.629550       2.625970       2.615030       2.599720       2.580280       2.510600       2.458980       2.445980       2.427150       2.388960       2.383360       2.376260       2.366170       2.350680       2.342970       2.321400       2.296920       2.272790       2.253680    
   3.610520       3.403000       2.989730       2.989520       2.881520       2.774090       2.772600       2.771740       2.725260       2.633160       2.631350       2.629560       2.623520       2.613570       2.598340       2.487600       2.452480       2.445980       2.364150       2.330610       2.327800       2.321790       2.311160       2.291620       2.271460       2.243050       2.207620       2.166640       2.123160       2.083090    
   3.403530       2.989730       2.989630       2.881340       2.773350       2.772600       2.772170       2.725690       2.633160       2.632260       2.631360       2.628140       2.622220       2.466400       2.361070       2.295510       2.294940       2.284510       2.269930       2.252860       2.272250       2.272640       2.246250       2.224440       2.194740       2.156230       2.108610       2.052490       1.989860       1.916320    
   2.989730       2.989680       2.881250       2.772970       2.772600       2.772390       2.725910       2.633160       2.632710       2.632260       2.630590       2.627240       2.354650       2.028830       2.030180       2.141220       2.139100       2.143900       2.198580       2.226310       2.233470       2.201990       2.192510       2.166220       2.130810       2.085050       2.028350       1.960670       1.874370       1.789510    
   2.989700       2.881210       2.772790       2.772600       2.772490       2.726010       2.633160       2.632930       2.632710       2.631850       2.349250       1.928090       1.994260       2.027630       2.027480       2.030180       2.100680       2.134290       2.143900       2.171250       2.173210       2.158880       2.138640       2.118880       2.080570       2.030800       1.969050       1.888350       1.804160       1.709970    
   2.881190       2.772690       2.772600       2.772550       2.726070       2.633160       2.633050       2.632930       2.632500       2.294000       1.928090       1.928090       1.928090       1.992500       2.025230       2.024790       2.030180       2.094330       2.124680       2.143900       2.134420       2.121310       2.102390       2.075060       2.043800       1.993170       1.925000       1.850980       1.769330       1.683710    
   2.772650       2.772600       2.772570       2.726090       2.633160       2.633100       2.633050       2.392740       2.167060       1.927940       1.928090       1.928090       1.928090       1.928090       1.989200       2.020720       2.019400       2.030180       2.078560       2.105470       2.098060       2.087950       2.072780       2.049310       2.013470       1.967390       1.904540       1.834220       1.760700       1.690260    
   2.772600       2.772590       2.726110       2.633160       2.633130       2.236370       1.641310       1.656890       1.672470       1.842490       1.927650       1.928090       1.928090       1.928090       1.928090       1.983190       2.012570       2.008620       2.030180       2.034690       2.038150       2.039350       2.044990       2.035600       2.001610       1.952340       1.895360       1.830020       1.765720       1.708690    
   2.772590       2.726110       2.633160       2.633150       2.156980       1.641210       1.641210       1.641310       1.656880       1.672470       1.841740       1.926780       1.928090       1.928090       1.928090       1.928090       1.972720       1.998900       1.987060       1.993760       2.022680       2.021940       2.020580       2.015420       1.995960       1.951560       1.895430       1.828780       1.774370       1.727940    
