iMOD/TUTORIALS/TUT_MetaswapAnalyser/model_MetaSWAP/meteo/Precipitation/Precipitation_20050530_L1.ASC
NCOLS                30
NROWS                30
XLLCORNER     160000.00
YLLCORNER     340000.00
CELLSIZE        1000.00
NODATA_VALUE   -9999.00
   5.767770       5.719860       5.662100       5.585690       5.468150       5.265580       4.971150       4.636960       4.316020       4.085520       3.959230       3.868870       3.794770       3.736430       3.686090       3.649880       3.638820       3.627580       3.638590       3.666690       3.711500       3.762530       3.837660       3.930490       4.032320       4.144790       4.263950       4.382490       4.486780       4.558620    
   5.694630       5.634500       5.552540       5.450610       5.307420       5.102340       4.835910       4.527660       4.199880       3.977520       3.917590       3.857040       3.798990       3.752420       3.711870       3.693290       3.681520       3.690960       3.709250       3.750550       3.808830       3.874010       3.962420       4.068570       4.184670       4.313490       4.453030       4.598750       4.733950       4.842920    
   5.609850       5.539060       5.449370       5.335790       5.175680       4.979290       4.741250       4.475760       4.213100       4.027720       3.934900       3.870340       3.815110       3.770690       3.735530       3.720160       3.715760       3.730990       3.766440       3.820930       3.885960       3.963890       4.067520       4.180920       4.308070       4.449070       4.598420       4.767650       4.952160       5.124300    
   5.524480       5.446400       5.349430       5.232680       5.081880       4.899930       4.691480       4.465500       4.257940       4.094380       3.984640       3.905170       3.841270       3.792800       3.754520       3.736240       3.735060       3.757630       3.803940       3.870800       3.954380       4.049830       4.149930       4.264570       4.397630       4.543550       4.702910       4.876220       5.066880       5.259600    
   5.443050       5.361370       5.268940       5.149080       5.006750       4.842760       4.662570       4.470980       4.299330       4.154170       4.032680       3.946180       3.874630       3.816710       3.772110       3.745030       3.740030       3.768130       3.825890       3.905580       4.005210       4.110960       4.215050       4.333210       4.465560       4.607060       4.756930       4.917330       5.067120       5.181760    
   5.368050       5.295050       5.197230       5.082790       4.951410       4.805010       4.642810       4.481810       4.317640       4.189570       4.081940       3.991970       3.914100       3.847180       3.786670       3.747630       3.736460       3.770810       3.844780       3.939510       4.048870       4.160380       4.266520       4.387220       4.512770       4.638450       4.769620       4.900880       5.007510       5.069520    
   5.382180       5.231720       5.137920       5.030850       4.902460       4.772620       4.636430       4.469630       4.343990       4.229830       4.128790       4.040080       3.961050       3.885750       3.812380       3.756040       3.721490       3.767530       3.867260       3.980210       4.092240       4.205020       4.318660       4.422040       4.536330       4.649580       4.764160       4.859750       4.929310       4.960960    
   5.330990       5.239200       5.077490       4.979100       4.871170       4.703040       4.592100       4.478170       4.369020       4.267320       4.174730       4.090990       4.014480       3.937950       3.859310       3.796860       3.734370       3.799400       3.917470       4.031360       4.141830       4.249560       4.355140       4.447370       4.547110       4.648780       4.734430       4.804930       4.850120       4.863010    
   5.271800       5.199360       5.111300       4.945350       4.780320       4.683450       4.587320       4.488190       4.393000       4.303390       4.220690       4.145070       4.075820       3.983660       3.933800       3.890250       3.871240       3.913990       4.002900       4.102070       4.200810       4.296740       4.389430       4.467010       4.556910       4.632850       4.698160       4.746090       4.774000       4.773590    
   5.231110       5.166880       5.085050       4.890830       4.753150       4.667910       4.583930       4.498580       4.416090       4.338310       4.266480       4.201210       4.142670       4.067000       4.024400       4.004140       4.004050       4.042680       4.108930       4.187470       4.268410       4.346530       4.422650       4.494830       4.555180       4.613010       4.658280       4.690670       4.703740       4.693420    
   5.229930       5.161010       5.001700       4.864040       4.785590       4.654940       4.582350       4.508680       4.437860       4.371500       4.310880       4.257000       4.174270       4.134380       4.102880       4.105820       4.126170       4.165240       4.218870       4.279390       4.341200       4.401750       4.459910       4.520590       4.569120       4.595330       4.626220       4.643790       4.644710       4.621610    
   5.226780       5.064170       4.864040       4.794390       4.770550       4.699030       4.630580       4.517680       4.457500       4.401850       4.328190       4.288920       4.218380       4.193030       4.188390       4.206740       4.238110       4.279170       4.323860       4.367380       4.408830       4.448980       4.492280       4.529330       4.562440       4.574560       4.591430       4.596890       4.588330       4.563700    
   5.110610       4.864040       4.794940       4.763960       4.757370       4.695750       4.633740       4.573650       4.472550       4.396910       4.360490       4.254600       4.249720       4.254590       4.262250       4.294040       4.337000       4.384210       4.422840       4.448090       4.472090       4.492390       4.513310       4.533830       4.552000       4.565490       4.555980       4.551570       4.535500       4.506110    
   4.864040       4.794250       4.760660       4.757370       4.714390       4.690040       4.576980       4.528730       4.484280       4.441220       4.409030       4.283650       4.288120       4.302770       4.329340       4.362390       4.418090       4.478230       4.514560       4.519210       4.517480       4.519160       4.533510       4.541620       4.548550       4.551850       4.534690       4.522670       4.500610       4.467040    
   4.793670       4.759020       4.757370       4.720600       4.690040       4.612630       4.570860       4.529120       4.491400       4.458940       4.355490       4.349740       4.352690       4.365930       4.391050       4.405950       4.468050       4.544300       4.586590       4.562930       4.546620       4.538090       4.534070       4.532120       4.529830       4.524850       4.514960       4.483750       4.457690       4.404550    
   4.758190       4.757370       4.722670       4.690040       4.624510       4.570860       4.549990       4.530460       4.463390       4.374080       4.365660       4.363980       4.370290       4.385770       4.409580       4.447420       4.481200       4.537360       4.564450       4.552600       4.533980       4.522240       4.510560       4.500590       4.490570       4.478660       4.463030       4.441980       4.401190       4.365350    
   4.757370       4.723360       4.690040       4.628470       4.570860       4.560420       4.550440       4.479480       4.374080       4.369870       4.359240       4.367550       4.369860       4.387140       4.398040       4.432820       4.462480       4.500040       4.520120       4.519570       4.508300       4.494270       4.480370       4.472530       4.459520       4.444710       4.426710       4.404100       4.375630       4.338500    
   4.723590       4.690040       4.629790       4.570860       4.565640       4.560570       4.491110       4.374080       4.371970       4.354870       4.346230       4.324910       4.338790       4.359830       4.383790       4.410860       4.429210       4.455850       4.471440       4.474480       4.468440       4.457740       4.445110       4.431550       4.422480       4.406810       4.388260       4.365730       4.338120       4.313090    
   4.690040       4.630230       4.570860       4.568250       4.565690       4.497850       4.374080       4.373030       4.352280       4.335570       4.324910       4.331850       4.340860       4.339910       4.358730       4.378780       4.397450       4.407860       4.419940       4.423660       4.420380       4.412430       4.401740       4.389340       4.375510       4.359930       4.347410       4.326290       4.308820       4.272060    
   4.630380       4.570860       4.569560       4.568270       4.501470       4.374080       4.373550       4.350910       4.330240       4.324910       4.328380       4.334380       4.339910       4.349320       4.359140       4.378320       4.394700       4.408420       4.386610       4.369300       4.367200       4.361080       4.352220       4.341470       4.329200       4.315310       4.289320       4.279520       4.258450       4.237240    
   4.570860       4.570210       4.569560       4.503340       4.374080       4.373820       4.350210       4.327580       4.324910       4.326640       4.331900       4.339910       4.344610       4.349460       4.362260       4.377390       4.393810       4.368570       4.340800       4.312300       4.310390       4.305300       4.297880       4.280330       4.269610       4.257770       4.252180       4.237640       4.219600       4.197090    
   4.570530       4.570210       4.504300       4.374080       4.373950       4.349850       4.326240       4.324910       4.325780       4.330840       4.339910       4.342260       4.344660       4.352110       4.363030       4.377820       4.355720       4.326550       4.312300       4.288910       4.244040       4.238950       4.232090       4.224120       4.218000       4.220140       4.209970       4.198220       4.183980       4.161440    
   4.570530       4.504780       4.374080       4.374010       4.349670       4.325580       4.324910       4.325340       4.330360       4.339910       4.341090       4.342280       4.346340       4.353270       4.364320       4.309620       4.319430       4.312300       4.224720       4.188530       4.189210       4.190850       4.191820       4.181620       4.169950       4.164580       4.157450       4.149760       4.140670       4.128600    
   4.505020       4.374080       4.374050       4.349580       4.325240       4.324910       4.325130       4.330130       4.339910       4.340500       4.341090       4.343240       4.347300       4.194360       4.130940       4.131820       4.132080       4.128730       4.123360       4.109130       4.133010       4.139200       4.119910       4.113460       4.107550       4.102470       4.098260       4.094660       4.091050       4.086630    
   4.374080       4.374060       4.349540       4.325080       4.324910       4.325020       4.330020       4.339910       4.340200       4.340500       4.341610       4.343870       4.061230       3.711590       3.713500       3.913140       3.943950       3.951870       4.031400       4.072430       4.085250       4.051350       4.051120       4.044040       4.038380       4.034500       4.032500       4.032240       4.033890       4.035700    
   4.374070       4.349520       4.324990       4.324910       4.324960       4.329960       4.339910       4.340060       4.340200       4.340770       4.013810       3.521540       3.646640       3.709650       3.709680       3.713500       3.863020       3.936040       3.951870       3.992160       3.999040       3.983860       3.969950       3.970070       3.963770       3.960220       3.959450       3.961580       3.965470       3.971050    
   4.349510       4.324950       4.324910       4.324940       4.329940       4.339910       4.339980       4.340060       4.340340       3.947570       3.521540       3.521540       3.521540       3.643770       3.705770       3.705860       3.713500       3.850650       3.920210       3.951870       3.932480       3.913790       3.896830       3.882810       3.883630       3.879530       3.879240       3.881670       3.885950       3.890830    
   4.324930       4.324910       4.324920       4.329920       4.339910       4.339950       4.339980       4.066860       3.804340       3.521390       3.521540       3.521540       3.521540       3.521540       3.638090       3.697940       3.698220       3.713500       3.817030       3.888550       3.864720       3.841610       3.820430       3.802790       3.790430       3.792810       3.792160       3.794340       3.797710       3.800330    
   4.324910       4.324920       4.329920       4.339910       4.339930       3.876950       3.182500       3.214770       3.247040       3.429650       3.521110       3.521540       3.521540       3.521540       3.521540       3.627010       3.682090       3.682950       3.713500       3.714200       3.711800       3.706750       3.697250       3.718670       3.702640       3.695220       3.700110       3.701940       3.704260       3.705250    
   4.324910       4.329910       4.339910       4.339920       3.784270       3.182390       3.182390       3.182500       3.214770       3.247040       3.428900       3.520240       3.521540       3.521540       3.521540       3.521540       3.606200       3.649820       3.652390       3.650600       3.638950       3.631760       3.621470       3.609970       3.603240       3.607350       3.615650       3.605400       3.608670       3.608860    
