iMOD/TUTORIALS/TUT_MetaswapAnalyser/model_MetaSWAP/meteo/Precipitation/Precipitation_20060805_L1.ASC
NCOLS                30
NROWS                30
XLLCORNER     160000.00
YLLCORNER     340000.00
CELLSIZE        1000.00
NODATA_VALUE   -9999.00
   0.000000       0.000000       0.000000       0.000000       0.000000       0.000000       0.000000      0.1221100      0.2213100      0.3097500      0.3541900      0.3842100      0.4131200      0.4471000      0.4698300      0.4758000      0.4792600      0.4603500      0.4314500      0.3922200      0.3455000      0.3026500      0.2569700      0.2392700      0.2104400      0.1888100      0.1689200      0.1494700      0.1320300      0.1025200    
   0.000000       0.000000       0.000000       0.000000       0.000000       0.000000       0.000000      0.1601800      0.2921100      0.4090000      0.4366000      0.4688400      0.5081300      0.5405200      0.5614400      0.5750100      0.5679100      0.5498100      0.5082800      0.4578100      0.3992600      0.3449000      0.2909100      0.2664700      0.2321300      0.2061100      0.1830100      0.1596700      0.1394300      0.1089100    
   0.000000       0.000000       0.000000       0.000000       0.000000       0.000000      0.1082400      0.1915000      0.3099000      0.4214200      0.4903900      0.5434300      0.5871700      0.6260600      0.6532300      0.6675800      0.6575200      0.6267900      0.5774400      0.5142700      0.4394600      0.3746800      0.3332400      0.2843600      0.2461900      0.2171400      0.1940800      0.1675500      0.1298200      0.1109800    
   0.000000       0.000000       0.000000       0.000000       0.000000       0.000000      0.1376300      0.2172600      0.3207000      0.4322000      0.5214000      0.5871600      0.6476200      0.6960800      0.7274900      0.7456200      0.7343800      0.6959000      0.6337200      0.5559900      0.4712300      0.4067200      0.3471200      0.2996300      0.2584500      0.2262800      0.1968600      0.1687200      0.1332100      0.1135800    
   0.000000       0.000000       0.000000       0.000000       0.000000      0.1135300      0.1687600      0.2432500      0.3417600      0.4445300      0.5374600      0.6159900      0.6811900      0.7414400      0.7820400      0.8089200      0.8038000      0.7574700      0.6797000      0.5853000      0.5074500      0.4222100      0.3588100      0.3003300      0.2580400      0.2249900      0.1950000      0.1554000      0.1336900      0.1157600    
   0.000000       0.000000       0.000000       0.000000      0.1071400      0.1444600      0.2010000      0.2658100      0.3558100      0.4439800      0.5344100      0.6180300      0.6882400      0.7554900      0.8159200      0.8540400      0.8551100      0.7988200      0.6993000      0.5863100      0.4972500      0.4106000      0.3473600      0.2938800      0.2526700      0.2175200      0.1887300      0.1514900      0.1309500      0.1144800    
   0.000000       0.000000       0.000000      0.1069900      0.1333700      0.1714400      0.2235700      0.2816400      0.3520300      0.4336900      0.5158800      0.5950800      0.6697900      0.7372700      0.8042200      0.8618800      0.8899000      0.8160000      0.6846000      0.5699400      0.4640400      0.3815200      0.3179200      0.2732400      0.2366800      0.2071000      0.1675700      0.1448700      0.1249100      0.1100300    
  0.1030000      0.1083300      0.1110500      0.1277400      0.1539500      0.1926100      0.2282300      0.2783800      0.3429500      0.4122200      0.4826700      0.5516800      0.6178700      0.6830400      0.7433200      0.8024500      0.8588100      0.7613600      0.6233600      0.5022000      0.4079600      0.3365600      0.2822100      0.2450500      0.2149500      0.1767300      0.1538400      0.1338900      0.1184300      0.1049700    
  0.1190200      0.1233300      0.1337900      0.1438300      0.1712600      0.2040200      0.2316600      0.2717300      0.3245500      0.3805200      0.4370100      0.4917600      0.5431700      0.5974200      0.6327500      0.6628900      0.6636800      0.6019400      0.4997800      0.4077300      0.3354800      0.2805700      0.2392900      0.2121100      0.1778600      0.1563700      0.1375000      0.1223100      0.1080100       0.000000    
  0.1313800      0.1362800      0.1471000      0.1663600      0.1802500      0.2081800      0.2197900      0.2574400      0.2984900      0.3408900      0.3824200      0.4209400      0.4545000      0.4868100      0.5032200      0.5005800      0.4800000      0.4285700      0.3642700      0.3055700      0.2590200      0.2205500      0.1940500      0.1750800      0.1505500      0.1345800      0.1216500      0.1085500       0.000000       0.000000    
  0.1326100      0.1382530      0.1559130      0.1739100      0.1930400      0.1928600      0.2090200      0.2373600      0.2671200      0.2965100      0.3235400      0.3461400      0.3696500      0.3697600      0.3728300      0.3537700      0.3193600      0.2792100      0.2394100      0.2061200      0.1811900      0.1630700      0.1506200      0.1308500      0.1211600      0.1126200      0.1026500       0.000000       0.000000       0.000000    
  0.1338770      0.1501710      0.1739100      0.1821000      0.1915000      0.1929500      0.2004500      0.2135800      0.2331000      0.2508600      0.2565500      0.2666200      0.2755500      0.2781100      0.2584400      0.2290600      0.1959400      0.1641600      0.1408100      0.1265200      0.1190900      0.1156700      0.1071900      0.1029200       0.000000       0.000000       0.000000       0.000000       0.000000       0.000000    
  0.1473790      0.1739100      0.1766710      0.1807250      0.1699500      0.1703200      0.1824400      0.1943400      0.1938400      0.1980900      0.2031200      0.2267900      0.2145000      0.1945800      0.1682000      0.1376400      0.1071800       0.000000       0.000000       0.000000       0.000000       0.000000       0.000000       0.000000       0.000000       0.000000       0.000000       0.000000       0.000000       0.000000    
  0.1739100      0.1739670      0.1753370      0.1699500      0.1656500      0.1566800      0.1518900      0.1578700      0.1620900      0.1848600      0.1792100      0.1728100      0.1552400      0.1330800      0.1073100       0.000000       0.000000       0.000000       0.000000       0.000000       0.000000       0.000000       0.000000       0.000000       0.000000       0.000000       0.000000       0.000000       0.000000       0.000000    
  0.1726180      0.1726440      0.1699500      0.1640930      0.1566800      0.1630200      0.1804900      0.1785600      0.1738900      0.1658100      0.1680600      0.1501000      0.1287600      0.1046800       0.000000       0.000000       0.000000       0.000000       0.000000       0.000000       0.000000       0.000000       0.000000       0.000000       0.000000       0.000000       0.000000       0.000000       0.000000       0.000000    
  0.1712970      0.1699500      0.1635740      0.1566800      0.1667300      0.1804900      0.1795250      0.1776470      0.1682350      0.1546800      0.1401400      0.1230600      0.1038700       0.000000       0.000000       0.000000       0.000000       0.000000       0.000000       0.000000       0.000000       0.000000       0.000000       0.000000       0.000000       0.000000       0.000000       0.000000       0.000000       0.000000    
  0.1699500      0.1634010      0.1566800      0.1679670      0.1804900      0.1800080      0.1792210      0.1700220      0.1546800      0.1474100      0.1051880      0.1080600       0.000000       0.000000       0.000000       0.000000       0.000000       0.000000       0.000000       0.000000       0.000000       0.000000       0.000000       0.000000       0.000000       0.000000       0.000000       0.000000       0.000000       0.000000    
  0.1633440      0.1566800      0.1683790      0.1804900      0.1802490      0.1799060      0.1709820      0.1546800      0.1510450      0.9226160E-01  0.5403000E-01   0.000000       0.000000       0.000000       0.000000       0.000000       0.000000       0.000000       0.000000       0.000000       0.000000       0.000000       0.000000       0.000000       0.000000       0.000000       0.000000       0.000000       0.000000       0.000000    
  0.1566800      0.1685160      0.1804900      0.1803690      0.1802150      0.1714540      0.1546800      0.1528620      0.8500030E-01  0.2701500E-01   0.000000       0.000000       0.000000       0.000000       0.000000       0.000000       0.000000       0.000000       0.000000       0.000000       0.000000       0.000000       0.000000       0.000000       0.000000       0.000000       0.000000       0.000000       0.000000       0.000000    
  0.1685620      0.1804900      0.1804300      0.1803580      0.1716800      0.1546800      0.1537710      0.8121010E-01  0.1350750E-01   0.000000       0.000000       0.000000       0.000000       0.000000       0.000000       0.000000       0.000000       0.000000       0.000000       0.000000       0.000000       0.000000       0.000000       0.000000       0.000000       0.000000       0.000000       0.000000       0.000000       0.000000    
  0.1804900      0.1804600      0.1804260      0.1717870      0.1546800      0.1542260      0.7928300E-01  0.6753750E-02   0.000000       0.000000       0.000000       0.000000       0.000000       0.000000       0.000000       0.000000       0.000000       0.000000       0.000000       0.000000       0.000000       0.000000       0.000000       0.000000       0.000000       0.000000       0.000000       0.000000       0.000000       0.000000    
  0.1804750      0.1804590      0.1718380      0.1546800      0.1544530      0.7831310E-01  0.3376880E-02   0.000000       0.000000       0.000000       0.000000       0.000000       0.000000       0.000000       0.000000       0.000000       0.000000       0.000000       0.000000       0.000000       0.000000       0.000000       0.000000       0.000000       0.000000       0.000000       0.000000       0.000000       0.000000       0.000000    
  0.1804750      0.1718630      0.1546800      0.1545660      0.7782690E-01  0.1688440E-02   0.000000       0.000000       0.000000       0.000000       0.000000       0.000000       0.000000       0.000000       0.000000       0.000000       0.000000       0.000000       0.000000       0.000000       0.000000       0.000000       0.000000       0.000000       0.000000       0.000000       0.000000       0.000000       0.000000       0.000000    
  0.1718750      0.1546800      0.1546230      0.7758350E-01  0.8442190E-03   0.000000       0.000000       0.000000       0.000000       0.000000       0.000000       0.000000       0.000000      0.3050500E-01  0.2898640E-01  0.4535000E-02   0.000000       0.000000       0.000000       0.000000       0.000000       0.000000       0.000000       0.000000       0.000000       0.000000       0.000000       0.000000       0.000000       0.000000    
  0.1546800      0.1546520      0.7746180E-01  0.4221090E-03   0.000000       0.000000       0.000000       0.000000       0.000000       0.000000       0.000000       0.000000      0.5490770E-01  0.1220330      0.1220200      0.4736340E-01  0.1360500E-01   0.000000       0.000000       0.000000       0.000000       0.000000       0.000000       0.000000       0.000000       0.000000       0.000000       0.000000       0.000000       0.000000    
  0.1546660      0.7740090E-01  0.2110550E-03   0.000000       0.000000       0.000000       0.000000       0.000000       0.000000       0.000000      0.4067200E-01  0.1016800      0.1152190      0.1220010      0.1220460      0.1220200      0.5382860E-01  0.2721000E-01   0.000000       0.000000       0.000000       0.000000       0.000000       0.000000       0.000000       0.000000       0.000000       0.000000       0.000000       0.000000    
  0.7737040E-01  0.1055270E-03   0.000000       0.000000       0.000000       0.000000       0.000000       0.000000       0.000000      0.4880640E-01  0.1016800      0.1016800      0.1016800      0.1151610      0.1219370      0.1220710      0.1220200      0.6608440E-01  0.5442000E-01   0.000000       0.000000       0.000000       0.000000       0.000000       0.000000       0.000000       0.000000       0.000000       0.000000       0.000000    
  0.5276370E-04   0.000000       0.000000       0.000000       0.000000       0.000000       0.000000       0.000000      0.3633580E-01  0.1016100      0.1016800      0.1016800      0.1016800      0.1016800      0.1149830      0.1217200      0.1221220      0.1220200      0.8789750E-01  0.1088400      0.1076700      0.1058600      0.1031100       0.000000       0.000000       0.000000       0.000000       0.000000       0.000000       0.000000    
   0.000000       0.000000       0.000000       0.000000       0.000000       0.000000       0.000000       0.000000       0.000000      0.6759810E-01  0.1014710      0.1016800      0.1016800      0.1016800      0.1016800      0.1144590      0.1210180      0.1222250      0.1220200      0.1207300      0.1188600      0.1162600      0.1088300       0.000000       0.000000       0.000000       0.000000       0.000000       0.000000       0.000000    
   0.000000       0.000000       0.000000       0.000000       0.000000       0.000000       0.000000       0.000000       0.000000       0.000000      0.6724180E-01  0.1010520      0.1016800      0.1016800      0.1016800      0.1016800      0.1130160      0.1188100      0.1224300      0.1212500      0.1143600      0.1127000      0.1101600      0.1063800       0.000000       0.000000       0.000000       0.000000       0.000000       0.000000    
