iMOD/TUTORIALS/TUT_MetaswapAnalyser/model_MetaSWAP/meteo/Precipitation/Precipitation_20061020_L1.ASC
NCOLS                30
NROWS                30
XLLCORNER     160000.00
YLLCORNER     340000.00
CELLSIZE        1000.00
NODATA_VALUE   -9999.00
   0.000000       0.000000       0.000000       0.000000       0.000000       0.000000       0.000000       0.000000       0.000000       0.000000      0.1670500      0.2452700      0.3358900      0.4367700      0.5478600      0.6703300      0.8008200      0.9243400       1.056330       1.190030       1.324890       1.459200       1.595880       1.741910       1.880660       2.020670       2.161470       2.301780       2.438730       2.574630    
  0.1861600       0.000000       0.000000       0.000000       0.000000       0.000000       0.000000       0.000000       0.000000       0.000000      0.2078600      0.2988200      0.4017500      0.5166700      0.6400400      0.7746600      0.9109400       1.035620       1.165360       1.301880       1.438490       1.574370       1.712340       1.859510       2.000920       2.144880       2.291420       2.439820       2.609770       2.752420    
  0.2191400      0.1872400       0.000000       0.000000       0.000000       0.000000       0.000000       0.000000       0.000000      0.1983500      0.2763100      0.3738600      0.4872800      0.6111300      0.7400300      0.8810500       1.023960       1.167400       1.309470       1.449590       1.577880       1.713530       1.858780       1.997410       2.138460       2.282640       2.454120       2.602290       2.760960       2.906550    
  0.2593400      0.2311100      0.2075300      0.1869200      0.1772800      0.1758300      0.1834400      0.2017000      0.2341200      0.2877900      0.3679000      0.4695200      0.5900600      0.7210200      0.8632200       1.013730       1.165030       1.313690       1.457410       1.596480       1.732530       1.864990       1.997680       2.157330       2.294600       2.434270       2.576840       2.722670       2.878800       3.026140    
  0.3060400      0.2820700      0.2592500      0.2469100      0.2418800      0.2455100      0.2593400      0.2849800      0.3272100      0.3896700      0.4826100      0.5892200      0.7139000      0.8545300       1.001840       1.162430       1.332350       1.486460       1.630320       1.766410       1.910060       2.040630       2.165560       2.284400       2.415980       2.549710       2.685660       2.833140       2.967350       3.093620    
  0.3584200      0.3358300      0.3221600      0.3148400      0.3152300      0.3248700      0.3450200      0.3789000      0.4395200      0.5132100      0.6027500      0.7133900      0.8434900      0.9928500       1.155890       1.330290       1.502500       1.657100       1.792680       1.918490       2.051540       2.173780       2.291170       2.413780       2.537540       2.653710       2.780280       2.916230       3.036200       3.145880    
  0.4141800      0.3999000      0.3912900      0.3894000      0.3947000      0.4108300      0.4386200      0.4960900      0.5597000      0.6346200      0.7294600      0.8448200      0.9804300       1.134880       1.306910       1.496120       1.686960       1.836220       1.953450       2.073430       2.186230       2.299420       2.413380       2.522710       2.637810       2.753370       2.880600       2.991790       3.093030       3.190610    
  0.5076800      0.4675000      0.4640700      0.4679300      0.4802700      0.5257300      0.5607900      0.6168800      0.6796000      0.7599600      0.8593000      0.9783500       1.117240       1.275470       1.449630       1.646550       1.858710       1.994110       2.099680       2.203680       2.308400       2.413820       2.519880       2.620870       2.727100       2.846280       2.949870       3.050410       3.141730       3.230780    
  0.5780600      0.5400400      0.5420800      0.5512700      0.6014600      0.6283800      0.6698800      0.7341000      0.8020400      0.8867500      0.9893500       1.110450       1.250080       1.401440       1.576760       1.763600       1.945870       2.091610       2.208070       2.313090       2.414600       2.514710       2.614160       2.707400       2.818490       2.914650       3.008670       3.094490       3.181550       3.262120    
  0.6522400      0.6152900      0.6224600      0.6797100      0.7015800      0.7339600      0.7953900      0.8529200      0.9250500       1.012940       1.117400       1.238770       1.376670       1.521920       1.689190       1.861310       2.023140       2.169770       2.293240       2.401740       2.502140       2.601910       2.695950       2.788120       2.884820       2.972450       3.052300       3.134800       3.213090       3.286060    
  0.6409270      0.6299970      0.6735850      0.7768800      0.8040700      0.8697000      0.9102300      0.9718100       1.047120       1.137030       1.242050       1.362150       1.484930       1.557420       1.721660       1.905270       2.083080       2.246750       2.391940       2.520300       2.635700       2.741620       2.840440       2.945550       3.028110       3.108690       3.186210       3.258350       3.324720       3.302260    
  0.6425620      0.6803470      0.7768800      0.8839300      0.9072800      0.9820500       1.025120       1.089600       1.167160       1.258080       1.234650       1.364920       1.483010       1.627080       1.801260       1.979100       2.153040       2.315200       2.461640       2.591110       2.706080       2.809860       2.911270       2.999710       3.081800       3.149400       3.219090       3.283250       3.341840       3.394820    
  0.6884230      0.7768800      0.9214210      0.9773850       1.047490       1.082470       1.138550       1.205790       1.107450       1.208530       1.324060       1.389760       1.541270       1.703750       1.873480       2.047300       2.218850       2.381400       2.527300       2.654110       2.772290       2.873810       2.965610       3.049190       3.125450       3.194980       3.248620       3.305180       3.356230       3.402100    
  0.7768800      0.9395570       1.012440       1.047490       1.107130       1.191440       1.021120       1.098680       1.188470       1.299700       1.414290       1.463940       1.613280       1.772530       1.939100       2.108850       2.276380       2.442100       2.589470       2.715500       2.824720       2.922450       2.953040       3.021150       3.083090       3.139640       3.185050       3.232650       3.277220       3.319480    
  0.9484730       1.029960       1.047490       1.115350       1.191440       1.097080       1.078690       1.158700       1.250340       1.353960       1.379030       1.516710       1.665320       1.823210       1.988100       2.157210       2.327400       2.490620       2.639540       2.735570       2.822490       2.901510       2.972380       3.035730       3.092280       3.142830       3.188280       3.223090       3.261290       3.295140    
   1.038730       1.047490       1.118090       1.191440       1.122400       1.078690       1.118700       1.162580       1.269230       1.313910       1.439010       1.575140       1.721300       1.875960       2.006170       2.173180       2.326540       2.495100       2.638130       2.746080       2.836430       2.914510       2.983460       3.043500       3.095420       3.140220       3.179060       3.213350       3.238370       3.268410    
   1.047490       1.119010       1.191440       1.130840       1.078690       1.098690       1.119990       1.216100       1.313910       1.376460       1.511550       1.625990       1.730310       1.879870       2.007360       2.171660       2.333130       2.489090       2.627030       2.742070       2.838220       2.919860       2.989230       3.046350       3.094560       3.134020       3.166240       3.193070       3.216640       3.224640    
   1.119310       1.191440       1.133660       1.078690       1.088690       1.099120       1.187170       1.313910       1.345190       1.484090       1.614840       1.603690       1.744040       1.868910       2.023360       2.180780       2.333060       2.481350       2.616140       2.733730       2.834080       2.918720       2.989050       3.046150       3.089840       3.123870       3.148960       3.167490       3.182280       3.188150    
   1.191440       1.134600       1.078690       1.083690       1.088830       1.172220       1.313910       1.329550       1.471230       1.609270       1.603690       1.673870       1.774980       1.883260       2.032470       2.184200       2.334710       2.473330       2.606340       2.725330       2.828660       2.916010       2.987540       3.043700       3.085270       3.113600       3.129570       3.138540       3.135090       3.131470    
   1.134910       1.078690       1.081190       1.083740       1.164660       1.313910       1.321730       1.464970       1.606480       1.603690       1.638780       1.733950       1.883260       1.957860       2.033310       2.183790       2.330750       2.471460       2.647500       2.718500       2.824740       2.914890       2.987960       3.043490       3.081730       3.103820       3.103090       3.088350       3.141900       3.129150    
   1.078690       1.079940       1.081210       1.160880       1.313910       1.317820       1.461880       1.605080       1.603690       1.621230       1.714920       1.883260       1.920560       1.958150       2.058320       2.182620       2.328670       2.575980       2.716240       2.713980       2.823960       2.917750       2.993190       3.038610       3.074440       3.090510       3.147670       3.129160       3.100480       3.068170    
   1.079320       1.079950       1.158980       1.313910       1.315860       1.460340       1.604390       1.603690       1.612460       1.705780       1.883260       1.901910       1.920660       1.979010       2.066360       2.189870       2.503270       2.715110       2.713980       2.783910       2.813790       2.914180       2.994690       3.052650       3.156470       3.165000       3.148790       3.113290       3.064340       3.008110    
   1.079320       1.158040       1.313910       1.314890       1.459570       1.604040       1.603690       1.608080       1.701300       1.883260       1.892590       1.901940       1.933860       1.988680       2.078410       2.447300       2.714540       2.713980       2.805610       2.827790       2.906500       2.925780       3.097760       3.158740       3.186770       3.185570       3.156610       3.102930       3.031060       2.951170    
   1.157570       1.313910       1.314400       1.459180       1.603860       1.603690       1.605880       1.699080       1.883260       1.887920       1.892600       1.909460       1.941490       2.141430       2.425950       2.761410       2.762450       2.821110       2.883280       2.896760       2.841790       3.036950       3.137820       3.200560       3.230270       3.224370       3.183390       3.110920       3.013520       2.870500    
   1.313910       1.314150       1.458990       1.603780       1.603690       1.604790       1.697980       1.883260       1.885590       1.887930       1.896660       1.914520       2.222630       2.561730       2.564780       2.715150       2.807220       2.810930       2.891770       2.925270       2.951740       3.094380       3.185730       3.259100       3.293480       3.284800       3.233370       3.143380       2.993210       2.853660    
   1.314030       1.458900       1.603730       1.603690       1.604240       1.697430       1.883260       1.884430       1.885590       1.890060       2.005740       2.164810       2.427210       2.559040       2.558690       2.564780       2.726150       2.803510       2.810930       2.934110       2.982280       3.130660       3.256750       3.334590       3.378730       3.370370       3.310590       3.181130       3.043750       2.882390    
   1.458850       1.603710       1.603690       1.603960       1.697150       1.883260       1.883840       1.884430       1.886690       2.022200       2.164810       2.164810       2.164810       2.423270       2.553650       2.552590       2.564780       2.725370       2.796080       2.810930       2.991480       3.166470       3.321680       3.438550       3.488010       3.482680       3.395960       3.277830       3.129320       2.964410    
   1.603700       1.603690       1.603830       1.697020       1.883260       1.883550       1.883840       1.739520       1.856150       2.164300       2.164810       2.164810       2.164810       2.164810       2.415920       2.543570       2.540400       2.564780       2.729690       2.781240       2.985800       3.194010       3.389420       3.545480       3.628820       3.610050       3.524960       3.392600       3.236210       3.074520    
   1.603690       1.603760       1.696950       1.883260       1.883410       1.657610       1.318740       1.310920       1.303120       1.876180       2.163270       2.164810       2.164810       2.164810       2.164810       2.402720       2.525520       2.516030       2.564780       2.761810       2.982150       3.220510       3.494700       3.679020       3.788190       3.772010       3.658890       3.506800       3.342380       3.183140    
   1.603720       1.696910       1.883260       1.883330       1.612280       1.318650       1.318640       1.318740       1.310910       1.303120       1.873540       2.160190       2.164810       2.164810       2.164810       2.164810       2.380140       2.495750       2.467280       2.670970       2.984710       3.234580       3.514650       3.796630       3.971950       3.920330       3.761260       3.594530       3.424750       3.270100    
