iMOD/TUTORIALS/TUT_MetaswapAnalyser/model_MetaSWAP/meteo/Precipitation/Precipitation_20050501_L1.ASC
NCOLS                30
NROWS                30
XLLCORNER     160000.00
YLLCORNER     340000.00
CELLSIZE        1000.00
NODATA_VALUE   -9999.00
  0.1675700      0.1705900      0.1700200      0.1640800      0.1491100      0.1200200       0.000000       0.000000       0.000000       0.000000       0.000000       0.000000       0.000000       0.000000      0.1282300      0.1604900      0.1871400      0.2102700      0.2352400      0.2572400      0.2758800      0.2924400      0.3044200      0.3079800      0.3147100      0.3192800      0.3221300      0.3235800      0.3236300      0.3228400    
  0.1693900      0.1685700      0.1604700      0.1496600      0.1304400       0.000000       0.000000       0.000000       0.000000       0.000000       0.000000       0.000000       0.000000      0.1084900      0.1423700      0.1739000      0.2070900      0.2345300      0.2560300      0.2788800      0.2978500      0.3143600      0.3261600      0.3296300      0.3363900      0.3413700      0.3451900      0.3483600      0.3602900      0.3608100    
  0.1684400      0.1654900      0.1578100      0.1443600      0.1231600       0.000000       0.000000       0.000000       0.000000       0.000000       0.000000       0.000000       0.000000      0.1248400      0.1608400      0.1953200      0.2306900      0.2633100      0.2920600      0.3163100      0.3282000      0.3437600      0.3485400      0.3563100      0.3617100      0.3655600      0.3789400      0.3804500      0.3838700      0.3857300    
  0.1701800      0.1661700      0.1578500      0.1446900      0.1264400       0.000000       0.000000       0.000000       0.000000       0.000000       0.000000       0.000000      0.1154300      0.1507600      0.1902700      0.2280700      0.2656000      0.2994800      0.3283400      0.3516500      0.3694700      0.3685300      0.3780700      0.3943900      0.3963900      0.3965500      0.3958200      0.3951400      0.3966800      0.3980200    
  0.1749000      0.1707600      0.1630500      0.1513500      0.1360700      0.1183400       0.000000       0.000000       0.000000       0.000000       0.000000      0.1198900      0.1534800      0.1913000      0.2296500      0.2706000      0.3164000      0.3519100      0.3808800      0.4029400      0.4128900      0.4223900      0.4260600      0.4187800      0.4164700      0.4123500      0.4073100      0.4038700      0.3984500      0.3925500    
  0.1825500      0.1790800      0.1725800      0.1631800      0.1513400      0.1381800      0.1260100      0.1184800      0.1161400      0.1231300      0.1381400      0.1632400      0.1978300      0.2375600      0.2827200      0.3270100      0.3685200      0.4030300      0.4287700      0.4464000      0.4517500      0.4557400      0.4537400      0.4484300      0.4400400      0.4241000      0.4132800      0.4037700      0.3919400      0.3795400    
  0.1943400      0.1905500      0.1858800      0.1791600      0.1718600      0.1630400      0.1553400      0.1553700      0.1600000      0.1689500      0.1867600      0.2137200      0.2490600      0.2911300      0.3401600      0.3867200      0.4305200      0.4625100      0.4823800      0.4896500      0.4930000      0.4900900      0.4819400      0.4687700      0.4535100      0.4363000      0.4202200      0.4011500      0.3796700      0.3615300    
  0.2057100      0.2080500      0.2036100      0.1996200      0.1949200      0.1788400      0.1920600      0.1978300      0.2042800      0.2175600      0.2388200      0.2684000      0.3058200      0.3491000      0.4025800      0.4509500      0.4980900      0.5255200      0.5361600      0.5396500      0.5354500      0.5245500      0.5082800      0.4870600      0.4640000      0.4418100      0.4161300      0.3904700      0.3633900      0.3404200    
  0.2226900      0.2249600      0.2245100      0.2216000      0.2040100      0.2049300      0.2264800      0.2384800      0.2498200      0.2675000      0.2924900      0.3251300      0.3650000      0.4184000      0.4672400      0.5148400      0.5566300      0.5828900      0.5925800      0.5901000      0.5780200      0.5583100      0.5329600      0.5028300      0.4739500      0.4411600      0.4082600      0.3734700      0.3433000      0.3150500    
  0.2395500      0.2438300      0.2457600      0.2256300      0.2270400      0.2318200      0.2684200      0.2794700      0.2954000      0.3173200      0.3460500      0.3818800      0.4243800      0.4826200      0.5300900      0.5783600      0.6191500      0.6422100      0.6485900      0.6398200      0.6189300      0.5906300      0.5553300      0.5166400      0.4778200      0.4370800      0.3942600      0.3563100      0.3204600      0.2872800    
  0.2399600      0.2430470      0.2403480      0.2461700      0.2526300      0.2831300      0.3044600      0.3197600      0.3398400      0.3656600      0.3978900      0.4367900      0.4979100      0.5373800      0.5935500      0.6403600      0.6812400      0.7050600      0.7097100      0.6953200      0.6656900      0.6258100      0.5800300      0.5338200      0.4808200      0.4335700      0.3868200      0.3423900      0.3007900      0.2582800    
  0.2397480      0.2423810      0.2461700      0.2761300      0.2760600      0.3155600      0.3418900      0.3583700      0.3820400      0.4112100      0.4356100      0.4782700      0.5432100      0.6042000      0.6534000      0.7027700      0.7436100      0.7708900      0.7715700      0.7476600      0.7055100      0.6529400      0.5946500      0.5361200      0.4784800      0.4221700      0.3694000      0.3199400      0.2741600      0.2324200    
  0.2411250      0.2461700      0.2887050      0.3028600      0.3296600      0.3570100      0.3751900      0.3971500      0.4084200      0.4384600      0.4771300      0.5613500      0.6059400      0.6558300      0.7071100      0.7609400      0.8082700      0.8372400      0.8372200      0.7989800      0.7406100      0.6736700      0.6048000      0.5370400      0.4719000      0.4102200      0.3517400      0.2982800      0.2493100      0.2050200    
  0.2461700      0.2951990      0.3162600      0.3296600      0.3573370      0.3853400      0.3861400      0.4111600      0.4406500      0.4699300      0.5104400      0.6022100      0.6473700      0.6979700      0.7529900      0.8084500      0.8635600      0.9083000      0.9028400      0.8449000      0.7663000      0.6856400      0.6132300      0.5386400      0.4679300      0.4015700      0.3390300      0.2823000      0.2306700      0.1842700    
  0.2984970      0.3229600      0.3296600      0.3574460      0.3853400      0.3874830      0.3909700      0.4183600      0.4500800      0.4866200      0.5886700      0.6282900      0.6733600      0.7235600      0.7783000      0.8329300      0.8952900      0.9604600      0.9615800      0.8643800      0.7786400      0.6912600      0.6078000      0.5286600      0.4542500      0.3849200      0.3209600      0.2618700      0.2094300      0.1638700    
  0.3263100      0.3296600      0.3574820      0.3853400      0.3879310      0.3909700      0.4046650      0.4198030      0.4837830      0.5800700      0.6132500      0.6511200      0.6935000      0.7398900      0.7952000      0.8459900      0.8906200      0.9283000      0.9154300      0.8429300      0.7550700      0.6775200      0.5935900      0.5133900      0.4377400      0.3672900      0.3025600      0.2439400      0.1910400      0.1455000    
  0.3296600      0.3574940      0.3853400      0.3880800      0.3909700      0.3978170      0.4051460      0.4720800      0.5800700      0.5966600      0.6373500      0.6649700      0.7105800      0.7513000      0.7920300      0.8317400      0.8567800      0.8707200      0.8510400      0.7962000      0.7217100      0.6403900      0.5585500      0.4915200      0.4166700      0.3467300      0.2826000      0.2249500      0.1742600      0.1324800    
  0.3574980      0.3853400      0.3881300      0.3909700      0.3943940      0.3979780      0.4637780      0.5800700      0.5883650      0.6325150      0.6711550      0.6773400      0.7111400      0.7456500      0.7784800      0.8066900      0.8146900      0.8153200      0.7921800      0.7451100      0.6809200      0.6076900      0.5313400      0.4556500      0.3939900      0.3257100      0.2631100      0.2071800      0.1586300      0.1197500    
  0.3853400      0.3881470      0.3909700      0.3926820      0.3944470      0.4590550      0.5800700      0.5842180      0.6305080      0.6742480      0.6773400      0.6942400      0.7169550      0.7336900      0.7581900      0.7767000      0.7853000      0.7649000      0.7397100      0.6966900      0.6394700      0.5731400      0.5023900      0.4308900      0.3613900      0.2960000      0.2443800      0.1905100      0.1464100      0.1086600    
  0.3881520      0.3909700      0.3918260      0.3927000      0.4565640      0.5800700      0.5821440      0.6295860      0.6757940      0.6773400      0.6857900      0.7055560      0.7336900      0.7459400      0.7561930      0.7733970      0.7756330      0.7633030      0.6936440      0.6528700      0.6005700      0.5397600      0.4740400      0.4066500      0.3403500      0.2774600      0.2188700      0.1713400      0.1275800       0.000000    
  0.3909700      0.3913980      0.3918320      0.4552900      0.5800700      0.5811070      0.6291410      0.6765670      0.6773400      0.6815650      0.7005940      0.7336900      0.7398150      0.7452740      0.7585100      0.7684080      0.7707780      0.6960180      0.6334600      0.6140500      0.5655200      0.5092000      0.4478200      0.3825300      0.3195100      0.2591900      0.2056100      0.1564600      0.1152100       0.000000    
  0.3911840      0.3914000      0.4546470      0.5800700      0.5805880      0.6289220      0.6769530      0.6773400      0.6794520      0.6982970      0.7336900      0.7367530      0.7395930      0.7478660      0.7573970      0.7658990      0.6946020      0.6237550      0.6140500      0.5705070      0.5319500      0.4798900      0.4227000      0.3627300      0.3013700      0.2465600      0.1922200      0.1440100       0.000000       0.000000    
  0.3911850      0.4543250      0.5800700      0.5803290      0.6288140      0.6771470      0.6773400      0.6783960      0.6971950      0.7336900      0.7352210      0.7366790      0.7414040      0.7482860      0.7570540      0.6763160      0.6189020      0.6140500      0.5491340      0.5172200      0.4821440      0.4548900      0.4053700      0.3475500      0.2902000      0.2333900      0.1801000      0.1324700       0.000000       0.000000    
  0.4541640      0.5800700      0.5802000      0.6287590      0.6772430      0.6773400      0.6778680      0.6966550      0.7336900      0.7344560      0.7351970      0.7377680      0.7421230      0.6748530      0.6106640      0.5456370      0.5447800      0.5235900      0.4986730      0.4947600      0.5024900      0.4415000      0.3882400      0.3344700      0.2787700      0.2234100      0.1708100      0.1232800       0.000000       0.000000    
  0.5800700      0.5801350      0.6287320      0.6772920      0.6773400      0.6776040      0.6963880      0.7336900      0.7340730      0.7344470      0.7358070      0.7383620      0.6116230      0.4519680      0.4526700      0.4840180      0.4732300      0.4755100      0.4805830      0.4840400      0.4870300      0.4389900      0.3757200      0.3247300      0.2710700      0.2169400      0.1648700      0.1172900       0.000000       0.000000    
  0.5801020      0.6287190      0.6773160      0.6773400      0.6774720      0.6962560      0.7336900      0.7338810      0.7340700      0.7347760      0.6184350      0.4417800      0.4481090      0.4514030      0.4512660      0.4526700      0.4653940      0.4709500      0.4755100      0.4680220      0.4626000      0.4246500      0.3808300      0.3187400      0.2671700      0.2142300      0.1626800      0.1121500       0.000000       0.000000    
  0.6287120      0.6773280      0.6773400      0.6774060      0.6961890      0.7336900      0.7337860      0.7338810      0.7342420      0.5941680      0.4417800      0.4417800      0.4417800      0.4472840      0.4502740      0.4498620      0.4526700      0.4624440      0.4663900      0.4755100      0.4469500      0.4128200      0.3728800      0.3272100      0.2669900      0.2151900      0.1612100      0.1145500       0.000000       0.000000    
  0.6773340      0.6773400      0.6773730      0.6961560      0.7336900      0.7337380      0.7337850      0.6288220      0.5360190      0.4416940      0.4417800      0.4417800      0.4417800      0.4417800      0.4458180      0.4482900      0.4470550      0.4526700      0.4552070      0.4572700      0.4322300      0.4024200      0.3671600      0.3256500      0.2774500      0.2175100      0.1658800      0.1195300       0.000000       0.000000    
  0.6773400      0.6773560      0.6961400      0.7336900      0.7337140      0.5649620      0.3118200      0.3125990      0.3133800      0.3987470      0.4415220      0.4417800      0.4417800      0.4417800      0.4417800      0.4433380      0.4451440      0.4414400      0.4526700      0.4353800      0.4146900      0.3902300      0.3687500      0.3297500      0.2819000      0.2280500      0.1715400      0.1252900       0.000000       0.000000    
  0.6773480      0.6961320      0.7336900      0.7337020      0.5311650      0.3117740      0.3117740      0.3118200      0.3125960      0.3133800      0.3983040      0.4410060      0.4417800      0.4417800      0.4417800      0.4417800      0.4393710      0.4413230      0.4302100      0.4148700      0.4171700      0.3903000      0.3618600      0.3300000      0.2881500      0.2328000      0.1779000      0.1305000       0.000000       0.000000    
