iMOD/TUTORIALS/TUT_MetaswapAnalyser/model_MetaSWAP/meteo/Precipitation/Precipitation_20050417_L1.ASC
NCOLS                30
NROWS                30
XLLCORNER     160000.00
YLLCORNER     340000.00
CELLSIZE        1000.00
NODATA_VALUE   -9999.00
   0.000000       0.000000       0.000000       0.000000       0.000000       0.000000       0.000000       0.000000       0.000000       0.000000       0.000000       0.000000       0.000000       0.000000       0.000000       0.000000       0.000000       0.000000      0.1027100      0.1127000      0.1219700      0.1304400      0.1379700      0.1444400      0.1499500      0.1543300      0.1574000      0.1588100      0.1578600      0.1534000    
   0.000000       0.000000       0.000000       0.000000       0.000000       0.000000       0.000000       0.000000       0.000000       0.000000       0.000000       0.000000       0.000000       0.000000       0.000000       0.000000       0.000000      0.1053700      0.1170600      0.1278400      0.1375900      0.1462400      0.1538200      0.1602600      0.1657200      0.1701500      0.1735000      0.1755900      0.1757800      0.1723300    
   0.000000       0.000000       0.000000       0.000000       0.000000       0.000000       0.000000       0.000000       0.000000       0.000000       0.000000       0.000000       0.000000       0.000000       0.000000       0.000000      0.1057200      0.1192600      0.1316900      0.1428100      0.1525800      0.1610200      0.1681600      0.1742400      0.1792900      0.1834100      0.1866900      0.1892400      0.1909800      0.1909500    
   0.000000       0.000000       0.000000       0.000000       0.000000       0.000000       0.000000       0.000000       0.000000       0.000000       0.000000       0.000000       0.000000       0.000000       0.000000      0.1049900      0.1204700      0.1348300      0.1475700      0.1585500      0.1678200      0.1754700      0.1818100      0.1869300      0.1910100      0.1941400      0.1964700      0.1981200      0.1992000      0.1994800    
   0.000000       0.000000       0.000000       0.000000       0.000000       0.000000       0.000000       0.000000       0.000000       0.000000       0.000000       0.000000       0.000000       0.000000      0.1036000      0.1207200      0.1372700      0.1520900      0.1645400      0.1746700      0.1827100      0.1891600      0.1941400      0.1978400      0.2003500      0.2017400      0.2020400      0.2011300      0.1985200      0.1923400    
   0.000000       0.000000       0.000000       0.000000       0.000000       0.000000       0.000000       0.000000       0.000000       0.000000       0.000000       0.000000       0.000000      0.1019500      0.1198000      0.1383000      0.1560800      0.1709200      0.1821300      0.1905600      0.1968400      0.2015200      0.2047100      0.2065400      0.2070200      0.2061300      0.2037300      0.1994800      0.1927000      0.1820600    
   0.000000       0.000000       0.000000       0.000000       0.000000       0.000000       0.000000       0.000000       0.000000       0.000000       0.000000       0.000000      0.1014100      0.1176000      0.1365500      0.1567100      0.1766700      0.1906800      0.1991300      0.2050300      0.2092400      0.2119200      0.2131400      0.2128800      0.2111200      0.2077100      0.2024400      0.1949800      0.1848300      0.1714300    
   0.000000       0.000000       0.000000       0.000000       0.000000       0.000000       0.000000       0.000000       0.000000       0.000000       0.000000      0.1022300      0.1162200      0.1325600      0.1520400      0.1730700      0.1955900      0.2074000      0.2128800      0.2167200      0.2190300      0.2198600      0.2191800      0.2169200      0.2129700      0.2071300      0.1992300      0.1890200      0.1763300      0.1610200    
   0.000000       0.000000       0.000000       0.000000       0.000000       0.000000       0.000000       0.000000       0.000000       0.000000      0.1043600      0.1157200      0.1296300      0.1464600      0.1645800      0.1841500      0.2025800      0.2149200      0.2212200      0.2244400      0.2256300      0.2251000      0.2228800      0.2188900      0.2130000      0.2050800      0.1949400      0.1825600      0.1677900      0.1510100    
   0.000000       0.000000       0.000000       0.000000       0.000000       0.000000       0.000000       0.000000      0.1005300      0.1074100      0.1164100      0.1276400      0.1410800      0.1578900      0.1738900      0.1909700      0.2065700      0.2180300      0.2248800      0.2282100      0.2290000      0.2277400      0.2244700      0.2192000      0.2118000      0.2021900      0.1903500      0.1761000      0.1597400      0.1417300    
   0.000000       0.000000       0.000000       0.000000       0.000000       0.000000      0.1017200      0.1056100      0.1109900      0.1180500      0.1269600      0.1377700      0.1524000      0.1689100      0.1826300      0.1966200      0.2090400      0.2185400      0.2245700      0.2275100      0.2278800      0.2260100      0.2220000      0.2157800      0.2073900      0.1967400      0.1836000      0.1681900      0.1508000      0.1335000    
   0.000000       0.000000       0.000000      0.5403000E-01  0.1051500      0.1052600      0.1109000      0.1148200      0.1203600      0.1273800      0.1401500      0.1500400      0.1638600      0.1758500      0.1870300      0.1986200      0.2087600      0.2168600      0.2224300      0.2255700      0.2263200      0.2246900      0.2206600      0.2141700      0.2051800      0.1937200      0.1797000      0.1633300      0.1449300      0.1251000    
   0.000000       0.000000      0.6826500E-01  0.1080600      0.1109700      0.1157800      0.1190900      0.1234400      0.1341000      0.1406000      0.1485100      0.1616200      0.1708800      0.1806600      0.1896300      0.1988500      0.2066800      0.2128500      0.2179900      0.2216900      0.2233200      0.2224100      0.2188000      0.2124600      0.2033700      0.1915600      0.1771500      0.1601800      0.1410700      0.1203700    
   0.000000      0.7218750E-01  0.1095150      0.1109700      0.1166100      0.1230800      0.1325200      0.1369300      0.1422700      0.1485900      0.1558200      0.1681700      0.1761000      0.1842000      0.1919400      0.1980600      0.2034000      0.2070800      0.2112100      0.2166300      0.2197700      0.2199400      0.2216700      0.2164500      0.2080500      0.1965000      0.1818000      0.1643100      0.1442700      0.1222400    
  0.7335000E-01  0.1102430      0.1109700      0.1168870      0.1230800      0.1318970      0.1400900      0.1444100      0.1495100      0.1553800      0.1677800      0.1741100      0.1807500      0.1873200      0.1933200      0.1973800      0.2006400      0.2013800      0.2043000      0.2141000      0.2202200      0.2224400      0.2212300      0.2167000      0.2088900      0.1978300      0.1835800      0.1662200      0.1461500      0.1236800    
  0.1106060      0.1109700      0.1169790      0.1230800      0.1316890      0.1400900      0.1422500      0.1446700      0.1544220      0.1683900      0.1734700      0.1789200      0.1845200      0.1899200      0.1949800      0.1987900      0.2027600      0.2040400      0.2076900      0.2144100      0.2196000      0.2227700      0.2221800      0.2184100      0.2114300      0.2012100      0.1877600      0.1711300      0.1514900      0.1293600    
  0.1109700      0.1170100      0.1230800      0.1316200      0.1400900      0.1411700      0.1423370      0.1524330      0.1683900      0.1709300      0.1783000      0.1831500      0.1881100      0.1927900      0.2004700      0.2037900      0.2060100      0.2087800      0.2126200      0.2174700      0.2216400      0.2238500      0.2235300      0.2215700      0.2156800      0.2067000      0.1945200      0.1791300      0.1606400      0.1393400    
  0.1170200      0.1230800      0.1315970      0.1400900      0.1406300      0.1411990      0.1510820      0.1683900      0.1696600      0.1781100      0.1853600      0.1875700      0.1917500      0.1999300      0.2037200      0.2070400      0.2097800      0.2131700      0.2169800      0.2210300      0.2245400      0.2266700      0.2268700      0.2247800      0.2212500      0.2139200      0.2035600      0.1900500      0.1733500      0.1536800    
  0.1230800      0.1315890      0.1400900      0.1403600      0.1406400      0.1503250      0.1683900      0.1690250      0.1780390      0.1864650      0.1875700      0.1896600      0.1956550      0.2033700      0.2069400      0.2102300      0.2133400      0.2168000      0.2205200      0.2242200      0.2274500      0.2297200      0.2305800      0.2296700      0.2267100      0.2214000      0.2145000      0.2035700      0.1894400      0.1716400    
  0.1315860      0.1400900      0.1402250      0.1403630      0.1499290      0.1683900      0.1687080      0.1780080      0.1870180      0.1875700      0.1886150      0.1940640      0.2033700      0.2051550      0.2068470      0.2101700      0.2134570      0.2168870      0.2232080      0.2266000      0.2298000      0.2323700      0.2340400      0.2345200      0.2335200      0.2307300      0.2248100      0.2170900      0.2019900      0.1901800    
  0.1400900      0.1401570      0.1402260      0.1497270      0.1683900      0.1685490      0.1779940      0.1872940      0.1875700      0.1880920      0.1934050      0.2033700      0.2042620      0.2051240      0.2073910      0.2101580      0.2135040      0.2217400      0.2272500      0.2279000      0.2311100      0.2340700      0.2366100      0.2376000      0.2387900      0.2389200      0.2318500      0.2286800      0.2230900      0.2143900    
  0.1401240      0.1401580      0.1496250      0.1683900      0.1684690      0.1779870      0.1874320      0.1875700      0.1878310      0.1931090      0.2033700      0.2038160      0.2042520      0.2055920      0.2075570      0.2103510      0.2201760      0.2275750      0.2279000      0.2296630      0.2299800      0.2332700      0.2366600      0.2401200      0.2381600      0.2411900      0.2438000      0.2455000      0.2454500      0.2423800    
  0.1401240      0.1495740      0.1683900      0.1684300      0.1779830      0.1875010      0.1875700      0.1877010      0.1929700      0.2033700      0.2035930      0.2038130      0.2045540      0.2058010      0.2078340      0.2162140      0.2277380      0.2279000      0.2257260      0.2266200      0.2284460      0.2318000      0.2311700      0.2354200      0.2405800      0.2464700      0.2533300      0.2605200      0.2671600      0.2716100    
  0.1495490      0.1683900      0.1684100      0.1779820      0.1875350      0.1875700      0.1876350      0.1929030      0.2033700      0.2034820      0.2035920      0.2039860      0.2047220      0.2043790      0.2080520      0.2149060      0.2152500      0.2173880      0.2201320      0.2187200      0.2232600      0.2239200      0.2274200      0.2324500      0.2393100      0.2482000      0.2591300      0.2718800      0.2858800      0.2966900    
  0.1683900      0.1684000      0.1779810      0.1875530      0.1875700      0.1876030      0.1928700      0.2033700      0.2034260      0.2034810      0.2036870      0.2041000      0.2022920      0.1992160      0.1993300      0.2042250      0.2017310      0.2026000      0.2105820      0.2150570      0.2141800      0.2157800      0.2207700      0.2260100      0.2339500      0.2449800      0.2592600      0.2768100      0.2948900      0.3187700    
  0.1683950      0.1779800      0.1875610      0.1875700      0.1875860      0.1928530      0.2033700      0.2033980      0.2034260      0.2035310      0.2093660      0.2177800      0.2053550      0.1991550      0.1991020      0.1993300      0.2005900      0.2008620      0.2026000      0.2059520      0.2077300      0.2074500      0.2090300      0.2155200      0.2236800      0.2359300      0.2524400      0.2710900      0.2959200      0.3252500    
  0.1779800      0.1875660      0.1875700      0.1875780      0.1928450      0.2033700      0.2033840      0.2033980      0.2034520      0.2103770      0.2177800      0.2177800      0.2177800      0.2052690      0.1990330      0.1988740      0.1993300      0.1995660      0.1991250      0.2026000      0.1993000      0.1969300      0.1964700      0.1992100      0.2082900      0.2208600      0.2371900      0.2589100      0.2844200      0.3124700    
  0.1875680      0.1875700      0.1875740      0.1928410      0.2033700      0.2033770      0.2033840      0.2122080      0.2163910      0.2177850      0.2177800      0.2177800      0.2177800      0.2177800      0.2051610      0.1988940      0.1984170      0.1993300      0.1972100      0.1956500      0.1899900      0.1848100      0.1812700      0.1811900      0.1868800      0.1998700      0.2175200      0.2394600      0.2637000      0.2878500    
  0.1875700      0.1875720      0.1928390      0.2033700      0.2033730      0.2219790      0.2498800      0.2442400      0.2386000      0.2247340      0.2177950      0.2177800      0.2177800      0.2177800      0.2177800      0.2050950      0.1989340      0.1975050      0.1993300      0.1912600      0.1824900      0.1735000      0.1680900      0.1614200      0.1628900      0.1742700      0.1940400      0.2161200      0.2387600      0.2596100    
  0.1875710      0.1928380      0.2033700      0.2033720      0.2257000      0.2498850      0.2498850      0.2498800      0.2442390      0.2386000      0.2247610      0.2178250      0.2177800      0.2177800      0.2177800      0.2177800      0.2052490      0.1999670      0.1956800      0.1858300      0.1811800      0.1667400      0.1520300      0.1390400      0.1352100      0.1484000      0.1695300      0.1922600      0.2137700      0.2321300    
