iMOD/TUTORIALS/TUT_MetaswapAnalyser/model_MetaSWAP/meteo/Precipitation/Precipitation_20051228_L1.ASC
NCOLS                30
NROWS                30
XLLCORNER     160000.00
YLLCORNER     340000.00
CELLSIZE        1000.00
NODATA_VALUE   -9999.00
   0.000000       0.000000       0.000000       0.000000       0.000000       0.000000       0.000000       0.000000       0.000000       0.000000       0.000000       0.000000       0.000000       0.000000       0.000000       0.000000       0.000000      0.1016600      0.1108800      0.1178000      0.1224100      0.1239100      0.1243700      0.1226900      0.1202000      0.1165800      0.1121100      0.1071300      0.1021000      0.9766000E-01
   0.000000       0.000000       0.000000       0.000000       0.000000       0.000000       0.000000       0.000000       0.000000       0.000000       0.000000       0.000000       0.000000       0.000000       0.000000      0.9581000E-01  0.1108700      0.1149200      0.1258300      0.1315200      0.1344900      0.1343300      0.1330800      0.1297300      0.1259600      0.1213300      0.1160500      0.1103800      0.1084200      0.1025600    
   0.000000       0.000000       0.000000       0.000000       0.000000       0.000000       0.000000       0.000000       0.000000       0.000000       0.000000       0.000000       0.000000       0.000000      0.9834000E-01  0.1158600      0.1317500      0.1438000      0.1515600      0.1552800      0.1590600      0.1563200      0.1516800      0.1465000      0.1403400      0.1334800      0.1306000      0.1221000      0.1133600      0.1049300    
   0.000000       0.000000       0.000000       0.000000       0.000000       0.000000       0.000000       0.000000       0.000000       0.000000       0.000000       0.000000       0.000000      0.1045800      0.1283900      0.1495500      0.1675600      0.1798300      0.1858700      0.1866100      0.1834800      0.1803300      0.1722500      0.1694900      0.1600300      0.1500600      0.1397700      0.1293300      0.1188700      0.1086800    
   0.000000       0.000000       0.000000       0.000000       0.000000       0.000000       0.000000       0.000000       0.000000       0.000000       0.000000       0.000000      0.1131000      0.1396700      0.1661200      0.1918700      0.2154600      0.2275000      0.2303000      0.2263600      0.2178400      0.2075000      0.1956700      0.1861500      0.1735600      0.1609200      0.1484200      0.1362200      0.1246700      0.1144800    
   0.000000       0.000000       0.000000       0.000000       0.000000       0.000000       0.000000       0.000000       0.000000       0.000000      0.1009200      0.1223900      0.1492800      0.1784900      0.2122600      0.2443800      0.2693100      0.2790400      0.2746800      0.2630500      0.2479200      0.2320800      0.2156600      0.1996200      0.1839800      0.1706500      0.1559200      0.1420200      0.1293400      0.1184700    
   0.000000       0.000000       0.000000       0.000000       0.000000       0.000000       0.000000      0.9156000E-01  0.1041800      0.1168000      0.1346600      0.1581000      0.1870100      0.2207200      0.2590100      0.2987800      0.3331300      0.3369900      0.3195600      0.2978800      0.2761100      0.2547300      0.2340400      0.2139300      0.1950500      0.1772100      0.1604600      0.1450800      0.1320000      0.1199300    
   0.000000       0.000000       0.000000       0.000000       0.000000      0.9707000E-01  0.1113200      0.1246500      0.1352600      0.1500700      0.1697400      0.1945900      0.2246800      0.2594700      0.3018800      0.3450500      0.3908200      0.3840100      0.3548200      0.3266300      0.2995900      0.2737800      0.2492400      0.2257300      0.2038600      0.1833300      0.1644000      0.1471100      0.1315600      0.1181700    
   0.000000      0.9101000E-01  0.9221000E-01  0.9442000E-01  0.1141400      0.1183700      0.1375800      0.1549300      0.1675100      0.1839700      0.2047500      0.2300700      0.2598600      0.2976300      0.3338500      0.3698200      0.3967300      0.3964300      0.3736600      0.3455900      0.3166200      0.2882000      0.2608900      0.2346400      0.2101000      0.1872900      0.1662400      0.1469600      0.1298500      0.1149400    
  0.9877000E-01  0.1029300      0.1051800      0.1304500      0.1350900      0.1409100      0.1751200      0.1861600      0.2002000      0.2176400      0.2387400      0.2634800      0.2915300      0.3272500      0.3565600      0.3833700      0.3995400      0.3986800      0.3825000      0.3578700      0.3297900      0.2980200      0.2690000      0.2410200      0.2140500      0.1891600      0.1660200      0.1450800      0.1263400      0.1099100    
  0.9986330E-01  0.1022930      0.1224000      0.1510400      0.1566900      0.1920000      0.2055000      0.2178200      0.2327800      0.2505900      0.2712700      0.2945700      0.3278800      0.3427900      0.3676800      0.3883300      0.4007100      0.4002500      0.3879800      0.3671800      0.3413700      0.3130500      0.2838100      0.2546700      0.2266500      0.1954500      0.1701200      0.1468300      0.1258200      0.1036000    
  0.1000510      0.1188990      0.1510400      0.1817800      0.1794700      0.2206900      0.2360500      0.2495900      0.2650100      0.2826600      0.2872800      0.3101400      0.3407700      0.3631800      0.3819600      0.3966100      0.4033100      0.4013300      0.3892500      0.3696700      0.3448600      0.3168300      0.2874700      0.2572600      0.2274200      0.1974700      0.1703000      0.1451800      0.1224100      0.1021700    
  0.1171030      0.1510400      0.1956090      0.2096950      0.2399200      0.2550600      0.2671500      0.2809400      0.2750500      0.2938800      0.3138800      0.3446900      0.3638700      0.3817200      0.3954200      0.4051500      0.4077500      0.4022200      0.3902300      0.3712700      0.3474200      0.3197100      0.2896600      0.2585300      0.2273900      0.1970900      0.1671600      0.1405300      0.1163600      0.9486000E-01
  0.1510400      0.2028440      0.2248080      0.2399200      0.2602130      0.2856600      0.2701400      0.2853800      0.3021100      0.3203600      0.3392000      0.3693100      0.3856300      0.3998900      0.4105100      0.4148300      0.4138300      0.4052900      0.3908700      0.3734700      0.3501300      0.3225000      0.2858300      0.2531100      0.2204100      0.1887200      0.1579500      0.1305100      0.1058800       0.000000    
  0.2065420      0.2323640      0.2399200      0.2619310      0.2856600      0.2844900      0.2976700      0.3131500      0.3297200      0.3470800      0.3785000      0.3936700      0.4075100      0.4187800      0.4261100      0.4267900      0.4225800      0.4107200      0.3945600      0.3738900      0.3502500      0.3208700      0.2885300      0.2546300      0.2204900      0.1872400      0.1558500      0.1262600      0.1006400       0.000000    
  0.2361420      0.2399200      0.2625040      0.2856600      0.2892730      0.2976700      0.3054100      0.3135130      0.3448720      0.3895400      0.4040300      0.4177100      0.4296500      0.4387400      0.4426200      0.4426200      0.4293100      0.4187300      0.4023000      0.3807700      0.3540100      0.3261900      0.2926100      0.2572200      0.2213900      0.1864200      0.1534500      0.1233600      0.9614000E-01   0.000000    
  0.2399200      0.2626950      0.2856600      0.2908680      0.2976700      0.3015400      0.3055310      0.3383340      0.3895400      0.3967850      0.4234820      0.4420600      0.4510100      0.4586500      0.4509400      0.4512000      0.4428700      0.4315900      0.4143900      0.3916100      0.3636400      0.3312500      0.2956000      0.2619300      0.2240600      0.1870400      0.1522000      0.1206500      0.9319000E-01   0.000000    
  0.2627580      0.2856600      0.2913990      0.2976700      0.2996050      0.3015800      0.3337360      0.3895400      0.3931620      0.4253880      0.4530650      0.4640700      0.4739500      0.4660200      0.4701200      0.4696700      0.4594000      0.4476000      0.4297800      0.4060900      0.3769400      0.3430700      0.3056000      0.2659200      0.2291500      0.1896200      0.1524700      0.1190900      0.9049000E-01   0.000000    
  0.2856600      0.2915760      0.2976700      0.2986380      0.2996180      0.3311150      0.3895400      0.3913510      0.4261460      0.4585680      0.4640700      0.4690100      0.4728800      0.4874800      0.4912500      0.4906100      0.4848800      0.4669100      0.4487900      0.4245100      0.3943500      0.3590000      0.3195100      0.2772800      0.2340200      0.1915800      0.1545800      0.1187700       0.000000       0.000000    
  0.2916350      0.2976700      0.2981540      0.2986420      0.3297280      0.3895400      0.3904460      0.4264850      0.4613190      0.4640700      0.4665400      0.4733600      0.4874800      0.4893650      0.4897800      0.4889130      0.4808000      0.4668600      0.4525140      0.4473100      0.4164700      0.3797600      0.3381500      0.2930600      0.2463100      0.2000400      0.1555500      0.1168800       0.000000       0.000000    
  0.2976700      0.2979120      0.2981550      0.3290160      0.3895400      0.3899930      0.4266470      0.4626940      0.4640700      0.4653050      0.4728620      0.4874800      0.4884230      0.4888750      0.4893530      0.4864980      0.4788580      0.4672810      0.4611800      0.4750500      0.4440100      0.4062600      0.3626000      0.3126900      0.2621500      0.2114100      0.1554700      0.1141300       0.000000       0.000000    
  0.2977910      0.2979120      0.3286560      0.3895400      0.3897660      0.4267260      0.4633820      0.4640700      0.4646870      0.4724290      0.4874800      0.4879510      0.4882590      0.4888830      0.4882420      0.4849030      0.4751600      0.4681150      0.4750500      0.4646030      0.4747500      0.4370200      0.3920100      0.3409600      0.2751200      0.2203500      0.1673400      0.1199600       0.000000       0.000000    
  0.2977910      0.3284750      0.3895400      0.3896530      0.4267660      0.4637260      0.4640700      0.4643790      0.4721670      0.4874800      0.4877160      0.4878970      0.4883650      0.4884610      0.4873430      0.5070470      0.4715830      0.4750500      0.5155020      0.5252150      0.4961680      0.4766800      0.4206100      0.3669500      0.3075900      0.2456200      0.1849400      0.1296700       0.000000       0.000000    
  0.3283840      0.3895400      0.3895970      0.4267850      0.4638980      0.4640700      0.4642240      0.4720240      0.4874800      0.4875980      0.4876980      0.4879920      0.4882410      0.5677800      0.6079820      0.6166670      0.6153500      0.5998640      0.5827410      0.5971400      0.5756800      0.5167100      0.4711200      0.4150700      0.3508300      0.2815700      0.2117100      0.1464000      0.9072000E-01   0.000000    
  0.3895400      0.3895680      0.4267950      0.4639840      0.4640700      0.4641470      0.4719500      0.4874800      0.4875390      0.4875920      0.4877630      0.4879770      0.6321680      0.8078860      0.8069500      0.7414240      0.7630690      0.7556500      0.6703760      0.6258670      0.6186000      0.5875900      0.5341300      0.4773900      0.4088800      0.3318500      0.2515500      0.1742800      0.1032700       0.000000    
  0.3895540      0.4268000      0.4640270      0.4640700      0.4641090      0.4719120      0.4874800      0.4875090      0.4875370      0.4876310      0.6349780      0.8557800      0.8247260      0.8089430      0.8088210      0.8069500      0.7803290      0.7704870      0.7556500      0.7028470      0.6833200      0.6591200      0.6205700      0.5567900      0.4854300      0.4007000      0.3090600      0.2146000      0.1342600       0.000000    
  0.4268030      0.4640490      0.4640700      0.4640890      0.4718930      0.4874800      0.4874950      0.4875090      0.4875590      0.6643410      0.8557800      0.8557800      0.8557800      0.8262960      0.8110580      0.8106920      0.8069500      0.7882270      0.7853250      0.7556500      0.7538200      0.7411400      0.7128100      0.6638400      0.5843300      0.4921900      0.3842000      0.2800100      0.1860800      0.1094800    
  0.4640590      0.4640700      0.4640800      0.4718830      0.4874800      0.4874870      0.4874950      0.5301330      0.6571080      0.8556850      0.8557800      0.8557800      0.8557800      0.8557800      0.8295230      0.8155320      0.8144350      0.8069500      0.8049850      0.8150000      0.8272100      0.8309100      0.8195400      0.7838000      0.7147100      0.6065600      0.4868500      0.3670200      0.2598100      0.1730300    
  0.4640700      0.4640750      0.4718780      0.4874800      0.4874840      0.5324160      0.5998400      0.6289040      0.6579700      0.7895840      0.8554960      0.8557800      0.8557800      0.8557800      0.8557800      0.8360900      0.8252100      0.8219200      0.8069500      0.8423400      0.8767100      0.9068600      0.9361300      0.9301000      0.8674700      0.7528200      0.6089300      0.4708300      0.3502700      0.2537700    
  0.4640720      0.4718760      0.4874800      0.4874820      0.5413620      0.5997760      0.5997760      0.5998400      0.6289030      0.6579700      0.7890920      0.8549280      0.8557800      0.8557800      0.8557800      0.8557800      0.8489340      0.8467600      0.8368900      0.8833300      0.9592400       1.003720       1.048110       1.079280       1.048960      0.9136000      0.7442400      0.5805500      0.4474700      0.3428500    
