iMOD/TUTORIALS/TUT_MetaswapAnalyser/model_MetaSWAP/meteo/Precipitation/Precipitation_20060829_L1.ASC
NCOLS                30
NROWS                30
XLLCORNER     160000.00
YLLCORNER     340000.00
CELLSIZE        1000.00
NODATA_VALUE   -9999.00
   8.026100       7.840480       7.610270       7.330520       6.971520       6.563800       6.081110       5.559300       5.083210       4.918170       5.116470       5.403790       5.683390       5.927730       6.148800       6.334160       6.498980       6.651260       6.766790       6.860660       6.933860       6.970050       7.003830       7.017320       7.023630       7.020310       7.011440       7.002420       7.001140       7.027650    
   7.919900       7.717910       7.450120       7.153060       6.762820       6.343550       5.853170       5.298350       4.689330       4.476670       4.883880       5.244550       5.560090       5.821430       6.054300       6.258100       6.433690       6.594920       6.745950       6.863880       6.959990       7.017080       7.065080       7.086990       7.094820       7.086480       7.065980       7.038370       6.998880       6.998200    
   7.835510       7.627560       7.376030       7.017110       6.655130       6.257040       5.807540       5.326620       4.885820       4.753660       4.976020       5.278500       5.564870       5.814660       6.038130       6.237030       6.415550       6.581490       6.735370       6.872880       7.005170       7.080310       7.134510       7.166890       7.173680       7.158330       7.111100       7.066240       7.020610       6.965650    
   7.793090       7.587970       7.344250       6.981570       6.664170       6.309110       5.929690       5.547990       5.256870       5.164710       5.265640       5.470280       5.689260       5.899210       6.089090       6.263670       6.431640       6.602240       6.773240       6.933020       7.068850       7.182530       7.236920       7.255180       7.258240       7.234640       7.189230       7.126910       7.058660       6.975340    
   7.791350       7.596760       7.261020       7.012560       6.735310       6.437160       6.135120       5.856610       5.661370       5.583080       5.620690       5.747250       5.907420       6.063440       6.206690       6.339740       6.475960       6.646450       6.837960       7.023390       7.170620       7.286130       7.345510       7.391690       7.384740       7.347360       7.286250       7.217320       7.129780       7.053020    
   7.826650       7.503240       7.311330       7.096880       6.864640       6.623980       6.416460       6.184260       6.040740       5.982490       6.004640       6.084800       6.198350       6.306880       6.390310       6.463330       6.561410       6.736990       6.967430       7.188260       7.356460       7.477550       7.532260       7.549760       7.526550       7.482070       7.400830       7.313180       7.212320       7.125460    
   7.819260       7.562150       7.398950       7.221060       7.072870       6.882480       6.704930       6.511400       6.421030       6.386300       6.406190       6.466320       6.544060       6.628430       6.663930       6.665460       6.673500       6.876270       7.181170       7.432880       7.618170       7.731870       7.781150       7.762570       7.712250       7.628430       7.531140       7.409230       7.291340       7.179340    
   7.911700       7.830070       7.567870       7.423430       7.276140       7.055390       6.935040       6.850220       6.799860       6.791760       6.823610       6.884620       6.957240       7.037540       7.059320       7.031420       6.937740       7.198410       7.547780       7.806180       7.973450       8.058170       8.072310       8.015400       7.926300       7.815520       7.670280       7.513700       7.353260       7.207560    
   8.096970       7.959450       7.842950       7.602710       7.393450       7.302910       7.227240       7.186940       7.175420       7.198600       7.254330       7.334650       7.426520       7.527990       7.592200       7.628100       7.681900       7.868830       8.119230       8.316750       8.429060       8.458340       8.417050       8.305950       8.177470       8.006610       7.816670       7.613320       7.415430       7.226540    
   8.221460       8.103240       8.015260       7.767980       7.603250       7.552300       7.519870       7.517490       7.544410       7.602950       7.691940       7.806290       7.937480       8.057720       8.222760       8.350240       8.499310       8.666690       8.834520       8.946130       8.975260       8.924120       8.807560       8.641660       8.435840       8.208870       7.962850       7.716040       7.470310       7.232970    
   8.210920       8.113320       7.960260       7.954560       7.915750       7.800150       7.800930       7.836590       7.901290       7.997570       8.125740       8.283670       8.441160       8.605530       8.890160       9.110370       9.327550       9.517920       9.644320       9.675120       9.606980       9.457990       9.251090       9.016000       8.740500       8.434900       8.137990       7.838000       7.539970       7.231710    
   8.209960       8.059760       7.954560       8.084280       8.129470       8.139980       8.160620       8.138270       8.238910       8.372790       8.460840       8.675700       8.892060       9.221800       9.566000       9.882300       10.18500       10.41790       10.51510       10.45230       10.26170       9.992580       9.687500       9.354280       9.010210       8.642500       8.290560       7.939520       7.591530       7.249310    
   8.131180       7.954560       8.152400       8.233410       8.337340       8.352690       8.418070       8.510480       8.503700       8.612850       8.830100       9.108360       9.411260       9.761860       10.19750       10.61850       11.03770       11.36110       11.44570       11.25560       10.91680       10.51230       10.09290       9.674690       9.262400       8.856580       8.436680       8.039800       7.646690       7.257210    
   7.954560       8.182420       8.285370       8.337340       8.416960       8.560860       8.482660       8.610110       8.770810       8.998100       9.236200       9.468050       9.814730       10.21980       10.68810       11.25090       11.81760       12.32430       12.42500       12.02300       11.48570       10.94890       10.43640       9.948710       9.482020       9.031390       8.574930       8.141890       7.712820       7.284960    
   8.196420       8.311360       8.337340       8.438390       8.560860       8.597420       8.748750       8.890470       9.065880       9.279670       9.579520       9.879170       10.23410       10.65110       11.13740       11.69240       12.34210       13.07790       13.28150       12.53720       11.86340       11.25070       10.68570       10.15820       9.659330       9.181380       8.717760       8.245650       7.793500       7.319800    
   8.324350       8.337340       8.445530       8.560860       8.635680       8.748750       8.819610       8.901700       9.191940       9.531740       9.792100       10.09950       10.45860       10.87420       11.33290       11.87270       12.44460       12.96830       13.04710       12.56680       11.96100       11.36940       10.80530       10.27220       9.765380       9.279050       8.807280       8.344490       7.870820       7.411460    
   8.337340       8.447910       8.560860       8.648430       8.748750       8.784180       8.823350       9.111250       9.531740       9.661920       9.959570       10.23680       10.55140       10.94740       11.30980       11.77870       12.25800       12.56700       12.59390       12.30830       11.85150       11.33950       10.82250       10.32390       9.836330       9.363660       8.902590       8.449070       7.999020       7.543780    
   8.448700       8.560860       8.652680       8.748750       8.766460       8.785430       9.062630       9.531740       9.596830       9.895640       10.18730       10.13770       10.47750       10.84210       11.22390       11.59970       11.96120       12.15410       12.15900       11.96390       11.62380       11.20670       10.75860       10.30380       9.859010       9.416730       8.981690       8.551990       8.125270       7.705820    
   8.560860       8.654100       8.748750       8.757610       8.766880       9.036570       9.531740       9.564290       9.864880       10.16250       10.13770       10.30760       10.55010       10.74300       11.05930       11.35420       11.59340       11.75870       11.75200       11.60610       11.34630       11.01110       10.63400       10.23810       9.836480       9.435750       9.043990       8.650010       8.263830       7.879660    
   8.654570       8.748750       8.753180       8.757750       9.023200       9.531740       9.548010       9.849740       10.15010       10.13770       10.22270       10.43460       10.74300       10.90110       11.05220       11.33560       11.56880       11.70140       11.45800       11.25560       11.05200       10.78260       10.47040       10.13410       9.786530       9.435200       9.090240       8.748380       8.428950       8.075690    
   8.748750       8.750960       8.753220       9.016470       9.531740       9.539880       9.842220       10.14390       10.13770       10.18020       10.38450       10.74300       10.82210       10.89880       11.09630       11.31890       11.53530       11.34640       11.08650       10.91740       10.75480       10.53760       10.28180       10.00550       9.713260       9.415190       9.153020       8.854430       8.552900       8.247660    
   8.749860       8.750980       9.013100       9.531740       9.535810       9.838470       10.14080       10.13770       10.15890       10.36130       10.74300       10.78250       10.82130       10.93910       11.10460       11.31680       11.22400       11.00200       10.91740       10.71030       10.45860       10.28430       10.07770       9.849890       9.640680       9.418720       9.172870       8.925600       8.676340       8.410670    
   8.749860       9.011420       9.531740       9.533770       9.836590       10.13920       10.13770       10.14830       10.35020       10.74300       10.76280       10.78230       10.84760       10.95500       11.12020       10.91720       10.95970       10.91740       10.39980       10.18950       10.10900       10.05980       9.919420       9.734900       9.531690       9.341080       9.147880       8.955760       8.763900       8.567950    
   9.010580       9.531740       9.532760       9.835660       10.13850       10.13770       10.14300       10.34480       10.74300       10.75290       10.76270       10.79760       10.86160       10.31270       10.05380       9.982510       9.980750       9.929460       9.863620       9.782010       9.920400       9.821960       9.663160       9.523410       9.377590       9.231100       9.087640       8.949100       8.815240       8.668570    
   9.531740       9.532250       9.835190       10.13810       10.13770       10.14040       10.34210       10.74300       10.74790       10.75290       10.77100       10.80730       9.720470       8.319330       8.327930       9.020280       9.007100       9.044100       9.422370       9.619340       9.643620       9.515820       9.412960       9.303500       9.193130       9.086660       8.987230       8.896610       8.804470       8.733600    
   9.531990       9.834950       10.13790       10.13770       10.13900       10.34080       10.74300       10.74550       10.74790       10.75730       9.522040       7.639510       8.085970       8.311140       8.310730       8.327930       8.765350       8.970110       9.044100       9.244010       9.294010       9.228210       9.152880       9.060570       8.978340       8.904920       8.842150       8.783360       8.741510       8.712470    
   9.834840       10.13780       10.13770       10.13840       10.34010       10.74300       10.74420       10.74550       10.75020       9.261250       7.639510       7.639510       7.639510       8.073920       8.294750       8.293530       8.327930       8.719270       8.896110       9.044100       8.994320       8.933160       8.866710       8.802350       8.732240       8.685180       8.650200       8.624730       8.607720       8.593290    
   10.13770       10.13770       10.13800       10.33980       10.74300       10.74360       10.74420       9.696190       8.702250       7.638870       7.639510       7.639510       7.639510       7.639510       8.050680       8.262790       8.259120       8.327930       8.608950       8.748120       8.694820       8.632170       8.566580       8.507360       8.474860       8.433230       8.420570       8.418580       8.417440       8.406850    
   10.13770       10.13790       10.33960       10.74300       10.74330       9.079320       6.583060       6.563930       6.544820       7.272880       7.637600       7.639510       7.639510       7.639510       7.639510       8.006870       8.201330       8.190320       8.327930       8.315660       8.288290       8.248150       8.228080       8.211360       8.161840       8.152380       8.159540       8.179810       8.192510       8.187570    
   10.13780       10.33950       10.74300       10.74320       8.746050       6.582690       6.582690       6.583060       6.563920       6.544820       7.269600       7.633780       7.639510       7.639510       7.639510       7.639510       7.927530       8.085730       8.052710       8.035060       8.058570       7.995610       7.922210       7.847770       7.808760       7.841810       7.897880       7.927080       7.952700       7.956310    
