iMOD/TUTORIALS/TUT_MetaswapAnalyser/model_MetaSWAP/meteo/Precipitation/Precipitation_20050718_L1.ASC
NCOLS                30
NROWS                30
XLLCORNER     160000.00
YLLCORNER     340000.00
CELLSIZE        1000.00
NODATA_VALUE   -9999.00
   0.000000       0.000000       0.000000       0.000000       0.000000       0.000000       0.000000       0.000000       0.000000       0.000000       0.000000       0.000000       0.000000       0.000000      0.2991000      0.3724000      0.4370300      0.4972400      0.5452100      0.5813000      0.6050900      0.6201100      0.6212300      0.6126200      0.5947600      0.5692800      0.5376500      0.5017900      0.4646400      0.4310000    
   0.000000       0.000000       0.000000       0.000000       0.000000       0.000000       0.000000       0.000000       0.000000       0.000000       0.000000       0.000000       0.000000      0.2877700      0.3738300      0.4573900      0.5340100      0.6011000      0.6526200      0.6850200      0.7016200      0.7072600      0.6981300      0.6791600      0.6511300      0.6157900      0.5744300      0.5285700      0.4783200      0.4351800    
   0.000000       0.000000       0.000000       0.000000       0.000000       0.000000       0.000000       0.000000       0.000000       0.000000       0.000000       0.000000       0.000000      0.3632100      0.4681300      0.5686200      0.6573800      0.7267400      0.7731300      0.7972000      0.8057500      0.7988400      0.7776100      0.7464800      0.7077600      0.6627200      0.6092700      0.5549000      0.4974000      0.4388300    
   0.000000       0.000000       0.000000       0.000000       0.000000       0.000000       0.000000       0.000000       0.000000       0.000000       0.000000       0.000000      0.3473300      0.4622800      0.5854300      0.7042200      0.8055100      0.8775200      0.9164500      0.9265000      0.9149800      0.8924600      0.8589400      0.8110300      0.7617400      0.7080600      0.6506500      0.5899500      0.5266800      0.4610800    
   0.000000       0.000000       0.000000       0.000000       0.000000       0.000000       0.000000       0.000000       0.000000       0.000000       0.000000      0.3343600      0.4469200      0.5785800      0.7248500      0.8669300      0.9812300       1.051990       1.074150       1.060810       1.026160      0.9797100      0.9312100      0.8771000      0.8173500      0.7557400      0.6928200      0.6298500      0.5670900      0.5102900    
   0.000000       0.000000       0.000000       0.000000       0.000000       0.000000       0.000000       0.000000       0.000000       0.000000      0.3356900      0.4310600      0.5560700      0.7053800      0.8758400       1.050290       1.192740       1.256800       1.246280       1.198220       1.135310       1.067190       1.002160      0.9328300      0.8641600      0.7984400      0.7318500      0.6680700      0.6077800      0.5556500    
   0.000000       0.000000       0.000000       0.000000       0.000000       0.000000       0.000000       0.000000      0.2944100      0.3458500      0.4215200      0.5251600      0.6590200      0.8245800       1.019480       1.236710       1.435450       1.475690       1.403510       1.313340       1.223000       1.135910       1.052740      0.9781400      0.9025800      0.8304600      0.7626700      0.6983500      0.6407200      0.5900400    
  0.2922900      0.2907000      0.2868900      0.2863600      0.2890600      0.2745100      0.2903400      0.3184600      0.3583600      0.4169500      0.4985600      0.6069100      0.7448900      0.9145900       1.119310       1.355670       1.620460       1.613470       1.492530       1.379330       1.274280       1.176700       1.085810       1.005670      0.9263400      0.8528000      0.7833300      0.7192700      0.6608500      0.6107100    
  0.3221000      0.3234000      0.3238400      0.3254600      0.3024200      0.3146100      0.3358500      0.3701900      0.4152700      0.4779300      0.5616800      0.6695600      0.8037000      0.9670100       1.152960       1.351370       1.516210       1.550250       1.479570       1.381790       1.281330       1.184620       1.093380       1.012740      0.9340400      0.8597900      0.7909400      0.7269500      0.6701200      0.6199200    
  0.3528100      0.3568900      0.3600800      0.3282300      0.3360500      0.3517400      0.3807700      0.4152900      0.4628800      0.5263300      0.6082100      0.7104100      0.8335500      0.9784000       1.132470       1.283220       1.394960       1.433100       1.401640       1.332340       1.248690       1.160700       1.075550      0.9941900      0.9233800      0.8516300      0.7839800      0.7226900      0.6669100      0.6168900    
  0.3544100      0.3565930      0.3505220      0.3568900      0.3691100      0.3922400      0.4166900      0.4525600      0.5001400      0.5614100      0.6379700      0.7305200      0.8420800      0.9595900       1.082020       1.193230       1.275690       1.309440       1.296100       1.249470       1.184630       1.111860       1.037020      0.9639400      0.8918700      0.8280700      0.7648800      0.7060900      0.6519300      0.6025600    
  0.3549400      0.3546040      0.3568900      0.3876900      0.3964800      0.4241100      0.4488000      0.4816300      0.5270700      0.5838200      0.6511200      0.7319200      0.8266200      0.9225300       1.016670       1.098650       1.156460       1.185100       1.179520       1.148530       1.100490       1.042470      0.9794000      0.9149300      0.8511000      0.7943400      0.7355100      0.6799300      0.6278800      0.5794600    
  0.3552330      0.3568900      0.3963100      0.4123800      0.4282800      0.4458700      0.4720700      0.5056400      0.5456200      0.5929700      0.6529100      0.7267600      0.7994100      0.8739400      0.9442300       1.002720       1.042030       1.058440       1.057840       1.038310       1.005130      0.9611100      0.9101600      0.8555300      0.7996400      0.7441400      0.6952100      0.6434200      0.5940500      0.5472000    
  0.3568900      0.4004520      0.4203300      0.4282800      0.4463430      0.4648800      0.4860600      0.5169200      0.5543700      0.5987700      0.6491900      0.7068400      0.7637600      0.8198800      0.8702500      0.9091200      0.9311700      0.9357500      0.9308200      0.9257500      0.9060400      0.8745100      0.8329100      0.7873200      0.7390200      0.6898400      0.6455600      0.5979500      0.5518200      0.5072900    
  0.4024820      0.4243050      0.4282800      0.4465010      0.4648800      0.4831400      0.4984800      0.5255600      0.5576600      0.5945700      0.6422300      0.6845500      0.7275000      0.7679000      0.8017600      0.8218100      0.8305400      0.8209100      0.8116700      0.8155200      0.8095300      0.7869900      0.7552900      0.7175000      0.6760600      0.6328100      0.5890600      0.5498400      0.5071800      0.4699100    
  0.4262920      0.4282800      0.4465540      0.4648800      0.4821670      0.4984800      0.5120200      0.5272330      0.5676720      0.5929000      0.6235800      0.6555600      0.6868400      0.7148200      0.7358100      0.7482600      0.7475300      0.7384800      0.7313900      0.7303000      0.7216400      0.7090600      0.6836800      0.6522000      0.6166300      0.5786300      0.5394700      0.5000500      0.4643000      0.4254300    
  0.4282800      0.4465710      0.4648800      0.4818420      0.4984800      0.5052500      0.5125780      0.5499560      0.5929000      0.6082400      0.6180000      0.6255200      0.6463700      0.6646700      0.6752000      0.6814900      0.6791400      0.6722100      0.6646200      0.6574300      0.6464900      0.6292800      0.6059000      0.5843200      0.5528900      0.5190100      0.4838400      0.4482300      0.4128100      0.3811500    
  0.4465770      0.4648800      0.4817340      0.4984800      0.5018650      0.5054360      0.5401710      0.5929000      0.6005700      0.6041120      0.6089800      0.5924400      0.6066900      0.6165100      0.6234000      0.6251100      0.6202000      0.6128500      0.6036800      0.5931400      0.5797900      0.5622800      0.5403300      0.5144900      0.4916700      0.4610100      0.4291400      0.3969200      0.3650300      0.3344600    
  0.4648800      0.4816980      0.4984800      0.5001720      0.5019270      0.5350930      0.5929000      0.5967350      0.5981460      0.6007100      0.5924400      0.5995650      0.5977480      0.5753500      0.5772400      0.5752900      0.5696900      0.5588600      0.5478700      0.5350000      0.5197500      0.5015200      0.4800900      0.4557300      0.4290600      0.4008100      0.3765100      0.3471200      0.3187500      0.2902900    
  0.4816860      0.4984800      0.4993260      0.5001930      0.5325230      0.5929000      0.5948180      0.5953590      0.5965750      0.5924400      0.5960030      0.5912760      0.5753500      0.5762950      0.5759600      0.5740730      0.5679470      0.5588070      0.5115420      0.4820800      0.4653400      0.4463500      0.4250400      0.4016000      0.3764200      0.3500200      0.3205600      0.2939500       0.000000       0.000000    
  0.4984800      0.4989030      0.4993330      0.5312360      0.5929000      0.5938590      0.5940050      0.5945080      0.5924400      0.5942210      0.5887670      0.5753500      0.5758220      0.5758680      0.5754430      0.5726600      0.5669420      0.5060370      0.4579900      0.4339000      0.4159200      0.3962700      0.3749600      0.3491400      0.3254500      0.3008100      0.2756600       0.000000       0.000000       0.000000    
  0.4986920      0.4989050      0.5305930      0.5929000      0.5933790      0.5933350      0.5934740      0.5924400      0.5933310      0.5876950      0.5753500      0.5755860      0.5756800      0.5757110      0.5746570      0.5716820      0.5050970      0.4459450      0.4339000      0.4055530      0.3668400      0.3472500      0.3264800      0.3046900      0.2820000       0.000000       0.000000       0.000000       0.000000       0.000000    
  0.4986920      0.5302720      0.5929000      0.5931400      0.5930020      0.5929570      0.5924400      0.5928850      0.5872040      0.5753500      0.5754680      0.5755390      0.5756590      0.5753500      0.5740170      0.4616620      0.4399230      0.4339000      0.3287380      0.3294600      0.3164280      0.3064900      0.2857600       0.000000       0.000000       0.000000       0.000000       0.000000       0.000000       0.000000    
  0.5301130      0.5929000      0.5930200      0.5928360      0.5926980      0.5924400      0.5926630      0.5869700      0.5753500      0.5754090      0.5754520      0.5755550      0.5755160      0.4312560      0.3140370      0.2189570      0.2169500      0.2028880      0.1909530      0.1460400      0.2920800      0.2694800       0.000000       0.000000       0.000000       0.000000       0.000000       0.000000       0.000000       0.000000    
  0.5929000      0.5929600      0.5927530      0.5925690      0.5924400      0.5925510      0.5868560      0.5753500      0.5753790      0.5754040      0.5754720      0.5755080      0.3164660       0.000000       0.000000      0.5423750E-01   0.000000       0.000000      0.6085000E-01  0.9736000E-01   0.000000       0.000000       0.000000       0.000000       0.000000       0.000000       0.000000       0.000000       0.000000       0.000000    
  0.5929300      0.5927120      0.5925050      0.5924400      0.5924960      0.5867990      0.5753500      0.5753650      0.5753780      0.5754180      0.3452770       0.000000       0.000000       0.000000       0.000000       0.000000       0.000000       0.000000       0.000000       0.000000       0.000000       0.000000       0.000000       0.000000       0.000000       0.000000       0.000000       0.000000       0.000000       0.000000    
  0.5926910      0.5924720      0.5924400      0.5924680      0.5867710      0.5753500      0.5753570      0.5753640      0.5753870      0.2992150       0.000000       0.000000       0.000000       0.000000       0.000000       0.000000       0.000000       0.000000       0.000000       0.000000       0.000000       0.000000       0.000000       0.000000       0.000000       0.000000       0.000000       0.000000       0.000000       0.000000    
  0.5924560      0.5924400      0.5924540      0.5867570      0.5753500      0.5753540      0.5753570      0.4315270      0.2416610       0.000000       0.000000       0.000000       0.000000       0.000000       0.000000       0.000000       0.000000       0.000000       0.000000       0.000000       0.000000       0.000000       0.000000       0.000000       0.000000       0.000000       0.000000       0.000000       0.000000       0.000000    
  0.5924400      0.5924470      0.5867500      0.5753500      0.5753520      0.3452120       0.000000       0.000000       0.000000       0.000000       0.000000       0.000000       0.000000       0.000000       0.000000       0.000000       0.000000       0.000000       0.000000       0.000000       0.000000       0.000000       0.000000       0.000000       0.000000       0.000000       0.000000       0.000000       0.000000       0.000000    
  0.5924430      0.5867470      0.5753500      0.5753510      0.2991830       0.000000       0.000000       0.000000       0.000000       0.000000       0.000000       0.000000       0.000000       0.000000       0.000000       0.000000       0.000000       0.000000       0.000000       0.000000       0.000000       0.000000       0.000000       0.000000       0.000000       0.000000       0.000000       0.000000       0.000000       0.000000    
