iMOD/TUTORIALS/TUT_MetaswapAnalyser/model_MetaSWAP/meteo/Precipitation/Precipitation_20060307_L1.ASC
NCOLS                30
NROWS                30
XLLCORNER     160000.00
YLLCORNER     340000.00
CELLSIZE        1000.00
NODATA_VALUE   -9999.00
  0.3192500      0.3510700      0.3839800      0.4188400      0.4603000      0.5082300      0.5674900      0.6310500      0.6854700      0.6939400      0.6499500      0.5925000      0.5357300      0.4820500      0.4340000      0.3939900      0.3519200      0.3205400      0.2938300      0.2708300      0.2505800      0.2293600      0.2120500      0.1930000      0.1770900      0.1613500      0.1458200      0.1308000      0.1169400      0.1058300    
  0.3377000      0.3719900      0.4084500      0.4483300      0.4958700      0.5482100      0.6096300      0.6785700      0.7530300      0.7683400      0.6931500      0.6238600      0.5599600      0.5034200      0.4517200      0.4015100      0.3628000      0.3286100      0.3012400      0.2781800      0.2581300      0.2374400      0.2203300      0.2014000      0.1852800      0.1690700      0.1527100      0.1363700      0.1201100      0.1070300    
  0.3555500      0.3913500      0.4299200      0.4749000      0.5206200      0.5724200      0.6297000      0.6893300      0.7398400      0.7441200      0.6945800      0.6314600      0.5701200      0.5110900      0.4569200      0.4059900      0.3660500      0.3332600      0.3066800      0.2847800      0.2658700      0.2463700      0.2273300      0.2114900      0.1954800      0.1790500      0.1614500      0.1441000      0.1267700      0.1093000    
  0.3718200      0.4080700      0.4469600      0.4907700      0.5352900      0.5828200      0.6314300      0.6756400      0.7048100      0.7042000      0.6713600      0.6211300      0.5653200      0.5082600      0.4549600      0.4047200      0.3645600      0.3328600      0.3084800      0.2891900      0.2727800      0.2546000      0.2376000      0.2218000      0.2064000      0.1903400      0.1735800      0.1560800      0.1382600      0.1194800    
  0.3861600      0.4218400      0.4607100      0.5001600      0.5412800      0.5828800      0.6223200      0.6545200      0.6722300      0.6687400      0.6445200      0.6031800      0.5529700      0.4992400      0.4466900      0.3972400      0.3568800      0.3274600      0.3071800      0.2921900      0.2757900      0.2633500      0.2479300      0.2344800      0.2199300      0.2045800      0.1885400      0.1726600      0.1560800      0.1413600    
  0.3985100      0.4321200      0.4677900      0.5045100      0.5414900      0.5771600      0.6091300      0.6325900      0.6420400      0.6401300      0.6187100      0.5833400      0.5383200      0.4879300      0.4369200      0.3855800      0.3439300      0.3182200      0.3048600      0.2960000      0.2843000      0.2746400      0.2611300      0.2486600      0.2350900      0.2208700      0.2059200      0.1915600      0.1772100      0.1651500    
  0.4048600      0.4382500      0.4716700      0.5053300      0.5385600      0.5690000      0.5947800      0.6101600      0.6211900      0.6159200      0.5973100      0.5666600      0.5263700      0.4790000      0.4303100      0.3749200      0.3266200      0.3075200      0.3054500      0.3009600      0.2961100      0.2887000      0.2790700      0.2650500      0.2522600      0.2386700      0.2256200      0.2118700      0.1992800      0.1886400    
  0.4062800      0.4418500      0.4736700      0.5042600      0.5334000      0.5595700      0.5779300      0.5964900      0.6020200      0.5970700      0.5811600      0.5548900      0.5196300      0.4769200      0.4332100      0.3778800      0.3208000      0.3111500      0.3157100      0.3164400      0.3131300      0.3065000      0.2972800      0.2834700      0.2709700      0.2588400      0.2455500      0.2327600      0.2194100      0.2100900    
  0.4107900      0.4439200      0.4726200      0.5014300      0.5272700      0.5503500      0.5653600      0.5822300      0.5869800      0.5830900      0.5701800      0.5485600      0.5191300      0.4932800      0.4486700      0.4031900      0.3646700      0.3473700      0.3438700      0.3412700      0.3362000      0.3283400      0.3182300      0.3036800      0.2919000      0.2786800      0.2656700      0.2511600      0.2406000      0.2315700    
  0.4135500      0.4447800      0.4713100      0.4971400      0.5211200      0.5417900      0.5594300      0.5706200      0.5754600      0.5732300      0.5636800      0.5470600      0.5241100      0.5085600      0.4730800      0.4386200      0.4116800      0.3924500      0.3814800      0.3730100      0.3637300      0.3536500      0.3413700      0.3281300      0.3123200      0.2985400      0.2828000      0.2710100      0.2605400      0.2515900    
  0.4152870      0.4432130      0.4765750      0.4930700      0.5147700      0.5407500      0.5505300      0.5612500      0.5667500      0.5665600      0.5605600      0.5490400      0.5523200      0.5340500      0.5110800      0.4819700      0.4572800      0.4376200      0.4217600      0.4072000      0.3923400      0.3768300      0.3609500      0.3460900      0.3276900      0.3114800      0.2980800      0.2861000      0.2757100      0.2696900    
  0.4154070      0.4570360      0.4930700      0.5068320      0.5089800      0.5337200      0.5424600      0.5535800      0.5600600      0.5620300      0.5738500      0.5651800      0.5751400      0.5642100      0.5408500      0.5191400      0.4994200      0.4820800      0.4641100      0.4448400      0.4246000      0.4042900      0.3829000      0.3641200      0.3466900      0.3275400      0.3131300      0.3005400      0.2898200      0.2810000    
  0.4384930      0.4930700      0.5050390      0.5097450      0.5105100      0.5215200      0.5356100      0.5466500      0.5751600      0.5772500      0.5759100      0.6185100      0.6020700      0.5850500      0.5682100      0.5531400      0.5392800      0.5244600      0.5061700      0.4813100      0.4545400      0.4288000      0.4048900      0.3830700      0.3633800      0.3458300      0.3269100      0.3135200      0.3023200      0.2933000    
  0.4930700      0.5046870      0.5101280      0.5105100      0.5158500      0.5155200      0.5559400      0.5658300      0.5728100      0.5748300      0.5763800      0.6272300      0.6149100      0.6026200      0.5913300      0.5815900      0.5733400      0.5653900      0.5459500      0.5147600      0.4814400      0.4507700      0.4194400      0.3943700      0.3722300      0.3528600      0.3330100      0.3187900      0.3071700      0.2980900    
  0.5046460      0.5103190      0.5105100      0.5139600      0.5155200      0.5381200      0.5429000      0.5536200      0.5620600      0.5682500      0.6386300      0.6303300      0.6216100      0.6132000      0.6058900      0.6002100      0.5974000      0.5975200      0.5809400      0.5351400      0.4976100      0.4629500      0.4322800      0.4051700      0.3813100      0.3604900      0.3425700      0.3243200      0.3119800      0.3030500    
  0.5104140      0.5105100      0.5133300      0.5155200      0.5321800      0.5429000      0.5482600      0.5528600      0.5827950      0.6472500      0.6413200      0.6346400      0.6276600      0.6208900      0.6149200      0.6098900      0.6032500      0.5975400      0.5775800      0.5410100      0.5027200      0.4706700      0.4392500      0.4111100      0.3861100      0.3641400      0.3451300      0.3290400      0.3128000      0.3026000    
  0.5105100      0.5131200      0.5155200      0.5302000      0.5429000      0.5455800      0.5480070      0.5827910      0.6472500      0.6442850      0.6395200      0.6363000      0.6301500      0.6237400      0.6131500      0.6065600      0.5986900      0.5865200      0.5654000      0.5352400      0.5013300      0.4677100      0.4361200      0.4114900      0.3857700      0.3628700      0.3428200      0.3256800      0.3114900      0.2962800    
  0.5130500      0.5155200      0.5295400      0.5429000      0.5442400      0.5454960      0.5809070      0.6472500      0.6457670      0.6412680      0.6371950      0.6380900      0.6313600      0.6171400      0.6093700      0.6003700      0.5892200      0.5737700      0.5522800      0.5250500      0.4944400      0.4630100      0.4324600      0.4037300      0.3814300      0.3577300      0.3366700      0.3184000      0.3030600      0.2895400    
  0.5155200      0.5293200      0.5429000      0.5435700      0.5442120      0.5794730      0.6472500      0.6465090      0.6420040      0.6376430      0.6380900      0.6347250      0.6246000      0.6118100      0.6024700      0.5913200      0.5774400      0.5606400      0.5389600      0.5131800      0.4846200      0.4548800      0.4253300      0.3969000      0.3702000      0.3456400      0.3272400      0.3077100      0.2898600      0.2751300    
  0.5292470      0.5429000      0.5432350      0.5435610      0.5786260      0.6472500      0.6468790      0.6423440      0.6378660      0.6380900      0.6364070      0.6273060      0.6118100      0.6071400      0.6018670      0.5904100      0.5764670      0.5590130      0.5203800      0.5007500      0.4733900      0.4447800      0.4159400      0.3877100      0.3606900      0.3353600      0.3099500      0.2871900      0.2700100      0.2592200    
  0.5429000      0.5430680      0.5432320      0.5781680      0.6472500      0.6470650      0.6425080      0.6379780      0.6380900      0.6372490      0.6284030      0.6118100      0.6094750      0.6069390      0.5998060      0.5895810      0.5752970      0.5277580      0.4945600      0.4883700      0.4616900      0.4337500      0.4053400      0.3745900      0.3473700      0.3213800      0.2957800      0.2735600      0.2540600      0.2379200    
  0.5429840      0.5430670      0.5779290      0.6472500      0.6471570      0.6425890      0.6380340      0.6380900      0.6376690      0.6288880      0.6118100      0.6106430      0.6094080      0.6054060      0.5987750      0.5882280      0.5344940      0.4914650      0.4883700      0.4655800      0.4466800      0.4195100      0.3916400      0.3636400      0.3363100      0.3078000      0.2821800      0.2582700      0.2367000      0.2185600    
  0.5429830      0.5778070      0.6472500      0.6472040      0.6426300      0.6380620      0.6380900      0.6378800      0.6291140      0.6118100      0.6112260      0.6106200      0.6084860      0.6045300      0.5974700      0.5342400      0.4899180      0.4883700      0.4517880      0.4349900      0.4191680      0.4090200      0.3798900      0.3521900      0.3240200      0.2960900      0.2692300      0.2435100      0.2195000      0.1983300    
  0.5777460      0.6472500      0.6472270      0.6426500      0.6380760      0.6380900      0.6379850      0.6292240      0.6118100      0.6115180      0.6112190      0.6101110      0.6078790      0.5687510      0.5183670      0.4601790      0.4597850      0.4428270      0.4228710      0.4182100      0.4233000      0.3973300      0.3709500      0.3425800      0.3142400      0.2861500      0.2584000      0.2311100      0.2046000      0.1820600    
  0.6472500      0.6472380      0.6426600      0.6380830      0.6380900      0.6380370      0.6292770      0.6118100      0.6116640      0.6115160      0.6109490      0.6097360      0.5431750      0.4645680      0.4645200      0.4492630      0.4308340      0.4312000      0.4199060      0.4154130      0.4131200      0.3888900      0.3629200      0.3347300      0.3065600      0.2785300      0.2505800      0.2225500      0.1964400      0.1676300    
  0.6472440      0.6426650      0.6380870      0.6380900      0.6380640      0.6293040      0.6118100      0.6117370      0.6116630      0.6113760      0.5569720      0.4763300      0.4684830      0.4645650      0.4646170      0.4645200      0.4419120      0.4304670      0.4312000      0.4148020      0.4098200      0.3825200      0.3546900      0.3286500      0.3010600      0.2738000      0.2466600      0.2211800      0.1929100      0.1635500    
  0.6426670      0.6380880      0.6380900      0.6380770      0.6293170      0.6118100      0.6117730      0.6117370      0.6115920      0.5465340      0.4763300      0.4763300      0.4763300      0.4684690      0.4645580      0.4647140      0.4645200      0.4414620      0.4297350      0.4312000      0.4050700      0.3779000      0.3502900      0.3229000      0.2977900      0.2720800      0.2484100      0.2233800      0.1978000      0.1721100    
  0.6380890      0.6380900      0.6380830      0.6293230      0.6118100      0.6117920      0.6117730      0.5892680      0.5432970      0.4763490      0.4763300      0.4763300      0.4763300      0.4763300      0.4683700      0.4644400      0.4649080      0.4645200      0.4403920      0.4282700      0.4023500      0.3752600      0.3477100      0.3207200      0.2954200      0.2738900      0.2523900      0.2310500      0.2097400      0.1893900    
  0.6380900      0.6380870      0.6293270      0.6118100      0.6118010      0.5850090      0.5448300      0.5334000      0.5219700      0.4915960      0.4763880      0.4763300      0.4763300      0.4763300      0.4763300      0.4679950      0.4638920      0.4652950      0.4645200      0.4375800      0.4093100      0.3800200      0.3473200      0.3185600      0.2957900      0.2766100      0.2600600      0.2432900      0.2266600      0.2112400    
  0.6380880      0.6293280      0.6118100      0.6118050      0.5796630      0.5448380      0.5448380      0.5448300      0.5334000      0.5219700      0.4916970      0.4765040      0.4763300      0.4763300      0.4763300      0.4763300      0.4668500      0.4618600      0.4660700      0.4397800      0.4038600      0.3775000      0.3496300      0.3215200      0.2975400      0.2819900      0.2695600      0.2593600      0.2472600      0.2357500    
