iMOD/TUTORIALS/TUT_MetaswapAnalyser/model_MetaSWAP/meteo/Precipitation/Precipitation_20060824_L1.ASC
NCOLS                30
NROWS                30
XLLCORNER     160000.00
YLLCORNER     340000.00
CELLSIZE        1000.00
NODATA_VALUE   -9999.00
   6.164640       5.548240       4.867720       4.184480       3.614140       3.371430       3.477400       3.729020       3.995980       4.348120       4.817220       5.282480       5.693870       6.085340       6.422030       6.758860       7.007650       7.275190       7.549440       7.826830       8.110780       8.404800       8.707210       9.007910       9.330540       9.658320       9.984400       10.29620       10.57100       10.83090    
   5.706000       5.179810       4.615480       4.098830       3.679520       3.465490       3.437000       3.507330       3.584420       3.812290       4.307220       4.745220       5.131910       5.509130       5.825030       6.088880       6.377370       6.676130       6.976010       7.300400       7.639310       7.991350       8.352210       8.710660       9.087720       9.468880       9.849730       10.22140       10.52520       10.85010    
   5.394580       4.953490       4.508900       4.074410       3.745730       3.547020       3.460910       3.451250       3.497110       3.684480       4.020360       4.367820       4.695970       4.995390       5.265500       5.506290       5.778320       6.078760       6.413420       6.778830       7.155810       7.558640       7.958450       8.377270       8.800390       9.226320       9.612300       10.04290       10.51690       10.88010    
   5.194270       4.823690       4.458690       4.089330       3.825280       3.639770       3.532860       3.485930       3.520360       3.655980       3.871130       4.103520       4.336620       4.556640       4.760580       4.957380       5.196250       5.491840       5.847840       6.251040       6.683520       7.108410       7.564480       7.981370       8.440940       8.901500       9.361880       9.819940       10.31300       10.72120    
   5.070610       4.755660       4.393140       4.120690       3.893820       3.723400       3.612360       3.595090       3.596210       3.659020       3.745960       3.906070       4.050060       4.178270       4.304200       4.435930       4.609950       4.892560       5.272260       5.715110       6.173280       6.657700       7.145510       7.622650       8.104660       8.582100       9.052230       9.564620       9.974230       10.30980    
   5.000460       4.651960       4.395700       4.161930       3.962460       3.805140       3.741760       3.674640       3.573990       3.610110       3.670810       3.744060       3.820230       3.868800       3.911820       3.937240       4.042680       4.319150       4.747800       5.243710       5.745210       6.259200       6.768530       7.269340       7.761230       8.236030       8.701950       9.194290       9.574070       9.869270    
   4.996800       4.637290       4.414580       4.209530       4.102200       3.949520       3.831530       3.642790       3.613370       3.606910       3.618530       3.634450       3.639520       3.622800       3.599240       3.506650       3.468810       3.766570       4.289520       4.829580       5.369750       5.897700       6.413240       6.917600       7.408180       7.883230       8.398150       8.809050       9.163650       9.445280    
   4.961850       4.895100       4.544960       4.355050       4.184860       3.881230       3.774280       3.700140       3.646840       3.612040       3.587620       3.562890       3.525870       3.455870       3.400260       3.247000       3.057160       3.411430       3.979890       4.530780       5.064210       5.583080       6.088980       6.583150       7.062460       7.588380       8.020800       8.418030       8.773920       9.051700    
   5.120960       4.950650       4.751450       4.427940       4.064500       3.940460       3.831960       3.749990       3.681880       3.626250       3.576890       3.526200       3.466430       3.433870       3.338610       3.231290       3.207380       3.439770       3.862310       4.339950       4.828060       5.314920       5.795920       6.268920       6.790780       7.232130       7.649360       8.043870       8.383550       8.667310    
   5.166270       5.018930       4.833550       4.357430       4.116850       3.996630       3.889610       3.798510       3.719430       3.649150       3.583400       3.517650       3.448470       3.443800       3.343430       3.301140       3.343280       3.518540       3.829330       4.219490       4.647740       5.082060       5.528800       5.972520       6.465600       6.886220       7.295960       7.667570       8.003880       8.295530    
   5.175720       5.006250       4.655710       4.412930       4.273970       4.050200       3.942390       3.846640       3.759670       3.679250       3.602810       3.528240       3.556220       3.410860       3.360420       3.341040       3.396210       3.544590       3.794110       4.122440       4.501340       4.907550       5.324970       5.791310       6.216070       6.591190       6.971840       7.330520       7.661700       7.928980    
   5.174110       4.812650       4.412930       4.351170       4.334880       4.204360       4.087240       3.894880       3.802240       3.714660       3.542840       3.473900       3.503970       3.459330       3.379330       3.357290       3.393700       3.506470       3.706870       3.989220       4.329070       4.700800       5.134360       5.525690       5.910910       6.278460       6.639430       6.984370       7.310000       7.612210    
   4.935430       4.412930       4.376470       4.358890       4.382900       4.266030       4.147760       4.035120       3.783040       3.639780       3.562620       3.670640       3.566880       3.474180       3.381160       3.337750       3.336500       3.403070       3.562010       3.819900       4.175400       4.531580       4.894900       5.256530       5.612010       5.959030       6.288300       6.614150       6.928530       7.229980    
   4.412930       4.385800       4.370900       4.382900       4.325380       4.327210       4.016080       3.915230       3.818550       3.739320       3.647790       3.698780       3.588390       3.485750       3.392990       3.299980       3.248160       3.236260       3.360750       3.650930       3.984710       4.325500       4.670930       5.003730       5.328560       5.645320       5.947460       6.249510       6.546340       6.839020    
   4.389630       4.376900       4.382900       4.345160       4.327210       4.150720       4.108860       4.001850       3.898400       3.798080       3.983360       3.841810       3.706380       3.576670       3.452120       3.279990       3.180200       3.075020       3.144540       3.500150       3.823590       4.144240       4.453370       4.751950       5.041100       5.322400       5.597940       5.863220       6.134740       6.371590    
   4.379900       4.382900       4.351760       4.327210       4.195600       4.108860       4.055360       4.003040       3.970410       4.183320       4.032150       3.886880       3.746850       3.611420       3.476030       3.350630       3.138920       3.094310       3.181400       3.427070       3.708120       3.973640       4.237890       4.491840       4.736570       4.974210       5.207760       5.441030       5.673360       5.919220    
   4.382900       4.353960       4.327210       4.210560       4.108860       4.082110       4.055750       4.053030       4.183320       4.107730       3.929400       3.933480       3.783400       3.650170       3.338100       3.262990       3.191220       3.183040       3.258270       3.421560       3.630580       3.851690       4.070400       4.264560       4.464320       4.657740       4.847850       5.038900       5.235990       5.433450    
   4.354690       4.327210       4.215540       4.108860       4.095480       4.082240       4.093550       4.183320       4.145530       3.920780       3.772320       3.611150       3.527170       3.447670       3.372320       3.307860       3.249920       3.252310       3.309100       3.420450       3.568300       3.732050       3.898140       4.059730       4.198080       4.343880       4.486450       4.630250       4.780980       4.939150    
   4.327210       4.217200       4.108860       4.102170       4.095530       4.113650       4.183320       4.164420       3.910500       3.691730       3.611150       3.569160       3.515750       3.477010       3.407190       3.349880       3.312870       3.296920       3.333960       3.406600       3.505330       3.617630       3.733100       3.845120       3.950520       4.049020       4.126650       4.219490       4.314490       4.447770    
   4.217760       4.108860       4.105520       4.102190       4.123670       4.183320       4.173870       3.904170       3.651440       3.611150       3.590160       3.543270       3.477010       3.442100       3.411360       3.356650       3.319890       3.314580       3.349310       3.376860       3.435180       3.502790       3.571940       3.636840       3.694150       3.743030       3.809530       3.848380       3.916940       3.952390    
   4.108860       4.107190       4.105520       4.128670       4.183320       4.178600       3.900760       3.631300       3.611150       3.600650       3.555400       3.477010       3.459560       3.443490       3.403370       3.362630       3.330370       3.334110       3.354540       3.332210       3.356440       3.385520       3.413460       3.451930       3.465890       3.468350       3.483590       3.468740       3.454470       3.453060    
   4.108020       4.107190       4.131180       4.183320       4.180960       3.899010       3.621220       3.611150       3.605900       3.561050       3.477010       3.468280       3.460020       3.435470       3.403160       3.365460       3.340540       3.343370       3.332210       3.322190       3.277930       3.276050       3.270240       3.255770       3.248890       3.208220       3.152030       3.083190       3.010040       2.948420    
   4.108020       4.132430       4.183320       4.182140       3.898120       3.616190       3.611150       3.608530       3.563780       3.477010       3.472650       3.468440       3.454590       3.432880       3.401360       3.310110       3.337790       3.332210       3.214920       3.175900       3.162800       3.148840       3.129300       3.085490       3.026640       2.949300       2.849500       2.730070       2.597680       2.469370    
   4.133050       4.183320       4.182730       3.897680       3.613670       3.611150       3.609840       3.565120       3.477010       3.474830       3.472700       3.465220       3.451970       3.257390       3.144630       3.101540       3.103620       3.085200       3.062180       3.029370       3.073880       3.037280       2.984480       2.913310       2.825350       2.716290       2.582220       2.420930       2.234420       2.036660    
   4.183320       4.183020       3.897460       3.612410       3.611150       3.610490       3.565780       3.477010       3.475920       3.474850       3.470920       3.463300       3.129570       2.738020       2.740730       2.881140       2.863210       2.875030       2.941650       2.981270       2.984850       2.916660       2.841040       2.750110       2.642890       2.514510       2.359350       2.171810       1.949010       1.688460    
   4.183170       3.897350       3.611780       3.611150       3.610820       3.566110       3.477010       3.476460       3.475920       3.473890       3.100540       2.546820       2.671990       2.735260       2.735300       2.740730       2.816980       2.851390       2.875030       2.880940       2.885080       2.795880       2.698600       2.597960       2.480000       2.344240       2.184180       1.993310       1.762970       1.488570    
   3.897290       3.611460       3.611150       3.610990       3.566270       3.477010       3.476740       3.476470       3.475430       3.028800       2.546820       2.546820       2.546820       2.667890       2.729740       2.729870       2.740730       2.800790       2.827750       2.875030       2.778790       2.675660       2.565550       2.449130       2.332400       2.200990       2.052980       1.880040       1.677560       1.449460    
   3.611310       3.611150       3.611070       3.566350       3.477010       3.476870       3.476740       3.146090       2.849780       2.546540       2.546820       2.546820       2.546820       2.546820       2.659680       2.718610       2.719020       2.740730       2.759640       2.780470       2.672210       2.556190       2.433800       2.309410       2.187840       2.075880       1.954130       1.816920       1.662180       1.501140    
   3.611150       3.611110       3.566400       3.477010       3.476940       2.945910       2.149540       2.152630       2.155720       2.415700       2.545990       2.546820       2.546820       2.546820       2.546820       2.643410       2.696080       2.697300       2.740730       2.642350       2.534340       2.415350       2.283270       2.165630       2.048110       1.956270       1.876490       1.784530       1.681410       1.579540    
   3.611130       3.566420       3.477010       3.476980       2.839680       2.149400       2.149400       2.149540       2.152620       2.155720       2.414270       2.544320       2.546820       2.546820       2.546820       2.546820       2.611740       2.650220       2.653880       2.550160       2.428550       2.302800       2.161850       2.012370       1.893410       1.846520       1.817670       1.769980       1.713370       1.656570    
