iMOD/TUTORIALS/TUT_MetaswapAnalyser/model_MetaSWAP/meteo/Precipitation/Precipitation_20061216_L1.ASC
NCOLS                30
NROWS                30
XLLCORNER     160000.00
YLLCORNER     340000.00
CELLSIZE        1000.00
NODATA_VALUE   -9999.00
   4.752560       4.703820       4.658600       4.614690       4.568690       4.504050       4.421140       4.329410       4.236840       4.157530       4.091690       4.030940       3.970350       3.913270       3.856000       3.798530       3.755550       3.706720       3.657080       3.608650       3.560660       3.515350       3.466440       3.426260       3.373830       3.320470       3.266890       3.214320       3.164910       3.118620    
   4.801060       4.749680       4.696850       4.646130       4.592510       4.524300       4.444000       4.354350       4.259140       4.177540       4.119760       4.058580       3.997600       3.936780       3.876590       3.827710       3.772140       3.724850       3.677900       3.629610       3.581460       3.534950       3.484220       3.440570       3.384120       3.325470       3.265180       3.204260       3.153210       3.095510    
   4.840580       4.787620       4.734260       4.682680       4.619410       4.550190       4.472440       4.387680       4.302370       4.224740       4.158380       4.094400       4.029560       3.966160       3.905180       3.852280       3.795620       3.742870       3.693490       3.645860       3.601400       3.554560       3.512660       3.456470       3.396730       3.333700       3.277200       3.207300       3.132880       3.064330    
   4.877520       4.823610       4.768530       4.714660       4.651460       4.582580       4.507830       4.428390       4.352440       4.274900       4.206160       4.137440       4.068460       4.001620       3.934220       3.875000       3.816240       3.763640       3.716240       3.671110       3.625170       3.589530       3.538400       3.490910       3.427470       3.359580       3.287840       3.212980       3.133340       3.056920    
   4.913100       4.859050       4.807630       4.748770       4.686290       4.619510       4.548500       4.474170       4.401420       4.329590       4.253820       4.186400       4.115480       4.044370       3.968570       3.901090       3.843380       3.792360       3.749800       3.709760       3.679750       3.632020       3.580830       3.521980       3.455770       3.384670       3.309790       3.229000       3.153010       3.082350    
   4.948110       4.898100       4.842760       4.785100       4.724480       4.660560       4.586020       4.523540       4.447660       4.376780       4.308990       4.239550       4.166250       4.092370       4.011120       3.934850       3.867130       3.818790       3.784740       3.751830       3.723990       3.677290       3.624810       3.562020       3.492750       3.419560       3.341940       3.259660       3.183850       3.114640    
   4.984950       4.932610       4.879020       4.823430       4.753790       4.695000       4.633580       4.563880       4.497330       4.434350       4.369470       4.301760       4.229880       4.151800       4.063440       3.976700       3.893980       3.853300       3.835270       3.818900       3.783500       3.736040       3.677970       3.614080       3.540640       3.462410       3.377110       3.296860       3.219840       3.148260    
   4.958080       4.950090       4.900580       4.849450       4.796410       4.698430       4.670490       4.609620       4.553540       4.495690       4.435580       4.372250       4.304280       4.229970       4.138170       4.049650       3.950110       3.922980       3.920660       3.899250       3.861650       3.809820       3.746240       3.676440       3.597250       3.508750       3.423840       3.339410       3.258950       3.182470    
   4.966130       4.985300       4.938440       4.890330       4.783830       4.737740       4.718320       4.662040       4.611910       4.560320       4.506800       4.450500       4.390260       4.307200       4.240350       4.168030       4.099890       4.059900       4.037710       4.006010       3.959420       3.898630       3.826200       3.748080       3.656090       3.566140       3.475090       3.386330       3.299000       3.216620    
   4.995780       5.020720       4.976830       4.859670       4.818720       4.777210       4.758060       4.715030       4.671390       4.627000       4.581550       4.534480       4.485080       4.411360       4.362070       4.309470       4.256850       4.218120       4.180410       4.133320       4.072200       4.000420       3.915890       3.823960       3.725910       3.627720       3.530790       3.433800       3.339990       3.250840    
   5.018870       4.997780       4.936730       4.889690       4.852830       4.815870       4.804380       4.767350       4.730490       4.693850       4.657350       4.620840       4.551230       4.572960       4.515700       4.474280       4.430240       4.383270       4.326800       4.256010       4.170650       4.073990       3.970120       3.857700       3.749680       3.650260       3.544770       3.442450       3.344290       3.285200    
   5.018870       4.960770       4.889690       4.885810       4.885320       4.852910       4.849000       4.817590       4.787450       4.758560       4.825450       4.785990       4.723450       4.673780       4.650880       4.627410       4.599790       4.558420       4.496320       4.409250       4.303170       4.186520       4.061760       3.939890       3.819550       3.707510       3.593920       3.484440       3.379550       3.279700    
   4.979220       4.889690       4.897810       4.900360       4.915400       4.917410       4.890250       4.864540       4.980230       4.944000       4.910210       4.809120       4.795890       4.785590       4.778720       4.773810       4.765710       4.740190       4.673960       4.566370       4.431640       4.292300       4.153430       4.017920       3.886860       3.760660       3.645480       3.529610       3.418690       3.312720    
   4.889690       4.902700       4.907880       4.915400       4.927670       4.950200       5.116390       5.081190       5.047780       5.029660       5.000010       4.888920       4.884250       4.884330       4.890210       4.902300       4.918730       4.921520       4.858680       4.712390       4.549290       4.388670       4.204530       4.053230       3.910250       3.775140       3.654140       3.533640       3.419490       3.311260    
   4.904860       4.911640       4.915400       4.931090       4.950200       5.091320       5.207380       5.172200       5.139010       5.108440       4.971580       4.966620       4.965750       4.970240       4.981450       4.999770       5.028550       5.065690       5.016490       4.808240       4.612780       4.432550       4.264200       4.106640       3.958880       3.820080       3.689460       3.573090       3.456750       3.346150    
   4.913520       4.915400       4.932230       4.950200       5.082970       5.207380       5.189790       5.172860       5.113120       5.032830       5.026930       5.023760       5.024190       5.029050       5.029170       5.045160       5.049600       5.058480       4.990550       4.829690       4.649900       4.469020       4.301430       4.143690       3.995550       3.856480       3.725830       3.602890       3.493570       3.383690    
   4.915400       4.932610       4.950200       5.080180       5.207380       5.198580       5.190010       5.127150       5.032830       5.029880       5.051150       5.068610       5.053090       5.053770       5.028810       5.033060       5.031180       5.004050       4.927860       4.799590       4.644580       4.483340       4.325100       4.166250       4.021860       3.885840       3.757980       3.637850       3.524880       3.426230    
   4.932740       4.950200       5.079250       5.207380       5.202980       5.198660       5.137140       5.032830       5.031350       5.060720       5.086110       5.103620       5.093160       5.036340       5.028830       5.016470       4.993920       4.947060       4.867240       4.754060       4.618350       4.472740       4.325930       4.182770       4.038490       3.908240       3.785660       3.670650       3.562910       3.463800    
   4.950200       5.078940       5.207380       5.205180       5.203010       5.142900       5.032830       5.032090       5.064680       5.094870       5.103620       5.098390       5.067310       5.036120       5.016480       4.989430       4.949600       4.893230       4.811070       4.705790       4.583120       4.450810       4.315630       4.182270       4.053630       3.931290       3.809150       3.701200       3.602290       3.508220    
   5.078840       5.207380       5.206280       5.205190       5.145980       5.032830       5.032460       5.066490       5.099240       5.103620       5.101010       5.076360       5.036120       5.026300       5.014010       4.985170       4.944090       4.884630       4.736890       4.659010       4.545040       4.423130       4.298350       4.174800       4.055330       3.941730       3.834830       3.737660       3.643040       3.552130    
   5.207380       5.206830       5.206280       5.147570       5.032830       5.032650       5.067370       5.101430       5.103620       5.102310       5.079280       5.036120       5.031210       5.025480       5.008490       4.981090       4.937960       4.763630       4.637190       4.615370       4.507190       4.393100       4.277070       4.162460       4.052220       3.947950       3.850070       3.760250       3.677830       3.602770    
   5.207100       5.206830       5.148380       5.032830       5.032740       5.067800       5.102530       5.103620       5.102970       5.080330       5.036120       5.033660       5.030940       5.021730       5.005020       4.975850       4.784870       4.626280       4.615370       4.531170       4.470960       4.362540       4.253590       4.147200       4.043170       3.950970       3.863720       3.784180       3.712240       3.647220    
   5.207110       5.148790       5.032830       5.032780       5.068010       5.103070       5.103620       5.103290       5.080760       5.036120       5.034890       5.033570       5.028780       5.019230       5.000860       4.785100       4.620820       4.615370       4.494050       4.437070       4.374950       4.331650       4.229440       4.129350       4.036500       3.951200       3.874400       3.805980       3.745430       3.692110    
   5.148990       5.032830       5.032810       5.068120       5.103350       5.103620       5.103460       5.080950       5.036120       5.035510       5.034860       5.032410       5.027190       4.916780       4.749740       4.541070       4.538930       4.476460       4.403880       4.392600       4.403170       4.306440       4.204900       4.110940       4.025320       3.949440       3.883540       3.827010       3.778690       3.738500    
   5.032830       5.032820       5.068170       5.103480       5.103620       5.103540       5.081040       5.036120       5.035810       5.035500       5.034260       5.031490       4.843500       4.619770       4.618270       4.533910       4.463450       4.462490       4.406510       4.381980       4.382030       4.276110       4.181550       4.091500       4.012530       3.946020       3.891700       3.848070       3.814060       3.785390    
   5.032820       5.068200       5.103550       5.103620       5.103580       5.081080       5.036120       5.035970       5.035810       5.035190       4.987570       4.918290       4.720570       4.621340       4.621260       4.618270       4.515010       4.464400       4.462490       4.388980       4.360750       4.255410       4.156320       4.071570       3.998250       3.941320       3.899710       3.871380       3.850950       3.836220    
   5.068210       5.103590       5.103620       5.103600       5.081100       5.036120       5.036040       5.035970       5.035660       4.979030       4.918290       4.918290       4.918290       4.722890       4.624470       4.624260       4.618270       4.514890       4.466310       4.462490       4.350650       4.240450       4.137560       4.048690       3.982480       3.935810       3.909600       3.897090       3.893150       3.893530    
   5.103600       5.103620       5.103610       5.081110       5.036120       5.036080       5.036040       5.172710       5.115550       4.918630       4.918290       4.918290       4.918290       4.918290       4.727520       4.630880       4.630250       4.618270       4.512480       4.470130       4.352180       4.234440       4.123650       4.029660       3.963150       3.930750       3.922450       3.929810       3.944230       3.960470    
   5.103620       5.103610       5.081110       5.036120       5.036100       5.306920       5.713070       5.648120       5.583170       5.140830       4.919300       4.918290       4.918290       4.918290       4.918290       4.736640       4.644120       4.642230       4.618270       4.499010       4.373640       4.245440       4.120050       4.012500       3.944650       3.926530       3.944410       3.975480       4.009440       4.041220    
   5.103620       5.081120       5.036120       5.036110       5.361250       5.713310       5.713310       5.713070       5.648130       5.583170       5.142580       4.921310       4.918290       4.918290       4.918290       4.918290       4.753920       4.671850       4.666190       4.545110       4.412790       4.276810       4.137300       4.006090       3.924450       3.934410       3.985670       4.043310       4.095710       4.140710    
