iMOD/TUTORIALS/TUT_MetaswapAnalyser/model_MetaSWAP/meteo/Precipitation/Precipitation_20050515_L1.ASC
NCOLS                30
NROWS                30
XLLCORNER     160000.00
YLLCORNER     340000.00
CELLSIZE        1000.00
NODATA_VALUE   -9999.00
   2.158640       2.399900       2.652370       2.920960       3.220530       3.580960       4.013820       4.483760       4.925000       5.159010       5.140580       5.028900       4.877090       4.719100       4.536500       4.347960       4.059760       3.825030       3.602940       3.379130       3.157120       2.940040       2.730300       2.525060       2.335100       2.155770       1.987580       1.831510       1.689840       1.564810    
   2.210500       2.462990       2.730430       3.022310       3.349870       3.728110       4.163940       4.649680       5.173000       5.440020       5.287550       5.126140       4.957700       4.795120       4.609880       4.342840       4.137890       3.932210       3.698770       3.482000       3.266910       3.055720       2.850480       2.648110       2.458430       2.276890       2.103670       1.939310       1.761000       1.629270    
   2.260620       2.519510       2.798060       3.101540       3.430760       3.804980       4.218610       4.657990       5.067580       5.282460       5.242670       5.119710       4.973030       4.814760       4.640220       4.399700       4.201810       3.999240       3.793810       3.587580       3.362420       3.159310       2.956270       2.764220       2.578270       2.398430       2.193450       2.031280       1.872280       1.726420    
   2.302310       2.562670       2.842520       3.144970       3.473030       3.826840       4.199210       4.560480       4.867980       5.050360       5.088230       5.029020       4.919710       4.787980       4.634080       4.427420       4.241430       4.050350       3.856260       3.661180       3.466930       3.251260       3.062870       2.840210       2.665030       2.495710       2.331710       2.172230       2.014120       1.864010    
   2.333660       2.590760       2.865400       3.158560       3.469800       3.795200       4.124020       4.421720       4.676410       4.842110       4.900700       4.886350       4.815680       4.712590       4.597770       4.431980       4.240020       4.060530       3.877400       3.693340       3.501760       3.322030       3.143800       2.959740       2.794860       2.635470       2.481380       2.329050       2.188460       2.061530    
   2.354230       2.604250       2.869050       3.147890       3.438190       3.734110       4.015260       4.278700       4.473070       4.635000       4.719190       4.736970       4.702310       4.629780       4.548030       4.405550       4.251570       4.088750       3.920760       3.751290       3.575040       3.409180       3.244800       3.087490       2.935280       2.779060       2.639510       2.503260       2.381280       2.274160    
   2.383540       2.604790       2.856900       3.119030       3.374010       3.645180       3.906530       4.103920       4.307060       4.454390       4.546090       4.584360       4.576750       4.531760       4.501280       4.380910       4.247910       4.102530       3.950320       3.790560       3.637370       3.487230       3.341180       3.197340       3.061440       2.931540       2.803790       2.689540       2.580630       2.490780    
   2.355750       2.598270       2.817160       3.064000       3.313740       3.575990       3.753230       3.969980       4.148710       4.287810       4.383020       4.434770       4.447160       4.423540       4.439880       4.340100       4.228560       4.100450       3.961480       3.823720       3.687640       3.554750       3.426160       3.300080       3.182440       3.066230       2.963480       2.869510       2.786800       2.713850    
   2.334810       2.588060       2.811450       3.016990       3.266260       3.490560       3.639710       3.837440       4.001470       4.133340       4.229760       4.290380       4.317400       4.435430       4.367640       4.284490       4.188540       4.080620       3.961940       3.842670       3.724870       3.610350       3.500380       3.393230       3.289480       3.199060       3.117020       3.045650       2.982330       2.928860    
   2.331850       2.571890       2.780350       2.998920       3.199100       3.404720       3.538180       3.712220       3.864090       3.989430       4.085610       4.151950       4.189570       4.350910       4.287960       4.218690       4.140590       4.047880       3.949960       3.850640       3.752710       3.652870       3.562100       3.477250       3.390860       3.320960       3.261750       3.210400       3.169060       3.137120    
   2.348500       2.561360       2.825140       2.949410       3.142390       3.304240       3.433750       3.594040       3.735490       3.854770       3.949730       4.019580       4.288600       4.179660       4.158200       4.117240       4.065300       4.004770       3.938510       3.869340       3.799650       3.731260       3.665760       3.600310       3.548140       3.486830       3.446050       3.414640       3.392980       3.333690    
   2.351500       2.671100       2.949410       3.041590       3.076880       3.233930       3.346320       3.482460       3.614730       3.728280       3.704120       3.791030       4.072230       4.085110       4.060300       4.031190       3.992540       3.947140       3.897750       3.846940       3.796360       3.747350       3.700100       3.658440       3.622780       3.588470       3.568740       3.559110       3.560240       3.571890    
   2.531060       2.949410       3.006490       3.037280       2.997680       3.108050       3.254290       3.389240       3.339590       3.460790       3.566050       3.961880       3.975240       3.975870       3.959020       3.939630       3.911920       3.878880       3.844620       3.812030       3.778060       3.747290       3.719350       3.695810       3.678380       3.668770       3.661930       3.672310       3.694820       3.729930    
   2.949410       2.992760       3.017480       2.997680       3.045850       3.031810       2.953880       3.089340       3.214980       3.329980       3.431310       3.842900       3.859620       3.865590       3.861420       3.844120       3.825840       3.801370       3.779640       3.762940       3.748060       3.734080       3.695640       3.683670       3.678740       3.682770       3.692420       3.719610       3.761150       3.818360    
   2.986860       3.007580       2.997680       3.025110       3.031810       2.943760       2.845590       2.972630       3.091620       3.201190       3.709350       3.734000       3.750120       3.757920       3.757840       3.748140       3.736090       3.717660       3.705220       3.696420       3.689840       3.683770       3.680520       3.682080       3.690410       3.707540       3.735470       3.770690       3.826140       3.869070    
   3.002630       2.997680       3.018200       3.031810       2.940390       2.845590       2.909110       2.969950       3.206990       3.562510       3.594260       3.619140       3.637110       3.648340       3.653840       3.652860       3.635790       3.630200       3.623780       3.618110       3.613020       3.624000       3.627940       3.636900       3.652800       3.677600       3.713390       3.762290       3.822480       3.904070    
   2.997680       3.015900       3.031810       2.939260       2.845590       2.877350       2.908220       3.162140       3.562510       3.578380       3.540170       3.504730       3.524810       3.538870       3.534810       3.537740       3.538310       3.540700       3.542600       3.545100       3.548790       3.554580       3.563830       3.596960       3.620360       3.651840       3.693260       3.746560       3.813640       3.879740    
   3.015130       3.031810       2.938890       2.845590       2.861470       2.877050       3.127550       3.562510       3.570450       3.512750       3.462470       3.420220       3.435460       3.412510       3.421900       3.428440       3.437000       3.445790       3.454470       3.463840       3.474540       3.487360       3.503310       3.523630       3.568500       3.603420       3.646720       3.700000       3.764730       3.829950    
   3.031810       2.938760       2.845590       2.853530       2.861370       3.107150       3.562510       3.566480       3.501460       3.441350       3.420220       3.427840       3.390990       3.295780       3.307140       3.316630       3.324500       3.345670       3.359820       3.374790       3.391080       3.409250       3.430010       3.454210       3.482890       3.517200       3.576920       3.626510       3.673400       3.743100    
   2.938720       2.845590       2.849560       2.853500       3.096140       3.562510       3.564490       3.496290       3.430780       3.420220       3.424030       3.383710       3.295780       3.301460       3.306520       3.316090       3.328930       3.343330       3.307090       3.278710       3.299410       3.321620       3.345700       3.372110       3.401440       3.434450       3.474690       3.502800       3.540780       3.616410    
   2.845590       2.847580       2.849550       3.090430       3.562510       3.563500       3.493800       3.425500       3.420220       3.422120       3.380930       3.295780       3.298620       3.301250       3.308020       3.317180       3.329450       3.276680       3.227580       3.176460       3.200700       3.226020       3.252380       3.282630       3.311210       3.341290       3.348100       3.382880       3.422400       3.467610    
   2.846580       2.847570       3.087520       3.562510       3.563010       3.492580       3.422860       3.420220       3.421170       3.379760       3.295780       3.297200       3.298550       3.302630       3.308820       3.318220       3.260360       3.202020       3.176460       3.158860       3.099430       3.127080       3.155010       3.182780       3.195840       3.209910       3.235490       3.261600       3.289310       3.322360    
   2.846580       3.086040       3.562510       3.562760       3.491970       3.421540       3.420220       3.420700       3.379230       3.295780       3.296490       3.297180       3.299460       3.303330       3.309890       3.178070       3.189240       3.176460       3.018870       2.969250       2.993780       3.020670       3.025650       3.055610       3.080300       3.102370       3.121750       3.138330       3.152950       3.168100    
   3.085310       3.562510       3.562630       3.491670       3.420880       3.420220       3.420460       3.378980       3.295780       3.296130       3.296480       3.297710       3.299990       2.999140       2.849820       2.812670       2.813700       2.817990       2.818700       2.770890       2.839070       2.882660       2.922750       2.950350       2.974740       2.994610       3.008920       3.017050       3.019090       3.032650    
   3.562510       3.562570       3.491520       3.420550       3.420220       3.420340       3.378860       3.295780       3.295960       3.296130       3.296780       3.298060       2.750230       2.079480       2.083890       2.411090       2.435060       2.450940       2.624980       2.715970       2.702710       2.749450       2.814380       2.844780       2.870580       2.889960       2.901430       2.903880       2.910180       2.890220    
   3.562540       3.491440       3.420380       3.420220       3.420280       3.378800       3.295780       3.295870       3.295960       3.296290       2.589250       1.527630       1.891690       2.074840       2.075070       2.083890       2.311720       2.419190       2.450940       2.562130       2.606120       2.640670       2.675320       2.740360       2.769570       2.790780       2.802410       2.814810       2.803670       2.778820    
   3.491400       3.420300       3.420220       3.420250       3.378770       3.295780       3.295820       3.295870       3.296040       2.447350       1.527630       1.527630       1.527630       1.884810       2.065550       2.066250       2.083890       2.292860       2.387430       2.450940       2.488740       2.529900       2.571960       2.611580       2.672590       2.698000       2.720750       2.725940       2.719730       2.704100    
   3.420260       3.420220       3.420230       3.378750       3.295780       3.295800       3.295820       2.682660       2.117960       1.527250       1.527630       1.527630       1.527630       1.527630       1.871010       2.046520       2.048610       2.083890       2.249180       2.323930       2.367370       2.416140       2.467490       2.517000       2.559380       2.614750       2.637350       2.648810       2.652090       2.651310    
   3.420220       3.420230       3.378750       3.295780       3.295790       2.273200      0.7393900      0.7911470      0.8429100       1.298360       1.526490       1.527630       1.527630       1.527630       1.527630       1.843630       2.007060       2.013330       2.083890       2.137940       2.199600       2.267860       2.325920       2.415900       2.475650       2.518050       2.558730       2.577470       2.591590       2.605140    
   3.420220       3.378740       3.295780       3.295790       2.068570      0.7392170      0.7392170      0.7393900      0.7911410      0.8429100       1.296400       1.524220       1.527630       1.527630       1.527630       1.527630       1.791200       1.923960       1.942770       1.999410       2.033280       2.119460       2.212910       2.309070       2.392500       2.445470       2.482320       2.500190       2.530810       2.557610    
