iMOD/TUTORIALS/TUT_MetaswapAnalyser/model_MetaSWAP/meteo/Precipitation/Precipitation_20050824_L1.ASC
NCOLS                30
NROWS                30
XLLCORNER     160000.00
YLLCORNER     340000.00
CELLSIZE        1000.00
NODATA_VALUE   -9999.00
   5.550640       5.492980       5.424650       5.342400       5.239970       5.094900       4.908770       4.702360       4.502070       4.357790       4.274880       4.211710       4.155440       4.098840       4.049210       4.022980       3.987620       3.965430       3.940610       3.921380       3.907160       3.881090       3.873500       3.867420       3.866220       3.867250       3.869510       3.871080       3.868310       3.862140    
   5.427300       5.359260       5.273670       5.178660       5.063830       4.915800       4.738610       4.540090       4.329270       4.182680       4.135800       4.086960       4.036290       3.996350       3.950320       3.910420       3.874000       3.855040       3.842190       3.826700       3.816040       3.794690       3.789760       3.786190       3.786940       3.790230       3.795810       3.802800       3.821610       3.821750    
   5.297590       5.222470       5.134170       5.034150       4.908380       4.763190       4.597530       4.418080       4.245830       4.115550       4.042910       3.986180       3.940730       3.887710       3.844470       3.804790       3.769310       3.741630       3.721680       3.708240       3.710040       3.692590       3.688050       3.687480       3.689280       3.693790       3.715720       3.724450       3.743390       3.750990    
   5.174910       5.094560       5.001700       4.898380       4.774560       4.635120       4.482940       4.325990       4.186540       4.067380       3.976790       3.908320       3.846910       3.789540       3.737260       3.692330       3.654520       3.627200       3.609840       3.599810       3.594200       3.599040       3.584740       3.599060       3.598590       3.599770       3.603360       3.610180       3.626910       3.637490    
   5.060830       4.977150       4.886070       4.778270       4.658170       4.526960       4.387990       4.262020       4.131510       4.017880       3.907940       3.831300       3.765450       3.700980       3.635790       3.582320       3.546830       3.520420       3.507700       3.502850       3.500480       3.498630       3.484120       3.488560       3.484260       3.480410       3.477620       3.484390       3.479860       3.468390    
   4.956010       4.873590       4.777970       4.672290       4.557050       4.433880       4.311540       4.194780       4.023920       3.931340       3.843350       3.764370       3.690510       3.615340       3.544520       3.479970       3.429050       3.403020       3.397010       3.397740       3.397690       3.395150       3.378580       3.369710       3.359440       3.354420       3.342200       3.336880       3.317990       3.290660    
   4.861650       4.775720       4.681320       4.578640       4.477420       4.360000       4.239430       4.053340       3.961790       3.867830       3.780840       3.699510       3.621350       3.543160       3.460120       3.381190       3.311700       3.290110       3.297190       3.303070       3.303210       3.297240       3.286070       3.259550       3.240700       3.219940       3.206980       3.180450       3.152570       3.114390    
   4.778600       4.701080       4.606920       4.506170       4.399520       4.125840       4.071030       3.986410       3.893660       3.805050       3.720920       3.640380       3.561630       3.482160       3.396970       3.311480       3.220560       3.208310       3.221900       3.225800       3.220400       3.206980       3.187130       3.151300       3.122060       3.100530       3.065260       3.027140       2.983120       2.937190    
   4.713600       4.621270       4.529830       4.432440       4.116650       4.030680       3.988130       3.912390       3.826410       3.743410       3.663630       3.586550       3.511010       3.429180       3.355130       3.280850       3.217280       3.187890       3.177860       3.167730       3.150170       3.124950       3.093360       3.045930       3.015280       2.971110       2.924560       2.873040       2.822100       2.768270    
   4.640220       4.549480       4.460700       4.098270       4.019200       3.939070       3.920930       3.839520       3.759810       3.682600       3.608200       3.536470       3.466920       3.391020       3.327740       3.267770       3.216960       3.180940       3.154590       3.127800       3.095180       3.049890       3.004120       2.954440       2.899510       2.843680       2.783500       2.725030       2.665180       2.604120    
   4.635780       4.550130       4.277050       3.999770       3.925690       3.898480       3.842790       3.767140       3.693210       3.621710       3.553130       3.487670       3.413220       3.427410       3.355520       3.288010       3.227420       3.172470       3.119460       3.063820       3.003730       2.939990       2.874160       2.815690       2.747210       2.661000       2.594760       2.529430       2.464940       2.445320    
   4.633860       4.365680       3.999770       3.890020       3.834210       3.815360       3.765880       3.694550       3.625760       3.559560       3.629150       3.550030       3.475830       3.406480       3.340910       3.280730       3.224170       3.167370       3.103600       3.030630       2.950950       2.868490       2.791560       2.710830       2.632050       2.541810       2.466310       2.392940       2.321560       2.252220    
   4.428050       3.999770       3.876880       3.817310       3.800410       3.755840       3.688170       3.621690       3.752650       3.669350       3.589750       3.517160       3.445620       3.379780       3.319940       3.266360       3.215900       3.160500       3.088570       2.996040       2.899820       2.799110       2.701220       2.607270       2.517400       2.431380       2.334650       2.254700       2.177850       2.103980    
   3.999770       3.871480       3.808860       3.800410       3.743520       3.674320       3.873790       3.789340       3.706310       3.624920       3.547380       3.477180       3.407930       3.344760       3.288560       3.239320       3.194620       3.150140       3.072370       2.958300       2.835510       2.717500       2.581100       2.472520       2.371000       2.275910       2.174780       2.090360       2.010940       1.936130    
   3.869070       3.804640       3.800410       3.739420       3.674320       3.781680       3.796930       3.716210       3.636780       3.559420       3.492270       3.420180       3.352890       3.291330       3.236440       3.189200       3.149790       3.117110       3.041450       2.880660       2.734990       2.599740       2.474680       2.358830       2.251350       2.151470       2.058520       1.960360       1.879490       1.803510    
   3.802520       3.800410       3.738050       3.674320       3.750980       3.796930       3.756570       3.716640       3.608070       3.519860       3.442950       3.369280       3.299580       3.234490       3.163570       3.109940       3.044420       2.995270       2.905520       2.767510       2.623220       2.488010       2.359840       2.240700       2.130240       2.027990       1.933470       1.846170       1.754990       1.681190    
   3.800410       3.737590       3.674320       3.740740       3.796930       3.776750       3.756710       3.650280       3.519860       3.481410       3.371520       3.313620       3.224320       3.153250       3.052760       2.992400       2.927890       2.853610       2.754960       2.631330       2.497250       2.364110       2.236880       2.120380       2.009560       1.907110       1.812860       1.726590       1.648040       1.573380    
   3.737440       3.674320       3.737330       3.796930       3.786840       3.776800       3.675900       3.519860       3.500630       3.369490       3.262760       3.211910       3.136480       3.033020       2.960880       2.887230       2.805930       2.716580       2.612060       2.493060       2.366090       2.238260       2.114350       1.996970       1.890180       1.789090       1.696530       1.612570       1.537230       1.475510    
   3.674320       3.736190       3.796930       3.791880       3.786860       3.689850       3.519860       3.510250       3.367850       3.237340       3.211910       3.174200       3.082660       2.949240       2.866930       2.781560       2.690820       2.587850       2.478510       2.360360       2.237140       2.113400       1.992940       1.878360       1.771220       1.672410       1.584930       1.504060       1.437360       1.377630    
   3.735810       3.796930       3.794410       3.791890       3.697110       3.519860       3.515050       3.366900       3.224620       3.211910       3.193050       3.104500       2.949240       2.908080       2.865910       2.779770       2.686740       2.585730       2.356680       2.235890       2.114220       1.993090       1.875500       1.763740       1.659390       1.563440       1.477800       1.407090       1.376750       1.313540    
   3.796930       3.795670       3.794410       3.700820       3.519860       3.517460       3.366400       3.218270       3.211910       3.202480       3.114680       2.949240       2.928660       2.907740       2.851250       2.777470       2.684080       2.385660       2.178350       2.120810       1.999280       1.879520       1.764010       1.656320       1.554640       1.461610       1.427250       1.349880       1.281160       1.221880    
   3.796300       3.795670       3.702690       3.519860       3.518660       3.366140       3.215090       3.211910       3.207200       3.119580       2.949240       2.938950       2.928550       2.895890       2.845490       2.770940       2.423520       2.149580       2.120810       2.005250       1.895670       1.775950       1.661530       1.554190       1.501160       1.413300       1.331000       1.256930       1.191450       1.135670    
   3.796300       3.703630       3.519860       3.519260       3.366010       3.213500       3.211910       3.209550       3.121980       2.949240       2.944100       2.938910       2.921130       2.889980       2.837440       2.416920       2.135200       2.120810       1.910030       1.808710       1.742080       1.681680       1.610060       1.504030       1.408810       1.322060       1.243370       1.172740       1.110020       1.056020    
   3.704100       3.519860       3.519560       3.365950       3.212700       3.211910       3.210730       3.123170       2.949240       2.946670       2.944080       2.934710       2.916670       2.609580       2.271100       1.913040       1.909440       1.827630       1.729610       1.705340       1.721740       1.635340       1.518180       1.415240       1.321860       1.238280       1.163820       1.097290       1.037590      0.9877300    
   3.519860       3.519710       3.365920       3.212310       3.211910       3.211320       3.123760       2.949240       2.947950       2.946660       2.941820       2.931820       2.408480       1.790390       1.789760       1.779470       1.694480       1.698070       1.679650       1.674790       1.688930       1.559400       1.436320       1.333500       1.242450       1.163200       1.094350       1.033580      0.9811300      0.9292300    
   3.519780       3.365900       3.212110       3.211910       3.211620       3.124060       2.949240       2.948600       2.947950       2.945480       2.586850       2.056960       1.879800       1.791060       1.791030       1.789760       1.724200       1.690890       1.698070       1.640410       1.613710       1.488300       1.371880       1.259600       1.170880       1.097100       1.035950      0.9860300      0.9386100      0.8929100    
   3.365890       3.212010       3.211910       3.211760       3.124210       2.949240       2.948920       2.948600       2.947340       2.518840       2.056960       2.056960       2.056960       1.880780       1.792380       1.792300       1.789760       1.718070       1.683700       1.698070       1.560930       1.428810       1.306750       1.200180       1.106640       1.039850      0.9909700      0.9508700      0.9157300      0.8827100    
   3.211960       3.211910       3.211840       3.124280       2.949240       2.949080       2.948920       2.894590       2.581490       2.057300       2.056960       2.056960       2.056960       2.056960       1.882770       1.795080       1.794830       1.789760       1.700750       1.669330       1.524600       1.383560       1.252550       1.139940       1.053900      0.9921000      0.9563500      0.9319800      0.9121400      0.8942100    
   3.211910       3.211870       3.124320       2.949240       2.949160       2.917920       2.871070       2.802280       2.733490       2.283390       2.057970       2.056960       2.056960       2.056960       2.056960       1.886730       1.800660       1.799910       1.789760       1.645840       1.497950       1.349900       1.204850       1.086690      0.9996600      0.9556500      0.9368900      0.9316200      0.9280400      0.9239500    
   3.211890       3.124330       2.949240       2.949200       2.911850       2.871270       2.871270       2.871070       2.802290       2.733490       2.285130       2.059990       2.056960       2.056960       2.056960       2.056960       1.894470       1.812320       1.810050       1.663540       1.499990       1.345680       1.190720       1.046780      0.9494000      0.9306100      0.9443600      0.9566400      0.9664000      0.9728300    
