iMOD/TUTORIALS/TUT_MetaswapAnalyser/model_MetaSWAP/meteo/Precipitation/Precipitation_20060525_L1.ASC
NCOLS                30
NROWS                30
XLLCORNER     160000.00
YLLCORNER     340000.00
CELLSIZE        1000.00
NODATA_VALUE   -9999.00
   2.076990       2.137740       2.197440       2.249560       2.275450       2.245240       2.147610       2.017340       1.888300       1.807260       1.780870       1.773660       1.771180       1.777310       1.780610       1.778580       1.781160       1.793150       1.805270       1.820720       1.839810       1.849990       1.876010       1.904960       1.939960       1.978860       2.020410       2.061840       2.097710       2.118660    
   2.056570       2.102690       2.141160       2.167980       2.166590       2.125720       2.040250       1.922190       1.786120       1.704540       1.711790       1.713800       1.715010       1.715990       1.717860       1.718490       1.725210       1.732400       1.750370       1.770120       1.794340       1.811550       1.843360       1.878170       1.919080       1.964340       2.013380       2.064490       2.130520       2.160960    
   2.019200       2.052310       2.075980       2.082480       2.069780       2.025550       1.950610       1.852820       1.751750       1.686780       1.670610       1.665960       1.659980       1.660580       1.657660       1.655920       1.661130       1.672200       1.689520       1.712680       1.744400       1.767150       1.801800       1.842180       1.886760       1.935690       2.007800       2.062330       2.119850       2.172470    
   1.975830       1.997840       2.009550       2.005350       1.983760       1.940440       1.876870       1.802850       1.730440       1.674790       1.644570       1.626660       1.614250       1.606380       1.598570       1.592970       1.595370       1.606260       1.625730       1.652390       1.684500       1.722620       1.752280       1.814260       1.859020       1.906560       1.957010       2.010470       2.067230       2.123780    
   1.930170       1.943380       1.945530       1.936270       1.911900       1.871770       1.818100       1.759970       1.701510       1.653510       1.624700       1.598180       1.576420       1.560370       1.539170       1.527360       1.534280       1.545870       1.569450       1.601340       1.638220       1.677920       1.708700       1.753710       1.797170       1.841630       1.886630       1.931640       1.971710       1.996470    
   1.884620       1.890610       1.888160       1.874920       1.849820       1.813090       1.766900       1.719210       1.689020       1.638510       1.598230       1.564470       1.534230       1.509220       1.485470       1.464900       1.455870       1.466730       1.494840       1.531380       1.571360       1.612580       1.644210       1.684830       1.725030       1.766200       1.802740       1.835180       1.857350       1.861020    
   1.841970       1.842510       1.835950       1.820380       1.795390       1.761570       1.720710       1.708620       1.657290       1.611800       1.570110       1.532060       1.496530       1.462020       1.430570       1.397500       1.373800       1.386510       1.423450       1.464660       1.506310       1.547500       1.587650       1.615870       1.651360       1.683670       1.711860       1.731820       1.741360       1.732670    
   1.829520       1.798540       1.788640       1.771670       1.747090       1.731860       1.719640       1.672480       1.628140       1.584280       1.542000       1.501470       1.462200       1.423240       1.386490       1.345980       1.305910       1.323630       1.365020       1.405980       1.446190       1.485250       1.522530       1.547110       1.577200       1.603240       1.621940       1.631760       1.621600       1.607530    
   1.792710       1.758410       1.746650       1.728010       1.724950       1.693320       1.686840       1.642040       1.600110       1.557570       1.515290       1.473650       1.432690       1.396020       1.355690       1.318590       1.293480       1.297020       1.323840       1.357160       1.392410       1.427480       1.460830       1.481110       1.506450       1.525140       1.536230       1.528180       1.520550       1.499920    
   1.758800       1.721920       1.708600       1.713220       1.689440       1.659080       1.652040       1.614180       1.574080       1.532730       1.490880       1.449060       1.407750       1.372820       1.333210       1.300220       1.279460       1.276450       1.289810       1.313210       1.341510       1.374710       1.403870       1.429700       1.440010       1.452880       1.447490       1.443960       1.429630       1.403710    
   1.746840       1.729770       1.706390       1.681820       1.656570       1.634650       1.625410       1.589220       1.550640       1.510430       1.469270       1.427770       1.394610       1.350220       1.312360       1.281670       1.259740       1.252240       1.258510       1.275640       1.299340       1.325480       1.350680       1.372960       1.378330       1.382520       1.382660       1.373190       1.353230       1.319370    
   1.744970       1.716210       1.681820       1.645290       1.629530       1.607370       1.601030       1.567370       1.530160       1.491100       1.446290       1.406010       1.373610       1.332650       1.294020       1.261560       1.237770       1.223320       1.224310       1.237800       1.259160       1.283250       1.298400       1.316490       1.328800       1.323280       1.318680       1.304510       1.280140       1.245510    
   1.724100       1.681820       1.640430       1.621380       1.613230       1.612210       1.581400       1.547700       1.503350       1.469000       1.430430       1.401850       1.359550       1.317920       1.277520       1.241300       1.211270       1.192360       1.187140       1.199730       1.218910       1.241960       1.262690       1.278640       1.288080       1.289650       1.271140       1.253350       1.225480       1.187500    
   1.681820       1.638200       1.617310       1.613230       1.606740       1.594780       1.553800       1.522350       1.488570       1.452980       1.415640       1.391210       1.349320       1.307300       1.265640       1.224690       1.184790       1.154940       1.149450       1.165260       1.191180       1.215610       1.227780       1.240600       1.246590       1.244740       1.224400       1.203960       1.173920       1.134200    
   1.637130       1.615270       1.613230       1.604920       1.594780       1.552920       1.510190       1.482620       1.452940       1.421420       1.409890       1.371580       1.332540       1.292930       1.252820       1.214070       1.172020       1.127760       1.114120       1.147140       1.169750       1.191940       1.208880       1.219700       1.223530       1.219550       1.207040       1.175700       1.144450       1.094480    
   1.614250       1.613230       1.604310       1.594780       1.552630       1.510190       1.496410       1.481920       1.449840       1.442400       1.406670       1.369980       1.332500       1.294380       1.251370       1.212830       1.177700       1.143580       1.132280       1.147970       1.168960       1.181870       1.194680       1.201970       1.202840       1.196530       1.182390       1.159910       1.120050       1.080510    
   1.613230       1.604110       1.594780       1.552530       1.510190       1.503300       1.496170       1.467640       1.442400       1.424540       1.396890       1.372510       1.331420       1.295690       1.267420       1.230640       1.198520       1.173710       1.163530       1.168450       1.180690       1.193690       1.203990       1.201880       1.200870       1.193350       1.178680       1.156380       1.126200       1.084840    
   1.604040       1.594780       1.552500       1.510190       1.506740       1.503220       1.477380       1.442400       1.433470       1.407880       1.382700       1.392890       1.355840       1.317130       1.282490       1.250250       1.224750       1.204990       1.195100       1.194810       1.200580       1.208220       1.214560       1.217510       1.207740       1.199450       1.184840       1.163440       1.135090       1.104100    
   1.594780       1.552490       1.510190       1.508470       1.506720       1.482440       1.442400       1.437930       1.412890       1.387790       1.392890       1.374360       1.349450       1.331950       1.301020       1.272930       1.249030       1.235930       1.226340       1.223400       1.225100       1.228760       1.231910       1.232610       1.229410       1.221270       1.199750       1.179860       1.158150       1.125950    
   1.552490       1.510190       1.509330       1.508460       1.485000       1.442400       1.440170       1.415290       1.390340       1.392890       1.383630       1.362160       1.331950       1.316480       1.301970       1.274330       1.252630       1.237100       1.244280       1.252930       1.252300       1.253410       1.254390       1.253600       1.249730       1.241760       1.228520       1.216390       1.193890       1.157940    
   1.510190       1.509760       1.509330       1.486300       1.442400       1.441280       1.416470       1.391620       1.392890       1.388260       1.367660       1.331950       1.324220       1.316800       1.297590       1.276310       1.254690       1.256930       1.267860       1.282780       1.281050       1.280820       1.280640       1.278660       1.274790       1.267570       1.262620       1.246970       1.226490       1.201440    
   1.509970       1.509760       1.486950       1.442400       1.441840       1.417060       1.392250       1.392890       1.390570       1.370190       1.331950       1.328080       1.324320       1.312870       1.296900       1.276200       1.269200       1.275320       1.282780       1.291250       1.309920       1.309360       1.308970       1.307640       1.306250       1.307520       1.297750       1.284130       1.266430       1.243230    
   1.509970       1.487270       1.442400       1.442120       1.417350       1.392570       1.392890       1.391730       1.371400       1.331950       1.330020       1.328120       1.321760       1.311360       1.295320       1.297960       1.279050       1.282780       1.322540       1.333700       1.339770       1.336840       1.351100       1.348500       1.346200       1.341550       1.333850       1.322960       1.308660       1.290710    
   1.487430       1.442400       1.442260       1.417500       1.392730       1.392890       1.392310       1.371990       1.331950       1.330980       1.330030       1.326630       1.320410       1.358700       1.371780       1.368120       1.368440       1.369720       1.371380       1.382420       1.357490       1.385250       1.381540       1.381560       1.380280       1.377040       1.371410       1.363180       1.352240       1.339850    
   1.442400       1.442330       1.417570       1.392810       1.392890       1.392600       1.372290       1.331950       1.331470       1.330990       1.329210       1.325690       1.403960       1.506820       1.506370       1.451530       1.456860       1.454090       1.417800       1.398030       1.407340       1.400750       1.413090       1.414460       1.414630       1.412990       1.409190       1.403160       1.396370       1.386120    
   1.442370       1.417610       1.392850       1.392890       1.392750       1.372430       1.331950       1.331710       1.331470       1.330560       1.420330       1.557880       1.524190       1.507240       1.507280       1.506370       1.474460       1.459630       1.454090       1.436660       1.429260       1.431120       1.433780       1.446860       1.448580       1.448320       1.445800       1.442230       1.435570       1.427360    
   1.417630       1.392870       1.392890       1.392820       1.372500       1.331950       1.331830       1.331710       1.331240       1.439620       1.557880       1.557880       1.557880       1.524800       1.508080       1.508190       1.506370       1.477750       1.465170       1.454090       1.455930       1.459770       1.464650       1.469320       1.481450       1.482210       1.481030       1.476580       1.469850       1.461020    
   1.392880       1.392890       1.392850       1.372540       1.331950       1.331890       1.331830       1.405320       1.477950       1.557890       1.557880       1.557880       1.557880       1.557880       1.525980       1.509700       1.510000       1.506370       1.485380       1.476260       1.479790       1.485890       1.493460       1.500810       1.505960       1.514540       1.512350       1.506970       1.498980       1.488360    
   1.392890       1.392870       1.372560       1.331950       1.331920       1.475430       1.690700       1.658590       1.626480       1.580770       1.557910       1.557880       1.557880       1.557880       1.557880       1.528140       1.512710       1.513630       1.506370       1.504820       1.507450       1.513800       1.521840       1.529660       1.537680       1.539400       1.540190       1.533040       1.523400       1.511220    
   1.392880       1.372570       1.331950       1.331930       1.504210       1.690790       1.690790       1.690700       1.658590       1.626480       1.580830       1.557970       1.557880       1.557880       1.557880       1.557880       1.531970       1.518140       1.520900       1.519400       1.520490       1.529530       1.542640       1.557760       1.568240       1.566580       1.558820       1.552490       1.543380       1.530510    
