iMOD/TUTORIALS/TUT_MetaswapAnalyser/model_MetaSWAP/meteo/Precipitation/Precipitation_20061009_L1.ASC
NCOLS                30
NROWS                30
XLLCORNER     160000.00
YLLCORNER     340000.00
CELLSIZE        1000.00
NODATA_VALUE   -9999.00
   3.196640       3.149750       3.113920       3.100320       3.135600       3.273310       3.533090       3.874770       4.268090       4.738940       5.271340       5.851340       6.464390       7.149110       7.841060       8.620380       9.376140       10.19740       11.04990       11.93690       12.85290       13.84520       14.80760       15.82330       16.79380       17.75610       18.69530       19.58510       20.37760       20.99510    
   3.441750       3.416220       3.397450       3.423710       3.500930       3.655910       3.895970       4.206400       4.566680       5.010230       5.558940       6.129600       6.734160       7.437700       8.122860       8.829340       9.591610       10.43550       11.29770       12.18910       13.10890       14.09670       15.05440       16.05900       17.01780       17.96970       18.90610       19.81080       20.71140       21.36390    
   3.704340       3.706070       3.729900       3.786170       3.886660       4.057210       4.294490       4.593680       4.965260       5.400260       5.913130       6.462440       7.070680       7.721560       8.398360       9.094400       9.844090       10.64480       11.49440       12.38340       13.30980       14.28560       15.27080       16.20840       17.13950       18.06220       19.04530       19.93420       20.80210       21.58230    
   3.996750       4.025900       4.079630       4.166030       4.298030       4.482890       4.724960       5.021550       5.411740       5.837470       6.324890       6.852080       7.418480       8.042390       8.677320       9.343520       10.06720       10.85430       11.70110       12.59030       13.50070       14.46770       15.42100       16.38930       17.26650       18.12360       18.96150       19.78100       20.58530       21.34390    
   4.314030       4.369860       4.450200       4.565200       4.720900       4.923570       5.176980       5.518570       5.889190       6.313800       6.743640       7.270180       7.814330       8.404350       8.983230       9.605960       10.31560       11.09260       11.94910       12.84900       13.80920       14.70320       15.61900       16.45370       17.25380       18.01750       18.74330       19.42970       20.03580       20.47850    
   4.652020       4.732480       4.840540       4.980970       5.159550       5.381090       5.647080       6.008660       6.255560       6.716980       7.203730       7.720460       8.235980       8.795390       9.344340       9.903970       10.53190       11.29920       12.18240       13.09820       14.04050       14.89660       15.74720       16.50090       17.19930       17.84070       18.42280       18.93510       19.32750       19.53440    
   5.014120       5.112970       5.246120       5.410970       5.609670       5.851350       6.135740       6.311550       6.745280       7.201430       7.693140       8.209550       8.736680       9.248780       9.764760       10.24150       10.75170       11.53710       12.49300       13.46130       14.33530       15.13130       15.84880       16.54220       17.11710       17.61940       18.05050       18.37960       18.58470       18.62410    
   5.607520       5.512540       5.660900       5.849850       6.073970       5.860240       6.381120       6.794970       7.227950       7.701760       8.209470       8.740490       9.280460       9.813880       10.31040       10.75710       11.13860       11.98390       13.00060       13.91440       14.72220       15.42460       16.02770       16.59080       17.02390       17.38160       17.64400       17.80800       17.82790       17.74460    
   6.012280       5.917830       6.098560       6.300940       5.915310       6.237420       6.813090       7.255690       7.712890       8.211730       8.746430       9.307960       9.883790       10.47960       11.01270       11.54480       12.10990       12.85860       13.72300       14.52500       15.21360       15.78250       16.24050       16.65130       16.93540       17.12610       17.23050       17.21000       17.12620       16.92810    
   6.423770       6.330900       6.534500       5.964400       6.257440       6.602610       7.268370       7.706820       8.191660       8.721350       9.292130       9.897750       10.52930       11.19910       11.84660       12.47660       13.14120       13.87750       14.61190       15.26280       15.78730       16.19520       16.47890       16.66540       16.83440       16.86450       16.78310       16.66040       16.45170       16.15280    
   6.339090       6.429720       6.274970       6.270080       6.593740       7.134420       7.675140       8.139560       8.653400       9.216930       9.829010       10.48690       11.22180       12.03690       12.72590       13.49060       14.22860       14.95280       15.57780       16.05250       16.36750       16.54570       16.61780       16.61350       16.49630       16.45410       16.26820       16.02060       15.70780       15.41330    
   6.346230       6.328470       6.270080       6.790960       6.899160       7.490880       8.067730       8.544080       9.085520       9.682060       10.49150       11.18470       11.99060       12.70780       13.57410       14.46400       15.34150       16.08190       16.63990       16.93970       17.02490       16.96850       16.79710       16.59390       16.34820       16.13970       15.82230       15.46140       15.05380       14.59800    
   6.297740       6.270080       6.902970       7.150000       7.400850       7.958250       8.414710       8.923060       9.706060       10.30240       10.97330       11.65790       12.47560       13.36730       14.34020       15.36280       16.39050       17.27980       17.75910       17.82700       17.61510       17.29610       16.93120       16.54560       16.14550       15.72970       15.37570       14.91980       14.43400       13.91600    
   6.270080       6.962330       7.275430       7.400850       7.869790       8.250270       9.001310       9.510880       10.07610       10.75820       11.44500       12.09140       12.94830       13.89420       14.93700       16.08540       17.28470       18.42590       18.94650       18.60200       18.05730       17.48720       16.98460       16.45450       15.93430       15.41670       14.96720       14.43710       13.88960       13.32160    
   6.992850       7.338140       7.400850       7.840300       8.250270       8.838900       9.265120       9.782230       10.35500       10.98880       11.57460       12.36510       13.23850       14.20480       15.27530       16.47200       17.78260       19.23770       19.86070       19.04260       18.20960       17.49260       16.82410       16.19150       15.58380       14.99130       14.40600       13.89370       13.30520       12.68640    
   7.369490       7.400850       7.830470       8.250270       8.784760       9.265120       9.523670       9.800780       10.55290       11.08560       11.79000       12.56360       13.41280       14.34370       15.42120       16.51610       17.67670       18.73330       19.12100       18.65500       17.97100       17.14340       16.43630       15.75750       15.10340       14.46870       13.84800       13.23650       12.69990       12.09400    
   7.400850       7.827200       8.250270       8.766720       9.265120       9.394400       9.529860       10.24070       11.08560       11.43780       12.16520       12.63940       13.51380       14.36920       15.27960       16.20340       17.10560       17.79120       18.04460       17.81350       17.30220       16.68260       16.03130       15.21610       14.55620       13.91120       13.28070       12.66340       12.05800       11.48720    
   7.826110       8.250270       8.760700       9.265120       9.329760       9.396460       10.06260       11.08560       11.26170       12.02580       12.69330       12.74730       13.46250       14.18530       14.94910       15.69100       16.37230       16.83490       17.00140       16.85060       16.46190       15.93580       15.34270       14.72180       13.93670       13.30460       12.68430       12.07830       11.48840       10.88430    
   8.250270       8.758700       9.265120       9.297440       9.330450       9.968620       11.08560       11.17360       11.96820       12.72030       12.74730       13.10490       13.56830       13.87830       14.50680       15.08650       15.56410       15.91500       16.01320       15.88390       15.56420       15.11170       14.57880       14.00260       13.40680       12.80610       12.06700       11.48460       10.88970       10.32590    
   8.758030       9.265120       9.281280       9.297670       9.920530       11.08560       11.12960       11.94170       12.73380       12.74730       12.92610       13.32470       13.87830       14.19250       14.49050       15.05250       15.52190       15.83080       15.36640       14.95180       14.66720       14.26540       13.78330       13.25210       12.69460       12.12720       11.56100       10.96120       10.41150       9.795410    
   9.265120       9.273200       9.281360       9.896270       11.08560       11.10760       11.92900       12.74060       12.74730       12.83670       13.21910       13.87830       14.03540       14.18710       14.57850       15.02160       15.46840       15.05950       14.51000       14.06830       13.79920       13.42980       12.98700       12.49540       11.97610       11.44470       10.86160       10.34080       9.839910       9.366990    
   9.269160       9.273220       9.884110       11.08560       11.09660       11.92270       12.74390       12.74730       12.79200       13.17040       13.87830       13.95690       14.03360       14.26700       14.59580       15.02280       14.78140       14.28920       14.06830       13.61350       12.97310       12.62330       12.20930       11.75150       11.25110       10.73120       10.23290       9.745890       9.278490       8.839330    
   9.269170       9.878020       11.08560       11.09110       11.91960       12.74560       12.74730       12.76960       13.14700       13.87830       13.91760       13.95630       14.08580       14.29880       14.62850       14.12270       14.17870       14.06830       12.73870       12.19250       11.99760       11.85470       11.45020       11.01890       10.55310       10.08430       9.619840       9.166280       8.730610       8.322060    
   9.874980       11.08560       11.08840       11.91800       12.74650       12.74730       12.75850       13.13560       13.87830       13.89790       13.91740       13.98660       14.11360       13.13400       12.49090       12.05220       12.03490       11.73330       11.35320       11.08030       11.41190       11.12500       10.76040       10.33650       9.901660       9.465880       9.036040       8.616580       8.211430       7.757260    
   11.08560       11.08700       11.91720       12.74690       12.74730       12.75290       13.12990       13.87830       13.88810       13.89790       13.93400       14.00590       12.05040       9.513060       9.522890       10.32030       9.943040       10.00140       10.50480       10.78670       10.74870       10.44040       10.10180       9.694150       9.284030       8.880150       8.486740       8.104590       7.671590       7.324390    
   11.08630       11.91680       12.74710       12.74730       12.75010       13.12710       13.87830       13.88320       13.88810       13.90670       12.24530       9.694420       9.566840       9.504890       9.503230       9.522890       9.780410       9.884690       10.00140       10.15070       10.19950       9.830490       9.440050       9.089660       8.701580       8.330280       7.977110       7.586170       7.263340       6.952680    
   11.91660       12.74720       12.74730       12.74870       13.12570       13.87830       13.88080       13.88320       13.89270       11.88580       9.694420       9.694420       9.694420       9.554990       9.488540       9.483580       9.522890       9.712650       9.767970       10.00140       9.653180       9.272530       8.876910       8.486530       8.153890       7.816800       7.470480       7.180330       6.909350       6.652980    
   12.74720       12.74730       12.74800       13.12500       13.87830       13.87950       13.88080       12.78760       11.41270       9.694150       9.694420       9.694420       9.694420       9.694420       9.533770       9.459160       9.444260       9.522890       9.558350       9.534550       9.168540       8.770770       8.360910       7.965670       7.610070       7.318810       7.052070       6.819360       6.606230       6.408810    
   12.74730       12.74770       13.12460       13.87830       13.87890       12.22820       9.751430       9.622550       9.493670       9.626770       9.693600       9.694420       9.694420       9.694420       9.694420       9.497910       9.410340       9.365630       9.522890       9.174550       8.781190       8.353890       7.983280       7.515800       7.135870       6.861250       6.676070       6.506130       6.350070       6.205100    
   12.74750       13.12450       13.87830       13.87860       11.89740       9.751160       9.751160       9.751430       9.622540       9.493670       9.625390       9.691960       9.694420       9.694420       9.694420       9.694420       9.442630       9.342490       9.208380       8.850170       8.629180       8.119270       7.594250       7.084850       6.681880       6.471570       6.347790       6.245410       6.142470       6.038160    
