iMOD/TUTORIALS/TUT_MetaswapAnalyser/model_MetaSWAP/meteo/Precipitation/Precipitation_20060308_L1.ASC
NCOLS                30
NROWS                30
XLLCORNER     160000.00
YLLCORNER     340000.00
CELLSIZE        1000.00
NODATA_VALUE   -9999.00
   17.18720       16.97210       16.72940       16.46570       16.19750       15.96150       15.76760       15.59180       15.45720       15.49980       15.74800       16.04300       16.32630       16.55260       16.77090       17.00120       17.17440       17.29990       17.39310       17.46050       17.50710       17.56250       17.58560       17.57010       17.59000       17.61380       17.64690       17.69710       17.77640       17.92050    
   16.85470       16.63760       16.39720       16.14580       15.89100       15.64940       15.42130       15.19430       14.95290       14.94900       15.30470       15.63180       15.93170       16.20370       16.43840       16.65460       16.82250       17.01540       17.12920       17.21280       17.27300       17.33590       17.36490       17.35370       17.36900       17.38210       17.39750       17.42120       17.45000       17.55820    
   16.57040       16.35840       16.13110       15.89210       15.65270       15.42090       15.19860       14.99000       14.82800       14.84620       15.07890       15.36210       15.66070       15.90240       16.16000       16.38760       16.56810       16.71710       16.83610       16.92780       16.99940       17.06720       17.07010       17.09430       17.10990       17.12020       17.11210       17.12370       17.15690       17.18870    
   16.33190       16.12940       15.91610       15.69530       15.47760       15.26780       15.07440       14.91240       14.82020       14.84450       14.98840       15.20830       15.44920       15.68130       15.91030       16.12800       16.30850       16.45970       16.58220       16.67800       16.75000       16.77450       16.83070       16.83970       16.85770       16.87020       16.87990       16.88970       16.91510       16.93000    
   16.13320       15.94270       15.74360       15.54510       15.35080       15.16850       15.00870       14.88490       14.82650       14.85100       14.89150       15.07110       15.28700       15.49620       15.71300       15.91550       16.08570       16.23400       16.35480       16.44990       16.48610       16.53850       16.59780       16.62770       16.64800       16.66450       16.68110       16.72180       16.75410       16.82940    
   15.96810       15.78970       15.60990       15.43170       15.26100       15.10530       14.96840       14.87840       14.66860       14.72300       14.83580       14.99490       15.17320       15.35760       15.54910       15.73890       15.90810       16.05160       16.16810       16.25980       16.29840       16.34840       16.40480       16.43340       16.45640       16.47980       16.50700       16.56490       16.62680       16.73860    
   15.78390       15.66800       15.50500       15.34620       15.18760       15.05660       14.95010       14.62000       14.62850       14.68330       14.78380       14.92210       15.08610       15.25060       15.41670       15.59780       15.76180       15.89840       16.00760       16.06970       16.13110       16.17630       16.20920       16.25560       16.28020       16.30750       16.36560       16.41680       16.49860       16.62620    
   15.60520       15.49970       15.40940       15.26990       15.14130       14.69270       14.57880       14.56200       14.58000       14.63630       14.72980       14.85480       15.00300       15.15470       15.30670       15.47910       15.63720       15.76610       15.85410       15.92680       15.98030       16.01810       16.04500       16.08740       16.11120       16.16430       16.20410       16.26450       16.37320       16.49820    
   15.47890       15.41460       15.28720       15.21980       14.66450       14.60650       14.49990       14.49610       14.52200       14.58030       14.66990       14.78680       14.92490       15.03270       15.20440       15.37040       15.52120       15.64510       15.73310       15.79770       15.84140       15.86920       15.88730       15.92300       15.96680       15.99400       16.03590       16.12120       16.20830       16.33230    
   15.39330       15.34430       15.22980       14.56940       14.56130       14.51750       14.41650       14.42120       14.45320       14.51350       14.60120       14.71350       14.84570       14.95650       15.10740       15.27070       15.42750       15.54180       15.62680       15.68300       15.71530       15.72480       15.73060       15.73530       15.79220       15.81550       15.87820       15.93600       16.02150       16.14010    
   15.41780       15.32250       14.89780       14.44780       14.40150       14.38580       14.32370       14.33570       14.37230       14.43420       14.52100       14.63050       14.70610       14.94450       15.10150       15.23360       15.35310       15.44800       15.51010       15.53910       15.54240       15.53080       15.51470       15.52100       15.54630       15.57070       15.60320       15.65940       15.74350       15.92290    
   15.41870       15.02150       14.44780       14.31560       14.28740       14.22840       14.17470       14.23850       14.27810       14.34080       14.57100       14.65800       14.72510       14.91030       15.01370       15.14840       15.27240       15.36890       15.42250       15.43180       15.40990       15.37430       15.37590       15.34940       15.33520       15.36370       15.39010       15.44060       15.51800       15.62440    
   15.10300       14.44780       14.27390       14.20650       14.12560       14.05450       14.05880       14.08240       14.34010       14.42060       14.48250       14.60910       14.70130       14.81170       14.91030       15.05160       15.18800       15.29560       15.34200       15.32240       15.28930       15.22930       15.17420       15.13150       15.10560       15.09980       15.14500       15.18900       15.25910       15.35650    
   14.44780       14.25330       14.16600       14.12560       14.03510       13.92530       14.21730       14.22060       14.24210       14.23840       14.30410       14.50080       14.58610       14.69050       14.81280       14.92720       15.08570       15.22240       15.26450       15.20550       15.11060       15.02100       14.96200       14.90810       14.87450       14.86290       14.90010       14.93830       15.00150       15.09000    
   14.24310       14.14580       14.12560       14.02870       13.92530       14.07210       14.07370       14.07840       14.09960       14.13800       14.28970       14.34850       14.42660       14.52360       14.63940       14.76160       14.91840       15.09460       15.15250       15.01280       14.89030       14.78660       14.70300       14.64050       14.60030       14.58340       14.59070       14.64900       14.70690       14.77390    
   14.13570       14.12560       14.02650       13.92530       14.02370       14.07370       14.07600       14.08390       14.10940       14.12140       14.15120       14.19820       14.26240       14.34350       14.44540       14.55700       14.63140       14.75920       14.78850       14.69610       14.57980       14.48410       14.39720       14.33090       14.28700       14.26690       14.27130       14.30080       14.38220       14.46100    
   14.12560       14.02580       13.92530       14.00760       14.07370       14.07490       14.07790       14.09770       14.12140       14.13630       14.04720       14.02950       14.08270       14.14280       14.16920       14.26200       14.30310       14.37080       14.37830       14.32090       14.23170       14.13890       14.05670       14.00690       13.96470       13.94530       13.95000       13.97940       14.03350       14.14240    
   14.02560       13.92530       14.00220       14.07370       14.07430       14.07550       14.09300       14.12140       14.12880       13.98460       13.88250       13.73550       13.78440       13.85080       13.91050       13.97040       13.95470       13.98410       13.97530       13.92790       13.85610       13.77740       13.70470       13.64620       13.62180       13.60520       13.61210       13.64330       13.69890       13.78430    
   13.92530       14.00040       14.07370       14.07400       14.07450       14.09100       14.12140       14.12510       13.95590       13.80900       13.73550       13.76000       13.74440       13.60710       13.63940       13.66880       13.68960       13.60650       13.58270       13.53460       13.47020       13.40050       13.33570       13.28340       13.24880       13.23560       13.26030       13.29480       13.35900       13.46600    
   13.99980       14.07370       14.07380       14.07410       14.09020       14.12140       14.12330       13.94200       13.77230       13.73550       13.74770       13.71180       13.60710       13.62320       13.63840       13.66590       13.65500       13.62630       13.32790       13.14720       13.08320       13.01700       12.95670       12.90900       12.87890       12.87010       12.91860       12.97100       13.08210       13.15600    
   14.07370       14.07380       14.07390       14.08990       14.12140       14.12230       13.93520       13.75390       13.73550       13.74160       13.70050       13.60710       13.61520       13.62290       13.64250       13.65310       13.64910       13.26710       12.95780       12.76840       12.69980       12.63250       12.57310       12.56800       12.53790       12.53030       12.61620       12.65550       12.71710       12.79980    
   14.07370       14.07380       14.08970       14.12140       14.12190       13.93180       13.74470       13.73550       13.73860       13.69620       13.60710       13.61110       13.61510       13.62690       13.63950       13.64820       13.24010       12.86310       12.76840       12.61670       12.38200       12.30190       12.23380       12.18290       12.21090       12.21750       12.23800       12.28250       12.34990       12.43750    
   14.07370       14.08970       14.12140       14.12160       13.93010       13.74010       13.73550       13.73700       13.69430       13.60710       13.60910       13.61110       13.61770       13.62720       13.63820       13.04680       12.81580       12.76840       12.28660       12.09750       12.00830       11.92550       11.91270       11.85740       11.83070       11.82860       11.85370       11.90460       11.97960       12.07620    
   14.08960       14.12140       14.12150       13.92930       13.73780       13.73550       13.73630       13.69350       13.60710       13.60810       13.60910       13.61260       13.61870       12.87700       12.31970       11.89540       11.89050       11.82880       11.75170       11.66390       11.81290       11.61910       11.52710       11.46890       11.43860       11.43880       11.46960       11.52890       11.61320       11.70850    
   14.12140       14.12150       13.92890       13.73660       13.73550       13.73590       13.69310       13.60710       13.60760       13.60810       13.61000       13.61350       12.26880       10.62000       10.62490       11.08580       10.98000       11.01260       11.32470       11.49380       11.51500       11.37850       11.14950       11.08140       11.04700       11.04940       11.08780       11.15800       11.24550       11.36400    
   14.12140       13.92870       13.73610       13.73550       13.73570       13.69290       13.60710       13.60740       13.60760       13.60860       12.38490       10.54640       10.59180       10.61550       10.61520       10.62490       10.84770       10.94740       11.01260       11.12870       11.15340       11.01380       10.89610       10.69700       10.65680       10.66240       10.71130       10.78900       10.90200       11.03510    
   13.92860       13.73580       13.73550       13.73560       13.69280       13.60710       13.60720       13.60740       13.60780       12.13880       10.54640       10.54640       10.54640       10.58510       10.60640       10.60540       10.62490       10.80610       10.88220       11.01260       10.83370       10.66480       10.51890       10.41200       10.26890       10.27950       10.33860       10.44350       10.57700       10.72850    
   13.73560       13.73550       13.73550       13.69270       13.60710       13.60720       13.60720       12.89350       11.87790       10.54650       10.54640       10.54640       10.54640       10.54640       10.57250       10.58900       10.58600       10.62490       10.70450       10.75190       10.54340       10.34000       10.15750       10.01940       9.951430       9.900970       9.987440       10.11990       10.27810       10.44990    
   13.73550       13.73550       13.69270       13.60710       13.60710       12.51010       10.86460       10.80810       10.75170       10.61500       10.54660       10.54640       10.54640       10.54640       10.54640       10.54910       10.55610       10.54710       10.62490       10.42860       10.21750       9.998800       9.794960       9.642820       9.548000       9.577670       9.662770       9.830840       10.01590       10.20630    
   13.73550       13.69270       13.60710       13.60710       12.29070       10.86460       10.86460       10.86460       10.80810       10.75170       10.61540       10.54700       10.54640       10.54640       10.54640       10.54640       10.50790       10.49650       10.46920       10.25910       10.04380       9.786880       9.520580       9.273110       9.143260       9.233230       9.425240       9.605660       9.803610       10.00650    
