iMOD/TUTORIALS/TUT_MetaswapAnalyser/model_MetaSWAP/meteo/Precipitation/Precipitation_20061022_L1.ASC
NCOLS                30
NROWS                30
XLLCORNER     160000.00
YLLCORNER     340000.00
CELLSIZE        1000.00
NODATA_VALUE   -9999.00
   5.760330       5.748060       5.740060       5.738470       5.749290       5.782470       5.839040       5.902190       5.945270       5.905880       5.771860       5.609970       5.442620       5.282170       5.125090       4.986470       4.860380       4.729190       4.602970       4.482190       4.364920       4.259890       4.144810       4.031750       3.912680       3.791600       3.669520       3.548820       3.434150       3.331170    
   5.746250       5.736460       5.732280       5.735530       5.751420       5.783740       5.832860       5.893380       5.959350       5.922150       5.731110       5.544540       5.363730       5.200210       5.035380       4.892340       4.746190       4.611120       4.485390       4.364310       4.247490       4.142000       4.027660       3.914880       3.795920       3.674040       3.549610       3.424120       3.296280       3.186280    
   5.727750       5.718110       5.714030       5.717590       5.728420       5.751700       5.784060       5.818570       5.835840       5.773540       5.619530       5.440950       5.265120       5.090600       4.922280       4.772430       4.624340       4.487700       4.361440       4.243050       4.131750       4.028810       3.921010       3.807410       3.690690       3.570270       3.440010       3.313140       3.181910       3.056750    
   5.701180       5.689780       5.682840       5.681400       5.685460       5.694240       5.703710       5.702340       5.678100       5.600420       5.470380       5.310620       5.138660       4.966030       4.795770       4.640820       4.492680       4.358670       4.237580       4.125590       4.018460       3.918270       3.819970       3.704460       3.592800       3.477400       3.358060       3.234800       3.106380       2.979130    
   5.666780       5.651960       5.640090       5.630840       5.623610       5.616100       5.603500       5.575290       5.525680       5.439670       5.309490       5.162920       4.999580       4.829490       4.661640       4.501480       4.349300       4.219880       4.107420       4.005120       3.910000       3.812090       3.721990       3.621320       3.516110       3.407610       3.296270       3.180980       3.070350       2.971060    
   5.625550       5.606200       5.587860       5.569930       5.550980       5.528270       5.491970       5.449560       5.356320       5.275110       5.159330       5.019640       4.863040       4.696530       4.521920       4.356610       4.206480       4.085160       3.987630       3.899350       3.814970       3.726090       3.643100       3.548640       3.451130       3.352100       3.251000       3.148800       3.055120       2.975130    
   5.573820       5.554260       5.529220       5.502650       5.464560       5.430440       5.386600       5.287780       5.226010       5.134380       5.020300       4.885930       4.734990       4.571610       4.393410       4.221770       4.060270       3.952720       3.878560       3.807960       3.731780       3.651210       3.566670       3.487920       3.398200       3.307170       3.213740       3.126730       3.047170       2.979190    
   5.472140       5.481900       5.456260       5.423250       5.385530       5.271420       5.227030       5.176360       5.100270       5.006310       4.894040       4.764590       4.620170       4.462660       4.286050       4.116120       3.940440       3.852250       3.796380       3.732930       3.663200       3.588350       3.509510       3.436800       3.354160       3.268110       3.187180       3.110310       3.043010       2.982490    
   5.403750       5.424120       5.388730       5.353670       5.217830       5.172170       5.120600       5.064980       4.985080       4.890410       4.780690       4.656720       4.520140       4.352600       4.204770       4.054030       3.915090       3.815690       3.745260       3.678620       3.609480       3.536990       3.461740       3.393700       3.313670       3.237830       3.164530       3.098870       3.036010       2.981810    
   5.349640       5.365900       5.325340       5.173040       5.128390       5.076730       5.032020       4.961630       4.879780       4.785700       4.679350       4.561520       4.433740       4.276260       4.142220       4.011710       3.891630       3.793390       3.712260       3.638600       3.566390       3.495050       3.421510       3.347650       3.281300       3.210840       3.146970       3.083960       3.027190       2.977970    
   5.367980       5.346960       5.238710       5.090550       5.041700       5.008210       4.938680       4.865910       4.783450       4.690900       4.588470       4.477020       4.324570       4.218300       4.093340       3.976290       3.867690       3.770310       3.683520       3.603440       3.526670       3.451490       3.377470       3.301930       3.234510       3.179580       3.116840       3.059170       3.007670       2.970520    
   5.367560       5.261050       5.090550       4.998060       4.957940       4.922680       4.850540       4.777210       4.695040       4.604600       4.521230       4.413710       4.267610       4.154960       4.045130       3.939230       3.838330       3.745280       3.657840       3.575110       3.495790       3.419170       3.344890       3.273390       3.204970       3.151650       3.092380       3.038450       2.990650       2.949550    
   5.278150       5.090550       4.980160       4.929990       4.902040       4.834630       4.767760       4.694160       4.638390       4.544920       4.448180       4.293620       4.198090       4.099420       3.998400       3.900960       3.806830       3.716490       3.630730       3.547210       3.465240       3.387460       3.313090       3.242250       3.175280       3.112700       3.067270       3.016100       2.971100       2.932720    
   5.090550       4.972190       4.916010       4.902040       4.831430       4.757610       4.722930       4.647010       4.565040       4.477950       4.384770       4.228040       4.138250       4.046090       3.953350       3.860790       3.773060       3.686540       3.600420       3.515890       3.433610       3.355170       3.279590       3.209020       3.142880       3.081620       3.036940       2.987660       2.944730       2.908540    
   4.968450       4.909030       4.902040       4.830360       4.757610       4.717980       4.673390       4.596160       4.513630       4.426110       4.255780       4.173470       4.087650       3.999650       3.910880       3.819860       3.734520       3.652040       3.567970       3.479890       3.399200       3.320640       3.246170       3.176000       3.110480       3.050050       2.995240       2.957730       2.915970       2.891860    
   4.905530       4.902040       4.830000       4.757610       4.716330       4.673390       4.634780       4.594390       4.451180       4.268830       4.193710       4.114590       4.032390       3.948160       3.864700       3.779520       3.692730       3.610430       3.528350       3.446680       3.367370       3.290240       3.217470       3.148700       3.084330       3.024870       2.970840       2.922800       2.891420       2.856550    
   4.902040       4.829880       4.757610       4.715780       4.673390       4.654080       4.634190       4.487300       4.268830       4.231270       4.129050       4.058870       3.981660       3.900400       3.813280       3.730710       3.648800       3.567330       3.486330       3.406260       3.328010       3.252400       3.179990       3.110010       3.045410       2.985620       2.931230       2.882860       2.841100       2.814340    
   4.829840       4.757610       4.715590       4.673390       4.663740       4.653890       4.511100       4.268830       4.250050       4.134490       4.034050       4.009230       3.932150       3.846540       3.766320       3.685290       3.605070       3.524510       3.444400       3.365220       3.287610       3.212240       3.139710       3.070590       3.004190       2.943560       2.888200       2.838810       2.796100       2.759650    
   4.757610       4.715530       4.673390       4.668560       4.663670       4.524390       4.268830       4.259440       4.136850       4.021640       4.009230       3.970690       3.896900       3.799680       3.720920       3.641090       3.560610       3.482500       3.403000       3.324270       3.246880       3.171400       3.098430       3.028540       2.962320       2.900410       2.842300       2.791210       2.745790       2.712880    
   4.715510       4.673390       4.670980       4.668540       4.531360       4.268830       4.264130       4.137960       4.015440       4.009230       3.989960       3.919130       3.799680       3.760300       3.720560       3.640870       3.561400       3.482040       3.347690       3.283940       3.206420       3.130520       3.056800       2.985820       2.918170       2.854450       2.801560       2.747640       2.733320       2.685000    
   4.673390       4.672180       4.670970       4.534930       4.268830       4.266480       4.138500       4.012330       4.009230       3.999600       3.929500       3.799680       3.779990       3.760180       3.707250       3.640950       3.561440       3.380050       3.264350       3.244760       3.166830       3.090250       3.015560       2.950150       2.880400       2.814170       2.790020       2.731010       2.676690       2.628280    
   4.672790       4.672180       4.536730       4.268830       4.267660       4.138760       4.010780       4.009230       4.004410       3.934500       3.799680       3.789830       3.779950       3.749140       3.702790       3.636540       3.416350       3.254550       3.244760       3.183090       3.137670       3.059340       2.982800       2.908490       2.875030       2.805690       2.739850       2.677100       2.618410       2.565730    
   4.672790       4.537630       4.268830       4.268240       4.138900       4.010010       4.009230       4.006820       3.936960       3.799680       3.794760       3.789820       3.772970       3.743960       3.696160       3.435070       3.249660       3.244760       3.147990       3.100250       3.060420       3.023190       2.978530       2.904160       2.831570       2.760640       2.691760       2.625030       2.561240       2.502230    
   4.538080       4.268830       4.268540       4.138960       4.009620       4.009230       4.008030       3.938170       3.799680       3.797220       3.794750       3.785850       3.768920       3.567500       3.367130       3.170910       3.169990       3.125490       3.072940       3.063860       3.062830       3.019090       2.941510       2.865620       2.791330       2.718680       2.647430       2.577300       2.508360       2.455370    
   4.268830       4.268680       4.139000       4.009420       4.009230       4.008630       3.938780       3.799680       3.798450       3.797220       3.792610       3.783170       3.447030       3.056670       3.056900       3.099810       3.093090       3.095210       3.066520       3.054720       3.064900       2.984730       2.907090       2.829810       2.754450       2.680950       2.608730       2.536870       2.476520       2.400690    
   4.268760       4.139010       4.009330       4.009230       4.008930       3.939080       3.799680       3.799060       3.798450       3.796090       3.478390       3.009470       3.040530       3.056190       3.056440       3.056900       3.079250       3.090980       3.095210       3.052290       3.036430       2.955080       2.874530       2.797070       2.721320       2.648340       2.577230       2.516800       2.443800       2.366940    
   4.139020       4.009280       4.009230       4.009080       3.939230       3.799680       3.799370       3.799060       3.797870       3.418370       3.009470       3.009470       3.009470       3.039800       3.055230       3.055990       3.056900       3.073890       3.086750       3.095210       3.012610       2.929200       2.846580       2.766660       2.692000       2.621110       2.561190       2.495650       2.428170       2.358750    
   4.009250       4.009230       4.009160       3.939300       3.799680       3.799530       3.799370       3.605500       3.344240       3.009500       3.009470       3.009470       3.009470       3.009470       3.038060       3.052810       3.055080       3.056900       3.056720       3.078280       2.994050       2.908160       2.822620       2.740560       2.665830       2.602740       2.543990       2.486060       2.427220       2.368380    
   4.009230       4.009190       3.939340       3.799680       3.799600       3.460530       2.952070       2.988880       3.025690       3.014960       3.009570       3.009470       3.009470       3.009470       3.009470       3.033950       3.046460       3.053260       3.056900       2.996480       2.929510       2.856690       2.764620       2.710950       2.641780       2.585020       2.535370       2.487000       2.437440       2.387880    
   4.009210       3.939360       3.799680       3.799640       3.392740       2.952010       2.952010       2.952070       2.988880       3.025690       3.015130       3.009760       3.009470       3.009470       3.009470       3.009470       3.024810       3.029210       3.049610       2.991890       2.886880       2.826140       2.756400       2.681850       2.617780       2.579750       2.549740       2.498850       2.457100       2.414060    
