iMOD/TUTORIALS/TUT_MetaswapAnalyser/model_MetaSWAP/meteo/Precipitation/Precipitation_20050811_L1.ASC
NCOLS                30
NROWS                30
XLLCORNER     160000.00
YLLCORNER     340000.00
CELLSIZE        1000.00
NODATA_VALUE   -9999.00
   3.922800       3.971250       4.053960       4.168640       4.321460       4.469070       4.618100       4.755220       4.871790       4.915520       4.869960       4.788230       4.683640       4.582120       4.438380       4.275950       4.172640       3.978050       3.778770       3.576880       3.376020       3.159690       2.968050       2.800650       2.624850       2.459610       2.306070       2.166660       2.046760       1.936570    
   3.983600       4.010430       4.051310       4.133300       4.248110       4.353190       4.460300       4.562150       4.651390       4.654290       4.531740       4.392740       4.241520       4.100660       3.930910       3.817430       3.640290       3.464710       3.290370       3.122370       2.958040       2.780270       2.620690       2.477940       2.322550       2.170480       2.022170       1.879110       1.756770       1.630400    
   3.991580       3.999020       4.027010       4.093200       4.139380       4.201050       4.260550       4.308560       4.328760       4.276050       4.150380       3.985440       3.807650       3.636510       3.449050       3.308730       3.136520       2.977940       2.833320       2.699130       2.568320       2.427410       2.313140       2.181560       2.047790       1.911570       1.784290       1.640310       1.477970       1.345710    
   3.973510       3.960820       3.963080       3.995900       4.012130       4.029290       4.039550       4.030610       3.992250       3.909390       3.763520       3.585360       3.389590       3.197200       2.992850       2.828760       2.661700       2.521530       2.406300       2.307110       2.214340       2.132970       2.021760       1.929930       1.817680       1.698780       1.573280       1.441240       1.290190       1.156040    
   3.934420       3.901830       3.898700       3.879610       3.862660       3.842130       3.810890       3.773320       3.690900       3.573170       3.414710       3.215700       3.005010       2.795040       2.571170       2.381600       2.223210       2.103700       2.022840       1.962100       1.921680       1.860700       1.777490       1.696730       1.607650       1.510000       1.404920       1.276510       1.171500       1.079140    
   3.879310       3.843510       3.796490       3.752060       3.706140       3.653660       3.608380       3.519790       3.396970       3.257130       3.088550       2.893180       2.663830       2.432430       2.188150       1.977650       1.807420       1.710890       1.672230       1.652410       1.643260       1.611850       1.556320       1.499860       1.432670       1.355800       1.272720       1.169850       1.091630       1.027310    
   3.760060       3.751990       3.686040       3.619780       3.579660       3.496730       3.401250       3.272100       3.139400       2.983780       2.803630       2.600440       2.377220       2.131810       1.858740       1.626590       1.426190       1.362960       1.380730       1.408270       1.415010       1.406580       1.383650       1.336140       1.288210       1.231440       1.148850       1.087950       1.030400      0.9832500    
   3.535520       3.628930       3.612200       3.523180       3.428870       3.309500       3.188470       3.059160       2.912940       2.746880       2.560720       2.355630       2.133890       1.898890       1.615280       1.382360       1.146090       1.124130       1.180790       1.218040       1.238560       1.243750       1.235070       1.203310       1.171030       1.109490       1.066650       1.022220      0.9788600      0.9437800    
   3.474660       3.525030       3.429990       3.395450       3.264130       3.148390       3.012550       2.871170       2.716000       2.544760       2.357730       2.156340       1.943230       1.657070       1.451850       1.259600       1.106110       1.051980       1.064500       1.089420       1.108760       1.118560       1.118020       1.097190       1.055810       1.030100       1.000110      0.9668000      0.9364300      0.9096500    
   3.377340       3.422210       3.316560       3.177960       3.127610       3.001240       2.853590       2.706320       2.546650       2.374400       2.190410       1.996640       1.796420       1.520050       1.351170       1.191020       1.071560       1.012900      0.9990500       1.006490       1.019270       1.023250       1.026690       1.023160      0.9824400      0.9661200      0.9443400      0.9223900      0.9002900      0.8797200    
   3.427040       3.372040       3.243540       3.057410       2.935810       2.860590       2.714150       2.563110       2.402260       2.231960       2.053450       1.869090       1.567470       1.476400       1.300110       1.160320       1.043250      0.9710300      0.9332700      0.9193300      0.9180200      0.9211200      0.9236100      0.9070100      0.9018200      0.8737400      0.8617700      0.8483400      0.8345900      0.8536900    
   3.426960       3.275010       3.057410       2.880280       2.819250       2.680760       2.539480       2.439620       2.279950       2.113440       2.060420       1.863820       1.561630       1.382270       1.239690       1.112040       1.008730      0.9261600      0.8816000      0.8620200      0.8581500      0.8613300      0.8516400      0.8538400      0.8535000      0.8375600      0.8307800      0.8223100      0.8129200      0.8033100    
   3.314500       3.057410       2.852560       2.763940       2.708630       2.572240       2.431460       2.284820       2.313720       2.173930       1.984590       1.606230       1.464140       1.323090       1.188970       1.065590      0.9603700      0.8812600      0.8255500      0.8081900      0.7970800      0.8014900      0.8075800      0.8125900      0.8153300      0.8155100      0.7996900      0.7947100      0.7884900      0.7815000    
   3.057410       2.838720       2.736290       2.708630       2.586280       2.477970       2.591730       2.421070       2.246400       2.076990       1.896990       1.546990       1.412140       1.277980       1.147820       1.025600      0.9160300      0.8205900      0.7709300      0.7509200      0.7567200      0.7657600      0.7792700      0.7869800      0.7922000      0.7948300      0.7824000      0.7798000      0.7756900      0.7703200    
   2.831800       2.722460       2.708630       2.590960       2.477970       2.547170       2.571820       2.398620       2.222760       2.045430       1.607730       1.483760       1.357960       1.232590       1.109760       1.005820      0.8859300      0.7710200      0.7098400      0.7332500      0.7357100      0.7479000      0.7580800      0.7659900      0.7715500      0.7748200      0.7759900      0.7624100      0.7597100      0.7365500    
   2.715540       2.708630       2.592520       2.477970       2.532320       2.571820       2.485220       2.397730       2.088740       1.688160       1.572820       1.454300       1.334420       1.215010       1.100650      0.9868800      0.8965300      0.7943000      0.7370400      0.7306400      0.7382100      0.7295800      0.7344200      0.7382800      0.7409100      0.7422900      0.7425400      0.7418500      0.7292700      0.7272900    
   2.708630       2.593040       2.477970       2.527370       2.571820       2.528520       2.484920       2.164960       1.688160       1.630490       1.535790       1.437660       1.327810       1.214440       1.143370       1.026430      0.9264400      0.8398900      0.7840800      0.7592600      0.7521900      0.7523900      0.7550400      0.7342200      0.7342900      0.7340400      0.7334200      0.7324500      0.7312300      0.7151500    
   2.593210       2.477970       2.525720       2.571820       2.550170       2.528420       2.216640       1.688160       1.659320       1.572460       1.481840       1.526010       1.397650       1.281280       1.163200       1.053960      0.9652900      0.8862000      0.8294200      0.7943900      0.7751900      0.7653000      0.7602700      0.7575700      0.7319800      0.7291400      0.7268000      0.7248700      0.7233500      0.7180200    
   2.477970       2.525170       2.571820       2.561000       2.550140       2.245850       1.688160       1.673740       1.589970       1.503920       1.526010       1.461830       1.377040       1.303200       1.190840       1.087580      0.9961500      0.9307600      0.8720300      0.8299600      0.8014200      0.7824400      0.7696400      0.7606900      0.7540900      0.7489300      0.7216500      0.7181500      0.7117200      0.7209100    
   2.524990       2.571820       2.566410       2.560980       2.261290       1.688160       1.680950       1.598570       1.514970       1.526010       1.493920       1.417020       1.303200       1.247020       1.193870       1.091520       1.004830      0.9329800      0.8785900      0.8640600      0.8278800      0.8009100      0.7807700      0.7655500      0.7538300      0.7446400      0.7597800      0.7519900      0.7553300      0.7203400    
   2.571820       2.569110       2.566400       2.269210       1.688160       1.684560       1.602840       1.520490       1.526010       1.509970       1.435040       1.303200       1.275110       1.248030       1.177470       1.096740       1.009780      0.9185280      0.8801000      0.8961400      0.8531500      0.8189500      0.7919300      0.7979500      0.7787000      0.7633400      0.7609800      0.7503000      0.7412900      0.7340300    
   2.570470       2.569110       2.273220       1.688160       1.686360       1.604960       1.523250       1.526010       1.517990       1.443550       1.303200       1.289160       1.275450       1.233540       1.174080       1.094660      0.9618620      0.8881200      0.8961400      0.8894170      0.9189600      0.8717200      0.8332700      0.8022500      0.7884400      0.7690200      0.7522800      0.7382900      0.7264700      0.7164900    
   2.570470       2.275240       1.688160       1.687260       1.606020       1.524630       1.526010       1.522000       1.447690       1.303200       1.296180       1.289270       1.266050       1.227690       1.167430       1.028030      0.8921300      0.8961400      0.9231170      0.9353900      0.9089480      0.8865400      0.8556800      0.8175400      0.7865500      0.7618200      0.7417100      0.7248400      0.7101800      0.6976100    
   2.276250       1.688160       1.687710       1.606550       1.525320       1.526010       1.524000       1.449720       1.303200       1.299690       1.296210       1.283830       1.261000       1.306400       1.209710       1.017720       1.017390      0.9913360      0.9639920      0.9715200      0.9518200      0.9157000      0.8616300      0.8168000      0.7808600      0.7525100      0.7299200      0.7110200      0.6939400      0.6918500    
   1.688160       1.687930       1.606820       1.525660       1.526010       1.525010       1.450730       1.303200       1.301440       1.299700       1.293240       1.280350       1.397730       1.567360       1.564430       1.252990       1.143650       1.138640       1.034790      0.9850670      0.9912200      0.9190100      0.8641000      0.8124900      0.7718500      0.7409300      0.7174000      0.6982600      0.6928600      0.6714400    
   1.688050       1.606950       1.525840       1.526010       1.525510       1.451240       1.303200       1.302320       1.301450       1.298130       1.590240       2.038960       1.726750       1.570040       1.570300       1.564430       1.286480       1.148660       1.138640       1.043940       1.012160      0.9285000      0.8563500      0.8041200      0.7589700      0.7267800      0.7045300      0.6986200      0.6824900      0.6627300    
   1.607020       1.525920       1.526010       1.525760       1.451490       1.303200       1.302760       1.302320       1.300630       1.653550       2.038960       2.038960       2.038960       1.730650       1.575390       1.576170       1.564430       1.294210       1.158670       1.138640       1.033750      0.9377200      0.8538000      0.7857300      0.7414400      0.7096100      0.6995500      0.6899800      0.6810700      0.6695000    
   1.525970       1.526010       1.525880       1.451610       1.303200       1.302980       1.302760       1.799880       2.008090       2.039500       2.038960       2.038960       2.038960       2.038960       1.737950       1.585570       1.587900       1.564430       1.315090       1.178710       1.060680      0.9496700      0.8503800      0.7696400      0.7148800      0.6932000      0.6860400      0.6868000      0.6883600      0.6877400    
   1.526010       1.525950       1.451680       1.303200       1.303090       2.298210       3.790780       3.542300       3.293820       2.458710       2.040570       2.038960       2.038960       2.038960       2.038960       1.751120       1.604370       1.611370       1.564430       1.378580       1.203100       1.040010      0.8800500      0.7433300      0.6854200      0.6675800      0.6767300      0.6914400      0.7046900      0.7141300    
   1.525980       1.451710       1.303200       1.303150       2.497670       3.791350       3.791350       3.790780       3.542300       3.293820       2.461510       2.043780       2.038960       2.038960       2.038960       2.038960       1.773240       1.637310       1.658320       1.456990       1.222860       1.053410      0.8918500      0.7476100      0.6533800      0.6385300      0.6564200      0.7091500      0.7328600      0.7492600    
