iMOD/TUTORIALS/TUT_MetaswapAnalyser/model_MetaSWAP/meteo/Precipitation/Precipitation_20050324_L1.ASC
NCOLS                30
NROWS                30
XLLCORNER     160000.00
YLLCORNER     340000.00
CELLSIZE        1000.00
NODATA_VALUE   -9999.00
   3.939290       3.831060       3.737650       3.663650       3.617370       3.624790       3.685280       3.778770       3.897680       4.085890       4.353790       4.642260       4.935070       5.198330       5.435260       5.649550       5.821140       5.923380       5.967400       5.960720       5.909790       5.798550       5.681330       5.592360       5.434370       5.266450       5.093110       4.918540       4.747080       4.581750    
   3.996410       3.902560       3.823300       3.767980       3.738190       3.749400       3.795920       3.866760       3.949380       4.122540       4.431920       4.749090       5.050710       5.340310       5.591580       5.816780       5.970320       6.068340       6.103490       6.078870       6.007510       5.877720       5.741910       5.633490       5.462180       5.283200       5.100590       4.917900       4.769580       4.592760    
   4.057620       3.979340       3.918090       3.873010       3.861240       3.879370       3.927110       4.001780       4.115760       4.301250       4.584140       4.890920       5.206040       5.497110       5.764110       5.996760       6.153480       6.237340       6.248930       6.198020       6.103180       5.948980       5.839690       5.663430       5.478160       5.288370       5.133280       4.936520       4.741570       4.554430    
   4.124340       4.060700       4.014350       3.983240       3.983540       4.011450       4.068940       4.160140       4.305010       4.513110       4.765270       5.062020       5.370790       5.673410       5.954190       6.197850       6.359450       6.430580       6.413510       6.326310       6.191070       6.083750       5.874990       5.722310       5.520460       5.316690       5.113480       4.912650       4.715090       4.524510    
   4.193610       4.143130       4.103000       4.091160       4.103040       4.141760       4.210600       4.369980       4.509070       4.700090       4.937460       5.227300       5.542100       5.859570       6.152510       6.417760       6.609200       6.664980       6.607030       6.471920       6.357670       6.159640       5.923910       5.712990       5.499830       5.289290       5.083000       4.881570       4.689420       4.510660    
   4.262900       4.216290       4.194970       4.193660       4.215370       4.263310       4.399540       4.521750       4.639010       4.842080       5.081890       5.361720       5.677740       6.008300       6.340480       6.650390       6.859450       6.887410       6.758910       6.557020       6.386870       6.157000       5.902050       5.675610       5.455270       5.243770       5.037920       4.840090       4.654720       4.484770    
   4.322980       4.293550       4.281150       4.288100       4.403800       4.447270       4.520240       4.605600       4.766590       4.956560       5.187440       5.457280       5.762400       6.100880       6.452530       6.825680       7.125640       7.096460       6.850950       6.620690       6.358960       6.106830       5.865340       5.608560       5.386640       5.174780       4.971880       4.781250       4.604200       4.440930    
   4.283800       4.490420       4.472710       4.474430       4.497390       4.467350       4.580420       4.705710       4.850260       5.030420       5.246880       5.499060       5.785610       6.105500       6.444400       6.832350       7.238900       7.118750       6.818980       6.526580       6.253660       5.998240       5.758000       5.505560       5.289020       5.082380       4.888100       4.705150       4.530570       4.374700    
   4.479510       4.555710       4.544630       4.549820       4.471510       4.526230       4.641690       4.763570       4.898080       5.062890       5.258260       5.483390       5.736420       5.990200       6.292270       6.589720       6.800240       6.768930       6.562110       6.313290       6.065720       5.829110       5.604740       5.366570       5.161180       4.967440       4.783750       4.605630       4.444270       4.294970    
   4.526960       4.612500       4.604880       4.480350       4.511090       4.563430       4.695950       4.791840       4.911960       5.056580       5.225000       5.415250       5.623550       5.815390       6.039720       6.233870       6.334300       6.322430       6.194570       6.010210       5.808890       5.607830       5.411140       5.220850       5.008940       4.830940       4.655460       4.494100       4.341970       4.199920    
   4.567420       4.581450       4.550530       4.504390       4.534490       4.634350       4.710050       4.793370       4.895880       5.016910       5.154670       5.305830       5.424690       5.588500       5.706330       5.832520       5.896760       5.877790       5.788340       5.655640       5.502670       5.341810       5.178660       5.015090       4.849160       4.666470       4.512030       4.363440       4.221740       4.092110    
   4.571710       4.550950       4.504390       4.543520       4.539990       4.638900       4.704990       4.772130       4.855170       4.951020       5.047800       5.160790       5.231110       5.291440       5.395550       5.461130       5.477030       5.448670       5.379870       5.288580       5.182480       5.064810       4.933600       4.800320       4.663590       4.498900       4.360560       4.225120       4.093990       3.968390    
   4.552240       4.504390       4.552670       4.567590       4.595190       4.638680       4.680890       4.734200       4.785470       4.854420       4.931050       4.862050       4.961260       5.042350       5.095620       5.111910       5.087680       5.032780       4.977990       4.923250       4.859650       4.782510       4.690080       4.585460       4.472250       4.353670       4.204740       4.082350       3.961790       3.844480    
   4.504390       4.558410       4.581390       4.595190       4.615690       4.613210       4.626950       4.665860       4.710940       4.845010       4.884160       4.700580       4.764210       4.806790       4.820190       4.797060       4.733230       4.644450       4.583960       4.577680       4.559680       4.518310       4.452070       4.371350       4.278230       4.176650       4.044360       3.934260       3.824030       3.715220    
   4.561570       4.588290       4.595190       4.608030       4.613210       4.643050       4.688990       4.704400       4.722800       4.741550       4.491850       4.543280       4.579180       4.593330       4.579160       4.528220       4.441110       4.309770       4.237000       4.278370       4.296010       4.276080       4.231880       4.168800       4.091560       4.004170       3.909950       3.787260       3.686970       3.592430    
   4.591740       4.595190       4.605480       4.613210       4.648420       4.688990       4.696700       4.705400       4.623470       4.325120       4.366880       4.397450       4.412440       4.407160       4.356860       4.302220       4.230150       4.130400       4.073980       4.077640       4.078910       4.077060       4.042520       3.990520       3.924560       3.848010       3.763870       3.674710       3.559880       3.467620    
   4.595190       4.604630       4.613210       4.650210       4.688990       4.692840       4.697030       4.587670       4.325120       4.346000       4.293350       4.264240       4.235150       4.219880       4.206120       4.149070       4.077240       4.005140       3.955230       3.931980       3.915750       3.891450       3.854070       3.824680       3.764770       3.695200       3.618400       3.536670       3.452060       3.338120    
   4.604340       4.613210       4.650800       4.688990       4.690920       4.692950       4.575660       4.325120       4.335560       4.253240       4.188650       4.113060       4.103180       4.105910       4.065950       4.013170       3.952390       3.893180       3.844980       3.809590       3.779740       3.746940       3.706300       3.656270       3.617920       3.552430       3.480660       3.404600       3.326260       3.239690    
   4.613210       4.651000       4.688990       4.689950       4.690950       4.571160       4.325120       4.330340       4.235570       4.150860       4.113060       4.108120       4.077100       3.986230       3.945840       3.896710       3.842810       3.789070       3.740900       3.698920       3.660070       3.619830       3.574740       3.523130       3.464800       3.400510       3.350830       3.278770       3.197480       3.133480    
   4.651070       4.688990       4.689470       4.689970       4.569300       4.325120       4.327730       4.227210       4.131960       4.113060       4.110590       4.071130       3.986230       3.966030       3.942930       3.895120       3.842860       3.790930       3.665010       3.596200       3.551260       3.505220       3.455870       3.401890       3.342900       3.279300       3.222140       3.144880       3.096990       3.038500    
   4.688990       4.689230       4.689480       4.568460       4.325120       4.326430       4.223130       4.122510       4.113060       4.111820       4.070250       3.986230       3.976130       3.965060       3.934690       3.893640       3.842970       3.669360       3.548070       3.499950       3.450660       3.400170       3.347180       3.303390       3.241940       3.177050       3.128060       3.057560       2.986850       2.918190    
   4.689110       4.689230       4.568070       4.325120       4.325770       4.221100       4.117780       4.113060       4.112440       4.070340       3.986230       3.981180       3.975810       3.958630       3.931130       3.890430       3.685990       3.524010       3.499950       3.442140       3.375820       3.319450       3.261420       3.201050       3.162360       3.092690       3.023270       2.952290       2.881250       2.812640    
   4.689110       4.567880       4.325120       4.325450       4.220100       4.115420       4.113060       4.112750       4.070520       3.986230       3.983710       3.981070       3.971870       3.955190       3.926730       3.664430       3.511980       3.499950       3.355510       3.291990       3.260700       3.227440       3.195210       3.132080       3.064120       2.996240       2.925560       2.853310       2.780660       2.710160    
   4.567790       4.325120       4.325280       4.219590       4.114240       4.113060       4.112910       4.070640       3.986230       3.984970       3.983670       3.978880       3.969380       3.730210       3.509280       3.304200       3.302630       3.262370       3.212800       3.187950       3.208160       3.172640       3.111220       3.044320       2.976410       2.907110       2.836000       2.762890       2.688120       2.594090    
   4.325120       4.325200       4.219340       4.113650       4.113060       4.112980       4.070710       3.986230       3.985600       3.984960       3.982510       3.977310       3.561740       3.065670       3.067050       3.138060       3.097990       3.105310       3.138280       3.158460       3.167740       3.103060       3.031140       2.962960       2.894660       2.825770       2.755500       2.682920       2.589480       2.514460    
   4.325160       4.219220       4.113360       4.113060       4.113020       4.070750       3.986230       3.985910       3.985590       3.984350       3.626800       3.094620       3.074420       3.064580       3.064280       3.067050       3.084590       3.090660       3.105310       3.101390       3.099490       3.029330       2.959510       2.887130       2.819280       2.752170       2.684680       2.599250       2.528210       2.454230    
   4.219150       4.113210       4.113060       4.113040       4.070760       3.986230       3.986070       3.985910       3.985290       3.557200       3.094620       3.094620       3.094620       3.072820       3.062400       3.061510       3.067050       3.075330       3.076010       3.105310       3.033000       2.960480       2.888740       2.819050       2.749580       2.685810       2.610550       2.546820       2.482410       2.416920    
   4.113130       4.113060       4.113050       4.070770       3.986230       3.986150       3.986070       3.757530       3.463830       3.094550       3.094620       3.094620       3.094620       3.094620       3.070000       3.058630       3.055980       3.067050       3.052950       3.046720       2.972090       2.896990       2.822810       2.751860       2.682380       2.617750       2.559930       2.504490       2.449420       2.395180    
   4.113060       4.113060       4.070780       3.986230       3.986190       3.640640       3.122350       3.097590       3.072830       3.087180       3.094420       3.094620       3.094620       3.094620       3.094620       3.065220       3.052860       3.044910       3.067050       2.992740       2.916640       2.839260       2.774340       2.693320       2.622110       2.565150       2.516450       2.471050       2.425900       2.381800    
   4.113060       4.070780       3.986230       3.986210       3.571570       3.122370       3.122370       3.122350       3.097580       3.072830       3.086840       3.094010       3.094620       3.094620       3.094620       3.094620       3.057410       3.046630       3.022770       2.947750       2.906080       2.814400       2.723320       2.635620       2.563220       2.518090       2.483660       2.446920       2.410230       2.373910    
