iMOD/TUTORIALS/TUT_MetaswapAnalyser/model_MetaSWAP/meteo/Precipitation/Precipitation_20061006_L1.ASC
NCOLS                30
NROWS                30
XLLCORNER     160000.00
YLLCORNER     340000.00
CELLSIZE        1000.00
NODATA_VALUE   -9999.00
   9.174190       9.077080       8.959450       8.814800       8.634820       8.390060       8.083590       7.752530       7.472120       7.494310       7.876790       8.354620       8.831490       9.270720       9.658540       9.985400       10.24780       10.39840       10.46640       10.45660       10.38010       10.24280       10.07100       9.863120       9.643560       9.411190       9.173300       8.937800       8.715390       8.525000    
   9.147560       9.040110       8.917530       8.757590       8.564080       8.312140       8.005740       7.650900       7.257420       7.248090       7.853710       8.430850       8.975200       9.476160       9.912160       10.28840       10.55240       10.70430       10.76260       10.73350       10.63080       10.46520       10.26340       10.02660       9.778850       9.519030       9.253290       8.987870       8.731040       8.508410    
   9.145620       9.035130       8.904150       8.757910       8.573640       8.345880       8.085160       7.809940       7.590320       7.681990       8.133020       8.685810       9.248540       9.778340       10.24890       10.64900       10.93090       11.09090       11.13150       11.06920       10.92420       10.71890       10.47100       10.20890       9.930900       9.643480       9.350040       9.056800       8.769480       8.491220    
   9.163290       9.057900       8.936350       8.810050       8.647940       8.468840       8.285370       8.134680       8.075200       8.213370       8.588810       9.074300       9.630750       10.17480       10.67740       11.10510       11.40550       11.55500       11.55740       11.44190       11.24440       10.98030       10.69550       10.39600       10.08870       9.777390       9.465610       9.155560       8.851610       8.551480    
   9.199510       9.105950       9.021530       8.905810       8.782730       8.660300       8.555670       8.480550       8.525690       8.714740       9.068310       9.546110       10.07050       10.63070       11.17170       11.64060       11.97070       12.09850       12.03560       11.84110       11.55550       11.24820       10.91630       10.58140       10.24780       9.917910       9.594800       9.285360       8.987240       8.724240    
   9.251190       9.199390       9.116240       9.031270       8.949890       8.882250       8.822020       8.838530       8.964230       9.185010       9.528280       9.978430       10.50290       11.09560       11.67340       12.23070       12.62130       12.70920       12.53270       12.22780       11.85970       11.49120       11.11590       10.75200       10.39750       10.05420       9.726840       9.421870       9.139450       8.899190    
   9.382570       9.285610       9.226550       9.172640       9.096170       9.078660       9.098140       9.190550       9.339510       9.586880       9.934350       10.37750       10.90430       11.49550       12.12480       12.79800       13.34980       13.34750       12.97530       12.53320       12.10280       11.68490       11.28290       10.89150       10.52400       10.17580       9.853350       9.550960       9.280200       9.051030    
   9.508690       9.368060       9.297670       9.274990       9.269500       9.317020       9.372340       9.478390       9.661530       9.923620       10.27050       10.70180       11.21190       11.79580       12.39820       13.11830       13.87240       13.72020       13.20080       12.71010       12.24580       11.80630       11.39010       10.99010       10.61880       10.27600       9.952960       9.658560       9.393290       9.172930    
   9.540300       9.460040       9.445730       9.409320       9.465000       9.513540       9.597320       9.726750       9.926240       10.19260       10.53010       10.93840       11.41280       11.87910       12.46370       13.05130       13.48670       13.48620       13.14150       12.71120       12.27220       11.84470       11.43550       11.04100       10.68050       10.33870       10.02360       9.732400       9.481360       9.265690    
   9.620780       9.548790       9.552940       9.605150       9.615070       9.685060       9.774420       9.929280       10.13470       10.39570       10.71450       11.08910       11.51230       11.88680       12.37750       12.80540       13.10570       13.12120       12.91170       12.58080       12.20230       11.80560       11.42040       11.04960       10.69570       10.36580       10.05540       9.780950       9.537460       9.326740    
   9.605200       9.574170       9.607320       9.722390       9.777720       9.800400       9.927100       10.08770       10.29070       10.53880       10.83190       11.16590       11.41160       11.81630       12.26520       12.56940       12.74940       12.76850       12.62840       12.37550       12.05950       11.71520       11.36400       11.02320       10.68560       10.35600       10.06540       9.801050       9.565280       9.355970    
   9.609050       9.627270       9.722390       9.830160       9.889540       9.943610       10.07360       10.20560       10.40010       10.63010       10.88230       11.17510       11.36210       11.78520       12.07610       12.30300       12.43400       12.44590       12.34110       12.14020       11.87490       11.57360       11.25630       10.93780       10.62760       10.32330       10.04680       9.793620       9.566590       9.367460    
   9.650550       9.722390       9.848450       9.910260       9.930990       10.03880       10.16400       10.31570       10.47510       10.66450       10.89880       11.13240       11.39590       11.65080       11.87990       12.05190       12.14830       12.15340       12.06730       11.89770       11.67170       11.40600       11.12030       10.82790       10.53880       10.26030       9.988730       9.746140       9.527310       9.334460    
   9.722390       9.855610       9.920630       9.930990       10.02510       10.10560       10.20170       10.34620       10.51230       10.77310       10.96720       11.07950       11.29870       11.50490       11.68250       11.81750       11.89280       11.88990       11.80920       11.66330       11.46150       11.22400       10.93470       10.66110       10.38800       10.12290       9.864960       9.632170       9.422060       9.237410    
   9.858700       9.925810       9.930990       10.02060       10.10560       10.23090       10.38550       10.50880       10.64830       10.80170       10.89360       11.07080       11.24320       11.40030       11.53040       11.60730       11.65450       11.64650       11.57070       11.41640       11.22870       11.00620       10.76270       10.50820       10.25130       9.999210       9.758340       9.527070       9.323060       9.138140    
   9.928400       9.930990       10.01910       10.10560       10.24070       10.38550       10.44710       10.51420       10.66440       10.69880       10.84710       10.99490       11.13500       11.25900       11.36230       11.42510       11.43230       11.40740       11.32580       11.18850       11.01000       10.80940       10.58240       10.34250       10.09760       9.854880       9.620900       9.401430       9.195430       9.019140    
   9.930990       10.01850       10.10560       10.24390       10.38550       10.41630       10.44890       10.58110       10.69880       10.77300       10.84900       10.91280       11.03390       11.12890       11.17670       11.21840       11.22240       11.18550       11.10250       10.97470       10.80920       10.61400       10.39700       10.17620       9.940170       9.703800       9.473710       9.256240       9.057190       8.879440    
   10.01840       10.10560       10.24500       10.38550       10.40090       10.41690       10.53630       10.69880       10.73590       10.79280       10.85200       10.79130       10.88610       10.96790       11.01870       11.04200       11.03160       10.98600       10.90140       10.77860       10.62170       10.43610       10.22820       10.00440       9.780790       9.546870       9.316750       9.097340       8.895400       8.719310    
   10.10560       10.24540       10.38550       10.39320       10.40110       10.51320       10.69880       10.71730       10.76810       10.82170       10.79130       10.83870       10.87120       10.83950       10.87320       10.88200       10.86180       10.80830       10.72220       10.60230       10.45090       10.27180       10.06980       9.849990       9.618360       9.381300       9.155150       8.929300       8.721680       8.538500    
   10.24550       10.38550       10.38940       10.39330       10.50160       10.69880       10.70810       10.75640       10.80650       10.79130       10.81500       10.83520       10.83950       10.85630       10.86490       10.87230       10.85070       10.79740       10.57850       10.44680       10.29940       10.12470       9.926060       9.707590       9.474280       9.232020       8.989230       8.753370       8.531820       8.340410    
   10.38550       10.38740       10.38940       10.49580       10.69880       10.70340       10.75070       10.79890       10.79130       10.80320       10.82020       10.83950       10.84790       10.85360       10.86450       10.86260       10.84020       10.58390       10.37990       10.31300       10.16900       9.997780       9.801290       9.582670       9.345810       9.095600       8.839750       8.585720       8.344170       8.128340    
   10.38650       10.38740       10.49280       10.69880       10.70110       10.74790       10.79510       10.79130       10.79720       10.81350       10.83950       10.84370       10.84700       10.85530       10.86030       10.85580       10.58920       10.34640       10.31300       10.18050       10.05960       9.892730       9.698940       9.479810       9.239260       8.990710       8.716840       8.438920       8.169150       7.916700    
   10.38650       10.49140       10.69880       10.70000       10.74650       10.79320       10.79130       10.79430       10.81040       10.83950       10.84160       10.84340       10.84870       10.85420       10.85710       10.55510       10.32970       10.31300       10.10890       10.00720       9.908890       9.841800       9.650320       9.427400       9.172360       8.897550       8.606510       8.303110       7.999360       7.714610    
   10.49070       10.69880       10.69940       10.74580       10.79220       10.79130       10.79280       10.80890       10.83950       10.84060       10.84150       10.84460       10.84880       10.66210       10.42530       10.14600       10.14040       10.05510       9.952840       9.934730       9.954800       9.795530       9.588610       9.372790       9.124590       8.845270       8.538080       8.208720       7.866640       7.515690    
   10.69880       10.69910       10.74540       10.79180       10.79130       10.79200       10.80810       10.83950       10.84000       10.84050       10.84220       10.84490       10.50620       10.08770       10.08820       10.05130       9.967840       9.967890       9.933030       9.916570       9.914660       9.749720       9.576260       9.367900       9.122440       8.839720       8.521810       8.172760       7.787510       7.397420    
   10.69890       10.74520       10.79150       10.79130       10.79170       10.80770       10.83950       10.83980       10.84000       10.84090       10.61190       10.26590       10.14720       10.08790       10.08710       10.08820       10.00860       9.967790       9.967890       9.912920       9.880260       9.755000       9.597710       9.403020       9.166660       8.887370       8.567370       8.205840       7.818120       7.407400    
   10.74510       10.79140       10.79130       10.79150       10.80760       10.83950       10.83960       10.83980       10.84020       10.56490       10.26590       10.26590       10.26590       10.14760       10.08820       10.08610       10.08820       10.01030       9.967700       9.967890       9.888860       9.785910       9.652000       9.478750       9.259020       8.990310       8.678150       8.325860       7.952500       7.572600    
   10.79140       10.79130       10.79140       10.80750       10.83950       10.83960       10.83960       10.62940       10.44740       10.26570       10.26590       10.26590       10.26590       10.26590       10.14900       10.09030       10.08400       10.08820       10.01760       9.967500       9.911760       9.837150       9.735180       9.593320       9.417650       9.153710       8.845770       8.510910       8.167340       7.837730    
   10.79130       10.79130       10.80740       10.83950       10.83950       10.50960       10.01470       10.00630       9.997970       10.17600       10.26530       10.26590       10.26590       10.26590       10.26590       10.15380       10.09870       10.07980       10.08820       10.04680       9.999600       9.943020       9.924730       9.775480       9.597240       9.349220       9.053140       8.737460       8.426050       8.141120    
   10.79130       10.80740       10.83950       10.83950       10.44360       10.01470       10.01470       10.01470       10.00630       9.997970       10.17490       10.26400       10.26590       10.26590       10.26590       10.26590       10.16650       10.12820       10.07140       10.04610       10.13510       10.07950       10.02320       9.952310       9.817580       9.569510       9.271970       8.978030       8.697060       8.448430    
