iMOD/TUTORIALS/TUT_MetaswapAnalyser/model_MetaSWAP/meteo/Precipitation/Precipitation_20060208_L1.ASC
NCOLS                30
NROWS                30
XLLCORNER     160000.00
YLLCORNER     340000.00
CELLSIZE        1000.00
NODATA_VALUE   -9999.00
   8.395350       8.486740       8.581650       8.672210       8.739570       8.742120       8.668490       8.550780       8.416200       8.276180       8.141710       8.006410       7.866960       7.748170       7.610350       7.479390       7.340200       7.192370       7.033150       6.862350       6.677230       6.476620       6.257090       6.026870       5.771320       5.501630       5.222730       4.942840       4.675610       4.437890    
   8.551840       8.640340       8.716400       8.789660       8.837110       8.837810       8.787710       8.696980       8.578630       8.455660       8.338210       8.212170       8.080270       7.969460       7.832220       7.693420       7.542950       7.375370       7.207910       7.024590       6.825670       6.610390       6.375200       6.127710       5.854140       5.564010       5.260630       4.949950       4.622940       4.351280    
   8.690920       8.773710       8.850480       8.914130       8.933910       8.937570       8.903980       8.837200       8.744600       8.639260       8.532510       8.417800       8.299530       8.184080       8.045030       7.902510       7.748040       7.583170       7.406030       7.214180       7.008530       6.781980       6.541940       6.273350       5.985070       5.678250       5.329420       4.996860       4.651070       4.319260    
   8.815910       8.893920       8.964250       9.020400       9.055150       9.062950       9.041370       8.976960       8.906490       8.822090       8.726250       8.624960       8.514700       8.401240       8.268500       8.126420       7.971690       7.805440       7.625830       7.430000       7.215320       6.991400       6.735590       6.427350       6.132500       5.819960       5.491290       5.148290       4.789770       4.432550    
   8.930370       9.005260       9.070690       9.124620       9.160990       9.175930       9.167680       9.134390       9.081640       9.011930       8.928720       8.833370       8.728330       8.616750       8.499490       8.359630       8.187890       8.020900       7.840500       7.642660       7.431360       7.191570       6.933220       6.656560       6.357960       6.043910       5.717570       5.378270       5.049180       4.750870    
   9.036710       9.106410       9.172470       9.227470       9.267980       9.291290       9.294290       9.279960       9.229440       9.191900       9.129300       9.051960       8.957640       8.854400       8.732740       8.594570       8.442470       8.281770       8.108660       7.915060       7.703700       7.462420       7.201660       6.919530       6.621840       6.315500       5.999690       5.679800       5.382170       5.122700    
   9.098220       9.203220       9.270580       9.328670       9.372030       9.405840       9.424380       9.401840       9.401220       9.373220       9.330630       9.273000       9.199050       9.102480       8.991980       8.860670       8.709890       8.561450       8.402710       8.220910       8.005520       7.763400       7.498810       7.219170       6.924520       6.622930       6.313660       6.021450       5.750940       5.513250    
   9.095150       9.258030       9.361780       9.425530       9.479790       9.522940       9.525110       9.557370       9.562010       9.553770       9.532260       9.496460       9.444510       9.364120       9.273280       9.155390       9.006100       8.876360       8.733710       8.552200       8.336480       8.091980       7.825150       7.545340       7.254040       6.951860       6.663980       6.388930       6.128590       5.907690    
   9.170820       9.342520       9.420110       9.523780       9.584880       9.637770       9.648440       9.697820       9.720110       9.731860       9.732400       9.720440       9.693800       9.635890       9.572510       9.483970       9.370870       9.242890       9.098640       8.914560       8.693990       8.443610       8.171900       7.890110       7.591700       7.305280       7.028220       6.758330       6.521780       6.312240    
   9.249230       9.421330       9.502980       9.595450       9.685900       9.748370       9.786440       9.833480       9.873040       9.904740       9.927900       9.941280       9.942720       9.936820       9.883510       9.830400       9.747320       9.636540       9.486410       9.292450       9.058560       8.811310       8.530740       8.241120       7.945440       7.663350       7.384910       7.137160       6.912920       6.714620    
   9.282980       9.391180       9.549920       9.679920       9.758950       9.869260       9.900840       9.961700       10.01770       10.06880       10.11440       10.15370       10.19700       10.20950       10.18870       10.17780       10.13460       10.04600       9.901110       9.698230       9.447820       9.166260       8.869190       8.560320       8.252640       8.001600       7.740940       7.502900       7.290370       7.106850    
   9.284080       9.476000       9.679920       9.803930       9.842950       9.942890       9.985280       10.07970       10.15080       10.21980       10.27930       10.34460       10.41850       10.46110       10.48810       10.52300       10.52430       10.46890       10.33320       10.11590       9.839830       9.533360       9.198400       8.885700       8.586440       8.314620       8.058530       7.828910       7.627760       7.455580    
   9.407320       9.679920       9.826550       9.888430       9.933910       9.987390       10.07580       10.16370       10.24960       10.34390       10.43040       10.51630       10.60550       10.69490       10.76070       10.84630       10.90590       10.90090       10.77870       10.53060       10.20190       9.860210       9.521100       9.196160       8.891710       8.611860       8.368530       8.146670       7.956190       7.797590    
   9.679920       9.837890       9.911170       9.933910       9.992770       10.05700       10.15010       10.24720       10.34590       10.44800       10.55170       10.65990       10.77070       10.88720       11.00950       11.11980       11.24740       11.33110       11.23030       10.90750       10.52990       10.15500       9.797390       9.463600       9.156270       8.877700       8.638170       8.423270       8.242200       8.095840    
   9.843560       9.922540       9.933910       9.994560       10.05700       10.13980       10.21240       10.31600       10.42220       10.53190       10.62750       10.74950       10.87800       11.01440       11.16010       11.30340       11.47800       11.66730       11.61830       11.17730       10.76430       10.37580       10.01390       9.679610       9.374250       9.099250       8.856200       8.654990       8.480840       8.365330    
   9.928230       9.933910       9.995160       10.05700       10.13640       10.21240       10.26420       10.31690       10.45970       10.56880       10.69030       10.81710       10.94990       11.08930       11.23850       11.38960       11.53730       11.64730       11.56550       11.25340       10.88750       10.51850       10.17340       9.851580       9.555950       9.288670       9.051740       8.847060       8.683260       8.547860    
   9.933910       9.995360       10.05700       10.13530       10.21240       10.23830       10.26450       10.40240       10.56880       10.62950       10.76740       10.84750       10.97950       11.11140       11.26680       11.38160       11.46610       11.50030       11.40940       11.18560       10.88950       10.57150       10.25580       9.944180       9.661080       9.402140       9.170380       8.968270       8.797890       8.671260    
   9.995420       10.05700       10.13490       10.21240       10.22540       10.23840       10.36850       10.56880       10.59920       10.75200       10.88050       10.91350       11.02220       11.11970       11.21860       11.29960       11.34460       11.34060       11.24980       11.07070       10.82870       10.55480       10.27110       9.991550       9.714920       9.465270       9.238120       9.036650       8.863340       8.723790    
   10.05700       10.13480       10.21240       10.21890       10.22540       10.35030       10.56880       10.58400       10.74610       10.89700       10.91350       10.96780       11.02900       11.06050       11.13550       11.18740       11.20190       11.18140       11.09270       10.93950       10.73470       10.49680       10.24270       9.985130       9.732950       9.492670       9.259950       9.057040       8.881970       8.722400    
   10.13470       10.21240       10.21560       10.21890       10.34080       10.56880       10.57640       10.74350       10.90520       10.91350       10.94070       10.99270       11.06050       11.09800       11.12780       11.17490       11.19020       11.15870       10.93650       10.80290       10.62370       10.41320       10.18350       9.945060       9.706030       9.472930       9.242700       9.040440       8.804530       8.642560    
   10.21240       10.21400       10.21560       10.33600       10.56880       10.57260       10.74230       10.90940       10.91350       10.92710       10.97680       11.06050       11.07930       11.09540       11.13360       11.16430       11.17460       10.93710       10.73440       10.66590       10.50480       10.31470       10.10420       9.872520       9.644440       9.416830       9.141930       8.932800       8.740510       8.569920    
   10.21320       10.21400       10.33360       10.56880       10.57070       10.74170       10.91140       10.91350       10.92030       10.96950       11.06050       11.06990       11.07840       11.10280       11.13110       11.15750       10.92840       10.70010       10.66590       10.51460       10.37310       10.19920       10.00420       9.794000       9.519340       9.294160       9.071680       8.855350       8.650710       8.465280    
   10.21320       10.33240       10.56880       10.56970       10.74140       10.91250       10.91350       10.91690       10.96590       11.06050       11.06520       11.06960       11.08370       11.10410       11.13050       10.83230       10.68300       10.66590       10.35230       10.22550       10.13510       10.09150       9.853880       9.652190       9.439080       9.217320       8.992230       8.767140       8.547480       8.341540    
   10.33180       10.56880       10.56930       10.74130       10.91300       10.91350       10.91520       10.96420       11.06050       11.06280       11.06510       11.07280       11.08580       10.77100       10.50300       10.26330       10.26130       10.16890       10.05820       10.00320       10.07780       9.933740       9.756190       9.565240       9.359390       9.141530       8.914460       8.681180       8.445620       8.218300    
   10.56880       10.56900       10.74120       10.91320       10.91350       10.91430       10.96340       11.06050       11.06170       11.06280       11.06690       11.07460       10.49060       9.763140       9.765890       9.921770       9.845480       9.856620       9.911530       9.945870       9.928690       9.773380       9.666480       9.485080       9.286860       9.073710       8.847490       8.609940       8.365720       8.111310    
   10.56890       10.74120       10.91340       10.91350       10.91390       10.96290       11.06050       11.06110       11.06170       11.06380       10.44740       9.516290       9.678560       9.760370       9.760390       9.765890       9.814450       9.834340       9.856620       9.840380       9.831120       9.690390       9.531280       9.413970       9.225060       9.019460       8.798670       8.566620       8.319480       8.060400    
   10.74120       10.91340       10.91350       10.91370       10.96270       11.06050       11.06080       11.06110       11.06220       10.32110       9.516290       9.516290       9.516290       9.674450       9.754840       9.754880       9.765890       9.800950       9.812060       9.856620       9.745080       9.616070       9.469810       9.306440       9.176310       8.981420       8.772750       8.549790       8.317080       8.080330    
   10.91350       10.91350       10.91360       10.96260       11.06050       11.06060       11.06080       10.57750       10.07860       9.516060       9.516290       9.516290       9.516290       9.516290       9.666290       9.743760       9.743870       9.765890       9.769240       9.767490       9.666230       9.549660       9.417530       9.269050       9.103370       8.959820       8.764060       8.558070       8.348200       8.144080    
   10.91350       10.91360       10.96260       11.06050       11.06060       10.28690       9.126430       9.126180       9.125930       9.385540       9.515590       9.516290       9.516290       9.516290       9.516290       9.650240       9.721510       9.721860       9.765890       9.686970       9.595280       9.490950       9.372390       9.240460       9.091840       8.924520       8.769150       8.581940       8.396310       8.222000    
   10.91350       10.96250       11.06050       11.06050       10.13200       9.126260       9.126260       9.126430       9.126170       9.125930       9.384330       9.514190       9.516290       9.516290       9.516290       9.516290       9.619300       9.676790       9.677820       9.606410       9.521490       9.430740       9.330360       9.219160       9.089320       8.933210       8.765900       8.601210       8.448010       8.298500    
