iMOD/TUTORIALS/TUT_MetaswapAnalyser/model_MetaSWAP/meteo/Precipitation/Precipitation_20060505_L1.ASC
NCOLS                30
NROWS                30
XLLCORNER     160000.00
YLLCORNER     340000.00
CELLSIZE        1000.00
NODATA_VALUE   -9999.00
   6.623920       6.605740       6.632950       6.637230       6.427830       5.714810       4.490700       3.189880       2.131020       1.528670       1.301170       1.185250       1.106810       1.033050      0.9665700      0.9015700      0.8657900      0.7867500      0.7019500      0.6157700      0.5315100      0.4566700      0.3838400      0.3248400       0.000000       0.000000       0.000000       0.000000       0.000000       0.000000    
   6.634840       6.523670       6.363820       6.155410       5.721600       4.986520       3.968880       2.857820       1.830750       1.292920       1.265690       1.233760       1.197990       1.157050       1.109520       1.086280       1.011610      0.9233600      0.8224700      0.7143300      0.6072300      0.5109500      0.4197600      0.3455700       0.000000       0.000000       0.000000       0.000000       0.000000       0.000000    
   6.491360       6.295320       6.056800       5.691530       5.159360       4.467900       3.618000       2.724740       1.945340       1.505750       1.380720       1.344750       1.325630       1.302520       1.272640       1.251950       1.178680       1.076290      0.9514400      0.8160400      0.6836100      0.5637800      0.4624400      0.3649700       0.000000       0.000000       0.000000       0.000000       0.000000       0.000000    
   6.277000       6.017700       5.708440       5.278080       4.772240       4.147000       3.442260       2.723110       2.140190       1.755350       1.575620       1.505610       1.479090       1.468580       1.454100       1.436590       1.366580       1.248380       1.093040      0.9223800      0.7563000      0.6203200      0.4923000      0.3813800       0.000000       0.000000       0.000000       0.000000       0.000000       0.000000    
   6.029560       5.730840       5.336780       4.932710       4.453170       3.906600       3.327590       2.729430       2.278120       1.959300       1.756570       1.665040       1.637000       1.637180       1.645540       1.639290       1.576620       1.436350       1.236110       1.018790      0.8338500      0.6559400      0.5124700      0.3928800       0.000000       0.000000       0.000000       0.000000       0.000000       0.000000    
   5.772520       5.387610       5.038310       4.643350       4.201860       3.726070       3.185860       2.734120       2.326750       2.062130       1.891570       1.801120       1.770960       1.783300       1.794310       1.844780       1.818010       1.645480       1.374120       1.096930      0.8723300      0.6735200      0.5193800      0.3950800       0.000000       0.000000       0.000000       0.000000       0.000000       0.000000    
   5.433800       5.115950       4.770710       4.394960       3.900020       3.493420       3.092750       2.647300       2.349800       2.120380       1.963480       1.874230       1.844200       1.868240       1.884550       2.008720       2.081610       1.845290       1.458390       1.136570      0.8688500      0.6614800      0.5027500      0.3854300       0.000000       0.000000       0.000000       0.000000       0.000000       0.000000    
   5.218480       4.711400       4.397260       4.055110       3.699050       3.207240       2.879420       2.579530       2.321910       2.116860       1.968510       1.875960       1.836250       1.852850       1.845360       1.990590       2.183400       1.856620       1.414700       1.070460      0.8098000      0.6140700      0.4677200      0.3618100       0.000000       0.000000       0.000000       0.000000       0.000000       0.000000    
   4.793800       4.453830       4.147690       3.837390       3.340690       3.037080       2.747390       2.482100       2.250390       2.059160       1.911570       1.807540       1.745140       1.610270       1.653590       1.710650       1.706320       1.496780       1.189390      0.9135900      0.6971900      0.5339500      0.4124200      0.3253900       0.000000       0.000000       0.000000       0.000000       0.000000       0.000000    
   4.547980       4.212540       3.922790       3.413600       3.142080       2.865990       2.603050       2.360720       2.144420       1.958570       1.804920       1.682730       1.589110       1.385180       1.376460       1.342720       1.242190       1.091850      0.8937500      0.7048100      0.5503700      0.4328700      0.3439200       0.000000       0.000000       0.000000       0.000000       0.000000       0.000000       0.000000    
   4.530910       4.227770       3.687370       3.200550       2.941420       2.693080       2.450040       2.222610       2.014660       1.828730       1.665300       1.522730       1.211670       1.130920       1.026030      0.9587200      0.8635500      0.7413800      0.6111100      0.4943200      0.4002900      0.3279400       0.000000       0.000000       0.000000       0.000000       0.000000       0.000000       0.000000       0.000000    
   4.529080       3.911650       3.200550       2.867590       2.755260       2.514800       2.286070       2.075610       1.872040       1.683710       1.462470       1.310500      0.9925100      0.8333600      0.7628300      0.6666500      0.5610400      0.4577000      0.3717000       0.000000       0.000000       0.000000       0.000000       0.000000       0.000000       0.000000       0.000000       0.000000       0.000000       0.000000    
   4.115440       3.200550       2.826380       2.664210       2.573150       2.347520       2.130100       1.920790       1.649670       1.474440       1.303420      0.8050600      0.7255900      0.6377600      0.5490100      0.4401800      0.3322600       0.000000       0.000000       0.000000       0.000000       0.000000       0.000000       0.000000       0.000000       0.000000       0.000000       0.000000       0.000000       0.000000    
   3.200550       2.804690       2.618680       2.573150       2.369780       2.188670       1.880840       1.689090       1.503820       1.286300       1.120600      0.6655900      0.5792100      0.4849000      0.3832100       0.000000       0.000000       0.000000       0.000000       0.000000       0.000000       0.000000       0.000000       0.000000       0.000000       0.000000       0.000000       0.000000       0.000000       0.000000    
   2.793580       2.595910       2.573150       2.377200       2.188670       1.914270       1.673290       1.496780       1.324440       1.156400      0.6252500      0.5470600      0.4625300      0.3722000       0.000000       0.000000       0.000000       0.000000       0.000000       0.000000       0.000000       0.000000       0.000000       0.000000       0.000000       0.000000       0.000000       0.000000       0.000000       0.000000    
   2.584530       2.573150       2.379670       2.188670       1.925410       1.673290       1.585040       1.498170       1.145590      0.6047400      0.5352100      0.4606400      0.3817600       0.000000       0.000000       0.000000       0.000000       0.000000       0.000000       0.000000       0.000000       0.000000       0.000000       0.000000       0.000000       0.000000       0.000000       0.000000       0.000000       0.000000    
   2.573150       2.380500       2.188670       1.929120       1.673290       1.629160       1.585500       1.208380      0.6047400      0.5699750      0.4781200      0.3969600      0.3262400       0.000000       0.000000       0.000000       0.000000       0.000000       0.000000       0.000000       0.000000       0.000000       0.000000       0.000000       0.000000       0.000000       0.000000       0.000000       0.000000       0.000000    
   2.380770       2.188670       1.930360       1.673290       1.651230       1.629320       1.256950      0.6047400      0.5873580      0.4881780      0.3950050      0.3930500      0.3214600       0.000000       0.000000       0.000000       0.000000       0.000000       0.000000       0.000000       0.000000       0.000000       0.000000       0.000000       0.000000       0.000000       0.000000       0.000000       0.000000       0.000000    
   2.188670       1.930770       1.673290       1.662260       1.651280       1.285560      0.6047400      0.5960490      0.4934710      0.3940270      0.3930500      0.3572550      0.1786270       0.000000       0.000000       0.000000       0.000000       0.000000       0.000000       0.000000       0.000000       0.000000       0.000000       0.000000       0.000000       0.000000       0.000000       0.000000       0.000000       0.000000    
   1.930910       1.673290       1.667770       1.662280       1.300960      0.6047400      0.6003940      0.4961700      0.3935390      0.3930500      0.3751520      0.2322330       0.000000       0.000000       0.000000       0.000000       0.000000       0.000000       0.000000       0.000000       0.000000       0.000000       0.000000       0.000000       0.000000       0.000000       0.000000       0.000000       0.000000       0.000000    
   1.673290       1.670530       1.667780       1.308940      0.6047400      0.6025670      0.4975300      0.3932940      0.3930500      0.3841010      0.2501090       0.000000       0.000000       0.000000       0.000000       0.000000       0.000000       0.000000       0.000000       0.000000       0.000000       0.000000       0.000000       0.000000       0.000000       0.000000       0.000000       0.000000       0.000000       0.000000    
   1.671910       1.670530       1.313000      0.6047400      0.6036540      0.4982120      0.3931720      0.3930500      0.3885760      0.2568150       0.000000       0.000000       0.000000       0.000000       0.000000       0.000000       0.000000       0.000000       0.000000       0.000000       0.000000       0.000000       0.000000       0.000000       0.000000       0.000000       0.000000       0.000000       0.000000       0.000000    
   1.671910       1.315050      0.6047400      0.6041970      0.4985530      0.3931110      0.3930500      0.3908130      0.2596100       0.000000       0.000000       0.000000       0.000000       0.000000       0.000000       0.000000       0.000000       0.000000       0.000000       0.000000       0.000000       0.000000       0.000000       0.000000       0.000000       0.000000       0.000000       0.000000       0.000000       0.000000    
   1.316070      0.6047400      0.6044680      0.4987240      0.3930810      0.3930500      0.3919310      0.2608680       0.000000       0.000000       0.000000       0.000000       0.000000       0.000000       0.000000       0.000000       0.000000       0.000000       0.000000       0.000000       0.000000       0.000000       0.000000       0.000000       0.000000       0.000000       0.000000       0.000000       0.000000       0.000000    
  0.6047400      0.6046040      0.4988100      0.3930650      0.3930500      0.3924910      0.2614620       0.000000       0.000000       0.000000       0.000000       0.000000       0.000000       0.000000       0.000000       0.000000       0.000000       0.000000       0.000000       0.000000       0.000000       0.000000       0.000000       0.000000       0.000000       0.000000       0.000000       0.000000       0.000000       0.000000    
  0.6046720      0.4988520      0.3930580      0.3930500      0.3927700      0.2617510       0.000000       0.000000       0.000000       0.000000       0.000000       0.000000       0.000000       0.000000       0.000000       0.000000       0.000000       0.000000       0.000000       0.000000       0.000000       0.000000       0.000000       0.000000       0.000000       0.000000       0.000000       0.000000       0.000000       0.000000    
  0.4988740      0.3930540      0.3930500      0.3929100      0.2618930       0.000000       0.000000       0.000000       0.000000       0.000000       0.000000       0.000000       0.000000       0.000000       0.000000       0.000000       0.000000       0.000000       0.000000       0.000000       0.000000       0.000000       0.000000       0.000000       0.000000       0.000000       0.000000       0.000000       0.000000       0.000000    
  0.3930520      0.3930500      0.3929800      0.2619630       0.000000       0.000000       0.000000       0.000000       0.000000       0.000000       0.000000       0.000000       0.000000       0.000000       0.000000       0.000000       0.000000       0.000000       0.000000       0.000000       0.000000       0.000000       0.000000       0.000000       0.000000       0.000000       0.000000       0.000000       0.000000       0.000000    
  0.3930500      0.3930150      0.2619980       0.000000       0.000000       0.000000       0.000000       0.000000       0.000000       0.000000       0.000000       0.000000       0.000000       0.000000       0.000000       0.000000       0.000000       0.000000       0.000000       0.000000       0.000000       0.000000       0.000000       0.000000       0.000000       0.000000       0.000000       0.000000       0.000000       0.000000    
  0.3930320      0.2620160       0.000000       0.000000      0.1202560E-05   0.000000       0.000000       0.000000       0.000000       0.000000       0.000000       0.000000       0.000000       0.000000       0.000000       0.000000       0.000000       0.000000       0.000000       0.000000       0.000000       0.000000       0.000000       0.000000       0.000000       0.000000       0.000000       0.000000       0.000000       0.000000    
