iMOD/TUTORIALS/TUT_MetaswapAnalyser/model_MetaSWAP/meteo/Precipitation/Precipitation_20060614_L1.ASC
NCOLS                30
NROWS                30
XLLCORNER     160000.00
YLLCORNER     340000.00
CELLSIZE        1000.00
NODATA_VALUE   -9999.00
   9.524380       9.943650       10.38830       10.84070       11.23700       11.51250       11.60730       11.61500       11.65910       12.00220       12.68790       13.50020       14.35670       15.30950       16.22000       17.11520       17.97800       18.83200       19.73330       20.62770       21.51260       22.40470       23.26470       24.12670       24.93980       25.71350       26.42250       27.01730       27.40400       27.39530    
   9.635160       10.02190       10.43060       10.80190       11.10190       11.32090       11.41720       11.41680       11.35530       11.63440       12.47310       13.31890       14.16950       15.07910       15.95850       16.80040       17.69450       18.55350       19.39840       20.30100       21.20410       22.12200       23.01780       23.92390       24.79890       25.65760       26.48780       27.25870       27.79890       28.06240    
   9.747460       10.09730       10.44210       10.73930       11.01950       11.21650       11.33300       11.39140       11.49270       11.82680       12.48900       13.25770       14.04600       14.90590       15.71680       16.51550       17.36710       18.24160       19.13730       20.04780       20.89420       21.82020       22.74780       23.65060       24.54960       25.44640       26.24540       27.15340       28.01080       28.77910    
   9.844840       10.16420       10.47360       10.73820       10.98980       11.19190       11.34850       11.48750       11.73130       12.09220       12.63360       13.29070       14.00200       14.77050       15.52520       16.27300       17.07270       17.91190       18.78750       19.68680       20.59530       21.45420       22.36390       23.15090       24.03410       24.91640       25.80180       26.69360       27.56380       28.44070    
   9.937120       10.23350       10.49840       10.76910       11.01310       11.22810       11.42300       11.67450       11.94460       12.31250       12.83250       13.38560       13.99430       14.66310       15.35680       16.03710       16.72960       17.51890       18.36460       19.24060       20.13570       21.00930       21.86950       22.65320       23.47100       24.26800       25.03790       25.72360       26.34830       26.65590    
   10.03020       10.29380       10.56760       10.82840       11.07310       11.30320       11.51900       11.82870       12.22150       12.58390       13.01390       13.50720       14.04400       14.62000       15.20760       15.78970       16.42890       17.17380       18.00580       18.86520       19.72700       20.55320       21.34940       22.10550       22.81890       23.44160       24.03770       24.48810       24.78580       24.71940    
   10.11440       10.38920       10.65340       10.91010       11.14430       11.38990       11.63860       12.10880       12.42580       12.78060       13.18610       13.63580       14.11550       14.61680       15.13580       15.60760       16.11720       16.83270       17.67630       18.52230       19.32580       20.08390       20.79110       21.44520       22.03170       22.53890       22.89970       23.15890       23.17720       22.89800    
   10.53470       10.46670       10.73450       10.99180       11.24680       11.34880       11.98680       12.28990       12.60900       12.96230       13.35170       13.77210       14.21310       14.66580       15.14020       15.53680       15.90690       16.61550       17.44690       18.22960       18.95730       19.62470       20.22690       20.76020       21.20820       21.51300       21.74100       21.80650       21.58790       21.19870    
   10.65310       10.58040       10.83720       11.10210       11.16020       11.43780       12.13810       12.45440       12.78040       13.13290       13.51240       13.91530       14.33410       14.83940       15.23040       15.62800       16.06970       16.65830       17.34190       18.01420       18.63570       19.19220       19.67520       20.07930       20.34340       20.54320       20.61140       20.43460       20.16920       19.68300    
   10.79320       10.70110       10.95550       10.96100       11.24440       11.52770       12.29860       12.61010       12.94090       13.29340       13.66790       14.06200       14.47110       14.98980       15.38190       15.78910       16.23900       16.75820       17.31720       17.86460       18.36450       18.79360       19.15010       19.42030       19.55500       19.61580       19.45840       19.25160       18.87520       18.31620    
   10.67390       10.81660       10.91520       11.04310       11.31960       11.86340       12.43960       12.75610       13.08980       13.44270       13.81510       14.20570       14.76400       15.17060       15.55770       15.97300       16.40170       16.85780       17.31210       17.73530       18.10480       18.40760       18.63450       18.74150       18.69490       18.64510       18.46690       18.15290       17.69080       17.09340    
   10.67320       10.86220       11.04310       11.38340       11.40160       11.96060       12.56560       12.89050       13.22570       13.57850       14.00280       14.38490       14.94830       15.30970       15.71490       16.12900       16.55330       16.95510       17.32940       17.64390       17.89100       18.06910       18.07230       18.08990       18.02100       17.86230       17.58420       17.18350       16.65300       15.99250    
   10.76720       11.04310       11.44530       11.58540       11.76920       12.38000       12.68620       13.00600       13.41560       13.76680       14.12830       14.70160       15.06140       15.44030       15.84720       16.25750       16.67190       17.06040       17.35620       17.55860       17.62790       17.67330       17.65600       17.56900       17.40210       17.14420       16.79430       16.32600       15.74360       15.04840    
   11.04310       11.48370       11.67730       11.76920       12.21290       12.48950       12.89170       13.20400       13.52990       13.89050       14.24460       14.81370       15.16560       15.53650       15.92600       16.34350       16.74000       17.13480       17.40080       17.44070       17.43110       17.37160       17.41790       17.27040       17.04360       16.72710       16.31450       15.79460       15.16730       14.43470    
   11.50480       11.72320       11.76920       12.15720       12.48950       12.74530       12.85460       13.17220       13.50300       13.84780       14.46750       14.80180       15.15350       15.52240       15.90810       16.34190       16.74460       17.17180       17.40660       17.40280       17.32920       17.23410       17.08500       16.87110       16.58230       16.20980       15.74690       15.19110       14.53760       13.76510    
   11.74620       11.76920       12.13860       12.48950       12.69650       12.85460       13.01340       13.17660       13.68880       14.23230       14.53590       14.85350       15.18450       15.52760       16.00560       16.35100       16.77810       17.04780       17.19680       17.19160       17.11170       16.93610       16.73400       16.46820       16.13170       15.71810       15.22290       14.64390       13.98470       13.24250    
   11.76920       12.13240       12.48950       12.68020       12.85460       12.93400       13.01490       13.52780       14.23230       14.38410       14.76720       14.87660       15.35100       15.66320       16.11890       16.37750       16.67230       16.85990       16.95710       16.94910       16.85660       16.69630       16.47180       16.12740       15.76100       15.32230       14.80930       14.22170       13.56190       12.83570    
   12.13040       12.48950       12.67480       12.85460       12.89430       12.93450       13.42720       14.23230       14.30820       14.76570       15.10720       15.33770       15.57560       15.84940       16.07680       16.28470       16.55000       16.68100       16.73850       16.71260       16.60750       16.43060       16.18610       15.87420       15.44120       14.98880       14.46870       13.88260       13.23470       12.53010    
   12.48950       12.67300       12.85460       12.87450       12.89450       13.37210       14.23230       14.27030       14.77330       15.22240       15.33770       15.45660       15.64790       15.82900       16.01920       16.18350       16.30720       16.51870       16.54430       16.49800       16.37900       16.18950       15.93200       15.60760       15.21710       14.76130       14.19270       13.61510       12.98310       12.32230    
   12.67240       12.85460       12.86450       12.87450       13.34330       14.23230       14.25130       14.77870       15.28010       15.33770       15.39720       15.56780       15.82900       15.92410       16.01060       16.17000       16.33650       16.45670       16.40380       16.30970       16.17760       15.97800       15.71200       15.38070       14.98590       14.52990       14.04740       13.48290       12.93690       12.22240    
   12.85460       12.85960       12.86450       13.32870       14.23230       14.24180       14.78180       15.30890       15.33770       15.36740       15.53290       15.82900       15.87660       15.92120       16.03490       16.17230       16.32110       16.31480       16.22890       16.14810       16.00500       15.79760       15.52610       15.22940       14.83110       14.37550       13.95310       13.39220       12.78910       12.15310    
   12.85710       12.85960       13.32130       14.23230       14.23700       14.78340       15.32330       15.33770       15.35260       15.51680       15.82900       15.85280       15.87560       15.94420       16.04280       16.17610       16.22900       16.18850       16.14810       16.02230       15.91370       15.69450       15.41480       15.07510       14.76390       14.32160       13.81660       13.26750       12.68170       12.06570    
   12.85710       13.31760       14.23230       14.23470       14.78420       15.33050       15.33770       15.34510       15.50900       15.82900       15.84090       15.85250       15.89090       15.95420       16.05440       16.10050       16.16830       16.14810       15.83210       15.67510       15.63950       15.56720       15.39530       15.05190       14.65360       14.20230       13.70390       13.16570       12.59590       12.00290    
   13.31570       14.23230       14.23350       14.78460       15.33410       15.33770       15.34140       15.50520       15.82900       15.83490       15.84080       15.86140       15.89920       15.90030       15.90260       15.89160       15.88640       15.73600       15.54700       15.48280       15.43660       15.58550       15.29690       14.95380       14.55520       14.10540       13.61100       13.08020       12.52250       11.89780    
   14.23230       14.23290       14.78480       15.33590       15.33770       15.33960       15.50330       15.82900       15.83200       15.83490       15.84570       15.86710       15.81210       15.70000       15.70170       15.71330       15.62010       15.62470       15.52800       15.48300       15.52900       15.28920       15.21920       14.87550       14.47570       14.02460       13.52970       13.00100       12.40510       11.85040    
   14.23260       14.78490       15.33680       15.33770       15.33860       15.50240       15.82900       15.83050       15.83200       15.83750       15.99500       16.21370       15.87080       15.69940       15.69840       15.70170       15.64510       15.61550       15.62470       15.52170       15.48330       15.25020       14.96190       14.81320       14.41040       13.95380       13.45250       12.87970       12.33000       11.77660    
   14.78490       15.33720       15.33770       15.33820       15.50190       15.82900       15.82970       15.83050       15.83330       16.01840       16.21370       16.21370       16.21370       15.87000       15.69800       15.69510       15.70170       15.63870       15.60620       15.62470       15.44960       15.22340       14.94160       14.60010       14.35530       13.88790       13.34300       12.79260       12.22950       11.66440    
   15.33750       15.33770       15.33790       15.50170       15.82900       15.82940       15.82970       15.71750       15.86750       16.21320       16.21370       16.21370       16.21370       16.21370       15.86970       15.69740       15.68840       15.70170       15.62200       15.58780       15.41920       15.20140       14.92900       14.59330       14.18280       13.80650       13.25820       12.68340       12.09920       11.51610    
   15.33770       15.33780       15.50160       15.82900       15.82920       15.50890       15.02860       15.20250       15.37640       15.93330       16.21230       16.21370       16.21370       16.21370       16.21370       15.87270       15.70200       15.67510       15.70170       15.57370       15.40360       15.18870       14.98060       14.61720       14.18090       13.65900       13.15180       12.54450       11.93540       11.33460    
   15.33780       15.50150       15.82900       15.82910       15.44430       15.02790       15.02790       15.02860       15.20250       15.37640       15.93080       16.20940       16.21370       16.21370       16.21370       16.21370       15.88650       15.72920       15.64860       15.52040       15.49630       15.23790       14.94570       14.60950       14.17840       13.60370       12.96950       12.33990       11.73220       11.11760    
