iMOD/TUTORIALS/TUT_MetaswapAnalyser/model_MetaSWAP/meteo/Precipitation/Precipitation_20050117_L1.ASC
NCOLS                30
NROWS                30
XLLCORNER     160000.00
YLLCORNER     340000.00
CELLSIZE        1000.00
NODATA_VALUE   -9999.00
   14.19350       14.27930       14.38350       14.49390       14.58310       14.59230       14.50220       14.35220       14.15460       13.84910       13.42170       12.97070       12.52470       12.09580       11.68550       11.30160       11.00970       10.65770       10.33240       10.02940       9.747200       9.488320       9.243870       9.007000       8.796700       8.601780       8.422500       8.260280       8.118690       8.001190    
   14.10170       14.15030       14.18320       14.23750       14.27020       14.24730       14.16570       14.04090       13.89370       13.59650       13.09580       12.60900       12.14050       11.69640       11.27210       10.93920       10.57020       10.23230       9.916640       9.630560       9.367250       9.126780       8.900070       8.679630       8.481960       8.296360       8.122420       7.960800       7.791970       7.672440    
   13.93740       13.94910       13.96200       13.97390       13.92220       13.86400       13.76150       13.61530       13.41340       13.09590       12.65210       12.17810       11.70970       11.25510       10.82560       10.47210       10.10900       9.780870       9.486680       9.222060       8.977270       8.758350       8.542520       8.349430       8.166670       7.992890       7.802290       7.648800       7.500750       7.370550    
   13.73080       13.70760       13.67990       13.65250       13.58590       13.48520       13.34310       13.13040       12.88050       12.55450       12.14810       11.70070       11.23930       10.78690       10.35340       9.980950       9.625760       9.313280       9.041670       8.803180       8.588950       8.378080       8.197960       7.996460       7.832760       7.676380       7.526420       7.382310       7.241330       7.111610    
   13.49320       13.43820       13.39490       13.31390       13.20840       13.07040       12.89230       12.66410       12.38720       12.04640       11.63450       11.20170       10.75360       10.30070       9.869590       9.475620       9.113400       8.817520       8.573060       8.365010       8.166740       7.996600       7.840650       7.686530       7.540940       7.400840       7.266060       7.133760       7.015060       6.914380    
   13.23480       13.17970       13.08310       12.96840       12.82900       12.65810       12.46200       12.19380       11.86480       11.52680       11.14110       10.72050       10.28310       9.831690       9.362060       8.962330       8.610560       8.337870       8.133000       7.963370       7.799280       7.655920       7.522770       7.391260       7.263940       7.139170       7.021000       6.906200       6.806740       6.726110    
   13.02470       12.89170       12.76780       12.62470       12.47530       12.27610       12.04140       11.69800       11.39960       11.05720       10.67620       10.26430       9.830700       9.389030       8.892980       8.479340       8.103970       7.865030       7.716310       7.577920       7.454000       7.334680       7.218930       7.109810       7.000010       6.893300       6.786720       6.691650       6.606350       6.537890    
   12.76180       12.65570       12.48120       12.31360       12.12140       11.76720       11.54330       11.27380       10.96620       10.62260       10.24620       9.842660       9.419020       8.984760       8.478960       8.067580       7.660730       7.465450       7.351770       7.243660       7.139060       7.037840       6.939410       6.846740       6.752640       6.656250       6.568330       6.486030       6.412890       6.351730    
   12.54110       12.38030       12.21160       11.99710       11.61750       11.39360       11.15770       10.87930       10.56740       10.22460       9.853850       9.459940       9.049170       8.504660       8.129630       7.757020       7.428890       7.207710       7.065840       6.954530       6.856980       6.767320       6.682300       6.603450       6.518290       6.439440       6.362940       6.290950       6.224780       6.167900    
   12.29460       12.11410       11.93030       11.51030       11.28050       11.04470       10.80220       10.51690       10.20350       9.863490       9.499620       9.116450       8.720200       8.168680       7.825610       7.495450       7.211770       6.983760       6.820060       6.698740       6.602470       6.521900       6.447790       6.377140       6.307360       6.239000       6.172120       6.106740       6.045340       5.990170    
   12.28830       12.11300       11.69040       11.20690       10.98370       10.72860       10.47400       10.18630       9.873890       9.538300       9.182320       8.810240       8.202800       7.897490       7.592720       7.271770       6.989730       6.759610       6.586070       6.459560       6.365670       6.291180       6.226540       6.161920       6.102180       6.048590       5.988320       5.928320       5.869990       5.821680    
   12.28440       11.82460       11.20690       10.82840       10.69340       10.44890       10.18920       9.886790       9.577390       9.247660       8.921970       8.557490       7.958230       7.673890       7.352450       7.041950       6.763710       6.531900       6.357140       6.235930       6.152450       6.089900       6.033260       5.982460       5.931090       5.882640       5.827560       5.770840       5.713490       5.656880    
   11.94090       11.20690       10.75660       10.56150       10.42960       10.18600       9.918890       9.631710       9.353980       9.018150       8.676430       8.078860       7.767820       7.449710       7.136810       6.828030       6.543100       6.302580       6.127780       6.023180       5.956600       5.909790       5.868390       5.826770       5.782430       5.734450       5.687890       5.633240       5.575950       5.516940    
   11.20690       10.72220       10.49560       10.42960       10.18540       9.940470       9.713580       9.427600       9.124110       8.827660       8.490880       7.866290       7.566440       7.258360       6.947140       6.641990       6.342500       6.074730       5.901220       5.828420       5.792540       5.762810       5.686600       5.644720       5.599850       5.551790       5.506750       5.453430       5.397840       5.340400    
   10.70530       10.46260       10.42960       10.18510       9.940470       9.729330       9.533950       9.250100       8.950650       8.636970       7.972170       7.694620       7.405250       7.107370       6.804340       6.500360       6.195240       5.892060       5.701370       5.673980       5.642690       5.610900       5.575520       5.536420       5.493620       5.447310       5.397780       5.351140       5.296350       5.233590    
   10.44610       10.42960       10.18510       9.940470       9.734580       9.533950       9.392020       9.244900       8.725640       8.064850       7.812790       7.547640       7.272010       6.988820       6.703560       6.413230       6.125150       5.861380       5.686500       5.615370       5.573000       5.530870       5.491210       5.449490       5.405240       5.358450       5.309290       5.258070       5.210790       5.156160    
   10.42960       10.18500       9.940470       9.736330       9.533950       9.462990       9.390290       8.856850       8.064850       7.938820       7.647820       7.429910       7.176270       6.906750       6.633560       6.362040       6.106580       5.882800       5.717560       5.613540       5.545210       5.491860       5.443970       5.391770       5.344200       5.295890       5.246760       5.197020       5.147040       5.107360    
   10.18500       9.940470       9.736920       9.533950       9.498470       9.462410       8.943750       8.064850       8.001830       7.688470       7.406920       7.383930       7.128980       6.845100       6.587860       6.339670       6.110440       5.909450       5.749310       5.630660       5.542930       5.473730       5.414490       5.360360       5.303220       5.252430       5.202830       5.154580       5.108270       5.069450    
   9.940470       9.737110       9.533950       9.516210       9.498280       8.992370       8.064850       8.033340       7.706900       7.395430       7.383930       7.256460       7.039490       6.799970       6.561310       6.333040       6.122120       5.936480       5.780070       5.654280       5.554060       5.472240       5.402580       5.340720       5.283950       5.230830       5.175310       5.128460       5.090320       5.061140    
   9.737180       9.533950       9.525080       9.516140       9.017930       8.064850       8.049100       7.715740       7.389680       7.383930       7.320190       7.119960       6.799970       6.680640       6.564770       6.338820       6.130550       5.946220       5.752030       5.680660       5.572550       5.481570       5.403490       5.334890       5.273360       5.217460       5.176310       5.138040       5.071210       5.036140    
   9.533950       9.529510       9.525060       9.031000       8.064850       8.056970       7.720080       7.386800       7.383930       7.352060       7.156010       6.799970       6.740300       6.681790       6.528080       6.344710       6.138530       5.846430       5.694660       5.708670       5.595590       5.498230       5.413850       5.348400       5.283350       5.225370       5.149370       5.105560       5.070640       5.047600    
   9.531730       9.529510       9.037610       8.064850       8.060910       7.722240       7.385370       7.383930       7.368000       7.172990       6.799970       6.770140       6.740690       6.650060       6.518200       6.337110       5.948000       5.701670       5.708670       5.644390       5.628910       5.527470       5.438970       5.361680       5.267620       5.207910       5.156790       5.113710       5.080290       5.060310    
   9.531730       9.040920       8.064850       8.062880       7.723320       7.384650       7.383930       7.375960       7.181220       6.799970       6.785050       6.770270       6.720300       6.636320       6.501790       6.061620       5.705170       5.708670       5.679020       5.661110       5.593880       5.555060       5.440080       5.357880       5.285460       5.227070       5.176910       5.134790       5.101680       5.081320    
   9.042590       8.064850       8.063870       7.723850       7.384290       7.383930       7.379950       7.185270       6.799970       6.792510       6.785100       6.758540       6.708960       6.513600       6.194910       5.800690       5.799610       5.747800       5.691190       5.701890       5.693300       5.564670       5.459570       5.380620       5.313700       5.257600       5.210680       5.171280       5.138710       5.136560    
   8.064850       8.064360       7.724120       7.384110       7.383930       7.381940       7.187280       6.799970       6.796240       6.792530       6.778720       6.750860       6.475990       6.198460       6.196010       5.973050       5.897270       5.890560       5.769590       5.710580       5.710490       5.585220       5.492040       5.414330       5.350840       5.300370       5.260510       5.228040       5.218580       5.189770    
   8.064600       7.724260       7.384020       7.383930       7.382930       7.188280       6.799970       6.798110       6.796250       6.789160       6.634380       6.424900       6.275510       6.200390       6.200910       6.196010       5.999280       5.903990       5.890560       5.775310       5.727940       5.622450       5.531200       5.454380       5.396660       5.355770       5.328490       5.324290       5.309130       5.290710    
   7.724320       7.383980       7.383930       7.383430       7.188780       6.799970       6.799040       6.798110       6.794500       6.613920       6.424900       6.424900       6.424900       6.278290       6.204240       6.205810       6.196010       6.006570       5.917420       5.890560       5.772260       5.665520       5.573790       5.501380       5.450080       5.423400       5.423760       5.430550       5.440280       5.450610    
   7.383950       7.383930       7.383680       7.189030       6.799970       6.799500       6.799040       6.873580       6.731030       6.425230       6.424900       6.424900       6.424900       6.424900       6.283110       6.210890       6.215610       6.196010       6.022290       5.944280       5.825320       5.716510       5.622570       5.551090       5.502900       5.502810       5.528140       5.565930       5.609040       5.656510    
   7.383930       7.383810       7.189150       6.799970       6.799740       6.996140       7.290930       7.196810       7.102690       6.651730       6.425890       6.424900       6.424900       6.424900       6.424900       6.290840       6.221060       6.235210       6.196010       6.058330       5.927760       5.806260       5.661480       5.583360       5.565150       5.594540       5.654610       5.730510       5.810800       5.894800    
   7.383870       7.189210       6.799970       6.799850       7.035790       7.291240       7.291240       7.290930       7.196810       7.102690       6.653440       6.427860       6.424900       6.424900       6.424900       6.424900       6.301770       6.231980       6.274400       6.140250       5.928220       5.831330       5.738930       5.660310       5.633340       5.697820       5.804780       5.929010       6.045040       6.161500    
