iMOD/TUTORIALS/TUT_MetaswapAnalyser/model_MetaSWAP/meteo/Precipitation/Precipitation_20051021_L1.ASC
NCOLS                30
NROWS                30
XLLCORNER     160000.00
YLLCORNER     340000.00
CELLSIZE        1000.00
NODATA_VALUE   -9999.00
   7.929580       7.889050       7.878810       7.920360       8.076730       8.434500       9.042570       9.794210       10.51520       10.79100       10.50450       10.06860       9.624980       9.204520       8.814200       8.457110       8.167340       7.883310       7.631750       7.409310       7.211120       7.042850       6.880240       6.732070       6.589790       6.455160       6.327310       6.206200       6.092990       5.991430    
   8.068480       8.064100       8.089540       8.201810       8.441490       8.830860       9.408060       10.15010       11.02270       11.31740       10.66230       10.07000       9.530840       9.041390       8.600760       8.234610       7.892690       7.603260       7.353410       7.139230       6.953390       6.797530       6.648420       6.512260       6.380230       6.253570       6.131160       6.012760       5.894060       5.791950    
   8.176420       8.202020       8.277430       8.448680       8.673080       9.040030       9.534240       10.12260       10.67530       10.80030       10.38080       9.831020       9.284450       8.774540       8.312050       7.920390       7.570470       7.278640       7.039450       6.842600       6.677220       6.540040       6.411660       6.287460       6.167920       6.051040       5.929830       5.816590       5.705590       5.596730    
   8.255240       8.298800       8.389360       8.573990       8.797110       9.100560       9.470400       9.840240       10.11810       10.13860       9.861670       9.418240       8.914130       8.417730       7.951080       7.544540       7.195600       6.916290       6.700180       6.531420       6.393160       6.276740       6.173090       6.059590       5.954390       5.849120       5.743070       5.636050       5.528990       5.421060    
   8.299670       8.349240       8.483610       8.615930       8.798280       9.025280       9.274460       9.470790       9.601610       9.556590       9.307980       8.931030       8.482110       8.006750       7.544500       7.125150       6.775520       6.517330       6.337710       6.208570       6.109460       6.017250       5.937210       5.848540       5.757390       5.663310       5.566430       5.468590       5.369260       5.274800    
   8.309700       8.415000       8.487560       8.591930       8.725670       8.878240       9.019010       9.101380       9.111580       9.020740       8.795410       8.457280       8.045220       7.589200       7.110920       6.683680       6.330920       6.104510       5.982100       5.905340       5.845400       5.782530       5.723790       5.651620       5.573400       5.489720       5.401510       5.311560       5.220550       5.134450    
   8.350490       8.395930       8.448970       8.521260       8.596110       8.685010       8.756700       8.721530       8.691350       8.566630       8.341030       8.024740       7.638190       7.204370       6.717730       6.266250       5.868830       5.694420       5.659330       5.641310       5.613360       5.574570       5.524940       5.473910       5.405950       5.330430       5.250250       5.165070       5.079330       4.996770    
   8.336910       8.318110       8.365400       8.406910       8.451390       8.389120       8.409840       8.397200       8.323230       8.175620       7.949680       7.650510       7.290020       6.881070       6.408420       5.962520       5.508090       5.404160       5.430900       5.438090       5.427610       5.401580       5.361900       5.318760       5.257360       5.188450       5.111160       5.029240       4.940400       4.860350    
   8.268180       8.247030       8.259060       8.288040       8.173850       8.178510       8.156410       8.105650       8.003310       7.842250       7.619450       7.338180       7.006830       6.569560       6.201450       5.826810       5.509710       5.355720       5.320380       5.308550       5.292640       5.266310       5.228370       5.187700       5.130210       5.062070       4.986320       4.898510       4.815960       4.732770    
   8.202810       8.163210       8.156170       7.999560       8.003120       7.976960       7.925460       7.847160       7.727270       7.560230       7.344500       7.083060       6.783240       6.379200       6.065550       5.767130       5.515830       5.358990       5.278140       5.234150       5.200490       5.165310       5.122910       5.071650       5.021840       4.953200       4.869640       4.788060       4.701910       4.613420    
   8.195670       8.174060       8.043530       7.855180       7.823300       7.788700       7.715010       7.619880       7.490220       7.322680       7.116930       6.876140       6.491690       6.251030       5.971560       5.723640       5.515130       5.359800       5.256010       5.186440       5.133520       5.085280       5.034820       4.979410       4.907830       4.848050       4.770090       4.685140       4.594380       4.505030    
   8.197440       8.067110       7.855180       7.715980       7.665970       7.601740       7.512310       7.421060       7.287090       7.122720       6.950150       6.726160       6.366450       6.121310       5.895620       5.683710       5.499160       5.350930       5.238830       5.155530       5.089640       5.031170       4.967840       4.906030       4.838330       4.774110       4.692470       4.603120       4.506600       4.404040    
   8.085250       7.855180       7.670840       7.592720       7.519470       7.431320       7.343250       7.233830       7.133960       6.981730       6.796160       6.406840       6.222280       6.027210       5.830230       5.643460       5.475380       5.333120       5.218660       5.128360       5.053880       4.988060       4.923880       4.857290       4.785670       4.707350       4.632530       4.539100       4.437250       4.327300    
   7.855180       7.650400       7.556100       7.519470       7.412470       7.286610       7.235920       7.121340       6.987040       6.827730       6.655550       6.285590       6.120840       5.947900       5.773560       5.604160       5.449670       5.308460       5.194380       5.105160       5.030540       4.961460       4.867040       4.792910       4.715340       4.632560       4.553650       4.457670       4.353360       4.240250    
   7.640710       7.537780       7.519470       7.406180       7.286610       7.216150       7.125920       7.009570       6.876890       6.728090       6.331350       6.193170       6.043740       5.887470       5.729260       5.574130       5.424820       5.285050       5.167560       5.078610       4.996210       4.918880       4.843130       4.766630       4.687350       4.603550       4.513750       4.426810       4.321850       4.207310    
   7.528630       7.519470       7.404090       7.286610       7.209560       7.125920       7.067750       7.004130       6.741380       6.350970       6.236340       6.109670       5.973820       5.832200       5.699300       5.552610       5.411880       5.277520       5.162930       5.070170       4.987020       4.906380       4.828990       4.751520       4.672130       4.589130       4.500980       4.406300       4.313270       4.201770    
   7.519470       7.403390       7.286610       7.207360       7.125920       7.096830       7.065930       6.791060       6.350970       6.293650       6.153520       6.039450       5.935670       5.800490       5.674670       5.534760       5.397470       5.273930       5.164140       5.068530       4.982660       4.902410       4.825080       4.746050       4.668240       4.588040       4.503940       4.414540       4.318610       4.216430    
   7.403160       7.286610       7.206630       7.125920       7.111380       7.096230       6.826200       6.350970       6.322310       6.172930       6.035320       6.031190       5.906120       5.775160       5.643040       5.513130       5.384890       5.269270       5.163750       5.068600       4.981990       4.901440       4.824780       4.750220       4.673730       4.598310       4.520570       4.439220       4.353170       4.256080    
   7.286610       7.206390       7.125920       7.118650       7.111170       6.846190       6.350970       6.336640       6.182130       6.033260       6.031190       5.968650       5.862870       5.739010       5.615380       5.493750       5.376440       5.263250       5.161710       5.068470       4.982810       4.903380       4.828750       4.757510       4.688330       4.619890       4.548460       4.477580       4.399010       4.325130    
   7.206310       7.125920       7.122280       7.118580       6.856750       6.350970       6.343810       6.186630       6.032220       6.031190       5.999920       5.900430       5.739010       5.677190       5.616050       5.495190       5.377810       5.267130       5.125180       5.067420       4.983720       4.906530       4.835050       4.768390       4.705530       4.645370       4.591130       4.527370       4.443080       4.386830    
   7.125920       7.124100       7.122260       6.862150       6.350970       6.347390       6.188860       6.031710       6.031190       6.015560       5.917640       5.739010       5.708100       5.677420       5.596140       5.496350       5.380050       5.180280       5.066230       5.065030       4.983730       4.909420       4.841890       4.783110       4.728370       4.678370       4.600910       4.556060       4.515380       4.478660    
   7.125010       7.124090       6.864870       6.350970       6.349180       6.189970       6.031450       6.031190       6.023370       5.925850       5.739010       5.723560       5.708180       5.660550       5.589970       5.490850       5.237470       5.065630       5.065030       5.009980       4.981190       4.910840       4.848490       4.794230       4.722500       4.684270       4.646980       4.617070       4.593520       4.575030    
   7.125010       6.866240       6.350970       6.350070       6.190530       6.031320       6.031190       6.027280       5.929860       5.739010       5.731280       5.723580       5.697430       5.652900       5.580460       5.292880       5.065330       5.065030       5.008160       4.981670       4.938330       4.917900       4.838610       4.784770       4.750140       4.716890       4.693260       4.679500       4.674130       4.675840    
   6.866920       6.350970       6.350520       6.190800       6.031250       6.031190       6.029240       5.931830       5.739010       5.735150       5.731290       5.717430       5.691300       5.541110       5.329800       5.080840       5.080770       5.033670       4.980670       4.975980       4.982140       4.899580       4.860680       4.806180       4.767540       4.744560       4.736010       4.739960       4.754170       4.791780    
   6.350970       6.350750       6.190940       6.031220       6.031190       6.030210       5.932820       5.739010       5.737080       5.735150       5.727960       5.713340       5.483740       5.234340       5.233640       5.138120       5.096410       5.096510       5.017960       4.984380       4.969820       4.924090       4.856410       4.806780       4.776830       4.766640       4.774630       4.797910       4.845750       4.888470    
   6.350860       6.191010       6.031210       6.031190       6.030700       5.933310       5.739010       5.738040       5.737080       5.733390       5.551070       5.289460       5.252840       5.234520       5.235030       5.233640       5.141660       5.096310       5.096510       5.014960       5.001170       4.914280       4.844870       4.799540       4.777920       4.781540       4.807990       4.860530       4.919390       4.984930    
   6.191050       6.031200       6.031190       6.030950       5.933550       5.739010       5.738530       5.738040       5.736170       5.520090       5.289460       5.289460       5.289460       5.253050       5.234890       5.236430       5.233640       5.140170       5.096120       5.096510       4.992320       4.901240       4.828830       4.781960       4.769250       4.788160       4.837920       4.910330       4.993650       5.082140    
   6.031190       6.031190       6.031070       5.933670       5.739010       5.738770       5.738530       5.736600       5.575950       5.289660       5.289460       5.289460       5.289460       5.289460       5.252830       5.234600       5.239210       5.233640       5.134430       5.095720       4.986230       4.888070       4.808190       4.757390       4.734600       4.781700       4.861780       4.962440       5.072500       5.184620    
   6.031190       6.031130       5.933740       5.739010       5.738890       5.826410       5.957760       5.845700       5.733640       5.438070       5.290060       5.289460       5.289460       5.289460       5.289460       5.250850       5.230950       5.244790       5.233640       5.111830       4.994890       4.885850       4.751210       4.699670       4.705200       4.774380       4.889730       5.023910       5.162720       5.298860    
   6.031160       5.933770       5.739010       5.738950       5.844150       5.957990       5.957990       5.957760       5.845700       5.733640       5.439110       5.291260       5.289460       5.289460       5.289460       5.289460       5.243760       5.214440       5.255930       5.133310       4.928810       4.836770       4.747980       4.674760       4.665860       4.772860       4.934250       5.106630       5.273430       5.431890    
