iMOD/TUTORIALS/TUT_MetaswapAnalyser/model_MetaSWAP/meteo/Precipitation/Precipitation_20060531_L1.ASC
NCOLS                30
NROWS                30
XLLCORNER     160000.00
YLLCORNER     340000.00
CELLSIZE        1000.00
NODATA_VALUE   -9999.00
   0.000000       0.000000       0.000000       0.000000       0.000000      0.1294100      0.1498200      0.1732300      0.1961900      0.2163900      0.2334100      0.2487100      0.2632300      0.2790400      0.2949800      0.3110300      0.3298600      0.3504700      0.3781900      0.4106300      0.4482200      0.4863000      0.5343900      0.5867600      0.6468700      0.7123200      0.7814800      0.8504800      0.9111200      0.9487200    
   0.000000       0.000000       0.000000       0.000000      0.1247000      0.1359500      0.1518400      0.1702800      0.1889200      0.2062100      0.2206600      0.2339100      0.2466300      0.2593300      0.2735300      0.2887100      0.3085000      0.3316300      0.3574100      0.3915800      0.4318000      0.4740700      0.5268900      0.5854700      0.6535300      0.7295900      0.8132800      0.9025500      0.9862600       1.053560    
   0.000000       0.000000       0.000000      0.1238300      0.1290500      0.1385400      0.1508000      0.1647400      0.1789800      0.1923400      0.2049000      0.2162100      0.2262400      0.2375300      0.2493200      0.2628600      0.2811900      0.3047000      0.3342100      0.3701900      0.4089900      0.4542700      0.5087900      0.5732700      0.6467700      0.7301600      0.8200500      0.9261600       1.042920       1.160550    
   0.000000       0.000000      0.1226400      0.1268900      0.1324700      0.1398900      0.1489300      0.1578100      0.1682700      0.1787200      0.1878500      0.1968600      0.2049700      0.2131300      0.2223200      0.2336500      0.2499400      0.2724500      0.3020100      0.3387500      0.3826600      0.4284800      0.4828300      0.5453900      0.6209800      0.7069500      0.8043800      0.9144100       1.037660       1.171680    
   0.000000      0.1223700      0.1252400      0.1285700      0.1329400      0.1384100      0.1448000      0.1517000      0.1589200      0.1658900      0.1743000      0.1783600      0.1827700      0.1872400      0.1930400      0.2011100      0.2136900      0.2345900      0.2639500      0.3010800      0.3436500      0.3948900      0.4486500      0.5113400      0.5856600      0.6689800      0.7612900      0.8610400      0.9632700       1.047850    
  0.1228000      0.1248500      0.1268100      0.1292600      0.1323200      0.1359700      0.1404400      0.1443500      0.1534700      0.1565000      0.1591300      0.1609400      0.1615400      0.1617500      0.1634900      0.1662700      0.1749800      0.1943900      0.2244400      0.2622300      0.3050500      0.3555000      0.4081800      0.4715700      0.5419800      0.6163600      0.6986000      0.7821700      0.8590900      0.9124700    
  0.1274400      0.1265400      0.1278000      0.1293000      0.1315100      0.1335100      0.1356200      0.1434200      0.1444400      0.1451100      0.1450100      0.1439900      0.1420100      0.1384100      0.1358300      0.1325600      0.1337500      0.1526100      0.1850600      0.2222700      0.2652600      0.3137800      0.3681700      0.4236500      0.4885900      0.5577100      0.6284400      0.6965800      0.7529400      0.7902100    
  0.1278400      0.1306900      0.1289500      0.1294900      0.1300600      0.1374700      0.1378300      0.1373300      0.1364400      0.1348300      0.1323800      0.1289600      0.1245100       0.000000       0.000000       0.000000       0.000000       0.000000      0.1504800      0.1862900      0.2265900      0.2720600      0.3228500      0.3741500      0.4331700      0.4943500      0.5551300      0.6111800      0.6563200      0.6848800    
  0.1296100      0.1321300      0.1318000      0.1291000      0.1365000      0.1353800      0.1342700      0.1321000      0.1294200      0.1259400      0.1215500       0.000000       0.000000       0.000000       0.000000       0.000000       0.000000       0.000000      0.1241300      0.1544900      0.1905200      0.2321200      0.2789300      0.3259500      0.3792500      0.4336000      0.4861100      0.5327100      0.5700300      0.5933000    
  0.1308600      0.1334600      0.1324200      0.1396600      0.1358300      0.1335900      0.1310600      0.1276900      0.1235500       0.000000       0.000000       0.000000       0.000000       0.000000       0.000000       0.000000       0.000000       0.000000       0.000000      0.1256900      0.1568700      0.1951300      0.2381200      0.2851300      0.3296500      0.3782200      0.4238300      0.4642600      0.4958100      0.5155900    
  0.1315570      0.1322470      0.1364420      0.1402300      0.1374500      0.1321700      0.1286800      0.1242100       0.000000       0.000000       0.000000       0.000000       0.000000       0.000000       0.000000       0.000000       0.000000       0.000000       0.000000       0.000000      0.1276500      0.1621000      0.2019400      0.2454300      0.2903300      0.3317100      0.3728200      0.4083100      0.4356400      0.4505700    
  0.1313760      0.1351190      0.1402300      0.1383450      0.1375400      0.1333500      0.1287600      0.1217000       0.000000       0.000000       0.000000       0.000000       0.000000       0.000000       0.000000       0.000000       0.000000       0.000000       0.000000       0.000000       0.000000      0.1332600      0.1706200      0.2113700      0.2533000      0.2897700      0.3267800      0.3583600      0.3824500      0.3974400    
  0.1343160      0.1402300      0.1386460      0.1378500      0.1381600      0.1334000      0.1280100      0.1217900       0.000000       0.000000       0.000000       0.000000       0.000000       0.000000       0.000000       0.000000       0.000000       0.000000       0.000000       0.000000       0.000000       0.000000      0.1456700      0.1842800      0.2235700      0.2615300      0.2913300      0.3200000      0.3416800      0.3550000    
  0.1402300      0.1387600      0.1380050      0.1381600      0.1351700      0.1339500      0.1230300       0.000000       0.000000       0.000000       0.000000       0.000000       0.000000       0.000000       0.000000       0.000000       0.000000       0.000000       0.000000       0.000000       0.000000       0.000000      0.1272700      0.1638900      0.2007300      0.2360500      0.2640100      0.2903500      0.3101500      0.3221800    
  0.1388080      0.1380830      0.1381600      0.1357600      0.1339500      0.1272830      0.1248700       0.000000       0.000000       0.000000       0.000000       0.000000       0.000000       0.000000       0.000000       0.000000       0.000000       0.000000       0.000000       0.000000       0.000000       0.000000       0.000000      0.1507900      0.1853400      0.2183100      0.2480700      0.2690200      0.2874300      0.2974400    
  0.1381210      0.1381600      0.1359570      0.1339500      0.1287010      0.1248700      0.6243500E-01  0.4162330E-01   0.000000       0.000000       0.000000       0.000000       0.000000       0.000000       0.000000       0.000000       0.000000       0.000000       0.000000       0.000000       0.000000       0.000000       0.000000      0.1439400      0.1760000      0.2066400      0.2343500      0.2577100      0.2715700      0.2824800    
  0.1381600      0.1360220      0.1339500      0.1291740      0.1248700      0.9365250E-01  0.7630940E-01  0.2601460E-01   0.000000       0.000000       0.000000       0.000000       0.000000       0.000000       0.000000       0.000000       0.000000       0.000000       0.000000       0.000000       0.000000       0.000000       0.000000      0.1433800      0.1730900      0.2016900      0.2277500      0.2499400      0.2670700      0.2742800    
  0.1360440      0.1339500      0.1293310      0.1248700      0.1092610      0.9827730E-01  0.4899410E-01   0.000000       0.000000       0.000000       0.000000       0.000000       0.000000       0.000000       0.000000       0.000000       0.000000       0.000000       0.000000       0.000000       0.000000       0.000000       0.000000      0.1470200      0.1750400      0.2017800      0.2264500      0.2477700      0.2646600      0.2757900    
  0.1339500      0.1293840      0.1248700      0.1170660      0.1108030      0.6413320E-01   0.000000       0.000000       0.000000       0.000000       0.000000       0.000000       0.000000       0.000000       0.000000       0.000000       0.000000       0.000000       0.000000       0.000000       0.000000       0.000000      0.1305200      0.1549600      0.1803400      0.2053500      0.2296200      0.2503500      0.2668400      0.2791100    
  0.1294010      0.1248700      0.1209680      0.1175790      0.7300040E-01   0.000000       0.000000       0.000000       0.000000       0.000000       0.000000       0.000000       0.000000       0.000000       0.000000       0.000000       0.000000       0.000000       0.000000       0.000000       0.000000      0.1225400      0.1429500      0.1656200      0.1894200      0.2131800      0.2357300      0.2555100      0.2728000      0.2867800    
  0.1248700      0.1229190      0.1211390      0.7788690E-01   0.000000       0.000000       0.000000       0.000000       0.000000       0.000000       0.000000       0.000000       0.000000       0.000000       0.000000       0.000000       0.000000       0.000000       0.000000       0.000000      0.1216500      0.1377300      0.1568600      0.1782000      0.2008100      0.2236400      0.2454900      0.2656200      0.2830500      0.2970000    
  0.1238940      0.1229760      0.8048620E-01   0.000000       0.000000       0.000000       0.000000       0.000000       0.000000       0.000000       0.000000       0.000000       0.000000       0.000000       0.000000       0.000000       0.000000       0.000000       0.000000      0.8649000E-01  0.1378200      0.1532800      0.1715800      0.1920400      0.2139200      0.2357500      0.2574000      0.2776300      0.2955900      0.3106500    
  0.1239130      0.8183920E-01   0.000000       0.000000       0.000000       0.000000       0.000000       0.000000       0.000000       0.000000       0.000000       0.000000       0.000000       0.000000       0.000000      0.1967700E-01   0.000000       0.000000      0.1034610      0.1525150      0.1619340      0.1683200      0.1860800      0.2060800      0.2276600      0.2500300      0.2715100      0.2919200      0.3104600      0.3262500    
  0.8253370E-01   0.000000       0.000000       0.000000       0.000000       0.000000       0.000000       0.000000       0.000000       0.000000       0.000000       0.000000       0.000000      0.5099250E-01  0.8292900E-01  0.9876460E-01  0.9838500E-01  0.1315280      0.1698790      0.1748400      0.1672100      0.1830400      0.2023500      0.2218000      0.2426800      0.2642300      0.2857200      0.3064100      0.3256200      0.3428800    
   0.000000       0.000000       0.000000       0.000000       0.000000       0.000000       0.000000       0.000000       0.000000       0.000000       0.000000       0.000000      0.9186820E-01  0.2041100      0.2039700      0.1751620      0.1979090      0.1967700      0.1875300      0.1822830      0.1824700      0.1980900      0.2164800      0.2358500      0.2566400      0.2781200      0.2996000      0.3204200      0.3403300      0.3583100    
   0.000000       0.000000       0.000000       0.000000       0.000000       0.000000       0.000000       0.000000       0.000000       0.000000      0.8032400E-01  0.2008100      0.2031150      0.2042380      0.2042510      0.2039700      0.2003850      0.1990480      0.1967700      0.1962250      0.1971700      0.2113200      0.2278800      0.2487700      0.2695500      0.2909400      0.3122100      0.3329500      0.3523700      0.3703300    
   0.000000       0.000000       0.000000       0.000000       0.000000       0.000000       0.000000       0.000000       0.000000      0.9638880E-01  0.2008100      0.2008100      0.2008100      0.2033000      0.2044950      0.2045310      0.2039700      0.2017530      0.2013250      0.1967700      0.2084900      0.2228100      0.2395400      0.2583000      0.2808200      0.3019900      0.3228400      0.3426000      0.3608400      0.3771200    
   0.000000       0.000000       0.000000       0.000000       0.000000       0.000000       0.000000      0.4354250E-01  0.1105400      0.2007950      0.2008100      0.2008100      0.2008100      0.2008100      0.2036470      0.2049820      0.2050920      0.2039700      0.2049480      0.2058800      0.2177200      0.2321600      0.2490700      0.2680100      0.2881500      0.3107200      0.3306600      0.3490400      0.3654300      0.3793000    
   0.000000       0.000000       0.000000       0.000000       0.000000      0.6859470E-01  0.1714900      0.1728300      0.1741700      0.1918890      0.2007650      0.2008100      0.2008100      0.2008100      0.2008100      0.2042630      0.2058850      0.2062150      0.2039700      0.2131700      0.2249300      0.2393300      0.2560900      0.2750500      0.2953900      0.3153300      0.3354000      0.3520300      0.3663900      0.3780500    
   0.000000       0.000000       0.000000       0.000000      0.8230980E-01  0.1714830      0.1714830      0.1714900      0.1728290      0.1741700      0.1918110      0.2006750      0.2008100      0.2008100      0.2008100      0.2008100      0.2052640      0.2074700      0.2084600      0.2174700      0.2287300      0.2430700      0.2600700      0.2794200      0.2998400      0.3188300      0.3357800      0.3510400      0.3640100      0.3739900    
