iMOD/TUTORIALS/TUT_MetaswapAnalyser/model_MetaSWAP/meteo/Precipitation/Precipitation_20060830_L1.ASC
NCOLS                30
NROWS                30
XLLCORNER     160000.00
YLLCORNER     340000.00
CELLSIZE        1000.00
NODATA_VALUE   -9999.00
   1.263970       1.308330       1.350880       1.386980       1.404030       1.387100       1.323640       1.230920       1.141910       1.139060       1.247170       1.387780       1.529140       1.684960       1.836580       2.006580       2.170250       2.343780       2.529690       2.725560       2.929530       3.139910       3.351950       3.548370       3.757610       3.960280       4.152730       4.330150       4.485480       4.592210    
   1.206860       1.231990       1.251070       1.258790       1.245200       1.204900       1.129890       1.023120      0.8904000      0.8628900       1.012670       1.150610       1.283800       1.429460       1.564500       1.703680       1.855190       2.029350       2.210010       2.407110       2.615890       2.833170       3.054030       3.262180       3.481890       3.696020       3.901400       4.094110       4.257070       4.388520    
   1.151970       1.161410       1.162630       1.149390       1.121860       1.071820      0.9981000      0.9060200      0.8170700      0.8034300      0.8827300      0.9867400       1.096890       1.208230       1.321230       1.440020       1.574520       1.729490       1.906650       2.103770       2.313810       2.536510       2.751210       2.980730       3.208490       3.431620       3.636350       3.843910       4.024780       4.204870    
   1.102500       1.100160       1.089280       1.065960       1.030570      0.9798600      0.9158300      0.8471000      0.7921100      0.7777400      0.8134400      0.8760500      0.9473100       1.026630       1.107910       1.199690       1.312340       1.453670       1.625500       1.823060       2.038830       2.251460       2.484620       2.708200       2.940820       3.169500       3.391820       3.605350       3.796200       3.988520    
   1.060080       1.049440       1.030500       1.003090      0.9654200      0.9180300      0.8642700      0.8073300      0.7683800      0.7532300      0.7565600      0.7888900      0.8293600      0.8751200      0.9250800      0.9854900       1.070060       1.197060       1.365900       1.565880       1.772450       2.001250       2.236040       2.470100       2.703780       2.933150       3.155520       3.352600       3.553500       3.727280    
   1.025200       1.010030      0.9872200      0.9570800      0.9196900      0.8763800      0.8247800      0.7825300      0.7253300      0.7134200      0.7131000      0.7233900      0.7385800      0.7547600      0.7715000      0.7955500      0.8500400      0.9656200       1.139860       1.347060       1.559840       1.789460       2.023180       2.256610       2.487760       2.713020       2.931590       3.124080       3.315900       3.479140    
  0.9982700      0.9809400      0.9554700      0.9243800      0.8794300      0.8416600      0.8024500      0.7293900      0.7065700      0.6881600      0.6778200      0.6730400      0.6698300      0.6642400      0.6543900      0.6405700      0.6471000      0.7605900      0.9546400       1.162960       1.384620       1.610590       1.838410       2.066710       2.291940       2.512270       2.708520       2.910840       3.095070       3.254110    
   1.007050      0.9451200      0.9223400      0.8931400      0.8601800      0.7792300      0.7396300      0.7145200      0.6887300      0.6676400      0.6509700      0.6369600      0.6228300      0.6046400      0.5818900      0.5492900      0.5091400      0.6328500      0.8310800       1.037800       1.249730       1.465350       1.683030       1.901670       2.117930       2.313760       2.519580       2.714810       2.899290       3.055440    
  0.9820700      0.9342800      0.9085600      0.8814700      0.7905500      0.7621300      0.7238000      0.7007100      0.6752000      0.6525100      0.6323900      0.6137900      0.5951800      0.5746700      0.5536000      0.5350100      0.5431700      0.6298200      0.7816200      0.9605000       1.151930       1.350730       1.553890       1.759670       1.949430       2.151460       2.348320       2.542140       2.716210       2.872430    
  0.9782200      0.9296200      0.9033100      0.8024600      0.7774000      0.7503400      0.7177500      0.6910900      0.6659200      0.6426200      0.6211400      0.6011200      0.5822500      0.5665600      0.5513900      0.5503200      0.5790400      0.6500400      0.7671300      0.9155100       1.082960       1.260280       1.446460       1.636750       1.815370       2.005890       2.198740       2.379030       2.549300       2.705720    
  0.9679400      0.9370500      0.8570730      0.7929000      0.7678300      0.7468400      0.7109300      0.6851500      0.6604700      0.6372400      0.6156600      0.5959200      0.5812400      0.5481500      0.5516400      0.5623200      0.5961300      0.6626300      0.7633200      0.8926800       1.042930       1.207360       1.380920       1.548940       1.735440       1.912500       2.090730       2.264010       2.429580       2.551600    
  0.9666710      0.8887410      0.7929000      0.7719680      0.7626200      0.7417800      0.7064400      0.6823100      0.6582100      0.6354200      0.5804100      0.5661900      0.5546900      0.5585900      0.5566100      0.5702100      0.6037100      0.6613200      0.7480300      0.8610100      0.9946300       1.142860       1.296060       1.459840       1.627340       1.796040       1.964410       2.130170       2.291190       2.445110    
  0.9098260      0.7929000      0.7732390      0.7635700      0.7645200      0.7298700      0.7052900      0.6811700      0.6097100      0.5923600      0.5768000      0.5806800      0.5674100      0.5596100      0.5580200      0.5699100      0.5977100      0.6473400      0.7220700      0.8260700      0.9444500       1.079330       1.223230       1.373360       1.527670       1.684430       1.841820       1.998950       2.154060       2.305580    
  0.7929000      0.7736760      0.7640450      0.7645200      0.7415630      0.7303000      0.6421700      0.6235400      0.6058200      0.5870300      0.5726000      0.5801100      0.5673900      0.5595600      0.5581900      0.5640800      0.5838600      0.6186600      0.6860500      0.7823300      0.8981800       1.023360       1.151910       1.288400       1.429030       1.572750       1.718530       1.865670       2.013260       2.160440    
  0.7738450      0.7642820      0.7645200      0.7454610      0.7303000      0.6730170      0.6465800      0.6279500      0.6102000      0.5937000      0.6001400      0.5838200      0.5708700      0.5621100      0.5585000      0.5597100      0.5696200      0.5861700      0.6397300      0.7464000      0.8523400      0.9664800       1.085560       1.209120       1.336620       1.467550       1.601420       1.737900       1.876500       2.021820    
  0.7644010      0.7645200      0.7467600      0.7303000      0.6832990      0.6465800      0.6372650      0.6282430      0.6123100      0.6173900      0.5990100      0.5832500      0.5706200      0.5618000      0.5538800      0.5551500      0.5694600      0.5887700      0.6393300      0.7253300      0.8245600      0.9200400       1.027060       1.138190       1.253070       1.371410       1.492990       1.617710       1.745420       1.876410    
  0.7645200      0.7471930      0.7303000      0.6867260      0.6465800      0.6419220      0.6373630      0.6238020      0.6173900      0.6082000      0.5953280      0.5828000      0.5664200      0.5573500      0.5658200      0.5654800      0.5741900      0.5978700      0.6433600      0.7112800      0.7937600      0.8845600      0.9808400       1.067060       1.168520       1.273410       1.381660       1.493330       1.608640       1.731520    
  0.7473380      0.7303000      0.6878690      0.6465800      0.6442510      0.6419550      0.6301190      0.6173900      0.6127950      0.6007210      0.5884950      0.5941900      0.5788100      0.5734300      0.5674200      0.5680800      0.5787000      0.6022600      0.6417300      0.6971000      0.7649400      0.8413500      0.9236300       1.010240       1.086000       1.177260       1.271740       1.369610       1.471210       1.580310    
  0.7303000      0.6882500      0.6465800      0.6454160      0.6442620      0.6334290      0.6173900      0.6150930      0.6032880      0.5913430      0.5941900      0.5865000      0.5799830      0.5735000      0.5679300      0.5689200      0.5783000      0.6009600      0.6343500      0.6797400      0.7353200      0.7986700      0.8676900      0.9409100       1.017380       1.096540       1.163540       1.247160       1.337370       1.442250    
  0.6883770      0.6465800      0.6459980      0.6454190      0.6351240      0.6173900      0.6162410      0.6045450      0.5927660      0.5941900      0.5903450      0.5835430      0.5735000      0.5707150      0.5701170      0.5717170      0.5827270      0.6045370      0.6414820      0.6585900      0.7036900      0.7554800      0.8123500      0.8730200      0.9365000       1.002180       1.087350       1.164840       1.261920       1.312770    
  0.6465800      0.6462890      0.6459990      0.6359830      0.6173900      0.6168160      0.6051690      0.5934780      0.5941900      0.5922680      0.5853950      0.5735000      0.5721070      0.5714440      0.5708490      0.5748530      0.5863270      0.6217390      0.6461800      0.6337700      0.6697600      0.7113600      0.7573300      0.8221500      0.8736200      0.9265500       1.011380       1.066530       1.121710       1.177900    
  0.6464340      0.6462890      0.6364150      0.6173900      0.6171030      0.6054800      0.5938340      0.5941900      0.5932290      0.5863380      0.5735000      0.5728040      0.5723500      0.5714670      0.5723820      0.5773430      0.6113330      0.6399750      0.6337700      0.6510830      0.6497200      0.6816300      0.7174600      0.7560800      0.8184500      0.8635700      0.9059400      0.9469000      0.9868200       1.027480    
  0.6464350      0.6366320      0.6173900      0.6172460      0.6056350      0.5940120      0.5941900      0.5937090      0.5868140      0.5735000      0.5731520      0.5728850      0.5722070      0.5720670      0.5737310      0.5870910      0.6368730      0.6337700      0.6106400      0.6072250      0.6263860      0.6349100      0.6788400      0.7100800      0.7434800      0.7760200      0.8067600      0.8346700      0.8597700      0.8839500    
  0.6367410      0.6173900      0.6173180      0.6057120      0.5941010      0.5941900      0.5939500      0.5870530      0.5735000      0.5733260      0.5731790      0.5727480      0.5723860      0.5230490      0.5140800      0.5369310      0.5375250      0.5494240      0.5622150      0.5504800      0.5647300      0.6009400      0.6198600      0.6448100      0.6701000      0.6942300      0.7155500      0.7324900      0.7441700      0.7530900    
  0.6173900      0.6173540      0.6057510      0.5941460      0.5941900      0.5940700      0.5871730      0.5735000      0.5734130      0.5733350      0.5730840      0.5727710      0.4827070      0.3731820      0.3741900      0.4404710      0.4363950      0.4412800      0.4992170      0.5289400      0.5362300      0.5438800      0.5632100      0.5816400      0.6006400      0.6185900      0.6334100      0.6428000      0.6458600      0.6384800    
  0.6173720      0.6057710      0.5941680      0.5941900      0.5941300      0.5872330      0.5735000      0.5734560      0.5734160      0.5732770      0.4659660      0.3053200      0.3497280      0.3721730      0.3721730      0.3741900      0.4137750      0.4315100      0.4412800      0.4761680      0.4858600      0.4939200      0.5045200      0.5200500      0.5346100      0.5490200      0.5608600      0.5682500      0.5663800      0.5536400    
  0.6057800      0.5941790      0.5941900      0.5941600      0.5872630      0.5735000      0.5734780      0.5734570      0.5733830      0.4446600      0.3053200      0.3053200      0.3053200      0.3482380      0.3701550      0.3701560      0.3741900      0.4081210      0.4217400      0.4412800      0.4413000      0.4437500      0.4489800      0.4574000      0.4711400      0.4845900      0.4977200      0.5060700      0.5074500      0.5010500    
  0.5941840      0.5941900      0.5941750      0.5872780      0.5735000      0.5734890      0.5734790      0.4300800      0.3499320      0.3051110      0.3053200      0.3053200      0.3053200      0.3053200      0.3453050      0.3661180      0.3661220      0.3741900      0.3952750      0.4022000      0.3970400      0.3938800      0.3935300      0.3974900      0.4072400      0.4240100      0.4407800      0.4548200      0.4637100      0.4681100    
  0.5941900      0.5941820      0.5872860      0.5735000      0.5734950      0.3440940       0.000000       0.000000       0.000000      0.2029810      0.3046920      0.3053200      0.3053200      0.3053200      0.3053200      0.3396260      0.3580430      0.3580550      0.3741900      0.3634300      0.3537100      0.3451300      0.3377500      0.3365400      0.3447600      0.3641400      0.3893200      0.4115300      0.4291900      0.4434200    
  0.5941860      0.5872900      0.5735000      0.5734970      0.2982180       0.000000       0.000000       0.000000       0.000000       0.000000      0.2019100      0.3034350      0.3053200      0.3053200      0.3053200      0.3053200      0.3290180      0.3418830      0.3419200      0.3278100      0.3125300      0.2995300      0.2866900       0.000000      0.2798000      0.3080500      0.3434300      0.3746900      0.4006600      0.4222900    
