iMOD/TUTORIALS/TUT_MetaswapAnalyser/model_MetaSWAP/meteo/Precipitation/Precipitation_20060425_L1.ASC
NCOLS                30
NROWS                30
XLLCORNER     160000.00
YLLCORNER     340000.00
CELLSIZE        1000.00
NODATA_VALUE   -9999.00
   2.688380       2.569770       2.445730       2.318280       2.189420       2.066520       1.948310       1.832170       1.718590       1.621060       1.544050       1.475040       1.411060       1.349950       1.292990       1.240350       1.196470       1.161050       1.122680       1.087910       1.055890       1.032260       1.003580      0.9798500      0.9508400      0.9213500      0.8912800      0.8608100      0.8305600      0.8097200    
   2.713930       2.601430       2.483270       2.364000       2.242650       2.124770       2.008150       1.891190       1.772540       1.673880       1.608570       1.545040       1.482110       1.421170       1.363510       1.313610       1.264720       1.214420       1.182680       1.147590       1.115350       1.091110       1.061910       1.037130       1.007130      0.9763400      0.9446100      0.9120000      0.8843500      0.8583900    
   2.740060       2.634030       2.524090       2.409270       2.296230       2.183750       2.071490       1.959520       1.851980       1.759030       1.686750       1.620480       1.556020       1.493390       1.430630       1.376670       1.325760       1.280670       1.241070       1.205800       1.182130       1.157760       1.132950       1.102560       1.071210       1.038620       1.011010      0.9743500      0.9442500      0.9016800    
   2.768630       2.668820       2.565540       2.457390       2.351110       2.244500       2.138330       2.033910       1.937220       1.849770       1.771880       1.700990       1.633300       1.566040       1.501800       1.443830       1.390810       1.345300       1.306700       1.273010       1.241960       1.225140       1.200880       1.177350       1.144240       1.109230       1.072300       1.033460      0.9999600      0.9538900    
   2.799170       2.705320       2.605330       2.506680       2.406820       2.306640       2.207150       2.119550       2.025460       1.938380       1.864860       1.789380       1.716610       1.645080       1.573650       1.509910       1.456560       1.411370       1.375670       1.345320       1.322910       1.293980       1.272070       1.245740       1.211340       1.174720       1.136080       1.106610       1.061950       1.018360    
   2.831240       2.739900       2.649360       2.556890       2.463330       2.369540       2.285330       2.197500       2.120420       2.037100       1.954750       1.875930       1.800470       1.724670       1.648860       1.577530       1.515800       1.471570       1.441380       1.415840       1.395510       1.367540       1.345000       1.311860       1.276070       1.242220       1.201730       1.171170       1.126230       1.082920    
   2.860140       2.778980       2.694160       2.607650       2.534190       2.444480       2.355680       2.292900       2.210780       2.126580       2.045310       1.966080       1.887580       1.809550       1.727460       1.646640       1.572440       1.532620       1.513270       1.497670       1.474080       1.445870       1.413550       1.386480       1.348210       1.307540       1.279420       1.233690       1.190040       1.145050    
   2.876700       2.838670       2.758500       2.675520       2.591810       2.519830       2.457440       2.379470       2.296620       2.215860       2.136950       2.059130       1.981310       1.902540       1.818550       1.733920       1.645270       1.613880       1.604130       1.585900       1.560890       1.530080       1.494510       1.464080       1.422280       1.394520       1.347050       1.298500       1.242810       1.197080    
   2.934940       2.878750       2.802700       2.726670       2.664500       2.585130       2.531590       2.459870       2.381710       2.305050       2.229680       2.155060       2.080420       2.000140       1.925150       1.849330       1.781190       1.738680       1.713530       1.687640       1.656680       1.620390       1.579550       1.544410       1.515460       1.465910       1.414590       1.353470       1.302930       1.253010    
   2.968900       2.918500       2.847600       2.795690       2.723320       2.649400       2.613400       2.539030       2.465790       2.393800       2.322960       2.252990       2.183500       2.108430       2.041350       1.977070       1.917890       1.872960       1.835830       1.799270       1.759290       1.715760       1.667880       1.617050       1.592060       1.537540       1.471650       1.416310       1.361030       1.306370    
   2.974560       2.911670       2.852470       2.848090       2.779420       2.744440       2.685720       2.616500       2.548330       2.481370       2.415700       2.351270       2.279080       2.233690       2.166180       2.108520       2.055800       2.006430       1.958810       1.909690       1.857480       1.802240       1.744700       1.701440       1.630490       1.583160       1.523230       1.463400       1.404020       1.357320    
   2.973890       2.896700       2.848090       2.848000       2.835410       2.807080       2.754620       2.691710       2.628590       2.566790       2.533970       2.471240       2.403770       2.338010       2.285870       2.235810       2.187330       2.139650       2.086980       2.028720       1.965910       1.900490       1.839420       1.772520       1.705520       1.651100       1.585410       1.520170       1.455580       1.391890    
   2.938850       2.848090       2.876850       2.882240       2.929070       2.882230       2.822120       2.762780       2.745670       2.686100       2.626490       2.543680       2.493640       2.445790       2.400670       2.357710       2.315550       2.269510       2.214640       2.145060       2.077340       2.002170       1.926870       1.852200       1.778380       1.705500       1.646920       1.576380       1.506680       1.437910    
   2.848090       2.889920       2.905650       2.929070       2.917820       2.942160       2.943180       2.883840       2.825500       2.780520       2.723760       2.634640       2.589440       2.546750       2.506980       2.470500       2.427820       2.394440       2.338460       2.263000       2.177650       2.092740       2.007260       1.925390       1.845230       1.766650       1.702380       1.626990       1.552730       1.479560    
   2.896110       2.917360       2.929070       2.929680       2.942160       2.937910       2.928380       2.879700       2.832190       2.786180       2.698420       2.663540       2.630670       2.600180       2.572400       2.554170       2.529890       2.506290       2.455480       2.355620       2.262310       2.169870       2.080210       1.992990       1.907910       1.824790       1.743490       1.677040       1.598990       1.519290    
   2.923220       2.929070       2.933640       2.942160       2.936150       2.928380       2.904040       2.880090       2.826000       2.805950       2.771950       2.739350       2.708360       2.679150       2.639720       2.615620       2.598780       2.568350       2.510920       2.421610       2.324870       2.237090       2.144440       2.053720       1.964980       1.878200       1.793400       1.710590       1.642520       1.563060    
   2.929070       2.934960       2.942160       2.935560       2.928380       2.916210       2.904170       2.854020       2.805950       2.788950       2.791170       2.808450       2.760020       2.731290       2.712190       2.683730       2.653610       2.611420       2.550990       2.471470       2.381380       2.287650       2.193490       2.111270       2.020480       1.931270       1.843890       1.758570       1.675530       1.611390    
   2.935400       2.942160       2.935370       2.928380       2.922300       2.916250       2.870090       2.805950       2.797450       2.807110       2.819300       2.830160       2.804420       2.798840       2.768730       2.735340       2.699700       2.651140       2.589330       2.514120       2.429200       2.338900       2.246280       2.153160       2.071630       1.980810       1.891540       1.804300       1.719600       1.642720    
   2.942160       2.935300       2.928380       2.925340       2.922310       2.878650       2.805950       2.801700       2.813080       2.824730       2.830160       2.817290       2.821370       2.852060       2.818780       2.781110       2.736960       2.689620       2.626970       2.553920       2.472370       2.384990       2.294200       2.201780       2.109030       2.016900       1.936510       1.847710       1.766590       1.678480    
   2.935280       2.928380       2.926860       2.925340       2.883060       2.805950       2.803820       2.815670       2.827450       2.830160       2.823720       2.830220       2.852060       2.835420       2.817320       2.778950       2.735900       2.684520       2.618740       2.592500       2.513150       2.428010       2.338860       2.247290       2.154580       2.061800       1.957680       1.872400       1.768950       1.702080    
   2.928380       2.927620       2.926860       2.885300       2.805950       2.804890       2.816880       2.828800       2.830160       2.826940       2.834040       2.852060       2.843740       2.834930       2.810560       2.777390       2.733120       2.656280       2.611590       2.630680       2.552840       2.469380       2.381610       2.274430       2.183550       2.091700       1.982150       1.893310       1.807770       1.727320    
   2.928000       2.927620       2.886430       2.805950       2.805420       2.817470       2.829480       2.830160       2.828550       2.835800       2.852060       2.847900       2.843580       2.829740       2.807630       2.773690       2.683720       2.621130       2.630680       2.583320       2.566450       2.487880       2.404230       2.316660       2.203800       2.113260       2.022110       1.931880       1.844350       1.762160    
   2.928000       2.887000       2.805950       2.805680       2.817760       2.829820       2.830160       2.829360       2.836640       2.852060       2.849980       2.847850       2.840410       2.826980       2.803690       2.719830       2.625910       2.630680       2.612530       2.599970       2.551770       2.531710       2.418270       2.333110       2.246130       2.155660       2.063770       1.971640       1.881010       1.794580    
   2.887280       2.805950       2.805820       2.817910       2.829990       2.830160       2.829760       2.837050       2.852060       2.851020       2.849960       2.846080       2.838410       2.850370       2.801150       2.708530       2.708210       2.670560       2.628890       2.636150       2.633490       2.539300       2.459690       2.377030       2.290350       2.200440       2.108060       2.014130       1.919890       1.827950    
   2.805950       2.805880       2.817980       2.830080       2.830160       2.829960       2.837260       2.852060       2.851540       2.851010       2.849020       2.844820       2.880010       2.931870       2.930400       2.817440       2.791470       2.785740       2.694940       2.650560       2.638810       2.565270       2.503490       2.422700       2.337630       2.248840       2.156840       2.062100       1.965400       1.867210    
   2.805920       2.818020       2.830120       2.830160       2.830060       2.837360       2.852060       2.851800       2.851540       2.850520       2.947140       3.095420       2.987600       2.933340       2.933340       2.930400       2.839700       2.797190       2.785740       2.707290       2.679390       2.610880       2.537100       2.471380       2.388500       2.301750       2.211480       2.118150       2.021560       1.922210    
   2.818040       2.830140       2.830160       2.830110       2.837410       2.852060       2.851930       2.851800       2.851290       2.968010       3.095420       3.095420       3.095420       2.989760       2.936290       2.936270       2.930400       2.845450       2.808650       2.785740       2.725240       2.659220       2.588080       2.512380       2.443110       2.359410       2.272570       2.182610       2.090300       1.997220    
   2.830150       2.830160       2.830130       2.837430       2.852060       2.851990       2.851930       2.955760       3.031300       3.095510       3.095420       3.095420       3.095420       3.095420       2.994000       2.942200       2.942140       2.930400       2.857010       2.831560       2.773570       2.710230       2.641920       2.569250       2.493010       2.421480       2.339080       2.254460       2.168840       2.084890    
   2.830160       2.830150       2.837450       2.852060       2.852030       3.025840       3.286570       3.277300       3.268020       3.153190       3.095680       3.095420       3.095420       3.095420       3.095420       3.002100       2.954060       2.953890       2.930400       2.880330       2.824920       2.764270       2.698730       2.628810       2.556200       2.481550       2.409840       2.331310       2.252740       2.177020    
   2.830150       2.837450       2.852060       2.852040       3.060660       3.286630       3.286630       3.286570       3.277300       3.268020       3.153650       3.096210       3.095420       3.095420       3.095420       3.095420       3.016800       2.977880       2.977370       2.930180       2.877960       2.820390       2.757810       2.690810       2.621370       2.551650       2.480570       2.408780       2.338620       2.269340    
