iMOD/TUTORIALS/TUT_MetaswapAnalyser/model_MetaSWAP/meteo/Precipitation/Precipitation_20060118_L1.ASC
NCOLS                30
NROWS                30
XLLCORNER     160000.00
YLLCORNER     340000.00
CELLSIZE        1000.00
NODATA_VALUE   -9999.00
  0.2287000      0.2328900      0.2338700      0.2292100      0.2153700      0.1788400       0.000000       0.000000       0.000000       0.000000       0.000000       0.000000       0.000000       0.000000       0.000000      0.1624900      0.1869800      0.2111000      0.2307100      0.2486400      0.2647500      0.2738600      0.2859600      0.2947700      0.3031900      0.3098100      0.3146600      0.3178500      0.3197200      0.3203400    
  0.2091600      0.2100700      0.2130100      0.2014500      0.1819200       0.000000       0.000000       0.000000       0.000000       0.000000       0.000000       0.000000       0.000000       0.000000       0.000000      0.1621700      0.1847600      0.2071500      0.2304100      0.2488000      0.2652400      0.2749300      0.2871300      0.2960800      0.3043000      0.3105200      0.3146400      0.3166200      0.3154700      0.3145200    
  0.1983700      0.1962900      0.1895100      0.1799600      0.1626300       0.000000       0.000000       0.000000       0.000000       0.000000       0.000000       0.000000       0.000000       0.000000       0.000000      0.1629500      0.1855400      0.2069100      0.2267900      0.2449200      0.2651000      0.2750300      0.2859900      0.2960500      0.3041000      0.3100600      0.3120000      0.3134300      0.3115700      0.3080300    
  0.1897000      0.1858800      0.1777900      0.1685200       0.000000       0.000000       0.000000       0.000000       0.000000       0.000000       0.000000       0.000000       0.000000       0.000000       0.000000      0.1654600      0.1870800      0.2079900      0.2277400      0.2458500      0.2619700      0.2791300      0.2867000      0.2945600      0.3024900      0.3084800      0.3123600      0.3138300      0.3119400      0.3076400    
  0.1833800      0.1788600      0.1759200      0.1632400       0.000000       0.000000       0.000000       0.000000       0.000000       0.000000       0.000000       0.000000       0.000000       0.000000       0.000000      0.1699800      0.1888700      0.2088900      0.2282500      0.2460500      0.2606500      0.2740900      0.2812600      0.2954800      0.3033700      0.3095200      0.3138600      0.3155400      0.3162900      0.3162600    
  0.1792600      0.1807700      0.1729500      0.1621800       0.000000       0.000000       0.000000       0.000000       0.000000       0.000000       0.000000       0.000000       0.000000       0.000000      0.1583800      0.1747900      0.1922000      0.2112900      0.2306700      0.2483700      0.2627400      0.2757500      0.2827400      0.2919100      0.2997100      0.3108500      0.3159000      0.3188100      0.3217100      0.3244700    
  0.1771100      0.1792700      0.1725600      0.1637900      0.1626100       0.000000       0.000000       0.000000       0.000000       0.000000       0.000000       0.000000       0.000000       0.000000      0.1691600      0.1817400      0.1950300      0.2136600      0.2337400      0.2504600      0.2650400      0.2773900      0.2879300      0.2928300      0.3005200      0.3072500      0.3119700      0.3172500      0.3262600      0.3307100    
  0.1681700      0.1861000      0.1864700      0.1784700      0.1693700      0.1620800       0.000000       0.000000       0.000000       0.000000       0.000000       0.000000       0.000000      0.1646600      0.1811600      0.1911600      0.2001000      0.2186300      0.2377700      0.2537600      0.2671800      0.2786100      0.2885100      0.2931100      0.3006500      0.3062900      0.3126800      0.3187600      0.3287000      0.3345900    
  0.1829700      0.1878600      0.1830400      0.1835400      0.1792400      0.1719600      0.1693700      0.1575100       0.000000       0.000000       0.000000      0.1613600      0.1687000      0.1845300      0.1943000      0.2037400      0.2144400      0.2280100      0.2432500      0.2567800      0.2685900      0.2789500      0.2881500      0.2924100      0.2985400      0.3054600      0.3121900      0.3232700      0.3300800      0.3369500    
  0.1843400      0.1903600      0.1865800      0.1863100      0.1866600      0.1812800      0.1733200      0.1699300      0.1681500      0.1683400      0.1707000      0.1751900      0.1816600      0.1979400      0.2053900      0.2149600      0.2240500      0.2352900      0.2468600      0.2578800      0.2680300      0.2779100      0.2865000      0.2944200      0.2963500      0.3032700      0.3147700      0.3220500      0.3295700      0.3373400    
  0.1868770      0.1870930      0.1887120      0.1916000      0.1879300      0.1791000      0.1829400      0.1807700      0.1798800      0.1805400      0.1828800      0.1869100      0.2036500      0.2093300      0.2135300      0.2210000      0.2298100      0.2384900      0.2476300      0.2569300      0.2660700      0.2747800      0.2829300      0.2895300      0.3013900      0.3044800      0.3117500      0.3193400      0.3274100      0.3355600    
  0.1865390      0.1885710      0.1916000      0.1899970      0.1941300      0.1799700      0.1862200      0.1901500      0.1898900      0.1908200      0.1947400      0.1981000      0.2142800      0.2154700      0.2197600      0.2248400      0.2303200      0.2369500      0.2441300      0.2525200      0.2614200      0.2700700      0.2810700      0.2889500      0.2963400      0.2983800      0.3055400      0.3132100      0.3216100      0.3309100    
  0.1882550      0.1916000      0.1895390      0.1902300      0.1863300      0.1941200      0.1931800      0.1928600      0.1959400      0.2014300      0.2033000      0.2173900      0.2192500      0.2215300      0.2235200      0.2256700      0.2275700      0.2302300      0.2360300      0.2460300      0.2564400      0.2662300      0.2749600      0.2827100      0.2897700      0.2965400      0.2981100      0.3055300      0.3139400      0.3235900    
  0.1916000      0.1889370      0.1882800      0.1863300      0.1933400      0.1995700      0.2022700      0.2022800      0.2028900      0.1996500      0.2018900      0.2246500      0.2254000      0.2260800      0.2261700      0.2248600      0.2246700      0.2206100      0.2235200      0.2357600      0.2484400      0.2591900      0.2652100      0.2722100      0.2783900      0.2842500      0.2854400      0.2922000      0.3001900      0.3098000    
  0.1885430      0.1873050      0.1863300      0.1930800      0.1995700      0.2049930      0.2131400      0.2131800      0.2136600      0.2145800      0.2372900      0.2365700      0.2357600      0.2344300      0.2320200      0.2286300      0.2212800      0.2095800      0.2086600      0.2263400      0.2403800      0.2507200      0.2586200      0.2648400      0.2700200      0.2747700      0.2796300      0.2803400      0.2872700      0.2948100    
  0.1868170      0.1863300      0.1929930      0.1995700      0.2059010      0.2131400      0.2131600      0.2133270      0.2215400      0.2447400      0.2435500      0.2423500      0.2408700      0.2387100      0.2333000      0.2287700      0.2194200      0.2133500      0.2144000      0.2247900      0.2352500      0.2446500      0.2508900      0.2555000      0.2590600      0.2621500      0.2653200      0.2691600      0.2694700      0.2766600    
  0.1863300      0.1929640      0.1995700      0.2062040      0.2131400      0.2131500      0.2132090      0.2231920      0.2447400      0.2441450      0.2454200      0.2475300      0.2425200      0.2404200      0.2319600      0.2288900      0.2249700      0.2220600      0.2228700      0.2278300      0.2340000      0.2392900      0.2431100      0.2471200      0.2486300      0.2496100      0.2506000      0.2521600      0.2549200      0.2516100    
  0.1929550      0.1995700      0.2063050      0.2131400      0.2131450      0.2131660      0.2235730      0.2447400      0.2444420      0.2462930      0.2482300      0.2489300      0.2472500      0.2379000      0.2360400      0.2336100      0.2308400      0.2290300      0.2290500      0.2309600      0.2336100      0.2358300      0.2370000      0.2370400      0.2377600      0.2362200      0.2345800      0.2334000      0.2333100      0.2315800    
  0.1995700      0.2063380      0.2131400      0.2131420      0.2131500      0.2236560      0.2447400      0.2445910      0.2465970      0.2485800      0.2489300      0.2480900      0.2439400      0.2416800      0.2400700      0.2381000      0.2360500      0.2342100      0.2333400      0.2331500      0.2331300      0.2326000      0.2311300      0.2285700      0.2250100      0.2207500      0.2177000      0.2133700      0.2066900      0.2038400    
  0.2063490      0.2131400      0.2131410      0.2131440      0.2236720      0.2447400      0.2446660      0.2467230      0.2487550      0.2489300      0.2485100      0.2456600      0.2416800      0.2408750      0.2399500      0.2380730      0.2361200      0.2345330      0.2340700      0.2344700      0.2323300      0.2294400      0.2254800      0.2203200      0.2140100      0.2067800      0.1980300      0.1859400      0.1804000      0.1771700    
  0.2131400      0.2131410      0.2131420      0.2236740      0.2447400      0.2447030      0.2467800      0.2488430      0.2489300      0.2487200      0.2461950      0.2416800      0.2412780      0.2408350      0.2396330      0.2380480      0.2362420      0.2349460      0.2348250      0.2351800      0.2313300      0.2264200      0.2202100      0.2112800      0.2023500      0.1922000      0.1775100      0.1667600      0.1566400       0.000000    
  0.2131400      0.2131410      0.2236740      0.2447400      0.2447210      0.2468080      0.2488860      0.2489300      0.2488250      0.2463810      0.2416800      0.2414790      0.2412640      0.2405820      0.2395050      0.2379740      0.2358840      0.2350030      0.2351800      0.2317300      0.2286800      0.2222100      0.2141400      0.2043500      0.1934100      0.1728500      0.1595300       0.000000       0.000000       0.000000    
  0.2131400      0.2236740      0.2447400      0.2447310      0.2468210      0.2489080      0.2489300      0.2488780      0.2464540      0.2416800      0.2415790      0.2414740      0.2411080      0.2404500      0.2393540      0.2353980      0.2350910      0.2351800      0.2282060      0.2246900      0.2201400      0.2143000      0.2067300      0.1953900      0.1771300      0.1617300       0.000000       0.000000       0.000000       0.000000    
  0.2236740      0.2447400      0.2447350      0.2468280      0.2489190      0.2489300      0.2489040      0.2464850      0.2416800      0.2416300      0.2415780      0.2413870      0.2410110      0.2411480      0.2364230      0.2286280      0.2285350      0.2253970      0.2215820      0.2212250      0.2207000      0.2148100      0.1965400      0.1847400      0.1704600       0.000000       0.000000       0.000000       0.000000       0.000000    
  0.2447400      0.2447380      0.2468320      0.2489250      0.2489300      0.2489170      0.2465000      0.2416800      0.2416550      0.2416290      0.2415320      0.2413250      0.2422430      0.2437650      0.2436800      0.2310270      0.2222560      0.2218900      0.2201270      0.2188300      0.2217500      0.2049300      0.1956700      0.1827700      0.1670900       0.000000       0.000000       0.000000       0.000000       0.000000    
  0.2447390      0.2468330      0.2489270      0.2489300      0.2489230      0.2465070      0.2416800      0.2416670      0.2416550      0.2416050      0.2508730      0.2649400      0.2509410      0.2439060      0.2438490      0.2436800      0.2296350      0.2226220      0.2218900      0.2185650      0.2140400      0.2062400      0.1957600      0.1829600      0.1663500       0.000000       0.000000       0.000000       0.000000       0.000000    
  0.2468340      0.2489290      0.2489300      0.2489270      0.2465100      0.2416800      0.2416740      0.2416670      0.2416420      0.2528030      0.2649400      0.2649400      0.2649400      0.2511520      0.2441880      0.2440190      0.2436800      0.2303490      0.2233550      0.2218900      0.2165800      0.2089100      0.1984300      0.1847600      0.1683000       0.000000       0.000000       0.000000       0.000000       0.000000    
  0.2489290      0.2489300      0.2489280      0.2465120      0.2416800      0.2416770      0.2416740      0.2466580      0.2544220      0.2649360      0.2649400      0.2649400      0.2649400      0.2649400      0.2516320      0.2448660      0.2443570      0.2436800      0.2324730      0.2248200      0.2199900      0.2128300      0.2027700      0.1893400      0.1762400       0.000000       0.000000       0.000000       0.000000       0.000000    
  0.2489300      0.2489290      0.2465130      0.2416800      0.2416780      0.2436700      0.2466600      0.2541550      0.2616500      0.2638340      0.2649290      0.2649400      0.2649400      0.2649400      0.2649400      0.2527020      0.2465620      0.2450350      0.2436800      0.2395000      0.2335500      0.2253700      0.2206700      0.2002300      0.1822800      0.1616600       0.000000       0.000000       0.000000       0.000000    
  0.2489300      0.2465130      0.2416800      0.2416790      0.2440680      0.2466580      0.2466580      0.2466600      0.2541560      0.2616500      0.2638150      0.2649080      0.2649400      0.2649400      0.2649400      0.2649400      0.2549470      0.2509700      0.2463900      0.2426800      0.2474200      0.2378000      0.2256300      0.2103500      0.1916300      0.1707600       0.000000       0.000000       0.000000       0.000000    
