iMOD/TUTORIALS/TUT_MetaswapAnalyser/model_MetaSWAP/meteo/Precipitation/Precipitation_20050928_L1.ASC
NCOLS                30
NROWS                30
XLLCORNER     160000.00
YLLCORNER     340000.00
CELLSIZE        1000.00
NODATA_VALUE   -9999.00
   4.438820       4.388880       4.334880       4.278870       4.224010       4.180430       4.146590       4.112650       4.075890       4.057860       4.064530       4.076640       4.090360       4.100670       4.112790       4.133430       4.138860       4.161920       4.191380       4.224960       4.261400       4.288030       4.324690       4.369130       4.401040       4.430220       4.456510       4.480390       4.503280       4.527700    
   4.416700       4.371220       4.319160       4.269440       4.218610       4.174720       4.133370       4.089090       4.037130       4.011030       4.033890       4.052180       4.065900       4.080900       4.092970       4.094710       4.111830       4.136400       4.161470       4.191870       4.224730       4.248460       4.280780       4.319890       4.346820       4.370620       4.391000       4.408190       4.421480       4.438690    
   4.401360       4.359970       4.315780       4.265040       4.216880       4.173690       4.130790       4.086450       4.042920       4.022910       4.028100       4.039540       4.051920       4.060390       4.069980       4.071910       4.085540       4.104500       4.128710       4.156960       4.185550       4.207050       4.245260       4.271020       4.293830       4.313120       4.326410       4.338110       4.345820       4.351990    
   4.393970       4.355950       4.315400       4.265580       4.223710       4.182040       4.140670       4.097790       4.062970       4.040540       4.036580       4.037540       4.040490       4.043480       4.046750       4.046260       4.054750       4.070400       4.092880       4.119980       4.149030       4.186420       4.202580       4.222950       4.242430       4.258240       4.270120       4.277930       4.281520       4.282000    
   4.393420       4.358070       4.308880       4.270470       4.231420       4.192370       4.154030       4.109150       4.080440       4.059640       4.039880       4.037090       4.033330       4.028520       4.024490       4.019470       4.019240       4.031400       4.053410       4.080780       4.121450       4.148590       4.161790       4.180830       4.197270       4.210060       4.219310       4.225200       4.229440       4.235500    
   4.398730       4.349350       4.314980       4.279220       4.242750       4.206270       4.161970       4.125460       4.078120       4.061920       4.048490       4.037820       4.029230       4.017970       4.008860       3.991160       3.982680       3.992680       4.017800       4.047780       4.087510       4.113760       4.125500       4.142760       4.156230       4.165500       4.172640       4.177590       4.182620       4.190700    
   4.372030       4.357050       4.324830       4.291310       4.244480       4.210810       4.177980       4.111290       4.091660       4.073140       4.057150       4.042380       4.027010       4.011260       3.999160       3.967520       3.941890       3.953380       3.987470       4.029150       4.059020       4.083490       4.102900       4.106850       4.117080       4.124170       4.128680       4.132320       4.136130       4.143210    
   4.379920       4.332510       4.320700       4.289640       4.257970       4.165300       4.143580       4.123000       4.102380       4.083580       4.066130       4.048970       4.030670       4.011320       3.999450       3.960680       3.916780       3.934100       3.977380       4.011050       4.037750       4.058370       4.073730       4.073720       4.080100       4.083480       4.085350       4.086570       4.092800       4.095670    
   4.365560       4.340400       4.313670       4.303220       4.195060       4.170920       4.151150       4.132130       4.112260       4.093540       4.075550       4.057530       4.038510       4.045480       4.013920       3.980620       3.955600       3.957680       3.980710       4.004360       4.023640       4.037980       4.047800       4.042750       4.044250       4.043820       4.042030       4.045090       4.042480       4.041950    
   4.374440       4.350690       4.325450       4.207170       4.199340       4.176610       4.160520       4.140520       4.121370       4.103000       4.085140       4.067360       4.049160       4.060410       4.034500       4.009170       3.984370       3.984370       3.993980       4.006060       4.016300       4.020780       4.023940       4.024100       4.009310       4.004200       4.003700       3.996560       3.990130       3.985420    
   4.373920       4.350190       4.273070       4.208950       4.188690       4.186150       4.167240       4.148100       4.129580       4.111700       4.094320       4.077290       4.105680       4.073160       4.030980       4.017320       4.008580       4.005140       4.006090       4.008330       4.009480       4.008490       4.005120       3.999580       3.998590       3.972160       3.960810       3.949280       3.938330       3.926550    
   4.373380       4.301530       4.208950       4.196370       4.191650       4.175870       4.159160       4.154720       4.136710       4.119260       4.096320       4.080890       4.112170       4.054570       4.045000       4.033410       4.024900       4.018460       4.012950       4.007030       3.999870       3.991180       3.986060       3.974640       3.961750       3.933670       3.917810       3.901850       3.886330       3.871790    
   4.319820       4.208950       4.198870       4.193930       4.196210       4.179550       4.162780       4.146310       4.124120       4.117340       4.101650       4.090960       4.075700       4.061870       4.053580       4.042320       4.032940       4.024340       4.013460       4.001760       3.989570       3.974750       3.958720       3.941580       3.923450       3.904580       3.870320       3.849890       3.829820       3.810460    
   4.208950       4.199770       4.195070       4.196210       4.185890       4.181900       4.157080       4.141420       4.126120       4.096300       4.083840       4.093840       4.078520       4.064510       4.051980       4.043850       4.032380       4.021590       4.008100       3.990110       3.970580       3.949980       3.925370       3.902600       3.879270       3.855580       3.818600       3.794000       3.769890       3.746440    
   4.200140       4.195640       4.196210       4.188000       4.181900       4.156700       4.131130       4.117840       4.104720       4.091870       4.088300       4.074680       4.061820       4.049800       4.038660       4.037470       4.023820       4.010050       3.992930       3.970030       3.943700       3.917830       3.891210       3.863990       3.836360       3.808530       3.780740       3.740250       3.712730       3.691780    
   4.195920       4.196210       4.188700       4.181900       4.156580       4.131130       4.124490       4.117900       4.103080       4.097880       4.083090       4.068730       4.054830       4.041380       4.028710       4.015270       3.999420       3.984720       3.966520       3.944050       3.919030       3.886920       3.857410       3.827100       3.796270       3.765220       3.734260       3.703680       3.661160       3.632150    
   4.196210       4.188940       4.181900       4.156540       4.131130       4.127810       4.124500       4.110830       4.097880       4.090480       4.067560       4.060180       4.046110       4.030140       4.001290       3.987610       3.976620       3.957710       3.936030       3.911220       3.883720       3.854110       3.822900       3.783460       3.749210       3.714790       3.680640       3.647230       3.615040       3.574330    
   4.189020       4.181900       4.156520       4.131130       4.129470       4.127810       4.115260       4.097880       4.094180       4.065590       4.044060       4.027940       4.013660       3.997630       3.981990       3.965380       3.951300       3.928850       3.903940       3.876340       3.846170       3.813780       3.779600       3.744050       3.700780       3.663210       3.626100       3.590130       3.556100       3.525500    
   4.181900       4.156520       4.131130       4.130300       4.129470       4.117600       4.097880       4.096030       4.064320       4.036000       4.027940       4.020800       4.004540       3.978930       3.960770       3.941330       3.920280       3.898840       3.870850       3.840370       3.807430       3.772260       3.735190       3.696650       3.657110       3.617140       3.570810       3.532260       3.496980       3.464700    
   4.156520       4.131130       4.130710       4.130300       4.118810       4.097880       4.096960       4.063630       4.031970       4.027940       4.024370       4.008050       3.978930       3.969850       3.960340       3.940790       3.920150       3.896660       3.836310       3.803930       3.768220       3.730290       3.690430       3.649000       3.606450       3.563400       3.520880       3.480480       3.422960       3.387690    
   4.131130       4.130920       4.130710       4.119430       4.097880       4.097420       4.063270       4.029950       4.027940       4.026150       4.009820       3.978930       3.974390       3.969710       3.957000       3.940430       3.919200       3.841290       3.785750       3.767570       3.729160       3.688550       3.646000       3.602000       3.556570       3.510420       3.443780       3.399640       3.359770       3.327070    
   4.131030       4.130920       4.119740       4.097880       4.097650       4.063090       4.028950       4.027940       4.027050       4.010710       3.978930       3.976660       3.974340       3.967030       3.955710       3.938870       3.849030       3.776660       3.767570       3.729220       3.690920       3.647780       3.602730       3.556000       3.488550       3.445690       3.394540       3.345290       3.300100       3.259250    
   4.131030       4.119890       4.097880       4.097760       4.063000       4.028440       4.027940       4.027490       4.011160       3.978930       3.977800       3.976640       3.972680       3.965690       3.953870       3.840240       3.772110       3.767570       3.696230       3.666030       3.635740       3.620860       3.560750       3.506770       3.452320       3.398100       3.343500       3.289690       3.238470       3.193760    
   4.119970       4.097880       4.097820       4.062960       4.028190       4.027940       4.027720       4.011380       3.978930       3.978360       3.977790       3.975710       3.971670       3.887440       3.790640       3.686050       3.685480       3.660200       3.631100       3.622100       3.641130       3.578020       3.522700       3.466920       3.410920       3.354560       3.297590       3.239970       3.182370       3.126660    
   4.097880       4.097850       4.062930       4.028070       4.027940       4.027830       4.011490       3.978930       3.978650       3.978360       3.977290       3.975060       3.829760       3.657140       3.657510       3.640480       3.600550       3.603400       3.602720       3.605180       3.603060       3.546100       3.486690       3.429780       3.373250       3.316770       3.259560       3.200600       3.138100       3.074020    
   4.097870       4.062920       4.028000       4.027940       4.027880       4.011550       3.978930       3.978790       3.978650       3.978100       3.874310       3.720420       3.677970       3.656830       3.656780       3.657510       3.618400       3.597690       3.603400       3.580220       3.571360       3.513240       3.455570       3.395740       3.340000       3.285530       3.231180       3.174580       3.115330       3.051310    
   4.062920       4.027970       4.027940       4.027910       4.011580       3.978930       3.978860       3.978790       3.978510       3.854380       3.720420       3.720420       3.720420       3.677500       3.656200       3.656040       3.657510       3.614980       3.591990       3.603400       3.543060       3.482760       3.423600       3.366910       3.310720       3.260610       3.212290       3.164390       3.115280       3.065450    
   4.027960       4.027940       4.027930       4.011590       3.978930       3.978890       3.978860       3.951920       3.862410       3.720440       3.720420       3.720420       3.720420       3.720420       3.676610       3.655060       3.654580       3.657510       3.607040       3.580580       3.517810       3.455120       3.394020       3.336900       3.286670       3.240720       3.202420       3.166850       3.132890       3.102800    
   4.027940       4.027930       4.011600       3.978930       3.978910       3.995960       4.021500       3.946500       3.871510       3.770850       3.720490       3.720420       3.720420       3.720420       3.720420       3.674910       3.653080       3.651650       3.657510       3.586660       3.515600       3.445040       3.378770       3.309180       3.260410       3.225860       3.199260       3.178580       3.161040       3.149260    
   4.027940       4.011600       3.978930       3.978920       3.999450       4.021610       4.021610       4.021500       3.946500       3.871510       3.770980       3.720630       3.720420       3.720420       3.720420       3.720420       3.671550       3.650080       3.645780       3.572900       3.504800       3.430210       3.356670       3.287330       3.234560       3.210970       3.200800       3.198130       3.195230       3.198520    
