iMOD/TUTORIALS/TUT_MetaswapAnalyser/model_MetaSWAP/meteo/Precipitation/Precipitation_20061122_L1.ASC
NCOLS                30
NROWS                30
XLLCORNER     160000.00
YLLCORNER     340000.00
CELLSIZE        1000.00
NODATA_VALUE   -9999.00
   6.652990       6.541900       6.430620       6.323330       6.230910       6.163560       6.129470       6.112810       6.101580       6.090280       6.078130       6.064750       6.048010       6.029540       6.010690       6.000330       5.979270       5.948840       5.917710       5.882580       5.843320       5.799860       5.752450       5.712300       5.656750       5.598930       5.540230       5.482950       5.431140       5.395960    
   6.627920       6.526120       6.435290       6.341840       6.262070       6.199420       6.157670       6.130540       6.110410       6.092200       6.073380       6.053550       6.033620       6.018510       5.996340       5.974040       5.947360       5.910650       5.874600       5.838280       5.798490       5.755170       5.707970       5.667100       5.611670       5.553370       5.493030       5.432210       5.400410       5.352930    
   6.613080       6.520710       6.431230       6.348530       6.288980       6.228970       6.183260       6.148720       6.120960       6.095470       6.071100       6.046860       6.027340       6.001360       5.971670       5.943380       5.912710       5.880540       5.846570       5.810230       5.767400       5.724480       5.688560       5.637120       5.582040       5.523560       5.491140       5.421660       5.354570       5.283630    
   6.604160       6.519950       6.438950       6.360860       6.293600       6.236980       6.191070       6.165870       6.132260       6.101590       6.071680       6.043650       6.017820       5.986420       5.954240       5.921570       5.887860       5.853980       5.819560       5.783600       5.745070       5.711420       5.664890       5.647630       5.591830       5.531660       5.467420       5.399480       5.332280       5.258000    
   6.599420       6.522000       6.440900       6.371300       6.308510       6.253640       6.206700       6.166850       6.132320       6.101020       6.075810       6.046900       6.016640       5.984180       5.939790       5.902430       5.881880       5.849660       5.818540       5.786300       5.766500       5.727160       5.680920       5.627470       5.574550       5.518070       5.458810       5.403730       5.343030       5.293280    
   6.597640       6.513040       6.444440       6.379910       6.320660       6.267390       6.220460       6.178690       6.137060       6.110980       6.078060       6.045020       6.010010       5.973510       5.933520       5.893680       5.855410       5.822860       5.794300       5.764850       5.745500       5.708660       5.665080       5.619150       5.569750       5.514520       5.462120       5.416660       5.370020       5.336940    
   6.567250       6.511010       6.447380       6.387000       6.331090       6.279780       6.232870       6.183540       6.154790       6.118140       6.082330       6.046150       6.008460       5.967790       5.922440       5.876490       5.830840       5.799990       5.776980       5.761390       5.731950       5.697300       5.658110       5.613200       5.567740       5.521200       5.482310       5.438840       5.400800       5.377590    
   6.545520       6.499880       6.450630       6.394180       6.340840       6.279770       6.234990       6.204320       6.164550       6.126290       6.088600       6.050420       6.010730       5.968950       5.919760       5.871000       5.817460       5.790540       5.777180       5.754680       5.726210       5.692690       5.655150       5.612700       5.570750       5.536580       5.496160       5.460310       5.427650       5.412080    
   6.540690       6.498740       6.444150       6.400870       6.335170       6.287770       6.243740       6.214670       6.174440       6.135380       6.096730       6.057670       6.017380       5.971010       5.926610       5.881480       5.838040       5.805830       5.782810       5.757460       5.727690       5.693840       5.656890       5.615990       5.584460       5.545970       5.510500       5.474710       5.453370       5.441790    
   6.537230       6.497820       6.446340       6.382060       6.340900       6.294950       6.266230       6.224620       6.184440       6.145220       6.106390       6.067350       6.027550       5.980610       5.941020       5.899340       5.854790       5.824980       5.797090       5.767800       5.735480       5.699180       5.661710       5.623460       5.590980       5.555130       5.517080       5.491620       5.473750       5.464890    
   6.542860       6.493800       6.427640       6.384320       6.339130       6.325710       6.275100       6.234210       6.194480       6.155560       6.117080       6.078640       6.030980       6.041170       5.972620       5.928750       5.886040       5.844980       5.804610       5.763800       5.722030       5.679610       5.637380       5.602750       5.557770       5.521160       5.492100       5.469980       5.456120       5.480700    
   6.543400       6.462150       6.384320       6.359290       6.342860       6.325950       6.276940       6.243430       6.204380       6.166060       6.215530       6.165780       6.114660       6.035370       5.994250       5.951580       5.908670       5.866680       5.823250       5.778350       5.732460       5.686550       5.642040       5.599270       5.559900       5.523580       5.494800       5.473390       5.460500       5.457000    
   6.496310       6.384320       6.367830       6.356860       6.370860       6.322720       6.283830       6.245800       6.337120       6.290450       6.240590       6.137370       6.097580       6.056860       6.016350       5.974180       5.931400       5.887100       5.841970       5.791480       5.743350       5.693550       5.645420       5.600100       5.558780       5.522690       5.491330       5.469400       5.456360       5.453090    
   6.384320       6.371720       6.363860       6.370860       6.340460       6.327810       6.460510       6.411840       6.362990       6.313850       6.264480       6.159650       6.119680       6.078790       6.037210       5.995810       5.952050       5.907980       5.858180       5.806910       5.751990       5.698080       5.629370       5.578140       5.531930       5.491950       5.458480       5.434740       5.420950       5.418090    
   6.373560       6.367360       6.370860       6.346380       6.327810       6.421670       6.476690       6.429300       6.381540       6.333320       6.214190       6.176320       6.137170       6.096850       6.055480       6.014580       5.971040       5.926860       5.875660       5.807130       5.745940       5.684200       5.625400       5.570570       5.520840       5.477480       5.441820       5.414110       5.397840       5.397200    
   6.369110       6.370860       6.348350       6.327810       6.408720       6.476690       6.452990       6.429180       6.355260       6.276860       6.239820       6.201220       6.161060       6.119380       6.075600       6.030930       5.973580       5.927720       5.873180       5.808830       5.742310       5.681330       5.619390       5.561000       5.507420       5.460020       5.420250       5.389610       5.368300       5.360160    
   6.370860       6.349010       6.327810       6.404410       6.476690       6.464840       6.452950       6.378570       6.276860       6.258340       6.235900       6.227500       6.185500       6.141830       6.071980       6.027460       5.980480       5.928410       5.870040       5.805480       5.737720       5.669510       5.602750       5.544990       5.486430       5.433680       5.388370       5.352200       5.326860       5.311740    
   6.349230       6.327810       6.402970       6.476690       6.470770       6.464830       6.393310       6.276860       6.267600       6.247200       6.230790       6.234090       6.194510       6.133160       6.088040       6.039890       5.988340       5.931540       5.869560       5.802760       5.732710       5.661380       5.590550       5.521840       5.462780       5.403660       5.351540       5.308380       5.276200       5.255950    
   6.327810       6.402490       6.476690       6.473730       6.470760       6.401440       6.276860       6.272230       6.251640       6.232440       6.234090       6.214300       6.178960       6.154070       6.106190       6.054650       5.999020       5.938300       5.872700       5.802740       5.729460       5.654290       5.578770       5.504440       5.432930       5.365960       5.311300       5.259630       5.218030       5.194140    
   6.402330       6.476690       6.475210       6.473730       6.405700       6.276860       6.274550       6.253620       6.233270       6.234090       6.224200       6.195350       6.154070       6.130130       6.104970       6.053290       5.997320       5.936670       5.847340       5.806800       5.729660       5.650060       5.569290       5.488750       5.409950       5.334620       5.268620       5.206080       5.169660       5.133900    
   6.476690       6.475950       6.475210       6.407870       6.276860       6.275700       6.254560       6.233680       6.234090       6.229140       6.201930       6.154070       6.142100       6.129720       6.096130       6.051860       5.995760       5.881800       5.811490       5.816170       5.734860       5.650480       5.564110       5.480830       5.394140       5.309580       5.245240       5.170770       5.105730       5.054410    
   6.476320       6.475950       6.408970       6.276860       6.276280       6.255020       6.233880       6.234090       6.231620       6.204810       6.154070       6.148080       6.141960       6.122650       6.092570       6.047920       5.911880       5.813830       5.816170       5.767330       5.750950       5.661440       5.569180       5.475170       5.396580       5.304590       5.212210       5.124140       5.043950       4.976390    
   6.476320       6.409530       6.276860       6.276570       6.255250       6.233990       6.234090       6.232850       6.206150       6.154070       6.151080       6.148040       6.137570       6.119060       6.087710       5.962790       5.815000       5.816170       5.798260       5.777420       5.722660       5.677050       5.597420       5.497000       5.394540       5.290580       5.186900       5.084850       4.987670       4.901590    
   6.409800       6.276860       6.276720       6.255360       6.234040       6.234090       6.233470       6.206790       6.154070       6.152570       6.151060       6.145560       6.134890       6.169080       6.097550       5.949470       5.946560       5.889010       5.822730       5.832110       5.803890       5.719950       5.617040       5.510670       5.401520       5.290000       5.176440       5.061410       4.946650       4.837770    
   6.276860       6.276790       6.255420       6.234060       6.234090       6.233780       6.207110       6.154070       6.153320       6.152570       6.149730       6.143840       6.224710       6.335320       6.331960       6.134310       6.086870       6.076950       5.930940       5.858650       5.860330       5.758900       5.648360       5.537330       5.423270       5.306330       5.186120       5.061940       4.933880       4.801520    
   6.276820       6.255450       6.234080       6.234090       6.233940       6.207260       6.154070       6.153700       6.153320       6.151870       6.389350       6.750310       6.476450       6.338720       6.338670       6.331960       6.171870       6.096780       6.076950       5.956050       5.911720       5.806140       5.695650       5.578100       5.461310       5.342350       5.220390       5.094410       4.961730       4.821520    
   6.255460       6.234080       6.234090       6.234010       6.207340       6.154070       6.153880       6.153700       6.152960       6.439030       6.750310       6.750310       6.750310       6.481480       6.345510       6.345390       6.331960       6.181790       6.116620       6.076950       5.975210       5.866610       5.752940       5.636490       5.516350       5.399190       5.281520       5.160850       5.036440       4.910310    
   6.234090       6.234090       6.234050       6.207380       6.154070       6.153980       6.153880       6.486140       6.662740       6.750730       6.750310       6.750310       6.750310       6.750310       6.491410       6.359190       6.358820       6.331960       6.201640       6.156280       6.052960       5.941690       5.824810       5.706140       5.589960       5.476310       5.367860       5.259580       5.151320       5.047870    
   6.234090       6.234070       6.207400       6.154070       6.154020       6.720060       7.569100       7.526570       7.484030       6.996020       6.751560       6.750310       6.750310       6.750310       6.750310       6.510750       6.386790       6.385670       6.331960       6.241370       6.139930       6.028480       5.908240       5.789750       5.675220       5.573420       5.477830       5.385880       5.295640       5.212350    
   6.234080       6.207410       6.154070       6.154050       6.833420       7.569290       7.569290       7.569100       7.526580       7.484030       6.998170       6.754060       6.750310       6.750310       6.750310       6.750310       6.547080       6.442750       6.439380       6.351990       6.249270       6.138180       6.016100       5.888180       5.772420       5.687410       5.613670       5.537150       5.462100       5.393420    
