iMOD/TUTORIALS/TUT_MetaswapAnalyser/model_MetaSWAP/meteo/Precipitation/Precipitation_20060811_L1.ASC
NCOLS                30
NROWS                30
XLLCORNER     160000.00
YLLCORNER     340000.00
CELLSIZE        1000.00
NODATA_VALUE   -9999.00
   5.163960       5.092040       4.995680       4.873960       4.726940       4.552280       4.338060       4.079530       3.830180       3.852510       4.216350       4.662470       5.105430       5.518980       5.879920       6.181370       6.399520       6.646160       6.821190       6.951640       7.039910       7.031210       7.038190       7.033290       6.972830       6.883730       6.768400       6.629950       6.473290       6.304540    
   5.143070       5.065960       4.930110       4.801290       4.642690       4.444680       4.194380       3.876260       3.481400       3.438490       4.002210       4.523410       4.994590       5.419400       5.793370       6.076900       6.346840       6.580860       6.781520       6.909790       6.992600       6.980940       6.976550       6.955820       6.878110       6.768710       6.629880       6.464290       6.220040       6.030510    
   5.128830       5.051390       4.948630       4.821320       4.620520       4.427280       4.193070       3.923210       3.677870       3.716240       4.092850       4.552900       4.994950       5.412720       5.785290       6.077540       6.344350       6.560620       6.726550       6.843420       6.944630       6.924900       6.929130       6.870320       6.775610       6.647290       6.424480       6.246350       6.039550       5.815680    
   5.142290       5.068560       4.971930       4.856270       4.709960       4.538390       4.347780       4.132160       4.024940       4.087870       4.356330       4.716990       5.099350       5.480670       5.827460       6.113100       6.365510       6.569220       6.723000       6.827160       6.883360       6.948570       6.866560       6.720500       6.613420       6.474210       6.304860       6.106970       5.879810       5.631330    
   5.181670       5.115100       5.037380       4.932630       4.810720       4.676450       4.541820       4.412830       4.379930       4.458700       4.649630       4.941110       5.259620       5.585560       5.914320       6.186270       6.377230       6.554440       6.683710       6.764730       6.822890       6.813440       6.718380       6.660140       6.534980       6.377990       6.191740       5.976050       5.742170       5.496300    
   5.243950       5.198600       5.126330       5.041140       4.946630       4.849800       4.746250       4.680170       4.687510       4.770690       4.943340       5.181000       5.460340       5.746790       6.036520       6.269570       6.467440       6.623000       6.731600       6.791890       6.826620       6.797400       6.685240       6.576050       6.434170       6.285330       6.083610       5.855590       5.613810       5.364450    
   5.372140       5.294650       5.237200       5.172090       5.078910       5.015330       4.967410       4.926740       4.958550       5.056680       5.214360       5.421740       5.661350       5.914390       6.195710       6.400110       6.572270       6.704770       6.790140       6.843180       6.835750       6.784980       6.694630       6.524630       6.363980       6.174980       5.956880       5.722980       5.485990       5.227530    
   5.471410       5.400890       5.328640       5.282700       5.238210       5.114520       5.136490       5.148360       5.206980       5.309960       5.457850       5.644240       5.857310       6.075980       6.348330       6.531310       6.684690       6.793200       6.862020       6.876890       6.845820       6.772860       6.661880       6.472840       6.293780       6.083090       5.854130       5.605920       5.349500       5.077730    
   5.541010       5.516090       5.484910       5.424670       5.285640       5.279090       5.326760       5.356020       5.426530       5.531930       5.672150       5.842610       6.034800       6.311420       6.495100       6.655600       6.787450       6.876430       6.914450       6.905470       6.851680       6.757500       6.626920       6.419590       6.218460       5.996690       5.752480       5.496950       5.218770       4.933140    
   5.655310       5.637860       5.618590       5.447150       5.423890       5.433570       5.488640       5.540720       5.618340       5.723860       5.856860       6.013790       6.188110       6.474360       6.613770       6.758840       6.856240       6.932450       6.957710       6.933100       6.863370       6.735570       6.587760       6.408440       6.148120       5.911850       5.661430       5.383210       5.090830       4.789970    
   5.656020       5.637250       5.567990       5.568360       5.576730       5.572030       5.642870       5.702720       5.783680       5.887130       6.012410       6.156530       6.468090       6.786490       6.817630       6.899800       6.954740       6.968880       6.940400       6.870430       6.763330       6.623540       6.454490       6.254480       6.043890       5.731990       5.464870       5.180580       4.882550       4.652980    
   5.655550       5.607400       5.568360       5.663890       5.700130       5.723680       5.799090       5.842800       5.924050       6.023380       6.480170       6.570410       6.863850       6.864540       6.912290       6.965540       6.993760       6.983980       6.935600       6.849670       6.729390       6.578160       6.402980       6.197820       5.968140       5.666550       5.390240       5.095440       4.784740       4.461780    
   5.625960       5.568360       5.699460       5.755230       5.810340       5.870580       5.919990       5.982480       6.531990       6.571660       6.637260       6.882460       6.925100       6.967050       6.983920       7.007310       7.006440       6.975650       6.906250       6.811240       6.684060       6.527490       6.342980       6.132430       5.897450       5.639400       5.308950       5.006960       4.686920       4.351120    
   5.568360       5.715240       5.782790       5.810340       5.884970       5.974000       6.632850       6.660890       6.696870       6.722020       6.773370       7.014760       7.034780       7.050800       7.056180       7.030360       6.997860       6.936560       6.857560       6.753400       6.626540       6.469020       6.226050       6.006180       5.764530       5.502260       5.177020       4.874350       4.553710       4.215790    
   5.722620       5.796560       5.810340       5.889770       5.974000       6.458620       6.769000       6.795000       6.825840       6.860640       7.151420       7.148210       7.143290       7.131710       7.107540       7.043660       6.981360       6.883810       6.781550       6.676150       6.527700       6.358050       6.162620       5.944210       5.704690       5.445150       5.166100       4.825880       4.507880       4.160880    
   5.803450       5.810340       5.891370       5.974000       6.400540       6.769000       6.782000       6.796610       6.943780       7.293650       7.274040       7.253560       7.228640       7.194930       7.147360       7.079530       6.958420       6.851370       6.735130       6.615050       6.472360       6.289610       6.094130       5.877920       5.642660       5.389280       5.118100       4.828950       4.483200       4.158300    
   5.810340       5.891900       5.974000       6.381180       6.769000       6.775500       6.782540       6.954010       7.293650       7.283840       7.326480       7.350690       7.309480       7.254140       7.158070       7.069460       6.949500       6.834170       6.707380       6.570540       6.417880       6.246030       6.055090       5.828110       5.600470       5.357430       5.099120       4.825270       4.535420       4.200330    
   5.892080       5.974000       6.374730       6.769000       6.772250       6.775680       6.951430       7.293650       7.288750       7.354010       7.405590       7.460480       7.395860       7.276080       7.185080       7.079190       6.945050       6.818880       6.680730       6.531460       6.369570       6.193670       6.003670       5.800260       5.566780       5.337090       5.095700       4.842310       4.576720       4.302630    
   5.974000       6.372580       6.769000       6.770630       6.772310       6.948250       7.293650       7.291200       7.365980       7.433030       7.460480       7.428170       7.363490       7.321530       7.213500       7.091610       6.955510       6.804400       6.654460       6.494270       6.324210       6.144480       5.955630       5.758410       5.553380       5.340690       5.103640       4.874830       4.641570       4.406340    
   6.371860       6.769000       6.769810       6.770650       6.946210       7.293650       7.292420       7.371610       7.446760       7.460480       7.444330       7.393420       7.321530       7.267520       7.208880       7.086870       6.950510       6.804790       6.566170       6.457450       6.279320       6.095670       5.907950       5.717360       5.524560       5.329570       5.145200       4.950560       4.695590       4.479020    
   6.769000       6.769410       6.769820       6.945080       7.293650       7.293040       7.374360       7.453620       7.460480       7.452400       7.404940       7.321530       7.294520       7.265970       7.187760       7.082090       6.947390       6.636130       6.438870       6.420290       6.233130       6.044650       5.857390       5.686210       5.506270       5.330250       5.106030       4.936860       4.770340       4.607520    
   6.769200       6.769410       6.944490       7.293650       7.293340       7.375710       7.457050       7.460480       7.456440       7.409840       7.321530       7.308030       7.294010       7.249420       7.178610       7.072410       6.703090       6.429580       6.420290       6.283520       6.197140       6.001510       5.812940       5.634360       5.414030       5.243530       5.101190       4.966360       4.837430       4.721120    
   6.769200       6.944190       7.293650       7.293500       7.376390       7.458770       7.460480       7.458460       7.412070       7.321530       7.314780       7.307860       7.283820       7.240680       7.166810       6.732550       6.424930       6.420290       6.202130       6.120840       5.990380       5.922800       5.668020       5.495780       5.343340       5.209090       5.096990       4.997550       4.906730       4.823050    
   6.944040       7.293650       7.293570       7.376730       7.459620       7.460480       7.459470       7.413140       7.321530       7.318150       7.314720       7.302150       7.277450       7.060000       6.715630       6.287310       6.283680       6.157700       6.015690       5.983890       6.044530       5.785900       5.573480       5.407890       5.272520       5.167520       5.088580       5.028260       4.978440       4.913250    
   7.293650       7.293610       7.376900       7.460050       7.460480       7.459980       7.413650       7.321530       7.319840       7.318140       7.311680       7.298110       6.951610       6.555400       6.548680       6.317720       6.153320       6.147080       6.003290       5.942340       5.923250       5.670390       5.481660       5.313580       5.189850       5.111250       5.071130       5.057350       5.037930       5.039540    
   7.293630       7.376980       7.460270       7.460480       7.460230       7.413910       7.321530       7.320690       7.319840       7.316550       7.548350       7.906920       7.012260       6.563050       6.562120       6.548680       6.285210       6.159570       6.147080       5.939830       5.859250       5.594360       5.361690       5.200160       5.085490       5.036990       5.044430       5.074570       5.134750       5.194230    
   7.377020       7.460370       7.460480       7.460350       7.414040       7.321530       7.321110       7.320680       7.319020       7.599720       7.906920       7.906920       7.906920       7.023680       6.578340       6.575550       6.548680       6.285510       6.172060       6.147080       5.829740       5.523580       5.253490       5.049260       4.954380       4.941740       5.001370       5.117170       5.254220       5.389980    
   7.460430       7.460480       7.460420       7.414100       7.321530       7.321320       7.321110       8.135450       8.255240       7.908480       7.906920       7.906920       7.906920       7.906920       7.047340       6.610790       6.602420       6.548680       6.274240       6.197030       5.834430       5.472990       5.144360       4.895720       4.782640       4.822370       4.968030       5.177730       5.406120       5.627320    
   7.460480       7.460450       7.414130       7.321530       7.321420       8.708050       10.78790       10.68450       10.58100       8.802510       7.911590       7.906920       7.906920       7.906920       7.906920       7.096100       6.681280       6.656170       6.548680       6.204180       5.822310       5.417650       5.052070       4.742300       4.585480       4.679220       4.954440       5.281060       5.609380       5.914620    
   7.460460       7.414150       7.321530       7.321480       8.985760       10.78840       10.78840       10.78790       10.68450       10.58100       8.810550       7.920930       7.906920       7.906920       7.906920       7.906920       7.193800       6.838990       6.763660       6.402620       6.058880       5.568660       5.050920       4.567600       4.336380       4.578590       5.027530       5.470680       5.896680       6.273270    
