iMOD/TUTORIALS/TUT_MetaswapAnalyser/model_MetaSWAP/meteo/Precipitation/Precipitation_20061212_L1.ASC
NCOLS                30
NROWS                30
XLLCORNER     160000.00
YLLCORNER     340000.00
CELLSIZE        1000.00
NODATA_VALUE   -9999.00
   2.745450       2.760560       2.775730       2.787610       2.788580       2.758670       2.694380       2.610350       2.522730       2.457380       2.420050       2.391250       2.361550       2.335810       2.310060       2.290310       2.269240       2.245530       2.223720       2.203140       2.183790       2.176480       2.160220       2.147810       2.132340       2.117040       2.101600       2.085810       2.069540       2.051140    
   2.724270       2.732430       2.738940       2.737820       2.724320       2.688300       2.628870       2.550460       2.459340       2.394110       2.376330       2.353950       2.330850       2.311340       2.287530       2.265810       2.241920       2.217980       2.194160       2.171980       2.150840       2.140440       2.122180       2.107540       2.090220       2.073130       2.055980       2.038510       2.022030       2.002230    
   2.696220       2.697520       2.694480       2.684560       2.663410       2.624920       2.569990       2.501630       2.429100       2.375420       2.346210       2.323380       2.303170       2.280900       2.257340       2.234950       2.210580       2.186050       2.161740       2.138040       2.114350       2.101380       2.084390       2.064880       2.045930       2.027290       2.010210       1.990950       1.969560       1.949740    
   2.663900       2.659150       2.649460       2.631740       2.604680       2.566340       2.516930       2.461340       2.404630       2.356960       2.322960       2.296000       2.272100       2.248700       2.224650       2.201140       2.176020       2.150310       2.124480       2.099090       2.074600       2.053450       2.039820       2.020680       2.000330       1.980320       1.960340       1.940100       1.918070       1.897260    
   2.629380       2.619600       2.602500       2.581180       2.552150       2.514860       2.470160       2.420940       2.373630       2.331220       2.294180       2.265710       2.239280       2.214210       2.188850       2.163890       2.138350       2.111300       2.083790       2.056670       2.034130       2.009360       1.994820       1.971150       1.949900       1.929100       1.908490       1.886120       1.865950       1.846090    
   2.594060       2.575170       2.556890       2.533070       2.503090       2.466980       2.425320       2.381940       2.330100       2.295080       2.260960       2.230430       2.202600       2.175650       2.148700       2.123000       2.096150       2.067430       2.037800       2.008790       1.984300       1.958460       1.942500       1.919900       1.898080       1.875550       1.854690       1.832350       1.812410       1.793070    
   2.548360       2.533550       2.512770       2.487240       2.455800       2.421450       2.383020       2.327490       2.293550       2.257080       2.222770       2.190800       2.160770       2.132360       2.103330       2.076950       2.049880       2.019030       1.986760       1.958370       1.930000       1.903560       1.878850       1.864100       1.842220       1.820900       1.797930       1.777590       1.757020       1.737830    
   2.510680       2.490450       2.469730       2.443760       2.413530       2.343750       2.318690       2.287550       2.251300       2.215340       2.180420       2.146870       2.114690       2.083730       2.051730       2.024030       1.997140       1.963780       1.930900       1.899800       1.871180       1.844830       1.820360       1.805740       1.784260       1.761090       1.740640       1.720470       1.701200       1.681710    
   2.473930       2.454390       2.430810       2.404580       2.327580       2.296880       2.273160       2.243140       2.207220       2.170940       2.134900       2.099430       2.064690       2.026100       1.994830       1.963710       1.932460       1.899670       1.866560       1.835970       1.808090       1.782680       1.759190       1.745370       1.722500       1.702280       1.682210       1.662890       1.642910       1.623240    
   2.441560       2.420140       2.394970       2.309800       2.282340       2.251220       2.233360       2.198460       2.162150       2.124970       2.087350       2.049570       2.011860       1.968930       1.933520       1.898570       1.862410       1.829250       1.797680       1.768930       1.743270       1.717830       1.696100       1.675390       1.662220       1.642820       1.623960       1.604060       1.584000       1.563970    
   2.440760       2.418890       2.347950       2.266900       2.237810       2.219840       2.189550       2.154090       2.116940       2.078460       2.038940       1.998600       1.949550       1.907560       1.864150       1.826680       1.789820       1.755030       1.723940       1.697330       1.674660       1.654640       1.635960       1.615810       1.598180       1.585260       1.566170       1.546420       1.526120       1.504650    
   2.439780       2.368630       2.266900       2.217330       2.195750       2.176780       2.145990       2.110620       2.072400       2.032440       1.985430       1.943270       1.891070       1.841570       1.799710       1.757140       1.715650       1.677520       1.646250       1.622430       1.603920       1.587960       1.571640       1.555750       1.538910       1.530130       1.511690       1.492100       1.471510       1.450130    
   2.383540       2.266900       2.208850       2.182310       2.168870       2.139530       2.104780       2.067750       2.020760       1.980640       1.938100       1.870240       1.828300       1.783920       1.737370       1.689000       1.640900       1.597690       1.565510       1.546780       1.533480       1.522490       1.510670       1.497220       1.481940       1.464870       1.455810       1.436200       1.415230       1.393100    
   2.266900       2.205050       2.175590       2.168870       2.136470       2.101010       2.054970       2.017920       1.978580       1.937250       1.893270       1.822450       1.778100       1.730640       1.679930       1.626120       1.570110       1.516470       1.483160       1.472980       1.468770       1.462920       1.451080       1.438980       1.424380       1.407590       1.397680       1.377910       1.356670       1.334170    
   2.203260       2.172230       2.168870       2.135450       2.101010       2.058570       2.019740       1.981850       1.941550       1.898800       1.821130       1.778580       1.732820       1.683630       1.630690       1.574060       1.512440       1.446250       1.407220       1.413260       1.413320       1.409430       1.401500       1.390090       1.375730       1.358910       1.340060       1.328050       1.306380       1.284260    
   2.170550       2.168870       2.135110       2.101010       2.059770       2.019740       2.000800       1.981050       1.911140       1.822370       1.782350       1.739350       1.693230       1.643850       1.592100       1.536210       1.476060       1.420120       1.385920       1.378410       1.375410       1.367980       1.358850       1.346570       1.331470       1.313980       1.294550       1.273610       1.259510       1.236440    
   2.168870       2.135000       2.101010       2.060170       2.019740       2.010270       2.000530       1.928840       1.822370       1.802360       1.746340       1.705030       1.660560       1.612740       1.559450       1.507190       1.455690       1.409810       1.377240       1.358980       1.347590       1.337160       1.325230       1.308240       1.291370       1.272490       1.251990       1.230320       1.207980       1.195090    
   2.134960       2.101010       2.060310       2.019740       2.015000       2.010180       1.940500       1.822370       1.812370       1.749500       1.693810       1.682600       1.637850       1.583430       1.535560       1.487590       1.441660       1.400900       1.368580       1.344930       1.326920       1.311010       1.294940       1.277580       1.255830       1.235010       1.212980       1.190260       1.167430       1.147690    
   2.101010       2.060350       2.019740       2.017370       2.014970       1.947010       1.822370       1.817370       1.751010       1.688210       1.682600       1.660230       1.616290       1.561270       1.516410       1.472120       1.430040       1.391970       1.359510       1.332690       1.310020       1.289460       1.269330       1.248580       1.226730       1.203730       1.177260       1.153070       1.131810       1.109490    
   2.060370       2.019740       2.018560       2.017360       1.950430       1.822370       1.819870       1.751750       1.685400       1.682600       1.671410       1.630100       1.561270       1.538840       1.516600       1.472860       1.431380       1.393840       1.343190       1.321280       1.295300       1.271030       1.247320       1.223310       1.198550       1.172960       1.146580       1.123700       1.098800       1.073020    
   2.019740       2.019150       2.018550       1.952180       1.822370       1.821120       1.752120       1.684000       1.682600       1.677010       1.636340       1.561270       1.550060       1.538900       1.509430       1.473610       1.432690       1.358960       1.315890       1.310490       1.282090       1.254930       1.228210       1.201060       1.173510       1.145250       1.119700       1.091130       1.063590       1.038670    
   2.019440       2.019150       1.953060       1.822370       1.821740       1.752300       1.683300       1.682600       1.679800       1.639310       1.561270       1.555660       1.550080       1.532800       1.507320       1.471910       1.377790       1.313190       1.310490       1.287500       1.269910       1.240550       1.211420       1.182000       1.152890       1.122640       1.091640       1.060310       1.029850       1.002550    
   2.019440       1.953510       1.822370       1.822060       1.752390       1.682950       1.682600       1.681200       1.640740       1.561270       1.558470       1.555670       1.546180       1.530060       1.504010       1.389920       1.311840       1.310490       1.275450       1.259510       1.240610       1.227810       1.196020       1.165120       1.133820       1.101750       1.068190       1.033720      0.9993600      0.9673000    
   1.953730       1.822370       1.822210       1.752440       1.682780       1.682600       1.681900       1.641450       1.561270       1.559870       1.558470       1.553440       1.543970       1.462220       1.372950       1.281040       1.280770       1.265310       1.247440       1.244310       1.249100       1.215660       1.182290       1.151170       1.118840       1.085010       1.049450       1.012150      0.9736000      0.9379900    
   1.822370       1.822290       1.752460       1.682690       1.682600       1.682250       1.641810       1.561270       1.560570       1.559870       1.557260       1.551960       1.419340       1.268580       1.268650       1.264040       1.250520       1.251040       1.242140       1.238510       1.239520       1.204040       1.172290       1.140500       1.107560       1.073100       1.036660      0.9977800      0.9584300      0.9139100    
   1.822330       1.752470       1.682640       1.682600       1.682430       1.641980       1.561270       1.560920       1.560570       1.559230       1.442610       1.271990       1.269620       1.268460       1.268510       1.268650       1.256220       1.250000       1.251040       1.234700       1.226920       1.196540       1.165500       1.132860       1.100190       1.066310       1.030620      0.9942800      0.9526900      0.9071400    
   1.752480       1.682620       1.682600       1.682510       1.642070       1.561270       1.561090       1.560920       1.560240       1.421280       1.271990       1.271990       1.271990       1.269430       1.268220       1.268380       1.268650       1.255180       1.248960       1.251040       1.221340       1.190940       1.159980       1.128660       1.096380       1.064380       1.032620      0.9978200      0.9604400      0.9211700    
   1.682610       1.682600       1.682560       1.642110       1.561270       1.561180       1.561090       1.486290       1.391050       1.271980       1.271990       1.271990       1.271990       1.271990       1.269000       1.267640       1.268100       1.268650       1.252060       1.246870       1.217470       1.187230       1.156470       1.125810       1.095840       1.067110       1.038850       1.009400      0.9787700      0.9486100    
   1.682600       1.682580       1.642130       1.561270       1.561230       1.436040       1.248340       1.255630       1.262920       1.268940       1.271970       1.271990       1.271990       1.271990       1.271990       1.268000       1.266170       1.267550       1.268650       1.241680       1.213540       1.184210       1.150770       1.122970       1.096420       1.072760       1.049770       1.026860       1.003550      0.9816900    
   1.682590       1.642150       1.561270       1.561250       1.411030       1.248320       1.248320       1.248340       1.255630       1.262920       1.268900       1.271920       1.271990       1.271990       1.271990       1.271990       1.265740       1.262320       1.266450       1.240710       1.205730       1.179710       1.151860       1.123110       1.097800       1.080390       1.065230       1.048720       1.031920       1.016680    
