iMOD/TUTORIALS/TUT_MetaswapAnalyser/model_MetaSWAP/meteo/Precipitation/Precipitation_20050923_L1.ASC
NCOLS                30
NROWS                30
XLLCORNER     160000.00
YLLCORNER     340000.00
CELLSIZE        1000.00
NODATA_VALUE   -9999.00
   0.000000       0.000000       0.000000       0.000000       0.000000       0.000000      0.1468100      0.2677700      0.4147300      0.4856500      0.4369900      0.3597700      0.2863300      0.2224100      0.1733000      0.1295800       0.000000       0.000000       0.000000       0.000000       0.000000       0.000000       0.000000       0.000000       0.000000       0.000000       0.000000       0.000000       0.000000       0.000000    
   0.000000       0.000000       0.000000       0.000000       0.000000      0.1347800      0.2159500      0.3523400      0.5502400      0.6379500      0.5030200      0.3920800      0.3023900      0.2216900      0.1668800       0.000000       0.000000       0.000000       0.000000       0.000000       0.000000       0.000000       0.000000       0.000000       0.000000       0.000000       0.000000       0.000000       0.000000       0.000000    
   0.000000       0.000000       0.000000       0.000000      0.1348400      0.1801600      0.2588700      0.3748800      0.5069800      0.5537100      0.4779200      0.3801600      0.2868500      0.2127600      0.1553600       0.000000       0.000000       0.000000       0.000000       0.000000       0.000000       0.000000       0.000000       0.000000       0.000000       0.000000       0.000000       0.000000       0.000000       0.000000    
   0.000000       0.000000       0.000000      0.1369300      0.1624100      0.2055200      0.2696400      0.3503800      0.4224200      0.4441300      0.4049300      0.3331800      0.2581700      0.1900100      0.1367600       0.000000       0.000000       0.000000       0.000000       0.000000       0.000000       0.000000       0.000000       0.000000       0.000000       0.000000       0.000000       0.000000       0.000000       0.000000    
   0.000000      0.1296400      0.1392300      0.1542000      0.1784900      0.2143100      0.2609500      0.3098000      0.3486200      0.3573600      0.3398600      0.2837200      0.2209500      0.1616000       0.000000       0.000000       0.000000       0.000000       0.000000       0.000000       0.000000       0.000000       0.000000       0.000000       0.000000       0.000000       0.000000       0.000000       0.000000       0.000000    
  0.1352200      0.1412700      0.1504000      0.1645500      0.1850300      0.2120700      0.2416400      0.2716400      0.3214500      0.3100300      0.2812000      0.2358300      0.1835100      0.1319600       0.000000       0.000000       0.000000       0.000000       0.000000       0.000000       0.000000       0.000000       0.000000       0.000000       0.000000       0.000000       0.000000       0.000000       0.000000       0.000000    
  0.1432800      0.1490200      0.1574800      0.1694400      0.1830300      0.2020800      0.2219300      0.2791300      0.2755400      0.2632700      0.2357100      0.1965200      0.1517000       0.000000       0.000000       0.000000       0.000000       0.000000       0.000000       0.000000       0.000000       0.000000       0.000000       0.000000       0.000000       0.000000       0.000000       0.000000       0.000000       0.000000    
  0.1501500      0.1521000      0.1592000      0.1684800      0.1797400      0.2370200      0.2536500      0.2503900      0.2451600      0.2290600      0.2022500      0.1672900      0.1283100       0.000000       0.000000       0.000000       0.000000       0.000000       0.000000       0.000000       0.000000       0.000000       0.000000       0.000000       0.000000       0.000000       0.000000       0.000000       0.000000       0.000000    
  0.1525000      0.1558400      0.1611800      0.1676900      0.2277800      0.2330800      0.2436900      0.2334000      0.2232600      0.2049400      0.1789200      0.1472700       0.000000       0.000000       0.000000       0.000000       0.000000       0.000000       0.000000       0.000000       0.000000       0.000000       0.000000       0.000000       0.000000       0.000000       0.000000       0.000000       0.000000       0.000000    
  0.1562500      0.1583800      0.1619100      0.2265900      0.2294800      0.2303300      0.2288600      0.2216100      0.2084100      0.1889000      0.1637700      0.1347800       0.000000       0.000000       0.000000       0.000000       0.000000       0.000000       0.000000       0.000000       0.000000       0.000000       0.000000       0.000000       0.000000       0.000000       0.000000       0.000000       0.000000       0.000000    
  0.1561670      0.1588470      0.1947270      0.2320300      0.2319700      0.2202600      0.2246300      0.2145100      0.1994300      0.1793600      0.1550700      0.1281100       0.000000       0.000000       0.000000       0.000000       0.000000       0.000000       0.000000       0.000000       0.000000       0.000000       0.000000       0.000000       0.000000       0.000000       0.000000       0.000000       0.000000       0.000000    
  0.1563590      0.1854430      0.2320300      0.2326820      0.2357700      0.2210700      0.2236600      0.2116500      0.1954400      0.1751600      0.1383400       0.000000       0.000000       0.000000       0.000000       0.000000       0.000000       0.000000       0.000000       0.000000       0.000000       0.000000       0.000000       0.000000       0.000000       0.000000       0.000000       0.000000       0.000000       0.000000    
  0.1819960      0.2320300      0.2322590      0.2333650      0.2309600      0.2354800      0.2258400      0.2126900      0.1737300      0.1568800      0.1374500      0.1290400       0.000000       0.000000       0.000000       0.000000       0.000000       0.000000       0.000000       0.000000       0.000000       0.000000       0.000000       0.000000       0.000000       0.000000       0.000000       0.000000       0.000000       0.000000    
  0.2320300      0.2318530      0.2321630      0.2309600      0.2360630      0.2417500      0.1993900      0.1887200      0.1751500      0.1596400      0.1408300      0.1335400       0.000000       0.000000       0.000000       0.000000       0.000000       0.000000       0.000000       0.000000       0.000000       0.000000       0.000000       0.000000       0.000000       0.000000       0.000000       0.000000       0.000000       0.000000    
  0.2316010      0.2315610      0.2309600      0.2362580      0.2417500      0.2142870      0.2017200      0.1912500      0.1782500      0.1628200      0.1647500      0.1406600       0.000000       0.000000       0.000000       0.000000       0.000000       0.000000       0.000000       0.000000       0.000000       0.000000       0.000000       0.000000       0.000000       0.000000       0.000000       0.000000       0.000000       0.000000    
  0.2312610      0.2309600      0.2363230      0.2417500      0.2192520      0.2017200      0.1964850      0.1904070      0.1825800      0.1980000      0.1760600      0.1530800      0.1295400       0.000000       0.000000       0.000000       0.000000       0.000000       0.000000       0.000000       0.000000       0.000000       0.000000       0.000000       0.000000      0.1327800      0.1389000      0.1400100      0.1376900      0.1277500    
  0.2309600      0.2363440      0.2417500      0.2209070      0.2017200      0.1991020      0.1962040      0.1918680      0.1980000      0.1870300      0.1763520      0.1699300      0.1490800       0.000000       0.000000       0.000000       0.000000       0.000000       0.000000       0.000000       0.000000       0.000000       0.000000      0.1469100      0.1642000      0.1776000      0.1860200      0.1885600      0.1846100      0.1721300    
  0.2363510      0.2417500      0.2214590      0.2017200      0.2004110      0.1990090      0.1962940      0.1980000      0.1925150      0.1846760      0.1773100      0.1846900      0.1670700      0.1544100      0.1365700       0.000000       0.000000       0.000000       0.000000       0.000000      0.1310000      0.1532300      0.1769400      0.2000600      0.2229100      0.2400000      0.2517100      0.2568500      0.2545300      0.2395900    
  0.2417500      0.2216430      0.2017200      0.2010660      0.2003800      0.1984280      0.1980000      0.1952570      0.1881760      0.1810000      0.1846900      0.1758800      0.1736350      0.1883700      0.1750200      0.1639700      0.1569100      0.1535200      0.1592100      0.1728000      0.1931300      0.2181000      0.2453600      0.2727300      0.2981700      0.3198500      0.3387600      0.3480700      0.3432900      0.3332100    
  0.2217040      0.2017200      0.2013930      0.2010550      0.1994690      0.1980000      0.1966290      0.1897940      0.1828450      0.1846900      0.1802850      0.1806440      0.1883700      0.1816950      0.1757870      0.1653000      0.1581330      0.1565470      0.2118280      0.2451400      0.2696000      0.2989100      0.3310600      0.3639200      0.3953700      0.4233800      0.4435200      0.4490600      0.4529600      0.4557200    
  0.2017200      0.2015560      0.2013890      0.1999790      0.1980000      0.1973140      0.1905760      0.1837670      0.1846900      0.1824880      0.1834970      0.1883700      0.1850330      0.1819510      0.1742610      0.1664070      0.1599930      0.2283570      0.2868050      0.3284700      0.3589500      0.3944100      0.4331000      0.4701600      0.5092100      0.5453000      0.5627700      0.5865400      0.6019300      0.6067800    
  0.2016380      0.2015550      0.2002310      0.1980000      0.1976570      0.1909620      0.1842290      0.1846900      0.1835890      0.1847610      0.1883700      0.1867010      0.1851180      0.1804150      0.1742060      0.1668870      0.2381730      0.3076380      0.3284700      0.3810270      0.4556600      0.4992400      0.5463200      0.5950000      0.6377800      0.6770600      0.7171700      0.7517200      0.7782200      0.7931600    
  0.2016380      0.2003560      0.1980000      0.1978290      0.1911540      0.1844590      0.1846900      0.1841390      0.1853520      0.1883700      0.1875360      0.1867300      0.1840780      0.1799130      0.1738360      0.3077350      0.3180540      0.3284700      0.5070130      0.5728650      0.6001360      0.6169600      0.6700300      0.7282800      0.7829800      0.8373800      0.8889000      0.9361700      0.9769200       1.006820    
  0.2004180      0.1980000      0.1979140      0.1912490      0.1845750      0.1846900      0.1844150      0.1856380      0.1883700      0.1879530      0.1875450      0.1861140      0.1835730      0.3803540      0.5296240      0.6414170      0.6413550      0.6718940      0.7091010      0.7456900      0.6900700      0.7387500      0.8115300      0.8771700      0.9431500       1.007870       1.070440       1.130450       1.187140       1.250850    
  0.1980000      0.1979570      0.1912970      0.1846320      0.1846900      0.1845520      0.1857780      0.1883700      0.1881610      0.1879560      0.1872040      0.1857440      0.5440680      0.9847320      0.9835900      0.8912520      0.9648430      0.9542400      0.8606440      0.8087470      0.8013100      0.8898800      0.9550500       1.032090       1.108240       1.181790       1.252520       1.321600       1.403880       1.472650    
  0.1979790      0.1913210      0.1846610      0.1846900      0.1846210      0.1858480      0.1883700      0.1882660      0.1881620      0.1877740      0.4634810      0.8782500      0.9499150      0.9855640      0.9858740      0.9835900      0.9752210      0.9754450      0.9542400      0.9339000      0.9348600       1.020240       1.109920       1.188030       1.273080       1.351950       1.424880       1.505970       1.575880       1.649430    
  0.1913330      0.1846760      0.1846900      0.1846560      0.1858820      0.1883700      0.1883180      0.1882660      0.1880670      0.5191830      0.8782500      0.8782500      0.8782500      0.9511130      0.9872280      0.9881590      0.9835900      0.9876110      0.9966500      0.9542400       1.045190       1.144900       1.249030       1.351090       1.433160       1.512210       1.587360       1.647080       1.702080       1.754120    
  0.1846830      0.1846900      0.1846730      0.1858990      0.1883700      0.1883440      0.1883180      0.2986300      0.5331160      0.8781430      0.8782500      0.8782500      0.8782500      0.8782500      0.9530980      0.9899350      0.9927280      0.9835900       1.015960       1.039060       1.142940       1.257970       1.378770       1.495220       1.594730       1.662570       1.715330       1.752240       1.779870       1.797890    
  0.1846900      0.1846810      0.1859080      0.1883700      0.1883570      0.3309970      0.5450100      0.5874400      0.6298700      0.7951630      0.8779290      0.8782500      0.8782500      0.8782500      0.8782500      0.9560490      0.9934870       1.001870      0.9835900       1.086960       1.206190       1.340220       1.468880       1.620690       1.734170       1.796640       1.813200       1.817860       1.813270       1.798940    
  0.1846860      0.1859120      0.1883700      0.1883630      0.3594950      0.5449420      0.5449420      0.5450100      0.5874390      0.6298700      0.7946040      0.8772870      0.8782500      0.8782500      0.8782500      0.8782500      0.9597330      0.9950070       1.020140       1.128970       1.221700       1.377620       1.550780       1.729500       1.864200       1.896150       1.877150       1.840790       1.804260       1.765260    
