iMOD/TUTORIALS/TUT_MetaswapAnalyser/model_MetaSWAP/meteo/Precipitation/Precipitation_20051103_L1.ASC
NCOLS                30
NROWS                30
XLLCORNER     160000.00
YLLCORNER     340000.00
CELLSIZE        1000.00
NODATA_VALUE   -9999.00
   0.000000       0.000000       0.000000       0.000000       0.000000       0.000000       0.000000       0.000000       0.000000       0.000000       0.000000       0.000000       0.000000       0.000000       0.000000       0.000000      0.6128000E-01  0.6358000E-01  0.6463000E-01  0.6414000E-01  0.6239000E-01  0.6163000E-01  0.5797000E-01   0.000000       0.000000       0.000000       0.000000       0.000000       0.000000       0.000000    
   0.000000       0.000000       0.000000       0.000000       0.000000       0.000000       0.000000       0.000000       0.000000       0.000000       0.000000       0.000000       0.000000       0.000000       0.000000      0.6450000E-01  0.6986000E-01  0.7553000E-01  0.7571000E-01  0.7443000E-01  0.7154000E-01  0.6944000E-01  0.6438000E-01  0.5978000E-01   0.000000       0.000000       0.000000       0.000000       0.000000       0.000000    
   0.000000       0.000000       0.000000       0.000000       0.000000       0.000000       0.000000       0.000000       0.000000       0.000000       0.000000       0.000000       0.000000       0.000000      0.6702000E-01  0.7708000E-01  0.8364000E-01  0.8692000E-01  0.8695000E-01  0.8433000E-01  0.7917000E-01  0.7568000E-01  0.7061000E-01  0.6355000E-01   0.000000       0.000000       0.000000       0.000000       0.000000       0.000000    
   0.000000       0.000000       0.000000       0.000000       0.000000       0.000000       0.000000       0.000000       0.000000       0.000000       0.000000       0.000000       0.000000      0.6602000E-01  0.7858000E-01  0.9062000E-01  0.9827000E-01  0.1012800      0.9977000E-01  0.9502000E-01  0.8851000E-01  0.8190000E-01  0.7632000E-01  0.6903000E-01  0.6060000E-01   0.000000       0.000000       0.000000       0.000000       0.000000    
   0.000000       0.000000       0.000000       0.000000       0.000000       0.000000       0.000000       0.000000       0.000000       0.000000       0.000000       0.000000      0.6233000E-01  0.7813000E-01  0.9249000E-01  0.1074400      0.1174800      0.1197700      0.1154300      0.1074200      0.9993000E-01  0.9083000E-01  0.8431000E-01  0.7470000E-01  0.6611000E-01   0.000000       0.000000       0.000000       0.000000       0.000000    
   0.000000       0.000000       0.000000       0.000000       0.000000       0.000000       0.000000       0.000000       0.000000       0.000000       0.000000      0.6186000E-01  0.7292000E-01  0.8995000E-01  0.1092400      0.1275300      0.1406700      0.1412200      0.1313400      0.1184700      0.1079200      0.9731000E-01  0.9029000E-01  0.8176000E-01  0.7366000E-01  0.6494000E-01   0.000000       0.000000       0.000000       0.000000    
   0.000000       0.000000       0.000000       0.000000       0.000000       0.000000       0.000000       0.000000       0.000000       0.000000      0.6153000E-01  0.7040000E-01  0.8257000E-01  0.9997000E-01  0.1213000      0.1459200      0.1687500      0.1644100      0.1441000      0.1271300      0.1128600      0.1017300      0.9284000E-01  0.8761000E-01  0.8093000E-01  0.7476000E-01  0.6839000E-01  0.6361000E-01  0.5990000E-01  0.6009000E-01
   0.000000       0.000000       0.000000       0.000000       0.000000       0.000000       0.000000       0.000000      0.5918000E-01  0.6267000E-01  0.6821000E-01  0.7625000E-01  0.8735000E-01  0.1059200      0.1256100      0.1514900      0.1850400      0.1719800      0.1457100      0.1263800      0.1126500      0.1028300      0.9564000E-01  0.9242000E-01  0.8798000E-01  0.8344000E-01  0.8057000E-01  0.7889000E-01  0.8007000E-01  0.8348000E-01
   0.000000       0.000000       0.000000       0.000000       0.000000       0.000000      0.6110000E-01  0.6301000E-01  0.6477000E-01  0.6783000E-01  0.7246000E-01  0.7899000E-01  0.8782000E-01  0.1064700      0.1180900      0.1350200      0.1486900      0.1454400      0.1298500      0.1161900      0.1064400      0.9999000E-01  0.9588000E-01  0.9563000E-01  0.9324000E-01  0.9261000E-01  0.9292000E-01  0.9574000E-01  0.9949000E-01  0.1061900    
   0.000000       0.000000       0.000000      0.6029000E-01  0.5870000E-01  0.5870000E-01  0.6683000E-01  0.6747000E-01  0.6886000E-01  0.7114000E-01  0.7444000E-01  0.7890000E-01  0.8462000E-01  0.9451000E-01  0.1059000      0.1107700      0.1157900      0.1129900      0.1062200      0.9992000E-01  0.9602000E-01  0.9358000E-01  0.9358000E-01  0.9473000E-01  0.9821000E-01  0.1010500      0.1061600      0.1114600      0.1188200      0.1289500    
   0.000000       0.000000      0.3083500E-01  0.6305000E-01  0.6282000E-01  0.6508000E-01  0.7053000E-01  0.7088000E-01  0.7168000E-01  0.7296000E-01  0.7470000E-01  0.7684000E-01  0.8263000E-01  0.8959000E-01  0.9581000E-01  0.9373000E-01  0.8885000E-01  0.8501000E-01  0.8203000E-01  0.8147000E-01  0.8353000E-01  0.8750000E-01  0.9262000E-01  0.9749000E-01  0.1050400      0.1131400      0.1209600      0.1301600      0.1413400      0.1514200    
   0.000000      0.2347130E-01  0.6305000E-01  0.6580500E-01  0.6527000E-01  0.6943000E-01  0.7559000E-01  0.7346000E-01  0.7357000E-01  0.7377000E-01  0.8096000E-01  0.8022000E-01  0.8278000E-01  0.8262000E-01  0.8064000E-01  0.7320000E-01  0.6551000E-01  0.5890000E-01   0.000000      0.6122000E-01  0.6841000E-01  0.7752000E-01  0.8771000E-01  0.9793000E-01  0.1083200      0.1221000      0.1338700      0.1469200      0.1619000      0.1794500    
  0.2163030E-01  0.6305000E-01  0.6740250E-01  0.6867500E-01  0.7208000E-01  0.7888000E-01  0.7824000E-01  0.7760000E-01  0.8611000E-01  0.8229000E-01  0.8036000E-01  0.8684000E-01  0.8132000E-01  0.7414000E-01  0.6818000E-01   0.000000       0.000000       0.000000       0.000000       0.000000       0.000000      0.6871000E-01  0.8309000E-01  0.9742000E-01  0.1116700      0.1261300      0.1447600      0.1613700      0.1798600      0.2009200    
  0.6305000E-01  0.6822750E-01  0.7037750E-01  0.7208000E-01  0.7747330E-01  0.8146000E-01  0.9187000E-01  0.9020000E-01  0.8817000E-01  0.8958000E-01  0.8572000E-01  0.8536000E-01  0.7783000E-01  0.6837000E-01   0.000000       0.000000       0.000000       0.000000       0.000000       0.000000       0.000000      0.6256000E-01  0.8364000E-01  0.1023000      0.1206500      0.1389900      0.1610800      0.1811400      0.2028800      0.2270600    
  0.6864660E-01  0.7122880E-01  0.7208000E-01  0.7700440E-01  0.8146000E-01  0.9291670E-01  0.1054200      0.1026500      0.9931000E-01  0.9519000E-01  0.1006900      0.9245000E-01  0.8246000E-01  0.7047000E-01   0.000000       0.000000       0.000000       0.000000       0.000000       0.000000       0.000000      0.6362000E-01  0.8515000E-01  0.1064300      0.1274200      0.1483800      0.1697300      0.1957200      0.2197700      0.2490300    
  0.7165440E-01  0.7208000E-01  0.7684810E-01  0.8146000E-01  0.9326560E-01  0.1054200      0.1040350      0.1024600      0.1020680      0.1111200      0.1037700      0.9501000E-01  0.8460000E-01  0.7241000E-01  0.6185000E-01   0.000000       0.000000       0.000000       0.000000       0.000000       0.000000      0.6996000E-01  0.9283000E-01  0.1158500      0.1387700      0.1616800      0.1849100      0.2089200      0.2383700      0.2657900    
  0.7208000E-01  0.7679600E-01  0.8146000E-01  0.9338190E-01  0.1054200      0.1047280      0.1039720      0.1049210      0.1111200      0.1074450      0.1047340      0.9978000E-01  0.9633000E-01  0.8350000E-01  0.7253000E-01   0.000000       0.000000       0.000000       0.000000       0.000000      0.6387000E-01  0.8525000E-01  0.1085000      0.1275300      0.1510200      0.1746800      0.1986600      0.2233200      0.2490800      0.2830700    
  0.7677870E-01  0.8146000E-01  0.9342060E-01  0.1054200      0.1050740      0.1047060      0.1061850      0.1111200      0.1092830      0.1088350      0.1068850      0.1139900      0.1037200      0.9808000E-01  0.8527000E-01  0.7301000E-01  0.6620000E-01  0.5994000E-01  0.6075000E-01  0.6934000E-01  0.8442000E-01  0.1038300      0.1257700      0.1489700      0.1664100      0.1899900      0.2139100      0.2383200      0.2635000      0.2921900    
  0.8146000E-01  0.9343350E-01  0.1054200      0.1052470      0.1050670      0.1067710      0.1111200      0.1102010      0.1107330      0.1104370      0.1139900      0.1088550      0.1068880      0.1117600      0.1013300      0.9191000E-01  0.8484000E-01  0.8583000E-01  0.8771000E-01  0.9571000E-01  0.1091900      0.1268200      0.1471800      0.1691400      0.1919100      0.2150300      0.2307800      0.2541900      0.2805100      0.3111300    
  0.9343780E-01  0.1054200      0.1053330      0.1052450      0.1070510      0.1111200      0.1106610      0.1116520      0.1122140      0.1139900      0.1114230      0.1103730      0.1117600      0.1065450      0.1016670      0.9269330E-01  0.8752670E-01  0.8612670E-01  0.1095520      0.1242700      0.1367800      0.1530000      0.1718800      0.1924200      0.2138400      0.2356000      0.2646000      0.2910900      0.3274100      0.3378100    
  0.1054200      0.1053770      0.1053330      0.1071870      0.1111200      0.1108900      0.1121050      0.1131020      0.1139900      0.1127060      0.1118860      0.1117600      0.1091520      0.1066570      0.1003020      0.9396220E-01  0.8878220E-01  0.1153400      0.1392550      0.1542400      0.1663000      0.1815700      0.1992100      0.2260300      0.2459400      0.2659500      0.3065000      0.3248600      0.3427100      0.3604000    
  0.1053980      0.1053760      0.1072540      0.1111200      0.1110050      0.1123300      0.1135460      0.1139900      0.1133480      0.1125860      0.1117600      0.1104560      0.1091900      0.1053700      0.1003070      0.9434870E-01  0.1198140      0.1467470      0.1542400      0.1755530      0.2061200      0.2207000      0.2373000      0.2550900      0.2903600      0.3259400      0.3412800      0.3554600      0.3686700      0.3718600    
  0.1053980      0.1072870      0.1111200      0.1110630      0.1124430      0.1137680      0.1139900      0.1136690      0.1129210      0.1117600      0.1111080      0.1104690      0.1083390      0.1049560      0.1000090      0.1513170      0.1504940      0.1542400      0.2250650      0.2485000      0.2641180      0.2749900      0.3043700      0.3191800      0.3408600      0.3569700      0.3685600      0.3783800      0.3865300      0.3937900    
  0.1073040      0.1111200      0.1110910      0.1124990      0.1138790      0.1139900      0.1138300      0.1130850      0.1117600      0.1114340      0.1111120      0.1099720      0.1079210      0.2056460      0.2635260      0.2918480      0.2916200      0.2982760      0.3064670      0.3219650      0.2908800      0.3279000      0.3530100      0.3653700      0.3770900      0.3873200      0.3954100      0.4009300      0.4037900      0.4128300    
  0.1111200      0.1111060      0.1125270      0.1139340      0.1139900      0.1139100      0.1131660      0.1117600      0.1115970      0.1114350      0.1108390      0.1096680      0.2890030      0.5101990      0.5092800      0.4237460      0.4334310      0.4290000      0.3766070      0.3489370      0.3530500      0.3754200      0.3913800      0.4025700      0.4125100      0.4203100      0.4252600      0.4268500      0.4338500      0.4255400    
  0.1111130      0.1125410      0.1139620      0.1139900      0.1139500      0.1132060      0.1117600      0.1116790      0.1115970      0.1112910      0.3349530      0.6714100      0.5648370      0.5112770      0.5111180      0.5092800      0.4606540      0.4378630      0.4290000      0.4065250      0.4028800      0.4147000      0.4268100      0.4417200      0.4505600      0.4565000      0.4589000      0.4682200      0.4604100      0.4478200    
  0.1125480      0.1139760      0.1139900      0.1139700      0.1132270      0.1117600      0.1117190      0.1116790      0.1115220      0.3801320      0.6714100      0.6714100      0.6714100      0.5664640      0.5134320      0.5129560      0.5092800      0.4664720      0.4467250      0.4290000      0.4411700      0.4544200      0.4677000      0.4796100      0.4916300      0.4963100      0.5088600      0.5036300      0.4946900      0.4826200    
  0.1139830      0.1139900      0.1139800      0.1132370      0.1117600      0.1117400      0.1117190      0.2808550      0.4623210      0.6714760      0.6714100      0.6714100      0.6714100      0.6714100      0.5698950      0.5180600      0.5166330      0.5092800      0.4808820      0.4644500      0.4787400      0.4942900      0.5099000      0.5237100      0.5487300      0.5522200      0.5497100      0.5436500      0.5350700      0.5254700    
  0.1139900      0.1139850      0.1132420      0.1117600      0.1117500      0.4033530      0.8407600      0.8146300      0.7885000      0.7106190      0.6716070      0.6714100      0.6714100      0.6714100      0.6714100      0.5771540      0.5282680      0.5239850      0.5092800      0.5208000      0.5344600      0.5498000      0.5860400      0.5861100      0.5942300      0.5957900      0.5932200      0.5865300      0.5786300      0.5711700    
  0.1139870      0.1132440      0.1117600      0.1117550      0.4616990      0.8407880      0.8407880      0.8407600      0.8146290      0.7885000      0.7109570      0.6720020      0.6714100      0.6714100      0.6714100      0.6714100      0.5923040      0.5515400      0.5386900      0.5519600      0.5982800      0.6103400      0.6239600      0.6376900      0.6469300      0.6467000      0.6414700      0.6287100      0.6228200      0.6169300    
