iMOD/TUTORIALS/TUT_MetaswapAnalyser/model_MetaSWAP/meteo/Precipitation/Precipitation_20050513_L1.ASC
NCOLS                30
NROWS                30
XLLCORNER     160000.00
YLLCORNER     340000.00
CELLSIZE        1000.00
NODATA_VALUE   -9999.00
  0.4878000E-01  0.5486000E-01  0.6036000E-01  0.6409000E-01  0.6398000E-01  0.5461000E-01   0.000000       0.000000       0.000000       0.000000       0.000000       0.000000       0.000000       0.000000       0.000000       0.000000       0.000000       0.000000       0.000000       0.000000       0.000000       0.000000       0.000000       0.000000       0.000000       0.000000       0.000000       0.000000       0.000000       0.000000    
   0.000000      0.4934000E-01  0.5079000E-01  0.5110000E-01  0.4803000E-01   0.000000       0.000000       0.000000       0.000000       0.000000       0.000000       0.000000       0.000000       0.000000       0.000000       0.000000       0.000000       0.000000       0.000000       0.000000       0.000000       0.000000       0.000000       0.000000       0.000000       0.000000       0.000000       0.000000       0.000000       0.000000    
   0.000000       0.000000       0.000000       0.000000       0.000000       0.000000       0.000000       0.000000       0.000000       0.000000       0.000000       0.000000       0.000000       0.000000       0.000000       0.000000       0.000000       0.000000       0.000000       0.000000       0.000000       0.000000       0.000000       0.000000       0.000000       0.000000       0.000000       0.000000       0.000000       0.000000    
   0.000000       0.000000       0.000000       0.000000       0.000000       0.000000       0.000000       0.000000       0.000000       0.000000       0.000000       0.000000       0.000000       0.000000       0.000000       0.000000       0.000000       0.000000       0.000000       0.000000       0.000000       0.000000       0.000000       0.000000       0.000000       0.000000       0.000000       0.000000       0.000000       0.000000    
   0.000000       0.000000       0.000000       0.000000       0.000000       0.000000       0.000000       0.000000       0.000000       0.000000       0.000000       0.000000       0.000000       0.000000       0.000000       0.000000       0.000000       0.000000       0.000000       0.000000       0.000000       0.000000       0.000000       0.000000       0.000000       0.000000       0.000000       0.000000       0.000000       0.000000    
   0.000000       0.000000       0.000000       0.000000       0.000000       0.000000       0.000000       0.000000       0.000000       0.000000       0.000000       0.000000       0.000000       0.000000       0.000000       0.000000       0.000000       0.000000       0.000000       0.000000       0.000000       0.000000       0.000000       0.000000       0.000000       0.000000       0.000000       0.000000       0.000000       0.000000    
   0.000000       0.000000       0.000000       0.000000       0.000000       0.000000       0.000000       0.000000       0.000000       0.000000       0.000000       0.000000       0.000000       0.000000       0.000000       0.000000       0.000000       0.000000       0.000000       0.000000       0.000000       0.000000       0.000000       0.000000       0.000000       0.000000       0.000000       0.000000       0.000000       0.000000    
   0.000000       0.000000       0.000000       0.000000       0.000000       0.000000       0.000000       0.000000       0.000000       0.000000       0.000000       0.000000       0.000000       0.000000       0.000000       0.000000       0.000000       0.000000       0.000000       0.000000       0.000000       0.000000       0.000000       0.000000       0.000000       0.000000       0.000000       0.000000      0.5657000E-01  0.6454000E-01
   0.000000       0.000000       0.000000       0.000000       0.000000       0.000000       0.000000       0.000000       0.000000       0.000000       0.000000       0.000000       0.000000       0.000000       0.000000       0.000000       0.000000       0.000000       0.000000       0.000000       0.000000       0.000000       0.000000      0.5009000E-01  0.5447000E-01  0.5716000E-01  0.6203000E-01  0.7569000E-01  0.8627000E-01  0.1002400    
   0.000000       0.000000       0.000000       0.000000       0.000000       0.000000       0.000000       0.000000       0.000000       0.000000       0.000000       0.000000       0.000000       0.000000       0.000000       0.000000       0.000000       0.000000       0.000000       0.000000      0.5038000E-01  0.5228000E-01  0.5382000E-01  0.5360000E-01  0.7069000E-01  0.7655000E-01  0.9325000E-01  0.1062800      0.1232100      0.1442300    
   0.000000       0.000000       0.000000       0.000000       0.000000       0.000000       0.000000       0.000000       0.000000       0.000000       0.000000       0.000000       0.000000       0.000000       0.000000       0.000000       0.000000      0.5139000E-01  0.5815000E-01  0.6468000E-01  0.6973000E-01  0.7254000E-01  0.7319000E-01  0.7764000E-01  0.8897000E-01  0.1072900      0.1213500      0.1400600      0.1637800      0.1942100    
   0.000000       0.000000       0.000000       0.000000       0.000000       0.000000      0.4869000E-01   0.000000       0.000000       0.000000       0.000000       0.000000      0.5095000E-01  0.5574000E-01  0.6624000E-01  0.6989000E-01  0.7514000E-01  0.8030000E-01  0.8580000E-01  0.9016000E-01  0.9294000E-01  0.9336000E-01  0.1025800      0.1044600      0.1112800      0.1438200      0.1631500      0.1880900      0.2189100      0.2555900    
   0.000000       0.000000       0.000000       0.000000       0.000000      0.5638000E-01  0.5511000E-01  0.5459000E-01  0.5654000E-01  0.5225000E-01  0.5495000E-01  0.6623000E-01  0.7048000E-01  0.7620000E-01  0.9201000E-01  0.9853000E-01  0.1063500      0.1143700      0.1188700      0.1213000      0.1244600      0.1246500      0.1233300      0.1254900      0.1337200      0.1481000      0.1951100      0.2249100      0.2616000      0.3058500    
   0.000000       0.000000       0.000000       0.000000      0.3863000E-01  0.5951000E-01  0.6187000E-01  0.6288000E-01  0.6471000E-01  0.7117000E-01  0.7483000E-01  0.8033000E-01  0.8671000E-01  0.9486000E-01  0.1050600      0.1252300      0.1391700      0.1516800      0.1578300      0.1546000      0.1497400      0.1455000      0.1345900      0.1351800      0.1429100      0.1577400      0.2070400      0.2380300      0.2765800      0.3262800    
   0.000000       0.000000       0.000000      0.3271330E-01  0.5951000E-01  0.6610330E-01  0.7693000E-01  0.7927000E-01  0.8221000E-01  0.8593000E-01  0.1022400      0.1070000      0.1131200      0.1211000      0.1315100      0.1511100      0.1659700      0.1849500      0.1942300      0.1818300      0.1669900      0.1574200      0.1498200      0.1500500      0.1581200      0.1724300      0.1934500      0.2517800      0.2900600      0.3568900    
   0.000000       0.000000      0.3074110E-01  0.5951000E-01  0.6751440E-01  0.7693000E-01  0.7810000E-01  0.7947000E-01  0.8772750E-01  0.1035000      0.1088400      0.1152800      0.1231400      0.1327900      0.1454400      0.1595600      0.1882900      0.2011400      0.2062700      0.2008000      0.1934000      0.1756400      0.1677500      0.1668000      0.1725200      0.1846900      0.2032700      0.2288600      0.2954800      0.3448000    
   0.000000      0.3008370E-01  0.5951000E-01  0.6798480E-01  0.7693000E-01  0.7751500E-01  0.7816670E-01  0.8719940E-01  0.1035000      0.1061700      0.1177660      0.1204500      0.1305800      0.1408000      0.1553400      0.1680100      0.1974900      0.2060700      0.2095100      0.2068600      0.2008800      0.1938200      0.1858000      0.1656500      0.1663900      0.1730900      0.1858300      0.2068000      0.2383100      0.3053500    
  0.2986460E-01  0.5951000E-01  0.6814160E-01  0.7693000E-01  0.7722250E-01  0.7753720E-01  0.8659530E-01  0.1035000      0.1048350      0.1197600      0.1306050      0.1407600      0.1489500      0.1465300      0.1572200      0.1681700      0.2003600      0.2064200      0.2087900      0.2070100      0.2020900      0.1945400      0.1828900      0.1734100      0.1527000      0.1536600      0.1612200      0.1765700      0.2009700      0.2318600    
  0.5951000E-01  0.6819390E-01  0.7693000E-01  0.7707620E-01  0.7722990E-01  0.8621370E-01  0.1035000      0.1041680      0.1209080      0.1356820      0.1407600      0.1448550      0.1452050      0.1445800      0.1541900      0.1634000      0.1712100      0.2027100      0.2042500      0.2026200      0.1983700      0.1891500      0.1751500      0.1608200      0.1514000      0.1475500      0.1348500      0.1436400      0.1560300      0.1808400    
  0.6821130E-01  0.7693000E-01  0.7700310E-01  0.7707870E-01  0.8600500E-01  0.1035000      0.1038340      0.1215110      0.1382210      0.1407600      0.1428070      0.1438500      0.1445800      0.1493850      0.1540570      0.1629330      0.1791070      0.1927230      0.1988820      0.1961700      0.1918500      0.1812100      0.1655300      0.1480600      0.1350900      0.1269900      0.1250200      0.1228900      0.1515400      0.1510900    
  0.7693000E-01  0.7696660E-01  0.7700390E-01  0.8589670E-01  0.1035000      0.1036670      0.1218190      0.1394910      0.1407600      0.1417840      0.1429990      0.1445800      0.1469830      0.1493410      0.1554580      0.1653660      0.1782540      0.1903570      0.1924150      0.1886600      0.1838600      0.1730200      0.1574200      0.1402500      0.1235400      0.1111900      0.1206700      0.1143600      0.1126200      0.1162500    
  0.7694830E-01  0.7696680E-01  0.8584180E-01  0.1035000      0.1035830      0.1219740      0.1401250      0.1407600      0.1412720      0.1425310      0.1445800      0.1457810      0.1469680      0.1505940      0.1567210      0.1663590      0.1826350      0.1905370      0.1886600      0.1842370      0.1801900      0.1696500      0.1541000      0.1349200      0.1378000      0.1399200      0.1210800      0.1061700      0.9551000E-01  0.7788000E-01
  0.7694840E-01  0.8581420E-01  0.1035000      0.1035420      0.1220520      0.1404430      0.1407600      0.1410160      0.1422860      0.1445800      0.1451810      0.1457760      0.1477810      0.1514280      0.1578920      0.1827220      0.1895990      0.1886600      0.1913980      0.1830950      0.1951440      0.2057400      0.2119800      0.1856000      0.1546800      0.1315700      0.1069600      0.8640000E-01  0.7008000E-01  0.5837000E-01
  0.8580040E-01  0.1035000      0.1035210      0.1220910      0.1406010      0.1407600      0.1408880      0.1421600      0.1445800      0.1448800      0.1451790      0.1462460      0.1483280      0.1800600      0.2033910      0.2189730      0.2182950      0.2122480      0.2038170      0.2096000      0.1860000      0.2341400      0.2168000      0.1887700      0.1574500      0.1250800      0.9582000E-01  0.7106000E-01  0.5085000E-01   0.000000    
  0.1035000      0.1035100      0.1221110      0.1406810      0.1407600      0.1408240      0.1420970      0.1445800      0.1447300      0.1448800      0.1454350      0.1465840      0.2002120      0.2631620      0.2631400      0.2461910      0.2490240      0.2479300      0.2294330      0.2187570      0.2332000      0.2172700      0.2209800      0.1924800      0.1601200      0.1261200      0.9298000E-01  0.6419000E-01   0.000000       0.000000    
  0.1035050      0.1221200      0.1407200      0.1407600      0.1407920      0.1420650      0.1445800      0.1446550      0.1447300      0.1450150      0.2088680      0.3037200      0.2767740      0.2632660      0.2631830      0.2631400      0.2543070      0.2501180      0.2479300      0.2414450      0.2370700      0.2263400      0.2083900      0.2017900      0.1689500      0.1337700      0.9868000E-01  0.7078000E-01   0.000000       0.000000    
  0.1221250      0.1407400      0.1407600      0.1407760      0.1420490      0.1445800      0.1446180      0.1446550      0.1448000      0.2212110      0.3037200      0.3037200      0.3037200      0.2769500      0.2634740      0.2632260      0.2631400      0.2560410      0.2523050      0.2479300      0.2475800      0.2395700      0.2240000      0.2013000      0.1845500      0.1482700      0.1172000      0.8082000E-01  0.4999000E-01   0.000000    
  0.1407500      0.1407600      0.1407680      0.1420410      0.1445800      0.1445990      0.1446180      0.1823680      0.2351190      0.3037150      0.3037200      0.3037200      0.3037200      0.3037200      0.2774240      0.2640550      0.2633130      0.2631400      0.2607900      0.2566800      0.2598500      0.2557300      0.2439000      0.2239500      0.2052800      0.1763500      0.1361300      0.9864000E-01  0.6684000E-01   0.000000    
  0.1407600      0.1407640      0.1420370      0.1445800      0.1445890      0.2107050      0.3098700      0.3026360      0.2954000      0.3009340      0.3037060      0.3037200      0.3037200      0.3037200      0.3037200      0.2786940      0.2657120      0.2634850      0.2631400      0.2754100      0.2810900      0.2798400      0.2846800      0.2600800      0.2316900      0.1953900      0.1610800      0.1233400      0.9102000E-01  0.6623000E-01
  0.1407620      0.1420350      0.1445800      0.1445850      0.2239140      0.3098580      0.3098580      0.3098700      0.3026370      0.2954000      0.3009090      0.3036790      0.3037200      0.3037200      0.3037200      0.3037200      0.2820310      0.2705100      0.2638300      0.2785300      0.3079300      0.3077000      0.3010800      0.2875500      0.2634600      0.2265600      0.1861500      0.1469300      0.1204500      0.9563000E-01
