iMOD/TUTORIALS/TUT_MetaswapAnalyser/model_MetaSWAP/meteo/Precipitation/Precipitation_20060214_L1.ASC
NCOLS                30
NROWS                30
XLLCORNER     160000.00
YLLCORNER     340000.00
CELLSIZE        1000.00
NODATA_VALUE   -9999.00
   6.305090       6.272890       6.248080       6.237210       6.263660       6.334820       6.472430       6.646240       6.810390       6.874310       6.814970       6.720940       6.623420       6.533220       6.442860       6.354960       6.264250       6.167760       6.078640       5.989470       5.901050       5.836890       5.754300       5.680290       5.600590       5.521700       5.442130       5.359220       5.268310       5.165300    
   6.413670       6.392250       6.356360       6.374120       6.433140       6.523950       6.664980       6.847670       7.061250       7.144620       7.017160       6.905310       6.801770       6.709900       6.619140       6.526440       6.435150       6.349300       6.242440       6.142010       6.041640       5.964030       5.871030       5.788240       5.702330       5.619960       5.540160       5.461040       5.416070       5.316500    
   6.480290       6.474200       6.482450       6.526110       6.564610       6.660820       6.793100       6.952270       7.110100       7.171220       7.110710       7.024130       6.935010       6.852790       6.773770       6.688360       6.598100       6.499300       6.392610       6.281210       6.158450       6.067180       5.970600       5.872530       5.780730       5.695040       5.656500       5.573590       5.497780       5.411130    
   6.541010       6.545970       6.565550       6.617630       6.677100       6.762970       6.872240       6.984280       7.093870       7.143320       7.130920       7.084160       7.021020       6.960340       6.895080       6.821860       6.736420       6.634100       6.516920       6.391540       6.265160       6.140220       6.043110       5.982910       5.881400       5.786390       5.697250       5.613280       5.537850       5.457550    
   6.592760       6.604390       6.642920       6.681940       6.739200       6.814420       6.902960       7.004180       7.080280       7.124600       7.123120       7.106480       7.080870       7.047180       6.986360       6.932940       6.883970       6.781670       6.653940       6.514260       6.388330       6.254050       6.144280       6.014530       5.906880       5.806670       5.712510       5.628560       5.536850       5.435970    
   6.634040       6.659070       6.684090       6.721910       6.773030       6.835940       6.915070       6.987830       7.027650       7.067360       7.087660       7.090040       7.088770       7.073580       7.058340       7.034020       6.980260       6.872700       6.723210       6.562100       6.418210       6.272760       6.153850       6.031700       5.918470       5.803460       5.703740       5.612090       5.510020       5.397110    
   6.682080       6.683560       6.707550       6.741290       6.798280       6.847080       6.899750       6.927520       6.973180       7.010180       7.033320       7.045140       7.050640       7.061610       7.065470       7.074080       7.060280       6.937980       6.751620       6.577940       6.410580       6.258400       6.120200       6.009780       5.894180       5.785310       5.687830       5.582110       5.469030       5.351600    
   6.704400       6.731770       6.734220       6.760400       6.792990       6.766320       6.832000       6.871040       6.909290       6.939190       6.960040       6.973550       6.983240       6.996530       7.013620       7.035970       7.066690       6.918460       6.714650       6.527640       6.359570       6.208500       6.071910       5.962770       5.848210       5.747660       5.640720       5.533430       5.419340       5.302850    
   6.734830       6.733640       6.747340       6.749970       6.690080       6.723320       6.779880       6.806180       6.833440       6.854450       6.868720       6.877190       6.881930       6.888540       6.894070       6.891740       6.861000       6.750240       6.586020       6.419610       6.264950       6.124100       5.995580       5.892790       5.791520       5.685400       5.580690       5.470960       5.362620       5.248440    
   6.731030       6.725810       6.734430       6.639440       6.645340       6.668590       6.710610       6.730880       6.746980       6.757550       6.761950       6.760350       6.753340       6.739970       6.724950       6.695440       6.630820       6.533520       6.405320       6.268730       6.137110       6.010280       5.895480       5.787520       5.710140       5.610500       5.506580       5.405550       5.300700       5.190570    
   6.728740       6.730420       6.673560       6.594570       6.607100       6.605520       6.638050       6.647270       6.652080       6.651220       6.643790       6.629210       6.605220       6.564900       6.516380       6.465860       6.398200       6.305620       6.199200       6.089800       5.984150       5.883890       5.788110       5.702080       5.606370       5.527250       5.434930       5.339360       5.239370       5.130250    
   6.729890       6.681820       6.594570       6.557200       6.546490       6.550360       6.573060       6.557690       6.551400       6.538890       6.500920       6.475160       6.435890       6.366580       6.319900       6.249180       6.163420       6.072480       5.978790       5.892380       5.812650       5.736160       5.663260       5.586250       5.507090       5.444430       5.360400       5.271750       5.177880       5.078390    
   6.684180       6.594570       6.536500       6.513570       6.480650       6.498810       6.490700       6.478360       6.433020       6.400420       6.371430       6.286230       6.245820       6.191400       6.128680       6.039900       5.938150       5.834630       5.752240       5.689200       5.640380       5.588850       5.533050       5.472010       5.405620       5.333940       5.278190       5.196990       5.109780       5.016500    
   6.594570       6.527210       6.497110       6.480650       6.467380       6.422670       6.369100       6.350600       6.326170       6.311850       6.269120       6.144920       6.092950       6.026200       5.942820       5.848020       5.725930       5.604030       5.520810       5.496190       5.475050       5.446270       5.370930       5.317550       5.257800       5.192470       5.143110       5.069090       4.990020       4.906010    
   6.522830       6.488880       6.480650       6.456900       6.422670       6.355510       6.274770       6.248790       6.216660       6.177080       6.053960       6.007400       5.948050       5.874170       5.784080       5.680930       5.552970       5.405860       5.316000       5.314620       5.309950       5.287260       5.253700       5.211120       5.160960       5.104290       5.041870       4.995830       4.923760       4.853770    
   6.484770       6.480650       6.453410       6.422670       6.350980       6.274770       6.261780       6.246740       6.155240       5.978450       5.936630       5.884220       5.819940       5.742620       5.647150       5.542470       5.404820       5.294930       5.224190       5.204120       5.190350       5.178800       5.151760       5.116520       5.073950       5.024840       4.969890       4.909600       4.864900       4.794540    
   6.480650       6.452240       6.422670       6.349470       6.274770       6.268270       6.261100       6.160550       5.978450       5.957540       5.842260       5.771800       5.699630       5.622810       5.471440       5.385610       5.309470       5.223820       5.161170       5.124650       5.100030       5.075890       5.047620       5.026000       4.987940       4.944280       4.895420       4.841740       4.783620       4.734360    
   6.451850       6.422670       6.348970       6.274770       6.271520       6.268050       6.167090       5.978450       5.967990       5.824890       5.706010       5.640210       5.578500       5.435740       5.364120       5.287020       5.229090       5.157040       5.099130       5.056710       5.024400       4.995620       4.966080       4.933650       4.909640       4.870180       4.826520       4.778860       4.727460       4.667990    
   6.422670       6.348800       6.274770       6.273150       6.271450       6.171280       5.978450       5.973220       5.816930       5.673110       5.640210       5.609350       5.497310       5.334780       5.268410       5.198930       5.129710       5.091400       5.036980       4.992700       4.956260       4.924060       4.893010       4.861060       4.827090       4.790550       4.762970       4.720800       4.671270       4.615730    
   6.348750       6.274770       6.273960       6.273120       6.173580       5.978450       5.975840       5.813090       5.656660       5.640210       5.624780       5.520410       5.334780       5.301600       5.267370       5.199020       5.140010       5.086030       4.984060       4.930340       4.892030       4.857890       4.825890       4.794400       4.762330       4.728960       4.680090       4.634700       4.649880       4.620500    
   6.274770       6.274360       6.273950       6.174780       5.978450       5.977140       5.811200       5.648430       5.640210       5.632500       5.530050       5.334780       5.318190       5.301250       5.256000       5.202130       5.141690       4.995720       4.899610       4.868890       4.830030       4.795120       4.762910       4.715450       4.686760       4.657730       4.681210       4.647080       4.609850       4.568790    
   6.274570       6.274360       6.175380       5.978450       5.977800       5.810270       5.644320       5.640210       5.636350       5.534380       5.334780       5.326480       5.318070       5.291810       5.253130       5.199940       5.018540       4.884250       4.868890       4.814560       4.744760       4.713110       4.683960       4.656660       4.694250       4.661840       4.633970       4.604530       4.572520       4.537150    
   6.274570       6.175690       5.978450       5.978120       5.809800       5.642270       5.640210       5.638280       5.536430       5.334780       5.330630       5.326450       5.312120       5.287670       5.248290       5.011470       4.876570       4.868890       4.733410       4.661550       4.670210       4.657070       4.688100       4.663270       4.637120       4.611610       4.587430       4.562650       4.536070       4.506590    
   6.175840       5.978450       5.978290       5.809560       5.641240       5.640210       5.639250       5.537430       5.334780       5.332710       5.330620       5.323070       5.308750       5.097360       4.897020       4.709700       4.709160       4.665910       4.609830       4.588620       4.578340       4.657790       4.636910       4.609400       4.585460       4.564270       4.544660       4.525190       4.504310       4.483090    
   5.978450       5.978370       5.809450       5.640720       5.640210       5.639730       5.537920       5.334780       5.333740       5.332700       5.328800       5.320810       4.961640       4.540130       4.541370       4.583620       4.543390       4.549420       4.568020       4.579330       4.598910       4.577330       4.582100       4.555990       4.534740       4.517630       4.503260       4.489760       4.477350       4.459350    
   5.978410       5.809390       5.640470       5.640210       5.639970       5.538160       5.334780       5.334260       5.333740       5.331750       4.984970       4.471260       4.516140       4.538890       4.538900       4.541370       4.540580       4.537350       4.549420       4.554710       4.560730       4.525330       4.495070       4.502010       4.483660       4.471270       4.463070       4.458380       4.450580       4.439150    
   5.809360       5.640340       5.640210       5.640090       5.538280       5.334780       5.334520       5.334260       5.333250       4.918600       4.471260       4.471260       4.471260       4.514290       4.536390       4.536420       4.541370       4.534160       4.525290       4.549420       4.509770       4.474110       4.443920       4.421060       4.431750       4.424990       4.425750       4.427610       4.427770       4.423320    
   5.640270       5.640210       5.640150       5.538340       5.334780       5.334650       5.334520       5.098150       4.815340       4.471190       4.471260       4.471260       4.471260       4.471260       4.510620       4.531390       4.531480       4.541370       4.520550       4.501160       4.461200       4.424620       4.393330       4.370520       4.359690       4.379590       4.389250       4.401280       4.410470       4.413410    
   5.640210       5.640180       5.538370       5.334780       5.334720       4.949650       4.372150       4.381360       4.390580       4.444170       4.471050       4.471260       4.471260       4.471260       4.471260       4.503410       4.521310       4.521580       4.541370       4.490250       4.441890       4.396890       4.355410       4.318670       4.310880       4.323260       4.357650       4.382060       4.401130       4.411480    
   5.640190       5.538390       5.334780       5.334750       4.872670       4.372130       4.372130       4.372150       4.381360       4.390580       4.443810       4.470610       4.471260       4.471260       4.471260       4.471260       4.489610       4.500980       4.501800       4.451610       4.399750       4.355220       4.312960       4.276510       4.261970       4.286010       4.325220       4.371710       4.402960       4.419870    
