iMOD/TUTORIALS/TUT_MetaswapAnalyser/model_MetaSWAP/meteo/Precipitation/Precipitation_20060401_L1.ASC
NCOLS                30
NROWS                30
XLLCORNER     160000.00
YLLCORNER     340000.00
CELLSIZE        1000.00
NODATA_VALUE   -9999.00
   6.495750       6.598300       6.712230       6.849800       7.036400       7.330120       7.744500       8.228570       8.697480       8.970720       8.981990       8.918040       8.836750       8.749680       8.670040       8.490910       8.335190       8.239810       8.151440       8.068400       7.994910       7.917440       7.873200       7.872230       7.864710       7.875080       7.898000       7.921740       7.922920       7.868660    
   6.441230       6.560410       6.687600       6.862880       7.090320       7.403750       7.809040       8.294900       8.844830       9.137520       8.998180       8.875840       8.770450       8.596130       8.493670       8.337180       8.235650       8.211550       8.110270       8.019020       7.937490       7.854170       7.805330       7.802290       7.797200       7.816010       7.856740       7.912730       7.991360       7.989560    
   6.355710       6.488650       6.644060       6.828890       7.063900       7.367960       7.736340       8.153990       8.581800       8.802110       8.774790       8.688740       8.547550       8.439830       8.375730       8.249970       8.152870       8.049540       7.942480       7.838190       7.737630       7.645690       7.614700       7.583430       7.580150       7.606280       7.691190       7.773130       7.889110       7.991770    
   6.253400       6.391790       6.551980       6.737200       6.966310       7.237850       7.546740       7.868710       8.189190       8.356060       8.405770       8.362670       8.283860       8.214300       8.145660       8.044200       7.950450       7.840480       7.718790       7.596770       7.486380       7.414810       7.333290       7.324580       7.313350       7.331620       7.380180       7.459960       7.578180       7.708990    
   6.131940       6.267880       6.416980       6.595600       6.800940       7.032160       7.280540       7.546720       7.766090       7.916100       7.947570       7.957380       7.938100       7.902670       7.852750       7.786650       7.717680       7.602750       7.462790       7.319340       7.220760       7.115920       7.019310       6.962680       6.938950       6.941000       6.966200       7.018810       7.062340       7.061470    
   5.991750       6.113640       6.255520       6.413980       6.589330       6.778350       6.940160       7.181060       7.398450       7.424520       7.492720       7.520170       7.525270       7.515950       7.514680       7.487190       7.427680       7.302310       7.130490       6.957910       6.834540       6.716420       6.610840       6.548260       6.509240       6.485150       6.477580       6.480640       6.453450       6.370040    
   5.822840       5.944820       6.068750       6.203110       6.299990       6.454580       6.606900       6.876890       6.879810       6.969840       7.025730       7.053600       7.064720       7.072060       7.104700       7.114240       7.104810       6.954710       6.730580       6.549040       6.388940       6.264680       6.171260       6.085350       6.033490       5.992410       5.963880       5.912690       5.832380       5.705870    
   5.806030       5.685240       5.804880       5.919170       6.036870       6.101340       6.411030       6.371430       6.456490       6.517030       6.552620       6.567700       6.570620       6.571280       6.614990       6.630950       6.674210       6.484460       6.242210       6.042940       5.887950       5.770210       5.681340       5.596160       5.537470       5.492870       5.429070       5.347710       5.227840       5.080310    
   5.562560       5.490680       5.578230       5.677640       5.697600       5.786150       6.080670       5.988770       6.039700       6.070130       6.080050       6.072610       6.053640       6.090620       6.051980       6.018300       5.963010       5.822720       5.637870       5.473520       5.344750       5.248060       5.174700       5.098990       5.052520       4.989290       4.911860       4.801070       4.673480       4.511250    
   5.386520       5.291270       5.357480       5.338340       5.414110       5.472560       5.578550       5.614930       5.634380       5.634930       5.616410       5.580680       5.531270       5.541580       5.455530       5.366210       5.253980       5.127040       4.990650       4.872450       4.783380       4.718050       4.670120       4.627640       4.574010       4.512350       4.418930       4.311120       4.172010       4.000480    
   5.331410       5.345090       5.267630       5.083450       5.123810       4.975520       5.247350       5.255090       5.245940       5.218140       5.171120       5.105490       5.124060       4.937350       4.803560       4.690580       4.573390       4.458100       4.361900       4.296660       4.261360       4.245460       4.236150       4.231040       4.192130       4.121280       4.040870       3.927730       3.779520       3.554010    
   5.331100       5.256900       5.083450       4.860010       4.852810       4.660740       4.923370       4.913920       4.879620       4.826430       4.645020       4.568000       4.559030       4.390890       4.248190       4.096130       3.945860       3.821160       3.742690       3.718630       3.732990       3.763250       3.791640       3.805880       3.797550       3.741360       3.668290       3.557860       3.408780       3.222860    
   5.242530       5.083450       4.734950       4.616390       4.379970       4.648250       4.625670       4.587940       4.377740       4.327250       4.249710       4.211180       4.078860       3.925510       3.751760       3.564800       3.378530       3.227200       3.161240       3.184380       3.257210       3.336230       3.402670       3.445980       3.459430       3.437890       3.357920       3.254620       3.108920       2.922520    
   5.083450       4.674140       4.498180       4.379970       4.472360       4.388870       4.145320       4.106780       4.052250       4.021590       3.924230       3.842540       3.694720       3.524440       3.331620       3.117680       2.889130       2.689850       2.624680       2.724040       2.858530       2.981970       2.974430       3.023100       3.041570       3.026480       2.962060       2.870690       2.739260       2.568430    
   4.644160       4.439080       4.379970       4.413730       4.388870       4.134180       3.868340       3.818010       3.752700       3.670780       3.612120       3.484870       3.337450       3.168750       2.977990       2.770110       2.533820       2.263560       2.180640       2.341650       2.485950       2.604620       2.698260       2.764590       2.800830       2.803780       2.770120       2.685160       2.570420       2.409190    
   4.409520       4.379970       4.394190       4.388870       4.130460       3.868340       3.843170       3.813020       3.673760       3.453570       3.342060       3.214220       3.069380       2.907340       2.618410       2.445000       2.263740       2.105320       2.060350       2.152870       2.274900       2.399780       2.500160       2.578200       2.629760       2.650740       2.637090       2.585070       2.481070       2.345820    
   4.379970       4.387680       4.388870       4.129220       3.868340       3.855760       3.841510       3.695880       3.453570       3.397810       3.121660       2.987670       2.690180       2.554350       2.405280       2.263220       2.133310       2.036950       2.011640       2.062450       2.154250       2.256880       2.354670       2.452420       2.518520       2.559050       2.568800       2.543010       2.477740       2.351120    
   4.385510       4.388870       4.128810       3.868340       3.862050       3.855200       3.711680       3.453570       3.425690       3.076610       2.799220       2.610780       2.493840       2.364030       2.245570       2.133940       2.042300       1.981620       1.969230       2.006730       2.080220       2.172130       2.268880       2.360880       2.454420       2.516700       2.553810       2.559790       2.529520       2.449860    
   4.388870       4.128670       3.868340       3.865190       3.861860       3.720630       3.453570       3.439630       3.054330       2.705000       2.610780       2.552310       2.420800       2.214550       2.117270       2.031210       1.964480       1.929890       1.928410       1.964040       2.030470       2.117880       2.216620       2.318370       2.415920       2.502490       2.584900       2.628940       2.631210       2.601900    
   4.128630       3.868340       3.866770       3.865130       3.725310       3.453570       3.446600       3.043240       2.657890       2.610780       2.581540       2.449610       2.214550       2.165910       2.121010       2.037650       1.975190       1.940930       1.927310       1.926020       1.992470       2.081190       2.185990       2.300660       2.419100       2.534980       2.633870       2.707550       2.818660       2.860280    
   3.868340       3.867550       3.866750       3.727700       3.453570       3.450090       3.037710       2.634340       2.610780       2.596160       2.464120       2.214550       2.190230       2.167160       2.108190       2.044620       1.984590       1.927740       1.907100       1.888180       1.958590       2.052670       2.166990       2.289040       2.432020       2.581690       2.771460       2.912050       3.032880       3.120970    
   3.867950       3.867550       3.728890       3.453570       3.451830       3.034940       2.622560       2.610780       2.603470       2.471400       2.214550       2.202390       2.190650       2.155190       2.106660       2.045800       1.948550       1.897640       1.888180       1.919600       1.912030       2.014800       2.141650       2.290940       2.511680       2.685660       2.883930       3.085580       3.278500       3.446620    
   3.867940       3.729490       3.453570       3.452700       3.033560       2.616670       2.610780       2.607130       2.475050       2.214550       2.208470       2.202530       2.182740       2.150830       2.102550       1.944670       1.892910       1.888180       1.871380       1.868460       1.944080       1.994870       2.159330       2.330710       2.525050       2.749610       2.998640       3.266600       3.542270       3.804710    
   3.729790       3.453570       3.453130       3.032870       2.613720       2.610780       2.608950       2.476880       2.214550       2.211510       2.208520       2.197910       2.178700       1.951150       1.805370       1.727690       1.729440       1.772910       1.820810       1.809290       1.824900       1.973790       2.131590       2.315610       2.537070       2.797460       3.096760       3.432590       3.798040       4.193760    
   3.453570       3.453350       3.032520       2.612250       2.610780       2.609870       2.477790       2.214550       2.213030       2.211530       2.205980       2.195040       1.811540       1.366190       1.368480       1.537970       1.560720       1.570710       1.713470       1.784680       1.793680       1.924590       2.085380       2.282350       2.524640       2.816220       3.159650       3.555910       4.020350       4.513400    
   3.453460       3.032350       2.611520       2.610780       2.610320       2.478250       2.214550       2.213790       2.213040       2.210180       1.786290       1.159450       1.295280       1.363770       1.363890       1.368480       1.493230       1.550740       1.570710       1.689200       1.735450       1.856760       2.016110       2.224760       2.481630       2.796760       3.173670       3.627080       4.129840       4.694210    
   3.032260       2.611150       2.610780       2.610550       2.478480       2.214550       2.214170       2.213790       2.212330       1.705680       1.159450       1.159450       1.159450       1.291730       1.358920       1.359310       1.368480       1.482980       1.530770       1.570710       1.656970       1.775090       1.932220       2.137700       2.405400       2.735900       3.144560       3.610310       4.131950       4.693930    
   2.610960       2.610780       2.610670       2.478590       2.214550       2.214360       2.214170       1.906800       1.563270       1.159320       1.159450       1.159450       1.159450       1.159450       1.284660       1.348980       1.350140       1.368480       1.461980       1.490820       1.571790       1.682860       1.831770       2.030620       2.296230       2.642420       3.059690       3.537240       4.055680       4.584700    
   2.610780       2.610720       2.478650       2.214550       2.214460       1.702040      0.9334900      0.9601950      0.9869000       1.101580       1.159060       1.159450       1.159450       1.159450       1.159450       1.270890       1.328310       1.331790       1.368480       1.417900       1.490810       1.590810       1.715060       1.899890       2.161100       2.514580       2.950000       3.437050       3.948260       4.449580    
   2.610750       2.478670       2.214550       2.214500       1.599710      0.9336220      0.9336220      0.9334900      0.9601940      0.9869000       1.100900       1.158270       1.159450       1.159450       1.159450       1.159450       1.245640       1.284660       1.295110       1.340900       1.386570       1.484870       1.608750       1.768280       2.006860       2.379910       2.839980       3.342880       3.850450       4.335020    
