iMOD/TUTORIALS/TUT_MetaswapAnalyser/model_MetaSWAP/meteo/Precipitation/Precipitation_20050307_L1.ASC
NCOLS                30
NROWS                30
XLLCORNER     160000.00
YLLCORNER     340000.00
CELLSIZE        1000.00
NODATA_VALUE   -9999.00
   2.082930       2.109320       2.137630       2.174570       2.232290       2.354750       2.547940       2.780290       2.995360       3.053690       2.921600       2.743380       2.568340       2.404520       2.260520       2.135120       2.024660       1.934750       1.860990       1.801020       1.752640       1.715950       1.684880       1.659680       1.639160       1.622620       1.609930       1.601910       1.600980       1.612150    
   2.127370       2.165320       2.195660       2.258850       2.343910       2.484770       2.680240       2.925020       3.211100       3.293970       3.049530       2.831790       2.637320       2.462600       2.310280       2.175290       2.062670       1.969020       1.890460       1.826260       1.773700       1.732450       1.696880       1.666910       1.641270       1.619020       1.599680       1.583540       1.568000       1.569800    
   2.157050       2.205380       2.264140       2.327580       2.416240       2.557020       2.735120       2.941020       3.133420       3.174310       3.025680       2.836660       2.652060       2.481760       2.329830       2.195300       2.081190       1.985330       1.905970       1.840630       1.786140       1.742840       1.704870       1.672010       1.643010       1.616800       1.587900       1.566090       1.546420       1.531040    
   2.182500       2.237050       2.302280       2.366740       2.468880       2.593620       2.737130       2.870480       2.981540       2.998220       2.915160       2.775810       2.617710       2.464140       2.320420       2.190990       2.078960       1.985080       1.907890       1.844460       1.791680       1.746550       1.709820       1.670720       1.640700       1.613270       1.587720       1.563470       1.540490       1.518990    
   2.201370       2.258040       2.302780       2.381960       2.474540       2.579250       2.689220       2.783420       2.848790       2.853830       2.787920       2.682920       2.555720       2.421000       2.287790       2.165990       2.055410       1.965750       1.893790       1.835210       1.786050       1.743690       1.708560       1.675120       1.645250       1.618010       1.593160       1.571370       1.553440       1.546300    
   2.212930       2.241980       2.306030       2.378170       2.457920       2.542250       2.618940       2.684800       2.712400       2.711480       2.665510       2.582820       2.479480       2.363570       2.244950       2.125160       2.020080       1.937960       1.875930       1.825570       1.782080       1.743400       1.710580       1.679100       1.650520       1.624770       1.602360       1.584570       1.573440       1.574850    
   2.177450       2.239180       2.297660       2.360900       2.420270       2.487060       2.547690       2.574680       2.599570       2.593290       2.554270       2.486440       2.397200       2.301380       2.194790       2.078350       1.971750       1.900940       1.854340       1.813830       1.776440       1.741710       1.709550       1.682270       1.655650       1.632130       1.612820       1.598350       1.591980       1.596850    
   2.176090       2.209910       2.271850       2.326300       2.381110       2.406020       2.452130       2.485720       2.499660       2.490000       2.455490       2.398180       2.322400       2.242000       2.149240       2.039790       1.929460       1.873260       1.838860       1.804760       1.771580       1.739890       1.710100       1.684920       1.660270       1.639280       1.621880       1.610040       1.605870       1.611260    
   2.153220       2.192520       2.238470       2.294350       2.305670       2.347690       2.381590       2.404560       2.411380       2.399730       2.368770       2.319690       2.255290       2.204630       2.112950       2.019650       1.934720       1.875140       1.834820       1.800510       1.768590       1.738500       1.710360       1.686850       1.664300       1.644420       1.628660       1.618410       1.614530       1.618950    
   2.138210       2.171660       2.211130       2.212190       2.258490       2.291080       2.316300       2.331280       2.333350       2.320740       2.292920       2.250740       2.196240       2.147540       2.083820       2.006100       1.935940       1.879360       1.835450       1.799040       1.766760       1.737280       1.710100       1.685300       1.666320       1.647550       1.632900       1.622650       1.618180       1.620550    
   2.136870       2.173670       2.191890       2.172580       2.203100       2.237990       2.255750       2.265310       2.264240       2.251380       2.226450       2.190150       2.166390       2.082220       2.037350       1.978330       1.923590       1.875860       1.835430       1.800530       1.769380       1.740960       1.714860       1.691330       1.670190       1.654140       1.639200       1.628270       1.622040       1.617120    
   2.137250       2.168750       2.172580       2.162580       2.158080       2.178960       2.192230       2.205970       2.202830       2.190150       2.123910       2.098500       2.084240       2.039930       2.008000       1.958440       1.911370       1.868540       1.830360       1.796390       1.765830       1.738040       1.713150       1.689950       1.669100       1.653370       1.638370       1.626690       1.618700       1.614790    
   2.144920       2.172580       2.147260       2.137320       2.116550       2.131050       2.141040       2.144600       2.080440       2.080520       2.066310       2.066810       2.035910       2.000960       1.978230       1.935890       1.894890       1.856440       1.821090       1.788950       1.760080       1.733310       1.708750       1.686330       1.666070       1.648090       1.635240       1.622670       1.612870       1.605940    
   2.172580       2.140830       2.126930       2.116550       2.111660       2.087370       2.018250       2.024130       2.024470       2.015610       2.004740       2.018530       1.992410       1.963080       1.931800       1.911090       1.874940       1.840110       1.807700       1.778270       1.750920       1.725580       1.700200       1.678420       1.658620       1.640830       1.627210       1.613900       1.602640       1.593300    
   2.137930       2.121740       2.116550       2.105190       2.087370       2.022770       1.962700       1.967440       1.967670       1.963210       1.983200       1.965520       1.944400       1.920660       1.895220       1.884760       1.852340       1.820580       1.790530       1.763210       1.737430       1.713370       1.691020       1.670380       1.651450       1.634210       1.618640       1.606660       1.594430       1.583870    
   2.119150       2.116550       2.103040       2.087370       2.024280       1.962700       1.965070       1.965940       1.961990       1.949650       1.937450       1.922040       1.903890       1.883590       1.863810       1.840610       1.821530       1.795510       1.770120       1.745730       1.722480       1.700300       1.679630       1.660420       1.642670       1.626340       1.611360       1.597610       1.586690       1.574940    
   2.116550       2.102320       2.087370       2.024780       1.962700       1.963890       1.964570       1.960660       1.949650       1.943550       1.901120       1.880520       1.868020       1.849710       1.815340       1.797980       1.793840       1.770630       1.747920       1.726000       1.705020       1.685110       1.666360       1.648550       1.632150       1.616960       1.602900       1.589870       1.577700       1.567090    
   2.102080       2.087370       2.024950       1.962700       1.963290       1.963720       1.959690       1.949650       1.946600       1.891700       1.848240       1.815960       1.804890       1.793750       1.779440       1.764410       1.765080       1.744360       1.724070       1.704440       1.685640       1.667770       1.650920       1.635130       1.620170       1.606400       1.593640       1.581810       1.570830       1.560520    
   2.087370       2.025010       1.962700       1.963000       1.963240       1.959090       1.949650       1.948130       1.887200       1.832100       1.815960       1.810430       1.792670       1.756090       1.743530       1.730410       1.717000       1.716860       1.698740       1.681240       1.664520       1.648670       1.633760       1.619820       1.606860       1.594850       1.583500       1.573250       1.564030       1.555870    
   2.025030       1.962700       1.962850       1.962980       1.958740       1.949650       1.948890       1.884990       1.824030       1.815960       1.813190       1.793790       1.756090       1.749810       1.743340       1.730310       1.721420       1.710870       1.676730       1.656520       1.641780       1.627910       1.614970       1.602970       1.591900       1.581740       1.572680       1.564610       1.557710       1.551620    
   1.962700       1.962770       1.962840       1.958550       1.949650       1.949270       1.883900       1.820000       1.815960       1.814580       1.794760       1.756090       1.752950       1.749750       1.741160       1.731690       1.720870       1.676550       1.643410       1.630310       1.617450       1.605520       1.594550       1.586690       1.576960       1.568230       1.562730       1.555600       1.549820       1.545640    
   1.962740       1.962770       1.958460       1.949650       1.949460       1.883350       1.817980       1.815960       1.815270       1.795350       1.756090       1.754520       1.752930       1.747950       1.740870       1.731240       1.679260       1.636860       1.630310       1.614880       1.596890       1.585830       1.575900       1.567090       1.559660       1.557640       1.550960       1.545520       1.541450       1.538090    
   1.962740       1.958400       1.949650       1.949550       1.883080       1.816970       1.815960       1.815610       1.795670       1.756090       1.755310       1.754510       1.751800       1.747250       1.740020       1.665550       1.633590       1.630310       1.583700       1.567370       1.564270       1.563940       1.555470       1.548390       1.546760       1.541130       1.536350       1.532750       1.530380       1.529550    
   1.958380       1.949650       1.949600       1.882940       1.816460       1.815960       1.815790       1.795830       1.756090       1.755700       1.755300       1.753870       1.751190       1.665530       1.597010       1.542230       1.542790       1.538570       1.533190       1.522240       1.537850       1.536820       1.538750       1.531690       1.526290       1.522340       1.519640       1.518010       1.517340       1.519810    
   1.949650       1.949630       1.882870       1.816210       1.815960       1.815870       1.795920       1.756090       1.755890       1.755700       1.754960       1.753450       1.602470       1.421660       1.423050       1.463940       1.450320       1.455260       1.490400       1.509970       1.506630       1.513160       1.511570       1.506460       1.503200       1.501520       1.501130       1.501700       1.504170       1.506040    
   1.949640       1.882840       1.816090       1.815960       1.815920       1.795960       1.756090       1.755990       1.755890       1.755520       1.560310       1.268720       1.369400       1.420120       1.420280       1.423050       1.439610       1.445380       1.455260       1.474130       1.485430       1.480780       1.478290       1.478680       1.477720       1.478560       1.480790       1.483740       1.488090       1.492090    
   1.882820       1.816020       1.815960       1.815940       1.795980       1.756090       1.756040       1.755990       1.755800       1.521830       1.268720       1.268720       1.268720       1.367090       1.417020       1.417510       1.423050       1.434760       1.435500       1.455260       1.449220       1.445830       1.444970       1.446460       1.449650       1.453290       1.456690       1.464030       1.471300       1.478370    
   1.815990       1.815960       1.815950       1.795990       1.756090       1.756070       1.756040       1.593560       1.437150       1.268600       1.268720       1.268720       1.268720       1.268720       1.362330       1.410500       1.411970       1.423050       1.425250       1.415740       1.410400       1.408140       1.408890       1.412440       1.412040       1.422200       1.432390       1.442920       1.453490       1.464060    
   1.815960       1.815950       1.796000       1.756090       1.756080       1.514250       1.151520       1.128960       1.106410       1.214290       1.268350       1.268720       1.268720       1.268720       1.268720       1.352610       1.396470       1.400880       1.423050       1.406930       1.394980       1.387310       1.370990       1.366100       1.379080       1.392820       1.406210       1.420200       1.434300       1.448430    
   1.815960       1.796000       1.756090       1.756080       1.465880       1.151510       1.151510       1.151520       1.128960       1.106410       1.213660       1.267620       1.268720       1.268720       1.268720       1.268720       1.333280       1.365480       1.378710       1.361800       1.325530       1.325010       1.328710       1.336280       1.347430       1.361590       1.377280       1.394450       1.413660       1.431390    
