iMOD/TUTORIALS/TUT_MetaswapAnalyser/model_MetaSWAP/meteo/Precipitation/Precipitation_20050212_L1.ASC
NCOLS                30
NROWS                30
XLLCORNER     160000.00
YLLCORNER     340000.00
CELLSIZE        1000.00
NODATA_VALUE   -9999.00
   9.523640       9.445960       9.375560       9.302410       9.191580       9.037100       8.805990       8.540270       8.312570       8.291280       8.508510       8.798050       9.093680       9.405320       9.677540       9.927960       10.21950       10.47010       10.62100       10.73160       10.80160       10.75490       10.73960       10.66650       10.58730       10.48200       10.35880       10.23180       10.12560       10.05850    
   9.671090       9.568340       9.442950       9.336240       9.186070       9.009810       8.778220       8.501980       8.194510       8.149260       8.512280       8.853670       9.181060       9.513640       9.797690       10.11340       10.32380       10.46620       10.65100       10.72300       10.74810       10.66010       10.59350       10.46810       10.33210       10.16560       9.973450       9.765190       9.613860       9.439420    
   9.780680       9.667230       9.549840       9.398370       9.244060       9.071890       8.866670       8.643190       8.455070       8.466670       8.722120       9.039170       9.366790       9.696680       9.976730       10.27250       10.47330       10.61530       10.69680       10.72100       10.77450       10.64460       10.50660       10.35510       10.16840       9.948520       9.755300       9.465580       9.134290       8.836880    
   9.897670       9.780930       9.660390       9.510550       9.372540       9.219240       9.057530       8.907920       8.826620       8.873320       9.060740       9.328950       9.633840       9.949870       10.23270       10.51220       10.70560       10.82690       10.87500       10.85760       10.78510       10.71850       10.50220       10.37260       10.14030       9.874880       9.578120       9.251820       8.883660       8.524970    
   10.02410       9.910790       9.774550       9.659640       9.540100       9.418940       9.306390       9.231660       9.210300       9.282950       9.467660       9.699920       9.975430       10.28160       10.54570       10.81220       11.03150       11.13410       11.14610       11.08520       10.94760       10.78730       10.54090       10.37500       10.11320       9.825040       9.514670       9.167240       8.851780       8.588880    
   10.15970       10.03740       9.936350       9.836890       9.740640       9.652690       9.591590       9.558630       9.595020       9.691780       9.853770       10.07810       10.32880       10.62180       10.89770       11.17760       11.37990       11.45520       11.41330       11.29730       11.11490       10.91420       10.63750       10.37920       10.10120       9.852910       9.544640       9.217080       8.943140       8.736200    
   10.34800       10.20160       10.11420       10.03290       9.973780       9.914320       9.878470       9.907270       9.964320       10.06630       10.22760       10.44170       10.69640       10.96820       11.22680       11.53780       11.78450       11.81860       11.69800       11.51050       11.30280       11.06910       10.81300       10.49000       10.19960       9.903020       9.580700       9.306780       9.088080       8.904090    
   10.30590       10.45940       10.31950       10.25490       10.20350       10.18720       10.20100       10.23990       10.30520       10.41830       10.58040       10.78720       11.03090       11.30160       11.52230       11.84300       12.14830       12.12450       11.93770       11.72830       11.49460       11.23920       10.96580       10.63050       10.33310       10.00500       9.721970       9.460590       9.238180       9.061850    
   10.49080       10.64070       10.57840       10.46520       10.45620       10.44330       10.48290       10.54420       10.62440       10.74520       10.90680       11.10610       11.33620       11.47490       11.75860       12.03570       12.23550       12.25410       12.11910       11.91840       11.67970       11.41500       11.13240       10.78960       10.45600       10.16340       9.885690       9.636530       9.416760       9.241110    
   10.64690       10.82210       10.77500       10.77340       10.68600       10.69100       10.77180       10.82960       10.92010       11.04520       11.20460       11.39490       11.60940       11.70070       11.96600       12.18300       12.33980       12.36380       12.26980       12.09250       11.86140       11.59150       11.30510       11.00930       10.62490       10.33370       10.06450       9.815330       9.598890       9.421540    
   10.72990       10.74800       10.83900       10.98530       10.98140       10.98070       11.02620       11.09450       11.19150       11.31820       11.47350       11.65390       11.64490       11.98580       12.22490       12.39850       12.48630       12.49490       12.40270       12.22570       11.98820       11.71330       11.41890       11.08990       10.79930       10.44760       10.17770       9.934440       9.723220       9.599910    
   10.73380       10.82550       10.98530       11.15560       11.19650       11.27960       11.32700       11.33790       11.43830       11.56420       11.85530       12.00630       11.96680       12.21350       12.40500       12.56280       12.66440       12.66010       12.57660       12.40210       12.16130       11.88140       11.56260       11.25940       10.96270       10.61500       10.34770       10.10670       9.896450       9.719940    
   10.82440       10.98530       11.23190       11.32780       11.45910       11.49330       11.54830       11.62430       11.93130       11.97030       12.09320       12.01370       12.20380       12.39370       12.57370       12.72680       12.83520       12.87140       12.77360       12.58930       12.31560       12.02250       11.71720       11.41240       11.11660       10.83610       10.50510       10.26650       10.05730       9.880150    
   10.98530       11.26740       11.39340       11.45910       11.54780       11.69100       12.03060       12.08860       12.16450       12.22120       12.33400       12.19850       12.37560       12.55270       12.72240       12.87670       13.00810       13.07420       13.01320       12.75720       12.46950       12.16360       11.83010       11.52170       11.22540       10.94620       10.62290       10.38710       10.18050       10.00510    
   11.28450       11.42630       11.45910       11.56600       11.69100       12.02450       12.35180       12.40040       12.46360       12.54050       12.34610       12.48910       12.63500       12.77960       12.91790       13.00530       13.13110       13.23550       13.19270       12.91110       12.56310       12.24740       11.93500       11.63070       11.33950       11.06530       10.81200       10.51570       10.31220       10.16360    
   11.44270       11.45910       11.57200       11.69100       12.02240       12.35180       12.37610       12.40530       12.44610       12.38010       12.50580       12.63550       12.76610       12.89370       12.99120       13.10110       13.19580       13.24130       13.17020       12.96330       12.71000       12.33000       12.03290       11.74160       11.46090       11.19530       10.94830       10.72320       10.45510       10.28260    
   11.45910       11.57400       11.69100       12.02170       12.35180       12.36400       12.37770       12.40190       12.38010       12.44300       12.63760       12.76380       12.84620       12.95450       13.07340       13.14810       13.19020       13.18750       13.10430       12.93690       12.71660       12.47060       12.21390       11.80770       11.53790       11.28060       11.03990       10.81910       10.62100       10.39300    
   11.57470       11.69100       12.02150       12.35180       12.35790       12.36450       12.38090       12.38010       12.41150       12.63940       12.83330       12.90290       12.98600       13.05330       13.11850       13.16400       13.17140       13.14010       13.04980       12.89980       12.70390       12.47920       12.23910       11.99260       11.59900       11.35090       11.11680       10.90060       10.70540       10.53910    
   11.69100       12.02140       12.35180       12.35480       12.35810       12.37080       12.38010       12.39580       12.64040       12.86810       12.90290       12.94450       13.01360       13.11230       13.15400       13.17430       13.16470       13.10500       13.00910       12.86730       12.68700       12.47900       12.25360       12.01920       11.78260       11.54900       11.18160       10.96960       10.78210       10.60970    
   12.02140       12.35180       12.35330       12.35490       12.36600       12.38010       12.38800       12.64090       12.88550       12.90290       12.92370       12.99330       13.11230       13.13320       13.14690       13.16430       13.14800       13.09290       12.93180       12.84430       12.67370       12.47780       12.26420       12.04020       11.81190       11.58450       11.38670       11.18670       11.02520       10.70690    
   12.35180       12.35260       12.35330       12.36360       12.38010       12.38400       12.64120       12.89420       12.90290       12.91330       12.98300       13.11230       13.12270       13.13080       13.14810       13.15310       13.13510       12.96890       12.83870       12.83310       12.66840       12.48080       12.27620       12.08920       11.86540       11.64120       11.47620       11.26160       11.05790       10.87020    
   12.35220       12.35260       12.36240       12.38010       12.38210       12.64140       12.89860       12.90290       12.90810       12.97790       13.11230       13.11750       13.12190       13.13390       13.14400       13.14540       12.98520       12.83590       12.83310       12.73890       12.71510       12.52800       12.32580       12.11310       11.94100       11.72410       11.50540       11.29070       11.08490       10.89550    
   12.35220       12.36180       12.38010       12.38110       12.64140       12.90070       12.90290       12.90550       12.97530       13.11230       13.11490       13.11720       13.12440       13.13330       13.14110       13.01840       12.83450       12.83310       12.78990       12.75560       12.64260       12.55580       12.39040       12.18420       11.97470       11.75910       11.54150       11.32530       11.11490       10.91700    
   12.36150       12.38010       12.38060       12.64150       12.90180       12.90290       12.90420       12.97400       13.11230       13.11360       13.11480       13.11890       13.12500       13.20480       13.14960       12.98720       12.98290       12.90370       12.81480       12.83210       12.79620       12.61810       12.42100       12.22250       12.01560       11.80320       11.58740       11.37020       11.15430       10.90740    
   12.38010       12.38030       12.64150       12.90240       12.90290       12.90350       12.97330       13.11230       13.11300       13.11360       13.11580       13.11960       13.26060       13.42460       13.42050       13.19690       13.14430       13.13270       12.94810       12.85670       12.86800       12.68070       12.46640       12.27110       12.06840       11.86070       11.64900       11.43380       11.18140       10.96780    
   12.38020       12.64150       12.90260       12.90290       12.90320       12.97300       13.11230       13.11260       13.11290       13.11410       13.51170       14.10470       13.65540       13.42960       13.42880       13.42050       13.23980       13.15580       13.13270       12.97110       12.90590       12.73550       12.55210       12.33290       12.13530       11.93460       11.73110       11.49430       11.28440       11.07170    
   12.64150       12.90280       12.90290       12.90310       12.97290       13.11230       13.11250       13.11260       13.11320       13.58960       14.10470       14.10470       14.10470       13.66270       13.43940       13.43700       13.42050       13.25030       13.17890       13.13270       12.97780       12.80620       12.62220       12.43130       12.21720       12.02650       11.81390       11.61930       11.42480       11.23070    
   12.90280       12.90290       12.90300       12.97280       13.11230       13.11240       13.11250       13.55480       13.86100       14.10510       14.10470       14.10470       14.10470       14.10470       13.67810       13.46080       13.45350       13.42050       13.26910       13.22520       13.06890       12.89500       12.70850       12.51730       12.32820       12.12460       11.94570       11.77160       11.59900       11.43030    
   12.90290       12.90290       12.97270       13.11230       13.11230       13.83850       14.92750       14.90410       14.88070       14.36460       14.10600       14.10470       14.10470       14.10470       14.10470       13.70990       13.50830       13.48650       13.42050       13.29790       13.15180       12.98420       12.83800       12.63650       12.43540       12.26240       12.09940       11.95000       11.80090       11.65500    
   12.90290       12.97270       13.11230       13.11230       13.98380       14.92770       14.92770       14.92750       14.90410       14.88070       14.36680       14.10860       14.10470       14.10470       14.10470       14.10470       13.77330       13.61780       13.55250       13.43490       13.38980       13.19000       12.97300       12.74840       12.54950       12.41100       12.29410       12.15900       12.02770       11.89850    
