iMOD/TUTORIALS/TUT_MetaswapAnalyser/model_MetaSWAP/meteo/Precipitation/Precipitation_20051111_L1.ASC
NCOLS                30
NROWS                30
XLLCORNER     160000.00
YLLCORNER     340000.00
CELLSIZE        1000.00
NODATA_VALUE   -9999.00
  0.3414600      0.2842000      0.2286700      0.1760100      0.1267300       0.000000       0.000000       0.000000       0.000000       0.000000       0.000000       0.000000       0.000000       0.000000       0.000000       0.000000       0.000000       0.000000       0.000000       0.000000       0.000000       0.000000       0.000000       0.000000       0.000000       0.000000       0.000000       0.000000       0.000000       0.000000    
  0.3372700      0.2815200      0.2275200      0.1768000      0.1291100       0.000000       0.000000       0.000000       0.000000       0.000000       0.000000       0.000000       0.000000       0.000000       0.000000       0.000000       0.000000       0.000000       0.000000       0.000000       0.000000       0.000000       0.000000       0.000000       0.000000       0.000000       0.000000       0.000000       0.000000       0.000000    
  0.3355900      0.2819600      0.2303700      0.1794200      0.1358500       0.000000       0.000000       0.000000       0.000000       0.000000       0.000000       0.000000       0.000000       0.000000       0.000000       0.000000       0.000000       0.000000       0.000000       0.000000       0.000000       0.000000       0.000000       0.000000       0.000000       0.000000       0.000000       0.000000       0.000000       0.000000    
  0.3367300      0.2856300      0.2366100      0.1883700      0.1469800      0.1102500       0.000000       0.000000       0.000000       0.000000       0.000000       0.000000       0.000000       0.000000       0.000000       0.000000       0.000000       0.000000       0.000000       0.000000       0.000000       0.000000       0.000000       0.000000       0.000000       0.000000       0.000000       0.000000       0.000000       0.000000    
  0.3404200      0.2921300      0.2433900      0.2007900      0.1618400      0.1273800       0.000000       0.000000       0.000000       0.000000       0.000000       0.000000       0.000000       0.000000       0.000000       0.000000       0.000000       0.000000       0.000000       0.000000       0.000000       0.000000       0.000000       0.000000       0.000000       0.000000       0.000000       0.000000       0.000000       0.000000    
  0.3463000      0.2987400      0.2559500      0.2159700      0.1795300      0.1473700      0.1162600       0.000000       0.000000       0.000000       0.000000       0.000000       0.000000       0.000000       0.000000       0.000000       0.000000       0.000000       0.000000       0.000000       0.000000       0.000000       0.000000       0.000000       0.000000       0.000000       0.000000       0.000000       0.000000       0.000000    
  0.3534100      0.3106500      0.2705300      0.2331500      0.1908000      0.1627100      0.1388400      0.1307600      0.1177100       0.000000       0.000000       0.000000       0.000000       0.000000       0.000000       0.000000       0.000000       0.000000       0.000000       0.000000       0.000000       0.000000       0.000000       0.000000       0.000000       0.000000       0.000000       0.000000       0.000000       0.000000    
  0.3560500      0.3081900      0.2729400      0.2404300      0.2108200      0.1987400      0.1804100      0.1643700      0.1472900      0.1347000      0.1260300      0.1204000      0.1168100      0.1140900      0.1092900       0.000000       0.000000       0.000000       0.000000       0.000000       0.000000       0.000000       0.000000       0.000000       0.000000       0.000000       0.000000       0.000000       0.000000       0.000000    
  0.3476600      0.3226100      0.2898700      0.2591600      0.2527100      0.2251100      0.2093600      0.1951900      0.1779100      0.1645200      0.1545600      0.1473600      0.1421400      0.1328500      0.1307300      0.1282600      0.1244000      0.1185700      0.1112200       0.000000       0.000000       0.000000       0.000000       0.000000       0.000000       0.000000       0.000000       0.000000       0.000000       0.000000    
  0.3601400      0.3377400      0.3070600      0.3083100      0.2785900      0.2522200      0.2477000      0.2266800      0.2092100      0.1950900      0.1839800      0.1753300      0.1685200      0.1558100      0.1527700      0.1486600      0.1429900      0.1356900      0.1266300      0.1167000       0.000000       0.000000       0.000000       0.000000       0.000000       0.000000       0.000000       0.000000       0.000000       0.000000    
  0.3639430      0.3349800      0.3216400      0.3334500      0.3054300      0.3030700      0.2793100      0.2585600      0.2408700      0.2260800      0.2138700      0.2038000      0.1837600      0.1790300      0.1730200      0.1679000      0.1607400      0.1518600      0.1411900      0.1295500      0.1177900       0.000000       0.000000       0.000000       0.000000       0.000000       0.000000       0.000000       0.000000       0.000000    
  0.3644210      0.3385030      0.3334500      0.3405700      0.3323600      0.3347200      0.3115300      0.2906300      0.2727200      0.2572700      0.2427700      0.2314800      0.2084100      0.2003400      0.1939000      0.1868900      0.1782600      0.1671400      0.1548700      0.1417600      0.1285900      0.1159100       0.000000       0.000000       0.000000       0.000000       0.000000       0.000000       0.000000       0.000000    
  0.3580520      0.3334500      0.3566900      0.3617000      0.3910400      0.3661800      0.3435200      0.3231400      0.3028800      0.2867100      0.2726900      0.2377500      0.2304500      0.2231300      0.2146200      0.2056000      0.1948400      0.1823200      0.1678800      0.1533800      0.1402900      0.1265400      0.1134500       0.000000       0.000000       0.000000       0.000000       0.000000       0.000000       0.000000    
  0.3334500      0.3643880      0.3763700      0.3910400      0.3849600      0.3976600      0.3722200      0.3523800      0.3343700      0.3184900      0.3034700      0.2635400      0.2550800      0.2462500      0.2365100      0.2245900      0.2109700      0.1962400      0.1809700      0.1662400      0.1514600      0.1366500      0.1184900       0.000000       0.000000       0.000000       0.000000       0.000000       0.000000       0.000000    
  0.3681460      0.3837050      0.3910400      0.3912200      0.3976600      0.3881570      0.3945900      0.3758800      0.3586600      0.3427500      0.2947100      0.2860400      0.2772000      0.2676900      0.2569900      0.2434800      0.2289500      0.2116800      0.1945400      0.1785200      0.1608900      0.1440800      0.1278100      0.1125400       0.000000       0.000000       0.000000       0.000000       0.000000       0.000000    
  0.3873720      0.3910400      0.3933070      0.3976600      0.3934690      0.3945900      0.3852350      0.3763770      0.3520330      0.3308400      0.3217000      0.3125300      0.3029400      0.2925000      0.2812600      0.2676200      0.2429400      0.2274100      0.2103600      0.1929500      0.1749800      0.1551200      0.1370500      0.1199700       0.000000       0.000000       0.000000       0.000000       0.000000       0.000000    
  0.3910400      0.3940020      0.3976600      0.3952400      0.3945900      0.3899120      0.3854010      0.3611210      0.3308400      0.3262700      0.3326440      0.3396600      0.3303700      0.3193500      0.2909200      0.2794800      0.2624000      0.2464200      0.2286100      0.2096200      0.1898500      0.1697600      0.1498800      0.1289300      0.1111700       0.000000       0.000000       0.000000       0.000000       0.000000    
  0.3942340      0.3976600      0.3958300      0.3945900      0.3922510      0.3899680      0.3668190      0.3308400      0.3285550      0.3394640      0.3490750      0.3584900      0.3502000      0.3239900      0.3141100      0.3024400      0.2831800      0.2666800      0.2481000      0.2278600      0.2064500      0.1844100      0.1623600      0.1409300      0.1190300       0.000000       0.000000       0.000000       0.000000       0.000000    
  0.3976600      0.3960270      0.3945900      0.3934210      0.3922700      0.3699690      0.3308400      0.3296970      0.3422260      0.3537820      0.3584900      0.3543450      0.3452480      0.3483100      0.3383900      0.3266500      0.3129200      0.2883900      0.2691200      0.2478100      0.2249100      0.2009600      0.1766300      0.1526500      0.1297900      0.1087500       0.000000       0.000000       0.000000       0.000000    
  0.3960920      0.3945900      0.3940050      0.3934270      0.3716250      0.3308400      0.3302690      0.3434780      0.3561360      0.3584900      0.3564170      0.3515980      0.3483100      0.3433500      0.3377830      0.3259870      0.3093200      0.2901430      0.2739080      0.2698300      0.2455900      0.2198000      0.1931400      0.1664200      0.1405200      0.1163900       0.000000       0.000000       0.000000       0.000000    
  0.3945900      0.3942980      0.3940070      0.3724740      0.3308400      0.3305540      0.3440780      0.3573130      0.3584900      0.3574540      0.3537040      0.3483100      0.3458300      0.3431480      0.3357070      0.3243630      0.3084830      0.2899740      0.2821100      0.2943900      0.2690300      0.2415400      0.2125500      0.1815300      0.1524900      0.1249400      0.1105800       0.000000       0.000000       0.000000    
  0.3944440      0.3942980      0.3729050      0.3308400      0.3306970      0.3443730      0.3579020      0.3584900      0.3579720      0.3544890      0.3483100      0.3470700      0.3457630      0.3415610      0.3344060      0.3228510      0.3010920      0.2882500      0.2943900      0.2855800      0.2933200      0.2648000      0.2339500      0.2016000      0.1832700      0.1513200      0.1194300       0.000000       0.000000       0.000000    
  0.3944440      0.3731220      0.3308400      0.3307690      0.3445190      0.3581960      0.3584900      0.3582310      0.3548150      0.3483100      0.3476900      0.3470480      0.3447980      0.3405770      0.3329400      0.3354220      0.2913200      0.2943900      0.3321730      0.3355350      0.3169160      0.2942100      0.2827000      0.2455600      0.2073500      0.1683000      0.1308800       0.000000       0.000000       0.000000    
  0.3732310      0.3308400      0.3308040      0.3445920      0.3583430      0.3584900      0.3583600      0.3549620      0.3483100      0.3480000      0.3476830      0.3465120      0.3441410      0.4132940      0.4379080      0.4284940      0.4274400      0.4128340      0.3960380      0.4131850      0.3777500      0.3545000      0.3178100      0.2784100      0.2356800      0.1913300      0.1475700       0.000000       0.000000       0.000000    
  0.3308400      0.3308220      0.3446290      0.3584160      0.3584900      0.3584250      0.3550310      0.3483100      0.3481550      0.3479970      0.3473980      0.3461120      0.4754630      0.6360580      0.6348600      0.5551530      0.5667230      0.5604900      0.4810810      0.4393930      0.4486200      0.4150500      0.3606100      0.3190800      0.2724500      0.2225100      0.1718400      0.1234300       0.000000       0.000000    
  0.3308310      0.3446470      0.3584530      0.3584900      0.3584580      0.3550640      0.3483100      0.3482330      0.3481540      0.3478500      0.5006490      0.7308700      0.6686970      0.6373110      0.6372570      0.6348600      0.5915900      0.5729550      0.5604900      0.5112550      0.4918100      0.4646000      0.4297300      0.3695300      0.3197200      0.2643400      0.2065500      0.1483900       0.000000       0.000000    
  0.3446560      0.3584720      0.3584900      0.3584740      0.3550800      0.3483100      0.3482710      0.3482320      0.3480790      0.5316790      0.7308700      0.7308700      0.7308700      0.6705480      0.6398160      0.6396540      0.6348600      0.5980530      0.5854200      0.5604900      0.5441000      0.5209000      0.4890700      0.4469200      0.3796700      0.3192300      0.2524800      0.1881800      0.1294800       0.000000    
  0.3584810      0.3584900      0.3584820      0.3550890      0.3483100      0.3482910      0.3482710      0.4395930      0.5663090      0.7308770      0.7308700      0.7308700      0.7308700      0.7308700      0.6742500      0.6449330      0.6444470      0.6348600      0.6114430      0.6103500      0.5998500      0.5830600      0.5573600      0.5193400      0.4660700      0.3877500      0.3144500      0.2418800      0.1760200      0.1212100    
  0.3584900      0.3584860      0.3550930      0.3483100      0.3483000      0.4836810      0.6867800      0.7002850      0.7137900      0.7251950      0.7308920      0.7308700      0.7308700      0.7308700      0.7308700      0.6815440      0.6554920      0.6540350      0.6348600      0.6400700      0.6416600      0.6379500      0.6299400      0.6060100      0.5541000      0.4803500      0.3893900      0.3076300      0.2345300      0.1740200    
  0.3584880      0.3550950      0.3483100      0.3483050      0.5107480      0.6867520      0.6867520      0.6867800      0.7002850      0.7137900      0.7252300      0.7309360      0.7308700      0.7308700      0.7308700      0.7308700      0.6953670      0.6775800      0.6732100      0.6847100      0.7048300      0.7081300      0.7071000      0.6962800      0.6574900      0.5757200      0.4793500      0.3827400      0.3004400      0.2341500    
