iMOD/TUTORIALS/TUT_MetaswapAnalyser/model_MetaSWAP/meteo/Precipitation/Precipitation_20050701_L1.ASC
NCOLS                30
NROWS                30
XLLCORNER     160000.00
YLLCORNER     340000.00
CELLSIZE        1000.00
NODATA_VALUE   -9999.00
   2.413900       2.428950       2.428290       2.419550       2.421250       2.463940       2.554500       2.658740       2.740400       2.729810       2.622380       2.485930       2.340560       2.217110       2.098400       2.001580       1.879220       1.802150       1.747210       1.703780       1.667670       1.644660       1.611780       1.581190       1.538090       1.487900       1.429830       1.363660       1.289780       1.216550    
   2.435340       2.469960       2.506310       2.530410       2.568340       2.630370       2.720420       2.826870       2.935270       2.932610       2.766620       2.601120       2.444500       2.311280       2.181510       2.038160       1.948610       1.883630       1.829670       1.798140       1.775600       1.765290       1.744510       1.723960       1.688860       1.644470       1.590060       1.525420       1.462710       1.383210    
   2.473700       2.525430       2.572040       2.623640       2.693850       2.764010       2.847820       2.935190       3.000650       2.972900       2.847200       2.687930       2.529840       2.380380       2.240230       2.096740       2.004050       1.942950       1.909940       1.896810       1.885020       1.891950       1.892990       1.878060       1.852350       1.814770       1.779410       1.714580       1.645040       1.552340    
   2.518050       2.583580       2.645770       2.715110       2.782140       2.854780       2.929210       3.005120       3.033450       3.002970       2.896510       2.751990       2.593930       2.435980       2.284240       2.138150       2.041140       1.988810       1.975980       1.988400       2.010660       2.029890       2.049680       2.065300       2.048050       2.015420       1.967760       1.905610       1.836370       1.743010    
   2.565490       2.641650       2.725120       2.797270       2.869480       2.940470       3.004880       3.066870       3.077920       3.040570       2.944040       2.814580       2.659130       2.494150       2.322400       2.166860       2.069210       2.031820       2.052500       2.103150       2.169220       2.215510       2.252880       2.253500       2.244610       2.217220       2.172640       2.122540       2.043940       1.952000    
   2.614310       2.713450       2.794420       2.872990       2.948570       3.018540       3.097200       3.137240       3.113760       3.087500       3.012670       2.896550       2.738920       2.563380       2.387820       2.197140       2.067450       2.051650       2.126270       2.228350       2.331480       2.403410       2.456790       2.476650       2.472160       2.438350       2.394050       2.343550       2.264300       2.171400    
   2.694930       2.774210       2.861360       2.945190       3.052210       3.123370       3.180890       3.178390       3.195640       3.172610       3.110290       3.007740       2.866180       2.678850       2.495960       2.252630       2.051820       2.081430       2.249300       2.418340       2.547100       2.637440       2.691360       2.721650       2.715990       2.686780       2.651870       2.583340       2.495500       2.399850    
   2.749240       2.887770       2.964930       3.054160       3.137600       3.166000       3.221270       3.272620       3.293920       3.285040       3.241680       3.161050       3.041310       2.871220       2.708340       2.446960       2.154280       2.260010       2.505610       2.698970       2.839660       2.931250       2.979930       3.002020       2.986560       2.964180       2.904580       2.829290       2.729410       2.633370    
   2.861890       2.963110       3.059760       3.136730       3.166260       3.250550       3.312380       3.375220       3.411680       3.423580       3.407140       3.359370       3.277940       3.233020       3.053820       2.866950       2.729820       2.774890       2.944430       3.106620       3.224050       3.292460       3.317650       3.317780       3.299930       3.242510       3.169100       3.068390       2.976060       2.874470    
   2.935150       3.038940       3.140290       3.159940       3.246070       3.338780       3.417470       3.488860       3.545350       3.583890       3.601880       3.597420       3.569540       3.632780       3.513930       3.422740       3.377310       3.425210       3.529600       3.630720       3.694330       3.718280       3.700220       3.653020       3.614460       3.532140       3.422580       3.325600       3.223200       3.115660    
   2.936190       3.038130       3.143300       3.234030       3.339100       3.435240       3.520480       3.609410       3.689270       3.758530       3.816300       3.862490       4.077780       4.084320       4.030420       4.041550       4.078610       4.143430       4.207810       4.240130       4.226940       4.173270       4.090880       4.007010       3.876970       3.784130       3.670460       3.557280       3.445120       3.350260    
   2.936250       3.087910       3.234030       3.373480       3.419380       3.538160       3.636400       3.731520       3.836120       3.937720       4.089370       4.182610       4.477930       4.507620       4.570380       4.683500       4.808120       4.918130       4.964560       4.925060       4.817380       4.672340       4.510860       4.348820       4.191260       4.056190       3.915730       3.783970       3.660380       3.543770    
   3.023250       3.234030       3.392330       3.460390       3.501410       3.614530       3.737410       3.862070       4.059680       4.178230       4.311690       4.673780       4.794150       4.939930       5.091260       5.312170       5.549510       5.739280       5.784250       5.640620       5.413520       5.158790       4.913040       4.685920       4.479370       4.292810       4.141130       3.991070       3.856390       3.735360    
   3.234030       3.402170       3.480900       3.501410       3.603540       3.694680       3.919270       4.056520       4.200400       4.341330       4.508940       4.936060       5.108630       5.318560       5.576120       5.867530       6.240320       6.592570       6.645690       6.339930       5.947530       5.581170       5.253940       4.968560       4.718580       4.499600       4.323000       4.156410       4.011690       3.886820    
   3.407190       3.491160       3.501410       3.599880       3.694680       3.868740       3.992280       4.143570       4.305360       4.480810       5.012000       5.182240       5.386120       5.633200       5.934860       6.267270       6.730720       7.286540       7.424100       6.817030       6.315430       5.877270       5.501060       5.176650       4.896010       4.652970       4.442870       4.277260       4.123610       3.987380    
   3.496280       3.501410       3.598660       3.694680       3.851900       3.992280       4.067920       4.147070       4.482650       5.000840       5.160360       5.346760       5.566390       5.826430       6.133960       6.493050       6.864080       7.254690       7.297040       6.900530       6.426650       6.013110       5.627590       5.289120       4.993510       4.736400       4.514030       4.323370       4.176770       4.042620    
   3.501410       3.598250       3.694680       3.846290       3.992280       4.030100       4.069090       4.424620       5.000840       5.080600       5.280800       5.449710       5.666830       5.914680       6.170170       6.475570       6.749250       6.966750       6.966100       6.725610       6.365220       5.981700       5.616080       5.316460       5.021840       4.761260       4.533310       4.336350       4.168820       4.038780    
   3.598110       3.694680       3.844420       3.992280       4.011190       4.030490       4.381160       5.000840       5.040720       5.251320       5.448020       5.446340       5.653630       5.883380       6.121640       6.355730       6.532410       6.655180       6.634110       6.462260       6.187980       5.869040       5.544160       5.233750       4.979830       4.723480       4.495110       4.294810       4.122150       3.973300    
   3.694680       3.843790       3.992280       4.001740       4.011320       4.355920       5.000840       5.020780       5.237280       5.447180       5.446340       5.549980       5.699950       5.816460       6.005280       6.175590       6.301330       6.348070       6.313230       6.174430       5.954990       5.688470       5.403900       5.120940       4.851360       4.601680       4.405640       4.204070       4.024400       3.868380    
   3.843580       3.992280       3.997010       4.001780       4.342450       5.000840       5.010810       5.230400       5.446760       5.446340       5.498160       5.628180       5.816460       5.910870       5.999110       6.160730       6.275000       6.320880       6.063800       5.883850       5.698310       5.469810       5.218810       4.961620       4.709700       4.470460       4.239490       4.032550       3.839220       3.713470    
   3.992280       3.994640       3.997020       4.335520       5.000840       5.005830       5.226990       5.446550       5.446340       5.472250       5.597290       5.816460       5.863670       5.908810       6.023570       6.144950       6.252200       6.000150       5.741640       5.599440       5.434660       5.232450       5.007190       4.762840       4.527090       4.298270       4.059530       3.859030       3.678490       3.521040    
   3.993460       3.994650       4.332010       5.000840       5.003330       5.225290       5.446450       5.446340       5.459300       5.583080       5.816460       5.840060       5.862980       5.932020       6.025780       6.140240       5.933460       5.670540       5.599440       5.399560       5.164570       4.980300       4.774130       4.555970       4.316430       4.103220       3.888420       3.686010       3.499650       3.330680    
   3.993460       4.330240       5.000840       5.002090       5.224440       5.446390       5.446340       5.452820       5.576290       5.816460       5.828260       5.839830       5.878350       5.940260       6.032680       5.730850       5.634990       5.599440       5.115670       4.912400       4.815000       4.751470       4.551290       4.341090       4.126970       3.910560       3.700100       3.497150       3.305020       3.129470    
   4.329350       5.000840       5.001460       5.224010       5.446370       5.446340       5.449580       5.572980       5.816460       5.822360       5.828190       5.848820       5.886150       5.488710       5.180960       4.924700       4.919780       4.793640       4.638890       4.551300       4.660220       4.518440       4.333210       4.130810       3.924410       3.717660       3.512710       3.310720       3.113200       2.929030    
   5.000840       5.001150       5.223800       5.446350       5.446340       5.447960       5.571340       5.816460       5.819410       5.822340       5.833120       5.854380       5.083900       4.099790       4.103540       4.353760       4.219330       4.240110       4.374100       4.452980       4.442390       4.274420       4.118480       3.924540       3.727800       3.530930       3.334640       3.138160       2.944200       2.743680    
   5.001000       5.223700       5.446350       5.446340       5.447150       5.570530       5.816460       5.817930       5.819400       5.824960       5.077230       3.938150       4.042820       4.096050       4.096030       4.103540       4.172410       4.198550       4.240110       4.251990       4.256340       4.073500       3.882520       3.726600       3.539730       3.355170       3.172400       2.992160       2.804780       2.610300    
   5.223640       5.446340       5.446340       5.446740       5.570120       5.816460       5.817200       5.817930       5.820760       4.919580       3.938150       3.938150       3.938150       4.037300       4.088590       4.088530       4.103540       4.147430       4.156990       4.240110       4.069100       3.886280       3.697680       3.510170       3.361570       3.192250       3.030670       2.869250       2.705780       2.540620    
   5.446340       5.446340       5.446540       5.569920       5.816460       5.816830       5.817200       5.341350       4.722360       3.938050       3.938150       3.938150       3.938150       3.938150       4.026420       4.073690       4.073520       4.103540       4.089070       4.073880       3.899840       3.714720       3.525190       3.340380       3.169100       3.042090       2.904430       2.771380       2.639520       2.511800    
   5.446340       5.446440       5.569810       5.816460       5.816640       5.153940       4.159600       4.034550       3.909510       3.928330       3.937850       3.938150       3.938150       3.938150       3.938150       4.005310       4.044020       4.043500       4.103540       3.938740       3.758880       3.567530       3.366740       3.177070       3.015240       2.886680       2.795430       2.694580       2.595330       2.501270    
   5.446390       5.569760       5.816460       5.816550       5.021280       4.159640       4.159630       4.159600       4.034550       3.909510       3.927830       3.937240       3.938150       3.938150       3.938150       3.938150       3.965540       3.985020       3.983450       3.816780       3.624660       3.432890       3.231470       3.030930       2.865090       2.767140       2.697410       2.632650       2.567440       2.499890    
