iMOD/TUTORIALS/TUT_MetaswapAnalyser/model_MetaSWAP/meteo/Precipitation/Precipitation_20050616_L1.ASC
NCOLS                30
NROWS                30
XLLCORNER     160000.00
YLLCORNER     340000.00
CELLSIZE        1000.00
NODATA_VALUE   -9999.00
  0.1728900      0.1709900      0.1647800      0.1534100      0.1350900      0.1072300       0.000000       0.000000       0.000000       0.000000       0.000000       0.000000       0.000000       0.000000      0.8036000E-01  0.9226000E-01  0.9801000E-01  0.1029700      0.1048500      0.1033200      0.9866000E-01  0.9231000E-01  0.8298000E-01   0.000000       0.000000       0.000000       0.000000       0.000000       0.000000       0.000000    
  0.1498500      0.1460400      0.1410300      0.1271800      0.1074000      0.8158000E-01   0.000000       0.000000       0.000000       0.000000       0.000000       0.000000       0.000000       0.000000       0.000000      0.7945000E-01  0.8841000E-01  0.9404000E-01  0.9670000E-01  0.9663000E-01  0.9355000E-01  0.8860000E-01  0.8053000E-01   0.000000       0.000000       0.000000       0.000000       0.000000       0.000000       0.000000    
  0.1339100      0.1288500      0.1197400      0.1063600      0.9112000E-01   0.000000       0.000000       0.000000       0.000000       0.000000       0.000000       0.000000       0.000000       0.000000       0.000000      0.7372000E-01  0.8240000E-01  0.8891000E-01  0.9290000E-01  0.9413000E-01  0.9203000E-01  0.8833000E-01  0.8130000E-01   0.000000       0.000000       0.000000       0.000000       0.000000       0.000000       0.000000    
  0.1220600      0.1166200      0.1077600      0.9563000E-01  0.8018000E-01   0.000000       0.000000       0.000000       0.000000       0.000000       0.000000       0.000000       0.000000       0.000000       0.000000       0.000000      0.8033000E-01  0.8704000E-01  0.9189000E-01  0.9436000E-01  0.9406000E-01  0.9039000E-01  0.8529000E-01  0.7933000E-01   0.000000       0.000000       0.000000       0.000000       0.000000       0.000000    
  0.1138600      0.1086600      0.1010200      0.9044000E-01  0.7777000E-01   0.000000       0.000000       0.000000       0.000000       0.000000       0.000000       0.000000       0.000000       0.000000       0.000000      0.7397000E-01  0.8265000E-01  0.8989000E-01  0.9610000E-01  0.1002500      0.1016200      0.9981000E-01  0.9574000E-01  0.8769000E-01  0.7796000E-01   0.000000       0.000000       0.000000       0.000000       0.000000    
  0.1086900      0.1045300      0.9780000E-01  0.8915000E-01  0.7911000E-01   0.000000       0.000000       0.000000       0.000000       0.000000       0.000000       0.000000       0.000000       0.000000       0.000000      0.7954000E-01  0.8588000E-01  0.9349000E-01  0.1013600      0.1073400      0.1103400      0.1099600      0.1072200      0.1009300      0.9236000E-01  0.8177000E-01   0.000000       0.000000       0.000000       0.000000    
  0.1068000      0.1027000      0.9732000E-01  0.9055000E-01  0.8477000E-01  0.7659000E-01   0.000000       0.000000       0.000000       0.000000       0.000000       0.000000       0.000000      0.7601000E-01  0.8415000E-01  0.8809000E-01  0.9178000E-01  0.1005400      0.1112800      0.1193400      0.1238000      0.1247400      0.1225000      0.1184500      0.1114200      0.1029600      0.9480000E-01  0.8594000E-01  0.7870000E-01  0.7525000E-01
  0.1072400      0.1064400      0.1016300      0.9641000E-01  0.9057000E-01  0.9182000E-01  0.8468000E-01  0.7959000E-01  0.7634000E-01  0.7545000E-01  0.7699000E-01  0.8067000E-01  0.8593000E-01  0.9171000E-01  0.1006600      0.1035400      0.1041900      0.1151500      0.1281100      0.1372700      0.1426500      0.1445500      0.1434300      0.1408700      0.1356000      0.1305200      0.1238200      0.1179800      0.1132200      0.1132200    
  0.1128200      0.1086900      0.1056800      0.1014400      0.1073000      0.1025100      0.9727000E-01  0.9401000E-01  0.9227000E-01  0.9251000E-01  0.9484000E-01  0.9909000E-01  0.1048700      0.1185400      0.1228800      0.1276600      0.1330800      0.1422100      0.1530700      0.1617000      0.1671400      0.1694700      0.1691700      0.1680100      0.1660000      0.1618700      0.1580500      0.1540400      0.1542000      0.1576400    
  0.1158500      0.1120600      0.1102400      0.1206900      0.1169400      0.1140600      0.1107700      0.1091200      0.1089600      0.1105800      0.1141100      0.1195000      0.1265100      0.1445900      0.1505000      0.1573200      0.1655900      0.1750000      0.1843000      0.1917300      0.1964800      0.1991300      0.1992800      0.1980200      0.1990300      0.1972400      0.1945500      0.1957500      0.1996300      0.2069100    
  0.1150370      0.1127170      0.1181280      0.1295200      0.1280200      0.1262000      0.1246700      0.1247500      0.1262400      0.1294200      0.1344500      0.1414000      0.1656500      0.1744400      0.1820800      0.1915000      0.2013800      0.2114600      0.2201000      0.2262800      0.2298000      0.2311600      0.2311000      0.2318500      0.2290400      0.2319300      0.2341000      0.2387100      0.2464900      0.2593200    
  0.1148930      0.1188500      0.1295200      0.1367100      0.1390100      0.1394800      0.1397400      0.1406800      0.1438300      0.1486700      0.1592600      0.1676500      0.1959500      0.2048100      0.2146600      0.2268500      0.2394600      0.2511800      0.2600900      0.2651700      0.2671300      0.2672400      0.2661500      0.2656800      0.2661400      0.2702100      0.2748600      0.2826000      0.2941500      0.3101000    
  0.1199340      0.1295200      0.1402920      0.1446500      0.1502900      0.1521100      0.1542500      0.1575300      0.1675700      0.1730600      0.1811700      0.2162500      0.2247200      0.2355800      0.2477900      0.2630900      0.2792400      0.2937500      0.3035500      0.3061300      0.3059100      0.3040200      0.3023800      0.3018300      0.3030300      0.3065900      0.3154500      0.3260100      0.3410500      0.3612700    
  0.1295200      0.1418930      0.1474700      0.1502900      0.1558370      0.1651100      0.1755800      0.1801000      0.1860500      0.1929400      0.2026400      0.2426600      0.2527200      0.2654500      0.2809000      0.2982000      0.3191700      0.3389200      0.3491700      0.3485400      0.3439300      0.3397500      0.3353600      0.3343400      0.3358000      0.3402900      0.3506000      0.3632900      0.3811500      0.4050000    
  0.1426460      0.1488800      0.1502900      0.1570790      0.1651100      0.1778970      0.1930000      0.1987100      0.2059000      0.2148400      0.2660100      0.2739400      0.2844700      0.2977400      0.3138900      0.3303700      0.3536700      0.3803100      0.3937200      0.3827900      0.3754900      0.3694800      0.3657800      0.3646500      0.3664200      0.3715800      0.3807300      0.3969700      0.4165900      0.4416500    
  0.1495850      0.1502900      0.1574930      0.1651100      0.1786690      0.1930000      0.1958550      0.1992030      0.2257270      0.2834600      0.2898200      0.2985300      0.3097000      0.3234600      0.3403700      0.3590400      0.3771700      0.3988100      0.4093300      0.4051500      0.3979800      0.3941700      0.3907000      0.3896800      0.3915800      0.3969100      0.4063100      0.4205000      0.4428100      0.4693700    
  0.1502900      0.1576310      0.1651100      0.1789260      0.1930000      0.1944270      0.1960190      0.2260610      0.2834600      0.2866400      0.3058000      0.3209400      0.3333400      0.3464500      0.3582500      0.3757700      0.3924100      0.4084800      0.4175300      0.4184700      0.4151700      0.4111000      0.4080300      0.4100600      0.4120600      0.4172100      0.4261700      0.4396700      0.4585200      0.4873400    
  0.1576770      0.1651100      0.1790120      0.1930000      0.1937140      0.1944820      0.2249920      0.2834600      0.2850500      0.3081490      0.3285950      0.3362500      0.3475800      0.3606600      0.3751400      0.3903400      0.4035900      0.4164000      0.4245800      0.4276400      0.4271100      0.4250900      0.4231800      0.4225000      0.4269800      0.4314300      0.4391800      0.4509200      0.4674000      0.4906700    
  0.1651100      0.1790410      0.1930000      0.1933570      0.1937320      0.2241620      0.2834600      0.2842550      0.3090660      0.3324220      0.3362500      0.3419150      0.3551770      0.3762200      0.3890900      0.4021200      0.4142700      0.4234200      0.4308500      0.4347100      0.4357000      0.4350600      0.4339700      0.4334200      0.4342100      0.4370300      0.4457800      0.4548300      0.4690600      0.4893200    
  0.1790500      0.1930000      0.1931780      0.1933630      0.2236780      0.2834600      0.2838570      0.3094740      0.3343360      0.3362500      0.3390830      0.3523910      0.3762200      0.3826550      0.3891430      0.4018270      0.4132700      0.4228470      0.4349660      0.4404800      0.4421300      0.4421500      0.4413400      0.4404900      0.4402800      0.4413300      0.4469900      0.4544500      0.4537000      0.4690700    
  0.1930000      0.1930890      0.1931800      0.2234200      0.2834600      0.2836590      0.3096670      0.3352930      0.3362500      0.3376660      0.3509860      0.3762200      0.3794380      0.3826730      0.3912080      0.4014130      0.4126480      0.4318760      0.4429250      0.4453700      0.4471300      0.4472600      0.4462800      0.4468200      0.4453800      0.4443400      0.4355600      0.4372300      0.4415000      0.4493600    
  0.1930450      0.1930900      0.2232870      0.2834600      0.2835590      0.3097610      0.3357720      0.3362500      0.3369580      0.3502810      0.3762200      0.3778290      0.3794430      0.3844400      0.3917650      0.4017560      0.4270910      0.4441470      0.4453700      0.4483530      0.4525600      0.4526500      0.4513600      0.4489900      0.4373100      0.4328400      0.4294400      0.4267200      0.4255600      0.4274800    
  0.1930450      0.2232200      0.2834600      0.2835100      0.3098080      0.3360110      0.3362500      0.3366040      0.3499270      0.3762200      0.3770240      0.3778310      0.3805710      0.3852160      0.3926540      0.4235010      0.4447590      0.4453700      0.4520510      0.4559900      0.4547040      0.4560700      0.4465600      0.4420800      0.4356600      0.4294000      0.4226400      0.4153800      0.4083800      0.4032000    
  0.2231870      0.2834600      0.2834850      0.3098320      0.3361300      0.3362500      0.3364270      0.3497500      0.3762200      0.3766220      0.3770250      0.3784750      0.3812060      0.4055050      0.4293640      0.4521400      0.4521350      0.4543650      0.4573020      0.4584900      0.4594200      0.4528200      0.4453100      0.4411600      0.4351100      0.4271600      0.4173600      0.4058300      0.3930000      0.3778800    
  0.2834600      0.2834720      0.3098430      0.3361900      0.3362500      0.3363390      0.3496620      0.3762200      0.3764210      0.3766220      0.3773740      0.3789020      0.4185710      0.4637270      0.4635800      0.4590910      0.4595270      0.4589000      0.4582030      0.4574270      0.4575600      0.4501200      0.4482100      0.4435500      0.4365800      0.4271500      0.4151200      0.4003700      0.3809400      0.3612500    
  0.2834660      0.3098490      0.3362200      0.3362500      0.3362940      0.3496180      0.3762200      0.3763210      0.3764210      0.3768060      0.4251160      0.4963400      0.4747810      0.4639450      0.4638730      0.4635800      0.4611220      0.4601550      0.4589000      0.4579950      0.4553000      0.4544700      0.4516300      0.4476800      0.4404100      0.4303500      0.4173100      0.3997100      0.3802400      0.3575800    
  0.3098520      0.3362350      0.3362500      0.3362720      0.3495950      0.3762200      0.3762700      0.3763210      0.3765160      0.4342050      0.4963400      0.4963400      0.4963400      0.4751120      0.4643810      0.4641660      0.4635800      0.4618530      0.4614100      0.4589000      0.4602200      0.4598800      0.4575900      0.4530400      0.4470100      0.4372600      0.4238000      0.4078400      0.3896200      0.3699600    
  0.3362430      0.3362500      0.3362610      0.3495840      0.3762200      0.3762450      0.3762700      0.4093940      0.4487100      0.4963470      0.4963400      0.4963400      0.4963400      0.4963400      0.4758560      0.4653980      0.4647520      0.4635800      0.4635220      0.4639200      0.4658600      0.4663400      0.4650600      0.4616300      0.4568700      0.4479200      0.4358500      0.4219500      0.4070400      0.3928400    
  0.3362500      0.3362560      0.3495790      0.3762200      0.3762330      0.4352000      0.5236300      0.5160500      0.5084700      0.5004030      0.4963620      0.4963400      0.4963400      0.4963400      0.4963400      0.4775180      0.4678610      0.4659250      0.4635800      0.4676900      0.4708200      0.4727600      0.4782700      0.4751200      0.4689800      0.4606700      0.4513300      0.4401900      0.4291600      0.4200600    
  0.3362530      0.3495760      0.3762200      0.3762260      0.4469850      0.5236330      0.5236330      0.5236300      0.5160510      0.5084700      0.5004420      0.4964070      0.4963400      0.4963400      0.4963400      0.4963400      0.4811200      0.4740770      0.4682700      0.4730700      0.4880800      0.4882100      0.4876500      0.4860800      0.4826300      0.4764700      0.4687500      0.4604300      0.4532800      0.4483500    
