iMOD/TUTORIALS/TUT_MetaswapAnalyser/model_MetaSWAP/meteo/Precipitation/Precipitation_20061117_L1.ASC
NCOLS                30
NROWS                30
XLLCORNER     160000.00
YLLCORNER     340000.00
CELLSIZE        1000.00
NODATA_VALUE   -9999.00
   1.275600       1.252360       1.227660       1.201750       1.175450       1.151390       1.129440       1.109280       1.101530       1.155690       1.284750       1.441630       1.607590       1.786960       1.959800       2.149200       2.323990       2.484240       2.643430       2.797370       2.946990       3.105010       3.250880       3.396530       3.539830       3.680710       3.815900       3.938380       4.034370       4.078930    
   1.321290       1.300550       1.275390       1.252570       1.229220       1.205930       1.181550       1.154210       1.122090       1.170620       1.351300       1.536760       1.725810       1.938210       2.133500       2.328460       2.512450       2.686960       2.845110       2.998320       3.143930       3.295030       3.433950       3.572940       3.711170       3.849990       3.988200       4.121500       4.224030       4.293360    
   1.373430       1.356410       1.338940       1.321250       1.298800       1.282030       1.266150       1.253400       1.257290       1.329060       1.485760       1.674810       1.884130       2.101030       2.313190       2.522560       2.717800       2.897340       3.060030       3.207840       3.337980       3.476970       3.604600       3.730460       3.857850       3.988280       4.107240       4.247720       4.387670       4.513650    
   1.432390       1.420370       1.408850       1.398790       1.390020       1.384140       1.383700       1.390420       1.430590       1.519510       1.664240       1.849960       2.059470       2.286300       2.512890       2.735500       2.940330       3.121290       3.276890       3.411470       3.531550       3.637650       3.755470       3.846610       3.956920       4.071480       4.191510       4.317600       4.447690       4.578810    
   1.497290       1.491300       1.488070       1.486310       1.488350       1.496320       1.513980       1.547940       1.611580       1.713530       1.849320       2.035580       2.249430       2.483360       2.727840       2.965280       3.172780       3.349250       3.487790       3.598860       3.693900       3.780460       3.874340       3.951960       4.037470       4.125740       4.216340       4.304210       4.384320       4.422160    
   1.566960       1.569700       1.573300       1.581030       1.594610       1.616670       1.651250       1.703620       1.748730       1.878190       2.034790       2.225420       2.446000       2.688360       2.944400       3.202260       3.431700       3.599570       3.709270       3.787650       3.851780       3.909190       3.974210       4.029280       4.084620       4.135190       4.188380       4.230790       4.253180       4.226890    
   1.652780       1.650940       1.662650       1.679930       1.704810       1.739930       1.789010       1.798710       1.912470       2.044760       2.209010       2.405100       2.630630       2.881520       3.151950       3.438400       3.704340       3.850780       3.910350       3.949190       3.980170       4.007050       4.031740       4.066070       4.089110       4.109420       4.121060       4.122070       4.095400       4.030400    
   1.748390       1.744820       1.754040       1.780400       1.815490       1.751560       1.835520       1.939280       2.053840       2.195250       2.365750       2.565830       2.794340       3.044820       3.321310       3.619490       3.927890       4.036980       4.055090       4.065650       4.069950       4.069250       4.064930       4.068740       4.059760       4.043720       4.022430       3.987100       3.937180       3.844690    
   1.827720       1.830760       1.856800       1.879890       1.779700       1.844200       1.940110       2.055710       2.178720       2.326450       2.500660       2.701740       2.928510       3.163860       3.436410       3.708120       3.945750       4.078180       4.122490       4.129400       4.117610       4.094290       4.063570       4.038780       3.997270       3.953180       3.901150       3.846290       3.761610       3.653430    
   1.906130       1.915890       1.948350       1.803150       1.855290       1.927190       2.048750       2.156630       2.285080       2.436190       2.611180       2.810010       3.030830       3.261840       3.503210       3.746730       3.948090       4.079670       4.139600       4.148530       4.125130       4.084400       4.029530       3.967470       3.909990       3.839030       3.771630       3.682880       3.580950       3.462650    
   1.901110       1.923460       1.883180       1.865310       1.928930       2.032960       2.128650       2.240640       2.371680       2.523310       2.696290       2.890130       3.091920       3.348630       3.565610       3.778940       3.955690       4.075150       4.130660       4.130080       4.088920       4.022370       3.941620       3.850930       3.768490       3.688730       3.590110       3.485630       3.373210       3.270610    
   1.902470       1.893260       1.865310       1.962200       1.986330       2.102410       2.200270       2.307010       2.437980       2.587510       2.803900       2.985460       3.175970       3.384920       3.585670       3.785960       3.956070       4.071090       4.120730       4.105860       4.043560       3.953260       3.854220       3.743830       3.630800       3.529690       3.414990       3.297990       3.177520       3.052510    
   1.885780       1.865310       1.980750       2.027280       2.068230       2.153360       2.250710       2.362600       2.553210       2.689900       2.846660       3.012300       3.198450       3.393690       3.582150       3.775720       3.946620       4.069880       4.108490       4.069000       3.977420       3.860380       3.733140       3.602710       3.472330       3.343270       3.229260       3.103470       2.978100       2.852660    
   1.865310       1.990510       2.047750       2.068230       2.137220       2.190080       2.365160       2.470690       2.589650       2.722560       2.869260       3.019870       3.192830       3.374390       3.560460       3.738210       3.916760       4.060500       4.099840       4.007930       3.875910       3.731570       3.587400       3.441520       3.298300       3.158600       3.034610       2.903080       2.775150       2.650750    
   1.995510       2.057990       2.068230       2.131840       2.190080       2.318870       2.401380       2.501730       2.613520       2.736970       2.864400       3.010950       3.166880       3.330210       3.498420       3.659940       3.833180       4.004070       4.051180       3.898520       3.731530       3.571440       3.412810       3.257140       3.105580       2.958950       2.817850       2.693820       2.565090       2.437580    
   2.063110       2.068230       2.130050       2.190080       2.303440       2.401380       2.451560       2.505540       2.642740       2.718730       2.841500       2.972420       3.110100       3.252580       3.400030       3.543820       3.671070       3.783570       3.795270       3.686250       3.539400       3.368950       3.207410       3.047800       2.892130       2.741860       2.598150       2.462000       2.344480       2.225380    
   2.068230       2.129450       2.190080       2.298300       2.401380       2.426470       2.452830       2.579640       2.718730       2.780120       2.857860       2.915040       3.034750       3.154700       3.265820       3.375510       3.462880       3.519980       3.509780       3.427990       3.302390       3.156750       3.003100       2.830320       2.674740       2.523950       2.379860       2.244070       2.117960       2.011710    
   2.129250       2.190080       2.296590       2.401380       2.413920       2.426890       2.544420       2.718730       2.749420       2.815320       2.878310       2.841590       2.940090       3.030270       3.119090       3.194700       3.245020       3.267090       3.241240       3.166440       3.054440       2.919690       2.772980       2.621360       2.453540       2.303940       2.160690       2.026030       1.901870       1.790350    
   2.190080       2.296020       2.401380       2.407650       2.414060       2.525990       2.718730       2.734080       2.797000       2.859950       2.841590       2.890840       2.928890       2.903620       2.965610       3.011850       3.034960       3.031280       2.992490       2.917170       2.811460       2.684240       2.543760       2.396540       2.247530       2.100540       1.944760       1.811420       1.689640       1.573920    
   2.295830       2.401380       2.404520       2.407700       2.516610       2.718730       2.726400       2.788430       2.850770       2.841590       2.866210       2.891240       2.903620       2.934620       2.960360       3.004140       3.026030       3.019580       2.819800       2.685310       2.581570       2.458650       2.322730       2.179350       2.033180       1.888140       1.740270       1.607620       1.492710       1.376620    
   2.401380       2.402950       2.404530       2.511890       2.718730       2.722570       2.784270       2.846180       2.841590       2.853900       2.875670       2.903620       2.919120       2.932870       2.966370       2.996840       3.016580       2.783440       2.579040       2.472770       2.368740       2.247920       2.115040       1.966830       1.823610       1.680860       1.548590       1.416620       1.295360       1.188530    
   2.402160       2.402950       2.509520       2.718730       2.720650       2.782210       2.843890       2.841590       2.847750       2.868690       2.903620       2.911370       2.918530       2.939450       2.965360       2.993270       2.759110       2.525910       2.472770       2.335770       2.165790       2.046530       1.916300       1.778970       1.645030       1.501800       1.364270       1.232820       1.111280       1.004990    
   2.402170       2.508340       2.718730       2.719690       2.781180       2.842740       2.841590       2.844670       2.865410       2.903620       2.907490       2.911170       2.923120       2.941120       2.966030       2.650240       2.499340       2.472770       2.138810       1.992240       1.924180       1.871570       1.745600       1.612080       1.474910       1.337540       1.201420       1.070060      0.9469900      0.8373300    
   2.507750       2.718730       2.719210       2.780670       2.842160       2.841590       2.843130       2.863820       2.903620       2.905560       2.907430       2.913930       2.925140       2.598800       2.308700       2.039820       2.034120       1.935900       1.814190       1.754450       1.818700       1.718320       1.594280       1.463070       1.328900       1.194120       1.060700      0.9305900      0.8062700      0.6832500    
   2.718730       2.718970       2.780420       2.841880       2.841590       2.842360       2.863040       2.903620       2.904590       2.905540       2.908970       2.915500       2.312840       1.563650       1.564930       1.690040       1.586010       1.595460       1.658250       1.695880       1.690200       1.572220       1.461670       1.333400       1.203330       1.073370      0.9448300      0.8186200      0.6879200      0.5722200    
   2.718850       2.780290       2.841730       2.841590       2.841970       2.862650       2.903620       2.904100       2.904580       2.906370       2.408640       1.656590       1.593860       1.562710       1.562370       1.564930       1.575110       1.576560       1.595460       1.587230       1.578730       1.460030       1.336080       1.223300       1.098330      0.9751000      0.8542900      0.7294000      0.6146700      0.5038300    
   2.780220       2.841660       2.841590       2.841780       2.862460       2.903620       2.903860       2.904100       2.905020       2.306550       1.656590       1.656590       1.656590       1.592500       1.560820       1.559800       1.564930       1.563490       1.557660       1.595460       1.484540       1.366160       1.243780       1.121220       1.012250      0.8975700      0.7827100      0.6760000      0.5742400      0.4789900    
   2.841630       2.841590       2.841690       2.862360       2.903620       2.903740       2.903860       2.610060       2.196620       1.656600       1.656590       1.656590       1.656590       1.656590       1.590220       1.557740       1.554670       1.564930       1.535920       1.519850       1.408550       1.290080       1.168340       1.048340      0.9358800      0.8360200      0.7370800      0.6448900      0.5589800      0.4819100    
   2.841590       2.841640       2.862310       2.903620       2.903680       2.435940       1.734270       1.730770       1.727270       1.680190       1.656630       1.656590       1.656590       1.656590       1.656590       1.586760       1.553610       1.544410       1.564930       1.463420       1.351820       1.232610       1.124030      0.9966500      0.8824000      0.7861800      0.7078600      0.6312400      0.5607100      0.4988600    
   2.841610       2.862290       2.903620       2.903650       2.342320       1.734230       1.734230       1.734270       1.730770       1.727270       1.680270       1.656720       1.656590       1.656590       1.656590       1.656590       1.582180       1.551500       1.523900       1.423930       1.350020       1.218090       1.083020      0.9510100      0.8379100      0.7574100      0.6917600      0.6304100      0.5745600      0.5239000    
