iMOD/TUTORIALS/TUT_MetaswapAnalyser/model_MetaSWAP/meteo/Precipitation/Precipitation_20061224_L1.ASC
NCOLS                30
NROWS                30
XLLCORNER     160000.00
YLLCORNER     340000.00
CELLSIZE        1000.00
NODATA_VALUE   -9999.00
  0.7976000E-01  0.9068000E-01  0.1055600      0.1250100      0.1493100      0.1665900      0.1749900      0.1786200      0.1810500      0.1667600      0.1416800      0.1169600      0.1009800      0.8479000E-01  0.7458000E-01  0.6522000E-01  0.6198000E-01   0.000000       0.000000       0.000000       0.000000       0.000000       0.000000       0.000000       0.000000       0.000000       0.000000       0.000000       0.000000       0.000000    
  0.8088000E-01  0.9030000E-01  0.9957000E-01  0.1145000      0.1334600      0.1482900      0.1606700      0.1726800      0.1873000      0.1790100      0.1381200      0.1166400      0.9698000E-01  0.7847000E-01  0.6799000E-01  0.6246000E-01   0.000000       0.000000       0.000000       0.000000       0.000000       0.000000       0.000000       0.000000       0.000000       0.000000       0.000000       0.000000       0.000000       0.000000    
  0.7821000E-01  0.8593000E-01  0.9543000E-01  0.1102900      0.1188100      0.1306500      0.1417600      0.1521200      0.1579300      0.1484700      0.1257200      0.1075600      0.8757000E-01  0.7206000E-01  0.6385000E-01   0.000000       0.000000       0.000000       0.000000       0.000000       0.000000       0.000000       0.000000       0.000000       0.000000       0.000000       0.000000       0.000000       0.000000       0.000000    
  0.7512000E-01  0.8124000E-01  0.8849000E-01  0.1006400      0.1092300      0.1176600      0.1252300      0.1281600      0.1272500      0.1230100      0.1066900      0.9322000E-01  0.8055000E-01  0.6622000E-01   0.000000       0.000000       0.000000       0.000000       0.000000       0.000000       0.000000       0.000000       0.000000       0.000000       0.000000       0.000000       0.000000       0.000000       0.000000       0.000000    
  0.7199000E-01  0.7672000E-01  0.8623000E-01  0.9214000E-01  0.9820000E-01  0.1039200      0.1085900      0.1118400      0.1107600      0.1048900      0.9530000E-01  0.8105000E-01  0.7274000E-01   0.000000       0.000000       0.000000       0.000000       0.000000       0.000000       0.000000       0.000000       0.000000       0.000000       0.000000       0.000000       0.000000       0.000000       0.000000       0.000000       0.000000    
  0.6904000E-01  0.7674000E-01  0.8074000E-01  0.8495000E-01  0.8911000E-01  0.9278000E-01  0.1010300      0.9697000E-01  0.9920000E-01  0.9082000E-01  0.8301000E-01  0.7324000E-01  0.6638000E-01   0.000000       0.000000       0.000000       0.000000       0.000000       0.000000       0.000000       0.000000       0.000000       0.000000       0.000000       0.000000       0.000000       0.000000       0.000000       0.000000       0.000000    
  0.7581000E-01  0.7320000E-01  0.7612000E-01  0.7907000E-01  0.8797000E-01  0.9009000E-01  0.9122000E-01  0.9055000E-01  0.8476000E-01  0.8057000E-01  0.7425000E-01  0.6614000E-01   0.000000       0.000000       0.000000       0.000000       0.000000       0.000000       0.000000       0.000000       0.000000       0.000000       0.000000       0.000000       0.000000       0.000000       0.000000       0.000000       0.000000       0.000000    
  0.8073000E-01  0.8344000E-01  0.7857000E-01  0.8058000E-01  0.8232000E-01  0.8845000E-01  0.8355000E-01  0.7904000E-01  0.7712000E-01  0.7359000E-01  0.6842000E-01  0.6167000E-01   0.000000       0.000000       0.000000       0.000000       0.000000       0.000000       0.000000       0.000000       0.000000       0.000000       0.000000       0.000000       0.000000       0.000000       0.000000       0.000000       0.000000       0.000000    
  0.8945000E-01  0.8095000E-01  0.8241000E-01  0.7687000E-01  0.8297000E-01  0.8353000E-01  0.7823000E-01  0.7360000E-01  0.7192000E-01  0.6905000E-01  0.6491000E-01   0.000000       0.000000       0.000000       0.000000       0.000000       0.000000       0.000000       0.000000       0.000000       0.000000       0.000000       0.000000       0.000000       0.000000       0.000000       0.000000       0.000000       0.000000       0.000000    
  0.8786000E-01  0.7892000E-01  0.7994000E-01  0.8585000E-01  0.7965000E-01  0.7990000E-01  0.7044000E-01  0.6984000E-01  0.6849000E-01  0.6628000E-01  0.6313000E-01   0.000000       0.000000       0.000000       0.000000       0.000000       0.000000       0.000000       0.000000       0.000000       0.000000       0.000000       0.000000       0.000000       0.000000       0.000000       0.000000       0.000000       0.000000       0.000000    
  0.8452330E-01  0.8224000E-01  0.8208500E-01  0.8363000E-01  0.8391000E-01  0.7155000E-01  0.6776000E-01  0.6730000E-01  0.6631000E-01  0.6474000E-01  0.6254000E-01   0.000000       0.000000       0.000000       0.000000       0.000000       0.000000       0.000000       0.000000       0.000000       0.000000       0.000000       0.000000       0.000000       0.000000       0.000000       0.000000       0.000000       0.000000       0.000000    
  0.8451780E-01  0.8311960E-01  0.8363000E-01  0.8078000E-01  0.8210000E-01  0.7488000E-01  0.7011000E-01  0.6560000E-01  0.6499000E-01  0.6402000E-01   0.000000       0.000000       0.000000       0.000000       0.000000       0.000000       0.000000       0.000000       0.000000       0.000000       0.000000       0.000000       0.000000       0.000000       0.000000       0.000000       0.000000       0.000000       0.000000       0.000000    
  0.8423740E-01  0.8363000E-01  0.7892000E-01  0.7779000E-01  0.7348000E-01  0.6886000E-01  0.6883000E-01  0.6861000E-01  0.6388000E-01  0.6038000E-01   0.000000       0.000000       0.000000       0.000000       0.000000       0.000000      0.6080000E-01  0.6353000E-01  0.6687000E-01  0.6653000E-01  0.6645000E-01  0.6425000E-01  0.6207000E-01   0.000000       0.000000       0.000000       0.000000       0.000000       0.000000       0.000000    
  0.8363000E-01  0.7791620E-01  0.7563500E-01  0.7348000E-01  0.7007330E-01  0.6788000E-01  0.6331000E-01  0.6340000E-01  0.6343000E-01   0.000000       0.000000       0.000000       0.000000      0.6052000E-01  0.6288000E-01  0.6512000E-01  0.7202000E-01  0.7826000E-01  0.7931000E-01  0.7827000E-01  0.7330000E-01  0.6906000E-01  0.6326000E-01   0.000000       0.000000       0.000000       0.000000       0.000000       0.000000       0.000000    
  0.7739590E-01  0.7455750E-01  0.7348000E-01  0.7047780E-01  0.6788000E-01  0.4373000E-01   0.000000       0.000000       0.000000      0.6028000E-01  0.6497000E-01  0.6568000E-01  0.6684000E-01  0.6870000E-01  0.7161000E-01  0.7128000E-01  0.7895000E-01  0.9123000E-01  0.9467000E-01  0.8248000E-01  0.7813000E-01  0.7250000E-01  0.6799000E-01  0.6423000E-01  0.6093000E-01   0.000000       0.000000       0.000000       0.000000       0.000000    
  0.7401870E-01  0.7348000E-01  0.7061260E-01  0.6788000E-01  0.3720330E-01   0.000000       0.000000       0.000000      0.3121500E-01  0.6458000E-01  0.6531000E-01  0.6637000E-01  0.6794000E-01  0.7021000E-01  0.7715000E-01  0.8127000E-01  0.8467000E-01  0.9085000E-01  0.9153000E-01  0.8503000E-01  0.7801000E-01  0.7739000E-01  0.7280000E-01  0.6882000E-01  0.6522000E-01  0.6184000E-01   0.000000       0.000000       0.000000       0.000000    
  0.7348000E-01  0.7065750E-01  0.6788000E-01  0.3502780E-01   0.000000       0.000000       0.000000      0.2394880E-01  0.6458000E-01  0.6494500E-01  0.6810200E-01  0.6662000E-01  0.7265000E-01  0.7476000E-01  0.7844000E-01  0.8182000E-01  0.8237000E-01  0.8553000E-01  0.8555000E-01  0.8201000E-01  0.7700000E-01  0.7204000E-01  0.6759000E-01  0.6936000E-01  0.6568000E-01  0.6218000E-01   0.000000       0.000000       0.000000       0.000000    
  0.7067250E-01  0.6788000E-01  0.3430260E-01   0.000000       0.000000       0.000000      0.2213220E-01  0.6458000E-01  0.6476250E-01  0.6947640E-01  0.7212500E-01  0.7763000E-01  0.7892000E-01  0.7549000E-01  0.7777000E-01  0.8032000E-01  0.7906000E-01  0.8074000E-01  0.8056000E-01  0.7835000E-01  0.7487000E-01  0.7097000E-01  0.6712000E-01  0.6349000E-01  0.6570000E-01  0.6216000E-01   0.000000       0.000000       0.000000       0.000000    
  0.6788000E-01  0.3406090E-01   0.000000       0.000000       0.000000      0.2167800E-01  0.6458000E-01  0.6467120E-01  0.7026530E-01  0.7487750E-01  0.7763000E-01  0.7827500E-01  0.7670000E-01  0.7476000E-01  0.7654000E-01  0.7838000E-01  0.7993000E-01  0.7684000E-01  0.7660000E-01  0.7507000E-01  0.7257000E-01  0.6953000E-01  0.6629000E-01  0.6301000E-01   0.000000       0.000000       0.000000       0.000000       0.000000       0.000000    
  0.3398030E-01   0.000000       0.000000       0.000000      0.2156450E-01  0.6458000E-01  0.6462560E-01  0.7068010E-01  0.7625370E-01  0.7763000E-01  0.7795250E-01  0.7684130E-01  0.7476000E-01  0.7565000E-01  0.7656000E-01  0.7828330E-01  0.7838330E-01  0.7779000E-01  0.7427200E-01  0.7243000E-01  0.7056000E-01  0.6814000E-01  0.6539000E-01  0.6241000E-01   0.000000       0.000000       0.000000       0.000000       0.000000       0.000000    
   0.000000       0.000000       0.000000      0.2153610E-01  0.6458000E-01  0.6460280E-01  0.7089150E-01  0.7694190E-01  0.7763000E-01  0.7779120E-01  0.7679590E-01  0.7476000E-01  0.7520500E-01  0.7565670E-01  0.7683110E-01  0.7774220E-01  0.7815220E-01  0.7445810E-01  0.7142500E-01  0.7042000E-01  0.6898000E-01  0.6702000E-01  0.6464000E-01   0.000000       0.000000       0.000000       0.000000       0.000000       0.000000       0.000000    
   0.000000       0.000000      0.2152900E-01  0.6458000E-01  0.6459140E-01  0.7099810E-01  0.7728590E-01  0.7763000E-01  0.7771060E-01  0.7674430E-01  0.7476000E-01  0.7498250E-01  0.7520720E-01  0.7589760E-01  0.7674330E-01  0.7757520E-01  0.7433900E-01  0.7092250E-01  0.7042000E-01  0.6794330E-01  0.6443000E-01  0.6296000E-01  0.6102000E-01   0.000000      0.6173000E-01   0.000000       0.000000       0.000000       0.000000       0.000000    
   0.000000      0.2152730E-01  0.6458000E-01  0.6458570E-01  0.7105150E-01  0.7745800E-01  0.7763000E-01  0.7767030E-01  0.7671120E-01  0.7476000E-01  0.7487120E-01  0.7498320E-01  0.7536240E-01  0.7594940E-01  0.7673870E-01  0.7351980E-01  0.7067120E-01  0.7042000E-01  0.6719830E-01  0.6406500E-01  0.5149800E-01   0.000000      0.6429000E-01  0.6183000E-01   0.000000       0.000000       0.000000       0.000000       0.000000       0.000000    
  0.2152680E-01  0.6458000E-01  0.6458290E-01  0.7107820E-01  0.7754400E-01  0.7763000E-01  0.7765020E-01  0.7669290E-01  0.7476000E-01  0.7481560E-01  0.7487150E-01  0.7507230E-01  0.7543170E-01  0.7245760E-01  0.7026810E-01  0.6837830E-01  0.6827000E-01  0.6715100E-01  0.6556000E-01  0.6636500E-01  0.6370000E-01  0.6640000E-01   0.000000       0.000000       0.000000       0.000000       0.000000       0.000000       0.000000       0.000000    
  0.6458000E-01  0.6458140E-01  0.7109160E-01  0.7758700E-01  0.7763000E-01  0.7764010E-01  0.7668330E-01  0.7476000E-01  0.7478780E-01  0.7481570E-01  0.7491980E-01  0.7512520E-01  0.6924460E-01  0.6176370E-01  0.6178000E-01  0.6524270E-01  0.6619370E-01  0.6612000E-01  0.6645690E-01  0.6625000E-01  0.6903000E-01  0.6471000E-01  0.6084000E-01   0.000000       0.000000       0.000000       0.000000       0.000000       0.000000       0.000000    
  0.6458070E-01  0.7109830E-01  0.7760850E-01  0.7763000E-01  0.7763500E-01  0.7667830E-01  0.7476000E-01  0.7477390E-01  0.7478780E-01  0.7484110E-01  0.4497210E-01   0.000000      0.4094710E-01  0.6149750E-01  0.6174750E-01  0.6178000E-01  0.6472700E-01  0.6626750E-01  0.6612000E-01  0.6709250E-01  0.6602000E-01  0.6609000E-01  0.6549000E-01  0.6138000E-01   0.000000       0.000000       0.000000       0.000000       0.000000       0.000000    
  0.7110170E-01  0.7761920E-01  0.7763000E-01  0.7763250E-01  0.7667580E-01  0.7476000E-01  0.7476690E-01  0.7477390E-01  0.7480100E-01  0.3892020E-01   0.000000       0.000000       0.000000      0.4052730E-01  0.6096510E-01  0.6171500E-01  0.6178000E-01  0.6474060E-01  0.6641500E-01  0.6612000E-01  0.6720000E-01  0.6801000E-01  0.6818000E-01  0.6721000E-01  0.6242000E-01   0.000000       0.000000       0.000000       0.000000       0.000000    
  0.7762460E-01  0.7763000E-01  0.7763130E-01  0.7667460E-01  0.7476000E-01  0.7476350E-01  0.7476700E-01  0.5608550E-01  0.3141580E-01   0.000000       0.000000       0.000000       0.000000       0.000000      0.3939650E-01  0.5940040E-01  0.6165000E-01  0.6178000E-01  0.6464750E-01  0.6671000E-01  0.6851000E-01  0.7030000E-01  0.7164000E-01  0.7174000E-01  0.6445000E-01   0.000000       0.000000       0.000000       0.000000       0.000000    
  0.7763000E-01  0.7763060E-01  0.7667400E-01  0.7476000E-01  0.7476170E-01  0.4485810E-01   0.000000       0.000000       0.000000       0.000000       0.000000       0.000000       0.000000       0.000000       0.000000      0.3647080E-01  0.5477110E-01  0.6152000E-01  0.6178000E-01  0.6398000E-01  0.6671000E-01  0.6991000E-01  0.6768000E-01  0.7238000E-01  0.7201000E-01  0.6733000E-01   0.000000       0.000000       0.000000       0.000000    
  0.7763030E-01  0.7667360E-01  0.7476000E-01  0.7476090E-01  0.3887600E-01   0.000000       0.000000       0.000000       0.000000       0.000000       0.000000       0.000000       0.000000       0.000000       0.000000       0.000000      0.2946210E-01  0.4101330E-01  0.6126000E-01  0.6380000E-01  0.6098000E-01  0.6581000E-01  0.7204000E-01  0.7892000E-01  0.8155000E-01  0.7447000E-01  0.6455000E-01   0.000000       0.000000       0.000000    
