iMOD/TUTORIALS/TUT_MetaswapAnalyser/model_MetaSWAP/meteo/Precipitation/Precipitation_20051211_L1.ASC
NCOLS                30
NROWS                30
XLLCORNER     160000.00
YLLCORNER     340000.00
CELLSIZE        1000.00
NODATA_VALUE   -9999.00
  0.1236900      0.1392800      0.1567000      0.1753100      0.1928400      0.2042800      0.2066600      0.2028600      0.1955800      0.1860500      0.1758000      0.1656400      0.1558600      0.1448200      0.1350800      0.1253400      0.1142100      0.1051500      0.9537000E-01  0.8574000E-01  0.7642000E-01  0.6813000E-01   0.000000       0.000000       0.000000       0.000000       0.000000       0.000000       0.000000       0.000000    
  0.1293100      0.1443800      0.1604500      0.1769200      0.1918000      0.2025100      0.2075100      0.2074100      0.2036300      0.1966600      0.1881000      0.1795700      0.1709400      0.1607500      0.1512200      0.1397600      0.1287900      0.1172100      0.1058800      0.9379000E-01  0.8210000E-01  0.7167000E-01   0.000000       0.000000       0.000000       0.000000       0.000000       0.000000       0.000000       0.000000    
  0.1326600      0.1466900      0.1613700      0.1758700      0.1885600      0.1985800      0.2046800      0.2068400      0.2056100      0.2016900      0.1960300      0.1897300      0.1829700      0.1744900      0.1659500      0.1549600      0.1431900      0.1297700      0.1152800      0.1005900      0.8723000E-01  0.7472000E-01   0.000000       0.000000       0.000000       0.000000       0.000000       0.000000       0.000000       0.000000    
  0.1340600      0.1468200      0.1599100      0.1726200      0.1840700      0.1933200      0.1997300      0.2028500      0.2036100      0.2022500      0.1994600      0.1956900      0.1913500      0.1853500      0.1786600      0.1690300      0.1570300      0.1419600      0.1248600      0.1073400      0.9075000E-01  0.7642000E-01   0.000000       0.000000       0.000000       0.000000       0.000000       0.000000       0.000000       0.000000    
  0.1338900      0.1453100      0.1568300      0.1679400      0.1779900      0.1863900      0.1927100      0.1968300      0.1989000      0.1993300      0.1985500      0.1971400      0.1951600      0.1920900      0.1885500      0.1816200      0.1696400      0.1528400      0.1325100      0.1117600      0.9260000E-01  0.7615000E-01   0.000000       0.000000       0.000000       0.000000       0.000000       0.000000       0.000000       0.000000    
  0.1324900      0.1425500      0.1525900      0.1621900      0.1709200      0.1783800      0.1843100      0.1885800      0.1912800      0.1928400      0.1936400      0.1940400      0.1942800      0.1943100      0.1943400      0.1913900      0.1824400      0.1636000      0.1387300      0.1143100      0.9300000E-01  0.7551000E-01   0.000000       0.000000       0.000000       0.000000       0.000000       0.000000       0.000000       0.000000    
  0.1285000      0.1388900      0.1474900      0.1556700      0.1631300      0.1695400      0.1747700      0.1786100      0.1814300      0.1834300      0.1848700      0.1861500      0.1876700      0.1898700      0.1936400      0.1961800      0.1941600      0.1715600      0.1398100      0.1120800      0.8989000E-01  0.7245000E-01   0.000000       0.000000       0.000000       0.000000       0.000000       0.000000       0.000000       0.000000    
  0.1239500      0.1328100      0.1418400      0.1486500      0.1547900      0.1599200      0.1641600      0.1674200      0.1698200      0.1714900      0.1727000      0.1737800      0.1751500      0.1776900      0.1822500      0.1867500      0.1930700      0.1655300      0.1306500      0.1034400      0.8258000E-01  0.6671000E-01   0.000000       0.000000       0.000000       0.000000       0.000000       0.000000       0.000000       0.000000    
  0.1203300      0.1278500      0.1338800      0.1413000      0.1459000      0.1500300      0.1531700      0.1554500      0.1569300      0.1577000      0.1579100      0.1578200      0.1577000      0.1610200      0.1602500      0.1594200      0.1538400      0.1352100      0.1102400      0.8847000E-01  0.7147000E-01   0.000000       0.000000       0.000000       0.000000       0.000000       0.000000       0.000000       0.000000       0.000000    
  0.1164000      0.1226800      0.1274900      0.1323300      0.1371300      0.1400300      0.1419200      0.1430900      0.1433900      0.1428700      0.1416100      0.1397200      0.1373000      0.1369500      0.1330700      0.1266000      0.1167600      0.1020500      0.8529000E-01  0.7022000E-01   0.000000       0.000000       0.000000       0.000000       0.000000       0.000000       0.000000       0.000000       0.000000       0.000000    
  0.1168230      0.1221900      0.1268170      0.1247700      0.1273800      0.1300600      0.1308900      0.1308400      0.1298500      0.1279000      0.1250000      0.1211400      0.1198800      0.1192400      0.1101700      0.9867000E-01  0.8588000E-01  0.7246000E-01   0.000000       0.000000       0.000000       0.000000       0.000000       0.000000       0.000000       0.000000       0.000000       0.000000       0.000000       0.000000    
  0.1167980      0.1226500      0.1247700      0.1205270      0.1190000      0.1195400      0.1193500      0.1191500      0.1169200      0.1136100      0.1202100      0.1128700      0.1087300      0.9790000E-01  0.8597000E-01  0.7256000E-01   0.000000       0.000000       0.000000       0.000000       0.000000       0.000000       0.000000       0.000000       0.000000       0.000000       0.000000       0.000000       0.000000       0.000000    
  0.1189360      0.1247700      0.1178090      0.1149800      0.1109600      0.1106400      0.1095300      0.1074500      0.1197100      0.1139900      0.1065800      0.1041500      0.9242000E-01  0.7955000E-01  0.6617000E-01   0.000000       0.000000       0.000000       0.000000       0.000000       0.000000       0.000000       0.000000       0.000000       0.000000       0.000000       0.000000       0.000000       0.000000       0.000000    
  0.1247700      0.1166270      0.1129700      0.1109600      0.1080900      0.1026700      0.1198400      0.1154900      0.1099100      0.1030400      0.9481000E-01  0.9144000E-01  0.7890000E-01  0.6535000E-01   0.000000       0.000000       0.000000       0.000000       0.000000       0.000000       0.000000       0.000000       0.000000       0.000000       0.000000       0.000000       0.000000       0.000000       0.000000       0.000000    
  0.1160810      0.1119650      0.1109600      0.1072400      0.1026700      0.1118270      0.1129700      0.1079300      0.1017000      0.9422000E-01  0.9240000E-01  0.8089000E-01  0.6842000E-01   0.000000       0.000000       0.000000       0.000000       0.000000       0.000000       0.000000       0.000000       0.000000       0.000000       0.000000       0.000000       0.000000       0.000000       0.000000       0.000000       0.000000    
  0.1114630      0.1109600      0.1069570      0.1026700      0.1091560      0.1129700      0.1104500      0.1075330      0.9986750E-01  0.9562000E-01  0.8508000E-01  0.7369000E-01   0.000000       0.000000       0.000000       0.000000       0.000000       0.000000       0.000000       0.000000       0.000000       0.000000       0.000000       0.000000       0.000000       0.000000       0.000000       0.000000       0.000000       0.000000    
  0.1109600      0.1068620      0.1026700      0.1082650      0.1129700      0.1117100      0.1103180      0.1033680      0.9562000E-01  0.9035000E-01  0.7834400E-01  0.6891000E-01   0.000000       0.000000       0.000000       0.000000       0.000000       0.000000       0.000000       0.000000       0.000000       0.000000       0.000000       0.000000       0.000000       0.000000       0.000000       0.000000       0.000000       0.000000    
  0.1068310      0.1026700      0.1079680      0.1129700      0.1123400      0.1116660      0.1052540      0.9562000E-01  0.9298500E-01  0.8027980E-01  0.6866500E-01  0.6842000E-01   0.000000       0.000000       0.000000       0.000000       0.000000       0.000000       0.000000       0.000000       0.000000       0.000000       0.000000       0.000000       0.000000       0.000000       0.000000       0.000000       0.000000       0.000000    
  0.1026700      0.1078690      0.1129700      0.1126550      0.1123250      0.1062200      0.9562000E-01  0.9430250E-01  0.8116950E-01  0.6854250E-01  0.6842000E-01  0.3421000E-01  0.1710500E-01   0.000000       0.000000       0.000000       0.000000       0.000000       0.000000       0.000000       0.000000       0.000000       0.000000       0.000000       0.000000       0.000000       0.000000       0.000000       0.000000       0.000000    
  0.1078360      0.1129700      0.1128130      0.1126500      0.1067050      0.9562000E-01  0.9496130E-01  0.8159860E-01  0.6848130E-01  0.6842000E-01  0.5131500E-01  0.2993380E-01   0.000000       0.000000       0.000000       0.000000       0.000000       0.000000       0.000000       0.000000       0.000000       0.000000       0.000000       0.000000       0.000000       0.000000       0.000000       0.000000       0.000000       0.000000    
  0.1129700      0.1128910      0.1128110      0.1069470      0.9562000E-01  0.9529060E-01  0.8181010E-01  0.6845060E-01  0.6842000E-01  0.5986750E-01  0.3741720E-01   0.000000       0.000000       0.000000       0.000000       0.000000       0.000000       0.000000       0.000000       0.000000       0.000000       0.000000       0.000000       0.000000       0.000000       0.000000       0.000000       0.000000       0.000000       0.000000    
  0.1129310      0.1128910      0.1070670      0.9562000E-01  0.9545530E-01  0.8191520E-01  0.6843530E-01  0.6842000E-01  0.6414370E-01  0.4142620E-01   0.000000       0.000000       0.000000       0.000000       0.000000       0.000000       0.000000       0.000000       0.000000       0.000000       0.000000       0.000000       0.000000       0.000000       0.000000       0.000000       0.000000       0.000000       0.000000       0.000000    
  0.1129300      0.1071270      0.9562000E-01  0.9553770E-01  0.8196760E-01  0.6842770E-01  0.6842000E-01  0.6628190E-01  0.4349750E-01   0.000000       0.000000       0.000000       0.000000       0.000000       0.000000       0.000000       0.000000       0.000000       0.000000       0.000000       0.000000       0.000000       0.000000       0.000000       0.000000       0.000000       0.000000       0.000000       0.000000       0.000000    
  0.1071570      0.9562000E-01  0.9557880E-01  0.8199380E-01  0.6842380E-01  0.6842000E-01  0.6735090E-01  0.4454980E-01   0.000000       0.000000       0.000000       0.000000       0.000000       0.000000       0.000000       0.000000       0.000000       0.000000       0.000000       0.000000       0.000000       0.000000       0.000000       0.000000       0.000000       0.000000       0.000000       0.000000       0.000000       0.000000    
  0.9562000E-01  0.9559940E-01  0.8200690E-01  0.6842190E-01  0.6842000E-01  0.6788550E-01  0.4508020E-01   0.000000       0.000000       0.000000       0.000000       0.000000       0.000000       0.000000       0.000000       0.000000       0.000000       0.000000       0.000000       0.000000       0.000000       0.000000       0.000000       0.000000       0.000000       0.000000       0.000000       0.000000       0.000000       0.000000    
  0.9560970E-01  0.8201350E-01  0.6842100E-01  0.6842000E-01  0.6815270E-01  0.4534640E-01   0.000000       0.000000       0.000000       0.000000      0.2754000E-01  0.6885000E-01  0.2294440E-01   0.000000       0.000000       0.000000       0.000000       0.000000       0.000000       0.000000       0.000000       0.000000       0.000000       0.000000       0.000000       0.000000       0.000000       0.000000       0.000000       0.000000    
  0.8201670E-01  0.6842050E-01  0.6842000E-01  0.6828640E-01  0.4547980E-01   0.000000       0.000000       0.000000       0.000000      0.3304800E-01  0.6885000E-01  0.6885000E-01  0.6885000E-01  0.2292760E-01   0.000000       0.000000       0.000000       0.000000       0.000000       0.000000       0.000000       0.000000       0.000000       0.000000       0.000000       0.000000       0.000000       0.000000       0.000000       0.000000    
  0.6842020E-01  0.6842000E-01  0.6835320E-01  0.4554650E-01   0.000000       0.000000       0.000000      0.3718750E-01  0.5771200E-01  0.6888770E-01  0.6885000E-01  0.6885000E-01  0.6885000E-01  0.6885000E-01  0.2286040E-01   0.000000       0.000000       0.000000       0.000000       0.000000       0.000000       0.000000       0.000000       0.000000       0.000000       0.000000       0.000000       0.000000       0.000000       0.000000    
  0.6842000E-01  0.6838660E-01  0.4557990E-01   0.000000       0.000000      0.6468620E-01  0.1617000      0.1552250      0.1487500      0.9558640E-01  0.6896310E-01  0.6885000E-01  0.6885000E-01  0.6885000E-01  0.6885000E-01  0.2259140E-01   0.000000       0.000000       0.000000       0.000000       0.000000       0.000000       0.000000       0.000000       0.000000       0.000000       0.000000       0.000000       0.000000       0.000000    
  0.6840330E-01  0.4559660E-01   0.000000       0.000000      0.7764170E-01  0.1617310      0.1617310      0.1617000      0.1552260      0.1487500      0.9578260E-01  0.6918930E-01  0.6885000E-01  0.6885000E-01  0.6885000E-01  0.6885000E-01  0.2151560E-01   0.000000       0.000000       0.000000       0.000000       0.000000       0.000000       0.000000       0.000000       0.000000       0.000000       0.000000       0.000000       0.000000    
