iMOD/TUTORIALS/TUT_MetaswapAnalyser/model_MetaSWAP/meteo/Precipitation/Precipitation_20061028_L1.ASC
NCOLS                30
NROWS                30
XLLCORNER     160000.00
YLLCORNER     340000.00
CELLSIZE        1000.00
NODATA_VALUE   -9999.00
   1.003130       1.020180       1.036400       1.053070       1.072040       1.098790       1.132870       1.168900       1.198330       1.197610       1.163220       1.119320       1.073790       1.034040      0.9922200      0.9554000      0.8958700      0.8634600      0.8353500      0.8106900      0.7890300      0.7697100      0.7526100      0.7442500      0.7294600      0.7159200      0.7036100      0.6927900      0.6842900      0.6815400    
  0.9900500       1.006290       1.012240       1.031390       1.052470       1.078910       1.109910       1.143870       1.178910       1.176970       1.120440       1.064730       1.011350      0.9666900      0.9206700      0.8591100      0.8231000      0.7991900      0.7752900      0.7569100      0.7421500      0.7296300      0.7186700      0.7149200      0.7040700      0.6930300      0.6816400      0.6699900      0.6707500      0.6623300    
  0.9631600      0.9801500      0.9966200       1.012710       1.025820       1.048900       1.073460       1.097240       1.112380       1.099670       1.054200      0.9988500      0.9442500      0.8938900      0.8469300      0.7901700      0.7546800      0.7283400      0.7104200      0.6989800      0.6910500      0.6858200      0.6882800      0.6831400      0.6770800      0.6696800      0.6734700      0.6601600      0.6467900      0.6293100    
  0.9371300      0.9538700      0.9698500      0.9848000       1.000880       1.016970       1.031800       1.039430       1.037840       1.018220      0.9791300      0.9279400      0.8725400      0.8207700      0.7700800      0.7162900      0.6808100      0.6579700      0.6465200      0.6431000      0.6441000      0.6527500      0.6548300      0.6695600      0.6677500      0.6632700      0.6558500      0.6452800      0.6332500      0.6153900    
  0.9119000      0.9276100      0.9413600      0.9549500      0.9673500      0.9778800      0.9849800      0.9850000      0.9747900      0.9510600      0.9076300      0.8602100      0.8072200      0.7542200      0.6958000      0.6436600      0.6135200      0.5955900      0.5933700      0.6004600      0.6199900      0.6310900      0.6397300      0.6449000      0.6484900      0.6489400      0.6462400      0.6432800      0.6347300      0.6272200    
  0.8876300      0.9012100      0.9138200      0.9246700      0.9333200      0.9388700      0.9419000      0.9331500      0.9026700      0.8783700      0.8432700      0.7985000      0.7447400      0.6892300      0.6353000      0.5785600      0.5384600      0.5259200      0.5356700      0.5544100      0.5820100      0.6009000      0.6160800      0.6283300      0.6370700      0.6414900      0.6440300      0.6468500      0.6454200      0.6456500    
  0.8539400      0.8767000      0.8871300      0.8952900      0.9036900      0.9048200      0.9009600      0.8662400      0.8496000      0.8242900      0.7896100      0.7462200      0.6953900      0.6379900      0.5851700      0.5189600      0.4659900      0.4628200      0.4906600      0.5267000      0.5556800      0.5806900      0.6016000      0.6178800      0.6311400      0.6412100      0.6518200      0.6569200      0.6610300      0.6667700    
  0.8193000      0.8460300      0.8660600      0.8714200      0.8735900      0.8594600      0.8340700      0.8229600      0.8054500      0.7802200      0.7470500      0.7062800      0.6586100      0.6053800      0.5576700      0.4891000      0.4206900      0.4309300      0.4736500      0.5109500      0.5435900      0.5717100      0.5956000      0.6150400      0.6317400      0.6491500      0.6605800      0.6706100      0.6772400      0.6885600    
  0.8015200      0.8238900      0.8307500      0.8464400      0.8306100      0.8282200      0.7989000      0.7867700      0.7693100      0.7454300      0.7150200      0.6783600      0.6361000      0.6153100      0.5548600      0.4993700      0.4590100      0.4571500      0.4834700      0.5154300      0.5461200      0.5738700      0.5984000      0.6192800      0.6416800      0.6582900      0.6733000      0.6837400      0.6985400      0.7135200    
  0.7824300      0.8037700      0.8091000      0.7928800      0.8043700      0.8009000      0.7680500      0.7566700      0.7403200      0.7187900      0.6921400      0.6607900      0.6255500      0.6184300      0.5713000      0.5285900      0.5000700      0.4972400      0.5122700      0.5357500      0.5613100      0.5855800      0.6087500      0.6302000      0.6526700      0.6711900      0.6850200      0.7030700      0.7212200      0.7396300    
  0.7864930      0.7984330      0.7938950      0.7698300      0.7697800      0.7637200      0.7424200      0.7318700      0.7173500      0.6988200      0.6765500      0.6510900      0.6717700      0.6284900      0.5842100      0.5580800      0.5410800      0.5390600      0.5485600      0.5651300      0.5848800      0.6056000      0.6263100      0.6495400      0.6653500      0.6836900      0.7036800      0.7241100      0.7451500      0.7660500    
  0.7858920      0.7871630      0.7698300      0.7509020      0.7488100      0.7315700      0.7110800      0.7114900      0.6991900      0.6839700      0.6660800      0.6465600      0.6765800      0.6303700      0.6081000      0.5909200      0.5821900      0.5802100      0.5869700      0.5981900      0.6122100      0.6281500      0.6447400      0.6630000      0.6822200      0.7013600      0.7224800      0.7447800      0.7683100      0.7930200    
  0.7791660      0.7698300      0.7419810      0.7320000      0.7151900      0.6967400      0.6921200      0.6851900      0.6763100      0.6724700      0.6591100      0.6878400      0.6654400      0.6456400      0.6312300      0.6213400      0.6184400      0.6216800      0.6255400      0.6316800      0.6403200      0.6513100      0.6649400      0.6809000      0.6989400      0.7189100      0.7395500      0.7632000      0.7887700      0.8162300    
  0.7698300      0.7376490      0.7235950      0.7151900      0.6971130      0.6794100      0.6759800      0.6706600      0.6638100      0.6705500      0.6598800      0.6905000      0.6733800      0.6593800      0.6498900      0.6472500      0.6482400      0.6573500      0.6644300      0.6635800      0.6661600      0.6727600      0.6668200      0.6775700      0.6918000      0.7092900      0.7295600      0.7533800      0.7804500      0.8108000    
  0.7355150      0.7193930      0.7151900      0.6972380      0.6794100      0.6689370      0.6514200      0.6483800      0.6444200      0.6399000      0.6812500      0.6696800      0.6603100      0.6541900      0.6524500      0.6632800      0.6710500      0.6848300      0.6940900      0.6823200      0.6731300      0.6726700      0.6773000      0.6864400      0.6996700      0.7167400      0.7375300      0.7615900      0.7898300      0.8156200    
  0.7172910      0.7151900      0.6972790      0.6794100      0.6665890      0.6514200      0.6499000      0.6480730      0.6553600      0.6887400      0.6783400      0.6695300      0.6630200      0.6596500      0.6523500      0.6585100      0.6663300      0.6814600      0.6883400      0.6833500      0.6788900      0.6744500      0.6777800      0.6856400      0.6978200      0.7141800      0.7346500      0.7592500      0.7881100      0.8212200    
  0.7151900      0.6972930      0.6794100      0.6658060      0.6514200      0.6506600      0.6497980      0.6605180      0.6887400      0.6835400      0.6712800      0.6674800      0.6517400      0.6499900      0.6393900      0.6460200      0.6600200      0.6693400      0.6746900      0.6750900      0.6744600      0.6759900      0.6810000      0.6842400      0.6964800      0.7128300      0.7333100      0.7579600      0.7868100      0.8183800    
  0.6972980      0.6794100      0.6655450      0.6514200      0.6510400      0.6506260      0.6624290      0.6887400      0.6861400      0.6711530      0.6598950      0.6523100      0.6479200      0.6288200      0.6310600      0.6357300      0.6483100      0.6544800      0.6590200      0.6615800      0.6636900      0.6671900      0.6733400      0.6828000      0.6901100      0.7065500      0.7269400      0.7513500      0.7797700      0.8107300    
  0.6794100      0.6654580      0.6514200      0.6512300      0.6510290      0.6632090      0.6887400      0.6874400      0.6708890      0.6561030      0.6523100      0.6501150      0.6368200      0.6182300      0.6192600      0.6220200      0.6258100      0.6380100      0.6418600      0.6452400      0.6488600      0.6538000      0.6609700      0.6710400      0.6843900      0.7012200      0.7158800      0.7398400      0.7662200      0.8001400    
  0.6654290      0.6514200      0.6513250      0.6512260      0.6635520      0.6887400      0.6880900      0.6707170      0.6542060      0.6523100      0.6512130      0.6393690      0.6182300      0.6187450      0.6198370      0.6223630      0.6286130      0.6352270      0.6318700      0.6269700      0.6312700      0.6370100      0.6448800      0.6554000      0.6689300      0.6857000      0.7116400      0.7343500      0.7641600      0.7852300    
  0.6514200      0.6513720      0.6513240      0.6637110      0.6887400      0.6884150      0.6706230      0.6532580      0.6523100      0.6517610      0.6402800      0.6182300      0.6184870      0.6189370      0.6203150      0.6236040      0.6287340      0.6240200      0.6171200      0.6072700      0.6116600      0.6177100      0.6259000      0.6433500      0.6564800      0.6727200      0.6955500      0.7178000      0.7428100      0.7703400    
  0.6513960      0.6513720      0.6637870      0.6887400      0.6885780      0.6705740      0.6527840      0.6523100      0.6520360      0.6406450      0.6182300      0.6183590      0.6185520      0.6192470      0.6209520      0.6242180      0.6191650      0.6121950      0.6072700      0.6063300      0.6000600      0.6048400      0.6120900      0.6221100      0.6389000      0.6542100      0.6731600      0.6947900      0.7188700      0.7454200    
  0.6513960      0.6638240      0.6887400      0.6886590      0.6705500      0.6525470      0.6523100      0.6521730      0.6408050      0.6182300      0.6182940      0.6183800      0.6187190      0.6195830      0.6214720      0.6038620      0.6097330      0.6072700      0.5801090      0.5721850      0.5785860      0.5828600      0.5918600      0.6018900      0.6148100      0.6306500      0.6493600      0.6705500      0.6938500      0.7190500    
  0.6638420      0.6887400      0.6886990      0.6705370      0.6524290      0.6523100      0.6522410      0.6408800      0.6182300      0.6182620      0.6183010      0.6184640      0.6188940      0.5750740      0.5523210      0.5452570      0.5452400      0.5448390      0.5436330      0.5346500      0.5443100      0.5608600      0.5677700      0.5772900      0.5901100      0.6061800      0.6251400      0.6464100      0.6693200      0.7005400    
  0.6887400      0.6887200      0.6705310      0.6523690      0.6523100      0.6522760      0.6409150      0.6182300      0.6182460      0.6182650      0.6183430      0.6185530      0.5384150      0.4400840      0.4405200      0.4832310      0.4807970      0.4832100      0.5099750      0.5240630      0.5249900      0.5281500      0.5425800      0.5517300      0.5646700      0.5813300      0.6012000      0.6234000      0.6528800      0.6754500    
  0.6887300      0.6705280      0.6523400      0.6523100      0.6522930      0.6409330      0.6182300      0.6182380      0.6182470      0.6182840      0.5223320      0.3782500      0.4190380      0.4395600      0.4396480      0.4405200      0.4663680      0.4783850      0.4832100      0.4979750      0.5028900      0.5043700      0.5091100      0.5255300      0.5387800      0.5566000      0.5783100      0.6076500      0.6328900      0.6571600    
  0.6705270      0.6523250      0.6523100      0.6523010      0.6409410      0.6182300      0.6182340      0.6182380      0.6182560      0.5030730      0.3782500      0.3782500      0.3782500      0.4182580      0.4385130      0.4387760      0.4405200      0.4633590      0.4735600      0.4832100      0.4808100      0.4809000      0.4844500      0.4926400      0.5126400      0.5323100      0.5605800      0.5891700      0.6185800      0.6475100    
  0.6523170      0.6523100      0.6523060      0.6409460      0.6182300      0.6182320      0.6182340      0.5511550      0.4727410      0.3782350      0.3782500      0.3782500      0.3782500      0.3782500      0.4166210      0.4362420      0.4370320      0.4405200      0.4561450      0.4639100      0.4600800      0.4584800      0.4602600      0.4672800      0.4817200      0.5103800      0.5409300      0.5749100      0.6100000      0.6450000    
  0.6523100      0.6523080      0.6409480      0.6182300      0.6182310      0.5154530      0.3612800      0.3555850      0.3498900      0.3687550      0.3782040      0.3782500      0.3782500      0.3782500      0.3782500      0.4132170      0.4311750      0.4335450      0.4405200      0.4369400      0.4342800      0.4329600      0.4281000      0.4392900      0.4563000      0.4851200      0.5248400      0.5656500      0.6071700      0.6482300    
  0.6523090      0.6409490      0.6182300      0.6182300      0.4949010      0.3612880      0.3612880      0.3612800      0.3555850      0.3498900      0.3686770      0.3781130      0.3782500      0.3782500      0.3782500      0.3782500      0.4064090      0.4194600      0.4265700      0.4227700      0.4054300      0.4074200      0.4097400      0.4144400      0.4304200      0.4676900      0.5154400      0.5624800      0.6109400      0.6573700    
