iMOD/TUTORIALS/TUT_MetaswapAnalyser/model_MetaSWAP/meteo/Precipitation/Precipitation_20060924_L1.ASC
NCOLS                30
NROWS                30
XLLCORNER     160000.00
YLLCORNER     340000.00
CELLSIZE        1000.00
NODATA_VALUE   -9999.00
   1.124370       1.117500       1.108430       1.095670       1.075220       1.037010      0.9802700      0.9160000      0.8513500      0.7929100      0.7431800      0.6995000      0.6610500      0.6298400      0.6005900      0.5754100      0.5502800      0.5331800      0.5212000      0.5129000      0.5077900      0.5150000      0.5158400      0.5214600      0.5250900      0.5296800      0.5348200      0.5400700      0.5448700      0.5517600    
   1.118210       1.108310       1.091200       1.073400       1.047620       1.008920      0.9581200      0.8993900      0.8377200      0.7810900      0.7352300      0.6920100      0.6523500      0.6192900      0.5887300      0.5589200      0.5386000      0.5239500      0.5129700      0.5075200      0.5057200      0.5155000      0.5196800      0.5282400      0.5347100      0.5417900      0.5490600      0.5560700      0.5694300      0.5758800    
   1.103040       1.090730       1.074120       1.052720       1.020480      0.9821400      0.9350900      0.8816900      0.8251000      0.7728000      0.7262100      0.6816600      0.6406900      0.6058100      0.5736700      0.5438700      0.5234200      0.5097700      0.5024800      0.5004900      0.5012100      0.5139800      0.5247200      0.5334700      0.5429000      0.5525700      0.5697900      0.5773800      0.5872800      0.5899400    
   1.086180       1.071600       1.052540       1.028840      0.9975700      0.9593400      0.9146500      0.8643300      0.8119900      0.7630700      0.7163200      0.6701900      0.6276000      0.5902800      0.5559900      0.5254900      0.5045300      0.4922800      0.4880600      0.4900800      0.4963900      0.5072100      0.5257400      0.5460400      0.5580200      0.5695500      0.5802400      0.5896800      0.6005300      0.6043400    
   1.068880       1.052390       1.032410       1.006380      0.9748000      0.9375700      0.8952600      0.8532500      0.8035400      0.7540900      0.7061400      0.6618300      0.6170300      0.5771400      0.5369400      0.5046400      0.4861500      0.4760200      0.4765000      0.4840900      0.4999800      0.5136800      0.5362400      0.5489100      0.5637900      0.5778400      0.5906900      0.6063700      0.6141700      0.6194000    
   1.051990       1.034690       1.012550      0.9858800      0.9544300      0.9182900      0.8861900      0.8394000      0.7921800      0.7440600      0.6964000      0.6495900      0.6033500      0.5619500      0.5216500      0.4849400      0.4595900      0.4517800      0.4586200      0.4725800      0.4930900      0.5110500      0.5365800      0.5549800      0.5724300      0.5867600      0.6016400      0.6189700      0.6284800      0.6351900    
   1.031560       1.017280      0.9944400      0.9675600      0.9497300      0.9126700      0.8722100      0.8278100      0.7821100      0.7355700      0.6887200      0.6420100      0.5956800      0.5500200      0.5085200      0.4649100      0.4308600      0.4277800      0.4448500      0.4683600      0.4900900      0.5115000      0.5322900      0.5603700      0.5800700      0.5983200      0.6201100      0.6336000      0.6437100      0.6519600    
   1.035800       1.016630      0.9963400      0.9675000      0.9350800      0.9088000      0.8602200      0.8181500      0.7744500      0.7296000      0.6841200      0.6384000      0.5927000      0.5477500      0.5048600      0.4588000      0.4147700      0.4190900      0.4446600      0.4691600      0.4930500      0.5162600      0.5387000      0.5683700      0.5897600      0.6154600      0.6329600      0.6482100      0.6561800      0.6678100    
   1.045890       1.002440      0.9776800      0.9542600      0.9353300      0.8996100      0.8514700      0.8112300      0.7695200      0.7266500      0.6831200      0.6393300      0.5957000      0.5596900      0.5147900      0.4750100      0.4463200      0.4425800      0.4585800      0.4798700      0.5027100      0.5258300      0.5486900      0.5792500      0.6076100      0.6284100      0.6473600      0.6583600      0.6742200      0.6871100    
   1.034510      0.9899800      0.9655000      0.9544400      0.9273300      0.8929500      0.8451200      0.8070100      0.7674200      0.7268400      0.6857300      0.6446200      0.6040900      0.5725800      0.5345600      0.5009900      0.4783500      0.4731100      0.4811800      0.4970000      0.5166000      0.5397800      0.5621000      0.5843300      0.6215300      0.6432200      0.6571500      0.6763800      0.6933700      0.7075700    
   1.025870      0.9966630      0.9643100      0.9473200      0.9170500      0.8827100      0.8414900      0.8054000      0.7680700      0.7299700      0.6915900      0.6535500      0.6286900      0.5862900      0.5502600      0.5253000      0.5083300      0.5031200      0.5080500      0.5205300      0.5377800      0.5577300      0.5790000      0.6054100      0.6194400      0.6565100      0.6780600      0.6980300      0.7159600      0.7289400    
   1.024910      0.9835410      0.9473200      0.9204900      0.9132400      0.8758000      0.8363300      0.8061900      0.7712000      0.7356700      0.6926500      0.6590000      0.6386200      0.5984700      0.5730100      0.5515400      0.5375000      0.5309400      0.5338800      0.5439400      0.5591200      0.5775300      0.5962100      0.6170800      0.6382100      0.6726700      0.6944000      0.7148800      0.7336600      0.7502700    
   1.001130      0.9473200      0.9202390      0.9087950      0.9043500      0.8673800      0.8369100      0.8053500      0.7616700      0.7333400      0.7020300      0.6745900      0.6450300      0.6179200      0.5958300      0.5765500      0.5633600      0.5574300      0.5582500      0.5665900      0.5809400      0.5980800      0.6171600      0.6373500      0.6580300      0.6787200      0.7145600      0.7353900      0.7548500      0.7725500    
  0.9473200      0.9196200      0.9065720      0.9043500      0.8799100      0.8680000      0.8233600      0.7953600      0.7668700      0.7452700      0.7161100      0.6886200      0.6620200      0.6377600      0.6166200      0.6006700      0.5846800      0.5790100      0.5812400      0.5900900      0.6040000      0.6205500      0.6312100      0.6492000      0.6680600      0.6874100      0.7218100      0.7423600      0.7622300      0.7811400    
  0.9191880      0.9054610      0.9043500      0.8840870      0.8680000      0.8245730      0.7823600      0.7606500      0.7386800      0.7168000      0.6967300      0.6759700      0.6567000      0.6394600      0.6247800      0.6192800      0.6086800      0.6010900      0.6023500      0.6119100      0.6220400      0.6359800      0.6517600      0.6689300      0.6871100      0.7059600      0.7252000      0.7604800      0.7804500      0.7955100    
  0.9049060      0.9043500      0.8854790      0.8680000      0.8249780      0.7823600      0.7715050      0.7605630      0.7360100      0.7279100      0.7084600      0.6900600      0.6731300      0.6581200      0.6424100      0.6328300      0.6258400      0.6231900      0.6255200      0.6329600      0.6435700      0.6548000      0.6691500      0.6849900      0.7019900      0.7198900      0.7384200      0.7574200      0.7931100      0.8124400    
  0.9043500      0.8859430      0.8680000      0.8251130      0.7823600      0.7769320      0.7714760      0.7489970      0.7279100      0.7181850      0.7088460      0.7042700      0.6850600      0.6721700      0.6544700      0.6473100      0.6477500      0.6463700      0.6489800      0.6555000      0.6651100      0.6771100      0.6909700      0.7039700      0.7202200      0.7374200      0.7553500      0.7738300      0.7927000      0.8296600    
  0.8860980      0.8680000      0.8251580      0.7823600      0.7796460      0.7769230      0.7563290      0.7279100      0.7230470      0.7154740      0.7089000      0.7135300      0.7004500      0.6793600      0.6710900      0.6651400      0.6685500      0.6680500      0.6708900      0.6769500      0.6858000      0.6969400      0.7099400      0.7244200      0.7376300      0.7540200      0.7711600      0.7888500      0.8069200      0.8276300    
  0.8680000      0.8251720      0.7823600      0.7810030      0.7796430      0.7602020      0.7279100      0.7254790      0.7182350      0.7112150      0.7135300      0.7069900      0.6967700      0.6937400      0.6867300      0.6818500      0.6792400      0.6881600      0.6912000      0.6970200      0.7053200      0.7157500      0.7279500      0.7415900      0.7563600      0.7720000      0.7858000      0.8024900      0.8217900      0.8377100    
  0.8251770      0.7823600      0.7816820      0.7810020      0.7621900      0.7279100      0.7266940      0.7195050      0.7123730      0.7135300      0.7102600      0.7027570      0.6937400      0.6902350      0.6874400      0.6826070      0.6830830      0.6862000      0.7049560      0.7156300      0.7235400      0.7334000      0.7449100      0.7577600      0.7716500      0.7863300      0.7994000      0.8178200      0.8314200      0.8454200    
  0.7823600      0.7820210      0.7816810      0.7631960      0.7279100      0.7273020      0.7201180      0.7129510      0.7135300      0.7118950      0.7050720      0.6937400      0.6919880      0.6904720      0.6867610      0.6843770      0.6839630      0.7062420      0.7242000      0.7327700      0.7404200      0.7498400      0.7607600      0.7703800      0.7836400      0.7975400      0.8117000      0.8262800      0.8408100      0.8551700    
  0.7821900      0.7820210      0.7637020      0.7279100      0.7276060      0.7204200      0.7132410      0.7135300      0.7127130      0.7060590      0.6937400      0.6928640      0.6920660      0.6897400      0.6872030      0.6850340      0.7071670      0.7284850      0.7327700      0.7418300      0.7523000      0.7618300      0.7726600      0.7845300      0.7945600      0.8099500      0.8234000      0.8367300      0.8497900      0.8622600    
  0.7821900      0.7639560      0.7279100      0.7277580      0.7205700      0.7133850      0.7135300      0.7131210      0.7065100      0.6937400      0.6933020      0.6928900      0.6915570      0.6896700      0.6873250      0.7138030      0.7306280      0.7327700      0.7501360      0.7569100      0.7677380      0.7751100      0.7851000      0.7963000      0.8089900      0.8214800      0.8340000      0.8461600      0.8578000      0.8689300    
  0.7640830      0.7279100      0.7278340      0.7206450      0.7134580      0.7135300      0.7133260      0.7067250      0.6937400      0.6935210      0.6933110      0.6925830      0.6913720      0.7127450      0.7350310      0.7586550      0.7589850      0.7626460      0.7666990      0.7690350      0.7615200      0.7879300      0.7970400      0.8087700      0.8209000      0.8330800      0.8449500      0.8561800      0.8664800      0.8802300    
  0.7279100      0.7278720      0.7206830      0.7134940      0.7135300      0.7134280      0.7068300      0.6937400      0.6936300      0.6935240      0.6931380      0.6924220      0.7324110      0.7826210      0.7824300      0.7783010      0.7863510      0.7852000      0.7784250      0.7741530      0.7765500      0.7828900      0.8088000      0.8205700      0.8326700      0.8447400      0.8563300      0.8670200      0.8802900      0.8872800    
  0.7278910      0.7207010      0.7135120      0.7135300      0.7134790      0.7068820      0.6937400      0.6936850      0.6936310      0.6934310      0.7209410      0.7628100      0.7761060      0.7827320      0.7828120      0.7824300      0.7854390      0.7875030      0.7852000      0.7853120      0.7843900      0.7949100      0.8064000      0.8319300      0.8443300      0.8566500      0.8684400      0.8825400      0.8915500      0.8981800    
  0.7207110      0.7135210      0.7135300      0.7135040      0.7069080      0.6937400      0.6937130      0.6936860      0.6935830      0.7267250      0.7628100      0.7628100      0.7628100      0.7762630      0.7829520      0.7831950      0.7824300      0.7866220      0.7898050      0.7852000      0.7951100      0.8062800      0.8185200      0.8315600      0.8559000      0.8689100      0.8838900      0.8957500      0.9057800      0.9138900    
  0.7135260      0.7135300      0.7135170      0.7069210      0.6937400      0.6937260      0.6937130      0.7080530      0.7311630      0.7628090      0.7628100      0.7628100      0.7628100      0.7628100      0.7764780      0.7832310      0.7839600      0.7824300      0.7890520      0.7944100      0.8049500      0.8169200      0.8301200      0.8442400      0.8589300      0.8826700      0.8973200      0.9106400      0.9224400      0.9328500    
  0.7135300      0.7135240      0.7069270      0.6937400      0.6937330      0.7184180      0.7554500      0.7533400      0.7512300      0.7589480      0.7628080      0.7628100      0.7628100      0.7628100      0.7628100      0.7766770      0.7833040      0.7854900      0.7824300      0.7941700      0.8074300      0.8220800      0.8334500      0.8543600      0.8724900      0.8902300      0.9116000      0.9267800      0.9406500      0.9533800    
  0.7135270      0.7069300      0.6937400      0.6937370      0.7233680      0.7554620      0.7554620      0.7554500      0.7533410      0.7512300      0.7589430      0.7628030      0.7628100      0.7628100      0.7628100      0.7628100      0.7766350      0.7819930      0.7885500      0.8009700      0.8042800      0.8235000      0.8437200      0.8646300      0.8857100      0.9062700      0.9260000      0.9425600      0.9598100      0.9747100    
