iMOD/TUTORIALS/TUT_MetaswapAnalyser/model_MetaSWAP/meteo/Precipitation/Precipitation_20050413_L1.ASC
NCOLS                30
NROWS                30
XLLCORNER     160000.00
YLLCORNER     340000.00
CELLSIZE        1000.00
NODATA_VALUE   -9999.00
   1.535180       1.329860       1.129820      0.9329900      0.7333000      0.5240400      0.3213700      0.1593600       0.000000       0.000000       0.000000       0.000000       0.000000       0.000000       0.000000       0.000000       0.000000       0.000000       0.000000       0.000000       0.000000       0.000000       0.000000       0.000000       0.000000       0.000000       0.000000       0.000000       0.000000       0.000000    
   1.416770       1.211110       1.004030      0.8061300      0.6091900      0.4165700      0.2418800       0.000000       0.000000       0.000000       0.000000       0.000000       0.000000       0.000000       0.000000       0.000000       0.000000       0.000000       0.000000       0.000000       0.000000       0.000000       0.000000       0.000000       0.000000       0.000000       0.000000       0.000000       0.000000       0.000000    
   1.303470       1.102430      0.9052500      0.7125800      0.5245300      0.3522900      0.2035000       0.000000       0.000000       0.000000       0.000000       0.000000       0.000000       0.000000       0.000000       0.000000       0.000000       0.000000       0.000000       0.000000       0.000000       0.000000       0.000000       0.000000       0.000000       0.000000       0.000000       0.000000       0.000000       0.000000    
   1.207190       1.013610      0.8253400      0.6443500      0.4742800      0.3213200      0.1940700       0.000000       0.000000       0.000000       0.000000       0.000000       0.000000       0.000000       0.000000       0.000000       0.000000       0.000000       0.000000       0.000000       0.000000       0.000000       0.000000       0.000000       0.000000       0.000000       0.000000       0.000000       0.000000       0.000000    
   1.128140      0.9440700      0.7669600      0.5994100      0.4453100      0.3099800      0.1995200      0.1193500       0.000000       0.000000       0.000000       0.000000       0.000000       0.000000       0.000000       0.000000       0.000000       0.000000       0.000000       0.000000       0.000000       0.000000       0.000000       0.000000       0.000000       0.000000       0.000000       0.000000       0.000000       0.000000    
   1.065070      0.8916000      0.7263800      0.5721600      0.4324600      0.3114000      0.2133200      0.1402300       0.000000       0.000000       0.000000       0.000000       0.000000       0.000000       0.000000       0.000000       0.000000       0.000000       0.000000       0.000000       0.000000       0.000000       0.000000       0.000000       0.000000       0.000000       0.000000       0.000000       0.000000       0.000000    
   1.005880      0.8533800      0.6998100      0.5578800      0.4312500      0.3212000      0.2312500      0.1627600      0.1153900       0.000000       0.000000       0.000000       0.000000       0.000000       0.000000       0.000000       0.000000       0.000000       0.000000       0.000000       0.000000       0.000000       0.000000       0.000000       0.000000       0.000000       0.000000       0.000000       0.000000       0.000000    
  0.9571200      0.8176600      0.6853200      0.5540100      0.4366900      0.3336500      0.2519000      0.1882200      0.1391000       0.000000       0.000000       0.000000       0.000000       0.000000       0.000000       0.000000       0.000000       0.000000       0.000000       0.000000       0.000000       0.000000       0.000000       0.000000       0.000000       0.000000       0.000000       0.000000       0.000000       0.000000    
  0.9288600      0.7993900      0.6679700      0.5558900      0.4442700      0.3506400      0.2740600      0.2131200      0.1637200      0.1267100       0.000000       0.000000       0.000000       0.000000       0.000000       0.000000       0.000000       0.000000       0.000000       0.000000       0.000000       0.000000       0.000000       0.000000       0.000000       0.000000       0.000000       0.000000       0.000000       0.000000    
  0.9083200      0.7882900      0.6656900      0.5501300      0.4575200      0.3697100      0.3007000      0.2387400      0.1892200      0.1505300      0.1206400       0.000000       0.000000       0.000000       0.000000       0.000000       0.000000       0.000000       0.000000       0.000000       0.000000       0.000000       0.000000       0.000000       0.000000       0.000000       0.000000       0.000000       0.000000       0.000000    
  0.9145800      0.7874330      0.6407200      0.5587700      0.4655200      0.3989600      0.3252200      0.2648900      0.2154600      0.1756300      0.1438300      0.1183800       0.000000       0.000000       0.000000       0.000000       0.000000       0.000000       0.000000       0.000000       0.000000       0.000000       0.000000       0.000000       0.000000       0.000000       0.000000       0.000000       0.000000       0.000000    
  0.9170990      0.7253760      0.5587700      0.5044800      0.4819000      0.4145100      0.3448500      0.2913300      0.2421900      0.2016600      0.1547100      0.1309000       0.000000       0.000000       0.000000       0.000000       0.000000       0.000000       0.000000       0.000000       0.000000       0.000000       0.000000       0.000000       0.000000       0.000000       0.000000       0.000000       0.000000       0.000000    
  0.8134760      0.5587700      0.5179490      0.4968150      0.5117300      0.4348400      0.3692700      0.3128500      0.2381000      0.2060200      0.1764500      0.1262100      0.1123100       0.000000       0.000000       0.000000       0.000000       0.000000       0.000000       0.000000       0.000000       0.000000       0.000000       0.000000       0.000000       0.000000       0.000000       0.000000       0.000000       0.000000    
  0.5587700      0.5231800      0.5042730      0.5117300      0.4677700      0.4567400      0.3474500      0.2996400      0.2587900      0.2315800      0.2010700      0.1426700      0.1288500      0.1171100       0.000000       0.000000       0.000000       0.000000       0.000000       0.000000       0.000000       0.000000       0.000000       0.000000       0.000000       0.000000       0.000000       0.000000       0.000000       0.000000    
  0.5254200      0.5080010      0.5117300      0.4787470      0.4567400      0.3974130      0.3880500      0.3381800      0.2950700      0.2581300      0.1752900      0.1592100      0.1454000      0.1336100      0.1236300      0.1159700      0.1087700       0.000000       0.000000       0.000000       0.000000       0.000000       0.000000       0.000000       0.000000       0.000000       0.000000       0.000000       0.000000       0.000000    
  0.5098660      0.5117300      0.4824060      0.4567400      0.4140680      0.3880500      0.3631150      0.3404330      0.2748480      0.2080100      0.1899200      0.1741900      0.1605900      0.1488900      0.1350000      0.1268800      0.1162800      0.1116100       0.000000       0.000000       0.000000       0.000000       0.000000       0.000000       0.000000       0.000000       0.000000       0.000000       0.000000       0.000000    
  0.5117300      0.4836250      0.4567400      0.4196190      0.3880500      0.3755830      0.3638660      0.2966010      0.2080100      0.1989650      0.1879140      0.1878800      0.1686700      0.1571800      0.1382300      0.1315300      0.1257500      0.1199100      0.1135600       0.000000       0.000000       0.000000       0.000000       0.000000       0.000000       0.000000       0.000000       0.000000       0.000000       0.000000    
  0.4840320      0.4567400      0.4214700      0.3880500      0.3818160      0.3758330      0.3110150      0.2080100      0.2034880      0.1916370      0.1837250      0.1795700      0.1689500      0.1549300      0.1469800      0.1398400      0.1334800      0.1269200      0.1201300      0.1131100       0.000000       0.000000       0.000000       0.000000       0.000000       0.000000       0.000000       0.000000       0.000000       0.000000    
  0.4567400      0.4220870      0.3880500      0.3849330      0.3819000      0.3191690      0.2080100      0.2057490      0.1928700      0.1816480      0.1795700      0.1742600      0.1664270      0.1622600      0.1540800      0.1465700      0.1394500      0.1327800      0.1256700      0.1184100      0.1111300       0.000000       0.000000       0.000000       0.000000       0.000000       0.000000       0.000000       0.000000       0.000000    
  0.4222920      0.3880500      0.3864920      0.3849610      0.3235030      0.2080100      0.2068790      0.1933620      0.1806090      0.1795700      0.1769150      0.1706290      0.1622600      0.1581700      0.1543030      0.1467000      0.1396000      0.1326330      0.1251480      0.1227400      0.1151800       0.000000       0.000000       0.000000       0.000000       0.000000       0.000000       0.000000       0.000000       0.000000    
  0.3880500      0.3872710      0.3865010      0.3257410      0.2080100      0.2074450      0.1935820      0.1800890      0.1795700      0.1782430      0.1723440      0.1622600      0.1602150      0.1582440      0.1530580      0.1468680      0.1396440      0.1295920      0.1244400      0.1261400      0.1183700      0.1104500       0.000000       0.000000       0.000000       0.000000       0.000000       0.000000       0.000000       0.000000    
  0.3876600      0.3872740      0.3268810      0.2080100      0.2077270      0.1936870      0.1798300      0.1795700      0.1789060      0.1731040      0.1622600      0.1612370      0.1602400      0.1571720      0.1527230      0.1465230      0.1335070      0.1252900      0.1261400      0.1220800      0.1217300      0.1134000       0.000000       0.000000       0.000000       0.000000       0.000000       0.000000       0.000000       0.000000    
  0.3876610      0.3274560      0.2080100      0.2078690      0.1937390      0.1797000      0.1795700      0.1792380      0.1734600      0.1622600      0.1617490      0.1612460      0.1595500      0.1567120      0.1521400      0.1369930      0.1257150      0.1261400      0.1247460      0.1228550      0.1191820      0.1148300      0.1115500       0.000000       0.000000       0.000000       0.000000       0.000000       0.000000       0.000000    
  0.3277460      0.2080100      0.2079390      0.1937640      0.1796350      0.1795700      0.1794040      0.1736320      0.1622600      0.1620040      0.1617510      0.1608480      0.1591690      0.1502300      0.1388370      0.1262120      0.1264950      0.1260880      0.1258020      0.1279100      0.1239800      0.1219700      0.1108600       0.000000       0.000000       0.000000       0.000000       0.000000       0.000000       0.000000    
  0.2080100      0.2079750      0.1937770      0.1796020      0.1795700      0.1794870      0.1737170      0.1622600      0.1621320      0.1620050      0.1615350      0.1605900      0.1469510      0.1323430      0.1325200      0.1284450      0.1264260      0.1268500      0.1269040      0.1266400      0.1318400      0.1189800      0.1108200       0.000000       0.000000       0.000000       0.000000       0.000000       0.000000       0.000000    
  0.2079920      0.1937840      0.1795860      0.1795700      0.1795290      0.1737580      0.1622600      0.1621960      0.1621320      0.1618910      0.1451660      0.1208500      0.1283640      0.1321650      0.1321650      0.1325200      0.1283380      0.1260020      0.1268500      0.1262150      0.1241000      0.1181300      0.1111700       0.000000       0.000000       0.000000       0.000000       0.000000       0.000000       0.000000    
  0.1937870      0.1795780      0.1795700      0.1795490      0.1737790      0.1622600      0.1622280      0.1621960      0.1620730      0.1421780      0.1208500      0.1208500      0.1208500      0.1281000      0.1318110      0.1318100      0.1325200      0.1279780      0.1251550      0.1268500      0.1220700      0.1166700      0.1103900       0.000000       0.000000       0.000000       0.000000       0.000000       0.000000       0.000000    
  0.1795740      0.1795700      0.1795600      0.1737900      0.1622600      0.1622440      0.1622280      0.1216240      0.1112590      0.1207670      0.1208500      0.1208500      0.1208500      0.1208500      0.1275730      0.1311020      0.1311000      0.1325200      0.1273870      0.1234600      0.1191600      0.1144900      0.1091800       0.000000       0.000000       0.000000       0.000000       0.000000       0.000000       0.000000    
  0.1795700      0.1795650      0.1737950      0.1622600      0.1622520      0.1412910      0.1098600      0.5492720E-01   0.000000      0.8034260E-01  0.1206010      0.1208500      0.1208500      0.1208500      0.1208500      0.1265310      0.1296860      0.1296800      0.1325200      0.1267200      0.1212500      0.1159100      0.1107000       0.000000       0.000000       0.000000       0.000000       0.000000       0.000000       0.000000    
  0.1795670      0.1737970      0.1622600      0.1622560      0.1371050      0.1098610      0.1098600      0.1098600      0.5492160E-01   0.000000      0.7991900E-01  0.1201040      0.1208500      0.1208500      0.1208500      0.1208500      0.1244880      0.1268570      0.1268400      0.1212000      0.1169800      0.1123500       0.000000       0.000000       0.000000       0.000000       0.000000       0.000000       0.000000       0.000000    
