iMOD/TUTORIALS/TUT_MetaswapAnalyser/model_MetaSWAP/meteo/Precipitation/Precipitation_20060803_L1.ASC
NCOLS                30
NROWS                30
XLLCORNER     160000.00
YLLCORNER     340000.00
CELLSIZE        1000.00
NODATA_VALUE   -9999.00
   12.88160       13.65410       14.45330       15.28060       16.14380       17.07930       18.07380       19.07990       20.06110       21.11930       22.26810       23.33880       24.24820       24.93360       25.42470       25.69340       25.39120       25.15230       24.62470       23.87810       22.95030       21.99540       20.83520       19.55970       18.30780       17.05040       15.81240       14.61880       13.49890       12.42210    
   13.17200       13.92720       14.65510       15.48650       16.35090       17.26290       18.20130       19.13040       20.01300       21.01980       22.25360       23.37250       24.33630       25.09470       25.64150       25.68940       25.69630       25.44480       24.96380       24.21120       23.27130       22.29110       21.11440       19.82520       18.55470       17.27570       16.01060       14.78120       13.76860       12.62620    
   13.38770       14.14510       14.93130       15.74430       16.57840       17.47880       18.39850       19.32070       20.25980       21.29740       22.43650       23.55700       24.56070       25.35580       25.96220       26.12070       26.15850       25.89750       25.35290       24.56510       23.63720       22.61660       21.36030       20.10040       18.80960       17.51150       16.40820       15.10990       13.78960       12.63560    
   13.61900       14.37900       15.16950       15.98760       16.84480       17.73380       18.65020       19.58950       20.59080       21.61440       22.73440       23.84340       24.86070       25.71360       26.38960       26.67000       26.74200       26.47560       25.88950       25.04280       24.00560       22.83040       21.68020       20.61720       19.28630       17.94810       16.62020       15.31680       13.99810       12.81770    
   13.85910       14.62070       15.40960       16.23680       17.09790       17.99250       18.92010       19.87480       20.89510       21.96490       23.06140       24.19390       25.27110       26.20870       26.89130       27.33040       27.59100       27.32390       26.67610       25.74830       24.59880       23.37390       22.18630       20.87190       19.52910       18.19060       16.87370       15.51770       14.33130       13.25890    
   14.10190       14.85980       15.65460       16.48360       17.34740       18.24680       19.13570       20.14730       21.13230       22.22820       23.33960       24.45560       25.57470       26.58350       27.52250       28.13600       28.37910       28.06920       27.27760       26.21320       24.97040       23.68080       22.44830       21.10300       19.75760       18.43850       17.14560       15.83110       14.70210       13.69810    
   14.27690       15.09950       15.89240       16.72000       17.51430       18.42250       19.36810       20.31020       21.37100       22.45060       23.55730       24.67440       25.77980       26.86880       27.98900       28.78330       29.26880       28.84870       27.80350       26.55830       25.26080       23.92270       22.56570       21.30980       19.97110       18.66190       17.30010       16.12490       15.04440       14.07600    
   13.80440       15.15460       16.03030       16.85990       17.72540       18.40730       19.48210       20.50040       21.53420       22.60110       23.69250       24.79540       25.89350       26.96920       28.21240       29.08320       29.86010       29.25420       28.02240       26.73840       25.41390       24.06470       22.70720       21.45940       20.13830       18.73990       17.52440       16.38060       15.38420       14.41450    
   13.85350       15.36670       16.15250       17.05620       17.62660       18.53260       19.61000       20.61550       21.62950       22.67170       23.73350       24.80210       25.86030       27.26930       28.12360       28.82760       29.18950       28.81020       27.85230       26.67460       25.40390       24.08880       22.75810       21.53690       20.12360       18.88010       17.69310       16.65040       15.59840       14.64420    
   14.02630       15.56300       16.33470       16.78150       17.72870       18.61580       19.71500       20.67070       21.65480       22.66090       23.67930       24.69560       25.68860       27.08490       27.78240       28.31750       28.50250       28.18810       27.43940       26.41620       25.24250       23.99840       22.71560       21.43070       20.16570       18.95480       17.87920       16.77250       15.74270       14.79960    
   14.31980       15.30800       16.38560       16.86310       17.69330       18.77750       19.74360       20.66640       21.61190       22.57240       23.53710       24.48950       26.08860       27.01610       27.56990       27.86680       27.91240       27.57530       26.89690       25.95680       24.84840       23.64680       22.40470       21.05440       19.92190       18.85920       17.73010       16.66290       15.66670       14.88530    
   14.33630       15.71910       16.86310       17.53010       17.71580       18.68630       19.63280       20.60540       21.50540       22.41350       23.79080       24.61490       26.15240       26.74310       27.12900       27.33610       27.30040       27.02100       26.41110       25.55070       24.51500       23.37680       22.17080       20.97500       19.79440       18.77530       17.68180       16.64330       15.66760       14.76010    
   15.10120       16.86310       17.50580       17.78200       17.84820       18.73710       19.56070       20.40190       21.90510       22.79870       23.58010       25.46650       25.94780       26.35820       26.66380       26.81520       26.76770       26.47020       25.94320       25.13830       24.11020       23.02020       21.88610       20.74070       19.60730       18.50290       17.57560       16.56740       15.61390       14.71930    
   16.86310       17.50810       17.81510       17.84820       18.41700       18.66560       20.27750       21.02690       21.77570       22.51610       23.23410       25.20440       25.60400       25.93520       26.17150       26.28690       26.28930       26.02520       25.46500       24.65650       23.67940       22.63020       21.55810       20.46550       19.38230       18.32340       17.42550       16.44970       15.52120       14.64330    
   17.51280       17.83160       17.84820       18.31030       18.66560       19.86760       20.65970       21.32850       21.98790       22.62930       24.71510       25.05660       25.35100       25.58080       25.72710       25.80270       25.72190       25.51570       24.99960       24.08310       23.19560       22.19390       21.16330       20.12340       19.09080       18.07900       17.09820       16.28080       15.38230       14.52320    
   17.83990       17.84820       18.27470       18.66560       19.73100       20.65970       20.99410       21.32540       22.52160       24.14080       24.44660       24.71730       24.93930       25.09790       25.16330       25.15090       25.10410       24.80720       24.25930       23.44520       22.51490       21.70010       20.72650       19.74140       18.76060       17.79690       16.86030       15.95840       15.21460       14.38970    
   17.84820       18.26280       18.66560       19.68540       20.65970       20.82690       20.99310       22.24550       24.14080       24.29370       24.37110       24.35530       24.48800       24.57700       24.74680       24.62930       24.41880       24.05010       23.50000       22.77310       21.92810       21.01720       20.07390       19.33420       18.40600       17.49140       16.60040       15.74080       14.91820       14.19530    
   18.25890       18.66560       19.67020       20.65970       20.74330       20.82660       22.05160       24.14080       24.21730       24.25530       24.27540       24.19540       24.23630       24.28820       24.19320       24.01080       23.74790       23.33810       22.79000       22.11130       21.33190       20.48720       19.60640       18.71200       18.02910       17.16280       16.31750       15.50130       14.72050       13.93950    
   18.66560       19.66520       20.65970       20.70150       20.74320       21.94060       24.14080       24.17900       24.20880       24.23540       24.19540       24.21590       24.13200       23.80810       23.65360       23.41580       23.08190       22.67700       22.13020       21.48100       20.74860       19.95770       19.13170       18.29080       17.45120       16.62590       16.01670       15.24360       14.46510       13.84750    
   19.66350       20.65970       20.68060       20.70150       21.88150       24.14080       24.15990       24.18790       24.21540       24.19540       24.20560       24.08780       23.80810       23.73090       23.62580       23.38380       23.05820       22.62970       21.50200       20.88800       20.18910       19.44000       18.65970       17.86560       17.07240       16.29240       15.63820       14.87050       14.05830       13.55220    
   20.65970       20.67020       20.68060       21.85110       24.14080       24.15040       24.17790       24.20540       24.19540       24.20050       24.07420       23.80810       23.76950       23.72160       23.58020       23.35590       23.02390       21.62690       20.61090       20.33370       19.65810       18.94060       18.19720       17.57030       16.80660       16.05750       15.16130       14.47490       13.83160       13.23920    
   20.66490       20.67010       21.83570       24.14080       24.14560       24.17300       24.20040       24.19540       24.19800       24.06960       23.80810       23.78880       23.76640       23.69040       23.55260       23.32000       21.76250       20.47230       20.33370       19.77890       19.34480       18.62590       17.89130       17.15350       16.27270       15.53990       14.85410       14.20290       13.59300       13.03390    
   20.66490       21.82790       24.14080       24.14320       24.17050       24.19790       24.19540       24.19670       24.06780       23.80810       23.79840       23.78780       23.74850       23.66980       23.52100       21.63540       20.40300       20.33370       19.28060       18.87970       18.42850       18.16960       17.30250       16.59150       15.88360       15.20370       14.55240       13.93390       13.35300       12.81820    
   21.82400       24.14080       24.14200       24.16930       24.19660       24.19540       24.19600       24.06700       23.80810       23.80330       23.79810       23.77820       23.73540       22.26120       20.72750       19.15230       19.13910       18.75650       18.31350       18.12990       18.41470       17.58770       16.90010       16.20100       15.52460       14.87700       14.26050       13.67560       13.12230       12.55870    
   24.14080       24.14140       24.16870       24.19600       24.19540       24.19570       24.06660       23.80810       23.80570       23.80320       23.79320       23.77060       21.19600       18.10310       18.10570       18.28070       17.91470       17.94460       17.91020       17.93080       17.84520       17.17840       16.51240       15.83000       15.17910       14.56510       13.98740       13.44160       12.87930       12.39010    
   24.14110       24.16840       24.19570       24.19540       24.19560       24.06650       23.80810       23.80690       23.80560       23.80070       21.81400       18.85160       18.35160       18.10180       18.10050       18.10570       17.96310       17.88480       17.94460       17.63560       17.53240       16.81690       16.11450       15.47570       14.84830       14.27090       13.73950       13.20740       12.73990       12.29080    
   24.16830       24.19560       24.19540       24.19550       24.06640       23.80810       23.80750       23.80690       23.80440       21.42470       18.85160       18.85160       18.85160       18.34970       18.09930       18.09530       18.10570       17.91710       17.82510       17.94460       17.22020       16.49160       15.78040       15.11120       14.53110       13.99480       13.49290       13.06020       12.65960       12.28180    
   24.19550       24.19540       24.19540       24.06630       23.80810       23.80780       23.80750       22.96760       21.28780       18.85230       18.85160       18.85160       18.85160       18.85160       18.34730       18.09680       18.08500       18.10570       17.79290       17.70560       16.96310       16.21200       15.47770       14.79620       14.20180       13.72170       13.31030       12.95640       12.63570       12.34090    
   24.19540       24.19540       24.06630       23.80810       23.80790       22.52890       20.61050       20.53110       20.45170       19.38680       18.85360       18.85160       18.85160       18.85160       18.85160       18.34540       18.09960       18.06430       18.10570       17.41590       16.68720       15.93350       15.22910       14.52460       13.91030       13.47040       13.16570       12.90300       12.66510       12.44690    
   24.19540       24.06630       23.80810       23.80800       22.27350       20.61080       20.61080       20.61050       20.53110       20.45170       19.39030       18.85760       18.85160       18.85160       18.85160       18.85160       18.34550       18.12880       18.02290       17.33240       16.72050       15.89780       15.05910       14.24910       13.61200       13.28900       13.10650       12.91460       12.75380       12.59650    
