iMOD/TUTORIALS/TUT_MetaswapAnalyser/model_MetaSWAP/meteo/Precipitation/Precipitation_20060116_L1.ASC
NCOLS                30
NROWS                30
XLLCORNER     160000.00
YLLCORNER     340000.00
CELLSIZE        1000.00
NODATA_VALUE   -9999.00
   1.374570       1.396290       1.421020       1.452070       1.497600       1.569160       1.672920       1.795920       1.917030       1.987110       1.993590       1.983020       1.971430       1.962260       1.957890       1.956720       1.936700       1.941270       1.950950       1.964070       1.980800       1.999620       2.023710       2.067020       2.096420       2.128420       2.162050       2.195720       2.226700       2.252640    
   1.370590       1.401770       1.445660       1.489150       1.548450       1.628350       1.733200       1.860250       2.005490       2.085780       2.056130       2.033840       2.018330       2.007090       2.001940       1.980170       1.980950       1.980300       1.983660       1.992060       2.004330       2.019640       2.041250       2.082480       2.112530       2.146930       2.184970       2.225420       2.254460       2.292050    
   1.376030       1.413000       1.456290       1.510200       1.580460       1.661500       1.760690       1.874500       1.987780       2.054100       2.057450       2.047060       2.037230       2.030810       2.026460       2.010070       2.009640       2.010050       2.011570       2.015490       2.020930       2.032560       2.066900       2.090980       2.121160       2.157120       2.186400       2.234370       2.287980       2.339630    
   1.378020       1.418580       1.465450       1.521950       1.587880       1.665920       1.755020       1.852020       1.936500       1.992920       2.019150       2.027130       2.030240       2.031780       2.035820       2.028750       2.029480       2.027910       2.024940       2.023370       2.026180       2.048400       2.062790       2.073100       2.103950       2.141940       2.186520       2.237080       2.294200       2.352750    
   1.375640       1.417650       1.466400       1.520970       1.583600       1.654300       1.731030       1.800570       1.871070       1.924350       1.963720       1.984460       1.997210       2.008350       2.027010       2.032850       2.029140       2.024740       2.014750       2.005360       2.017030       2.021820       2.033920       2.055420       2.086210       2.124500       2.169200       2.220700       2.272130       2.319140    
   1.368670       1.411150       1.457460       1.509190       1.566610       1.629060       1.684990       1.749250       1.819430       1.867370       1.901760       1.927180       1.950060       1.972010       1.999320       2.017040       2.027810       2.020680       2.001110       1.983000       1.986950       1.989080       2.000370       2.022890       2.054120       2.092000       2.136260       2.185660       2.232630       2.273520    
   1.361750       1.397650       1.441310       1.488900       1.526350       1.582300       1.639330       1.709300       1.759230       1.799890       1.833100       1.860730       1.886160       1.914370       1.957450       1.987640       2.015010       2.000510       1.964400       1.947450       1.935860       1.937640       1.951530       1.974320       2.007210       2.046910       2.093410       2.139540       2.184140       2.223670    
   1.396860       1.364300       1.401650       1.445960       1.492610       1.569420       1.610040       1.655940       1.695330       1.729640       1.758900       1.784520       1.809090       1.836070       1.886020       1.919490       1.965190       1.937840       1.897410       1.871570       1.862160       1.867480       1.885400       1.912140       1.948400       1.992910       2.038630       2.085560       2.129500       2.170840    
   1.360160       1.342380       1.379550       1.414300       1.491180       1.529320       1.561100       1.598860       1.630230       1.657460       1.680660       1.700870       1.719930       1.772360       1.786730       1.804590       1.818140       1.806060       1.782910       1.767980       1.767330       1.780610       1.805770       1.838850       1.882580       1.928800       1.977660       2.025310       2.073260       2.117260    
   1.341660       1.317840       1.350650       1.428840       1.456450       1.487650       1.514580       1.541570       1.565140       1.584800       1.600570       1.613050       1.623340       1.670030       1.668600       1.668840       1.660950       1.653460       1.644410       1.643540       1.655430       1.681200       1.716370       1.759420       1.808300       1.859990       1.911460       1.964620       2.015760       2.063250    
   1.323060       1.336720       1.374190       1.399450       1.425400       1.449090       1.465660       1.485420       1.501550       1.513570       1.521320       1.524980       1.580140       1.592980       1.555030       1.534160       1.514740       1.497770       1.490170       1.496860       1.518610       1.552980       1.596710       1.648450       1.700780       1.758810       1.816870       1.874540       1.930490       2.009750    
   1.323310       1.358360       1.399450       1.394150       1.390730       1.412830       1.422170       1.431740       1.441000       1.445790       1.502660       1.489230       1.533440       1.474900       1.440030       1.403090       1.368760       1.346060       1.341730       1.360300       1.397480       1.446680       1.502540       1.562640       1.624830       1.686710       1.749370       1.810920       1.870500       1.927340    
   1.346340       1.399450       1.382620       1.375870       1.361010       1.367330       1.378120       1.385330       1.470160       1.456760       1.440930       1.467200       1.429230       1.385590       1.337200       1.284780       1.234230       1.197900       1.195050       1.227780       1.283140       1.347860       1.416060       1.485210       1.554170       1.622320       1.687900       1.752870       1.815660       1.875830    
   1.399450       1.377880       1.368440       1.361010       1.353330       1.331660       1.446130       1.440390       1.429680       1.433210       1.408150       1.410190       1.364480       1.312030       1.252740       1.187700       1.118350       1.059810       1.052630       1.110370       1.186390       1.265010       1.333500       1.407320       1.479420       1.549810       1.617790       1.684690       1.749760       1.812870    
   1.375770       1.364720       1.361010       1.348670       1.331660       1.406320       1.441180       1.429280       1.412320       1.389720       1.408330       1.364600       1.314390       1.257270       1.192950       1.120740       1.042330      0.9585600      0.9393600       1.027860       1.116350       1.199590       1.279390       1.356200       1.430380       1.502270       1.572080       1.639260       1.705330       1.771880    
   1.362870       1.361010       1.347110       1.331660       1.393050       1.441180       1.435230       1.427590       1.412970       1.420540       1.380020       1.333910       1.281940       1.224020       1.167460       1.098010       1.014460      0.9566900      0.9507400       1.009080       1.084780       1.165550       1.242850       1.318140       1.391320       1.462470       1.531760       1.599360       1.664540       1.729200    
   1.361010       1.346590       1.331660       1.388630       1.441180       1.438210       1.434670       1.424080       1.420540       1.400280       1.354590       1.316560       1.275860       1.220090       1.133370       1.077840       1.027790      0.9930000      0.9916700       1.027180       1.084370       1.150390       1.219260       1.292900       1.362100       1.430190       1.497080       1.562820       1.627520       1.686560    
   1.346420       1.331660       1.387160       1.441180       1.439690       1.438020       1.429370       1.420540       1.410410       1.363320       1.319250       1.321940       1.273980       1.186560       1.138870       1.093350       1.056610       1.033760       1.033810       1.058190       1.100990       1.154740       1.214120       1.276070       1.343530       1.406950       1.470020       1.532630       1.594830       1.653210    
   1.331660       1.386670       1.441180       1.440440       1.439630       1.431910       1.420540       1.415470       1.367360       1.320600       1.321940       1.297960       1.244920       1.197190       1.156400       1.119370       1.090200       1.075550       1.075880       1.093700       1.126350       1.169600       1.219620       1.273640       1.329890       1.387320       1.450010       1.508500       1.563980       1.618260    
   1.386500       1.441180       1.440810       1.440420       1.433130       1.420540       1.418010       1.369320       1.321270       1.321940       1.309950       1.265500       1.197190       1.176800       1.157650       1.121990       1.095040       1.080540       1.109220       1.131160       1.156380       1.191070       1.232650       1.278920       1.328270       1.379610       1.425170       1.473020       1.553830       1.615180    
   1.441180       1.440990       1.440800       1.433720       1.420540       1.419270       1.370280       1.321600       1.321940       1.315940       1.273650       1.197190       1.186990       1.177210       1.152150       1.124890       1.099190       1.121020       1.150490       1.169810       1.189240       1.216900       1.251080       1.282040       1.325210       1.370860       1.442080       1.489840       1.538020       1.586390    
   1.441090       1.440990       1.434010       1.420540       1.419910       1.370760       1.321770       1.321940       1.318940       1.277180       1.197190       1.192090       1.187130       1.172120       1.151420       1.125410       1.135010       1.160150       1.169810       1.190540       1.212570       1.235670       1.264490       1.297950       1.364190       1.400020       1.441230       1.483540       1.526440       1.570060    
   1.441090       1.434160       1.420540       1.420220       1.371000       1.321860       1.321940       1.320440       1.278810       1.197190       1.194640       1.192140       1.183780       1.170220       1.149650       1.178340       1.164980       1.169810       1.231100       1.247120       1.265220       1.268700       1.317310       1.345890       1.376200       1.409840       1.445600       1.482550       1.520040       1.557890    
   1.434230       1.420540       1.420380       1.371120       1.321900       1.321940       1.321190       1.279600       1.197190       1.195920       1.194660       1.190190       1.182050       1.273830       1.312780       1.315630       1.314870       1.309930       1.303510       1.316920       1.281680       1.327490       1.348950       1.370040       1.395300       1.423940       1.454940       1.487170       1.519580       1.552360    
   1.420540       1.420460       1.371180       1.321920       1.321940       1.321570       1.279980       1.197190       1.196550       1.195920       1.193590       1.188960       1.367220       1.593890       1.591650       1.471200       1.467030       1.459930       1.385300       1.346480       1.352150       1.367040       1.381320       1.397210       1.417680       1.442130       1.469440       1.498120       1.527190       1.553900    
   1.420500       1.371210       1.321930       1.321940       1.321750       1.280170       1.197190       1.196870       1.196550       1.195350       1.450790       1.837730       1.677040       1.596150       1.596130       1.591650       1.511230       1.474140       1.459930       1.417870       1.405600       1.407190       1.413080       1.426790       1.443020       1.464300       1.489380       1.516850       1.543440       1.567700    
   1.371220       1.321930       1.321940       1.321850       1.280260       1.197190       1.197030       1.196870       1.196260       1.503630       1.837730       1.837730       1.837730       1.680380       1.600660       1.600610       1.591650       1.519210       1.488350       1.459930       1.453820       1.450290       1.450540       1.456180       1.470930       1.490250       1.515370       1.542850       1.570300       1.595970    
   1.321940       1.321940       1.321890       1.280310       1.197190       1.197110       1.197030       1.465130       1.664630       1.838000       1.837730       1.837730       1.837730       1.837730       1.687010       1.609730       1.609570       1.591650       1.536920       1.516770       1.506570       1.497460       1.491140       1.490570       1.499140       1.519960       1.546830       1.577180       1.607580       1.636420    
   1.321940       1.321920       1.280330       1.197190       1.197150       1.630670       2.280980       2.275670       2.270360       1.982660       1.838530       1.837730       1.837730       1.837730       1.837730       1.699990       1.627980       1.627480       1.591650       1.579350       1.565500       1.550590       1.535670       1.527070       1.531090       1.552110       1.585340       1.620770       1.655120       1.686920    
   1.321930       1.280340       1.197190       1.197170       1.717460       2.281060       2.281060       2.280980       2.275670       2.270360       1.984040       1.840130       1.837730       1.837730       1.837730       1.837730       1.724670       1.664820       1.663310       1.650320       1.632040       1.612520       1.590040       1.568600       1.563780       1.592010       1.634050       1.675820       1.713860       1.747270    
