iMOD/TUTORIALS/TUT_MetaswapAnalyser/model_MetaSWAP/meteo/Precipitation/Precipitation_20060325_L1.ASC
NCOLS                30
NROWS                30
XLLCORNER     160000.00
YLLCORNER     340000.00
CELLSIZE        1000.00
NODATA_VALUE   -9999.00
   7.331320       7.239240       7.132110       7.005670       6.851740       6.640440       6.375510       6.086820       5.812120       5.623670       5.536080       5.481170       5.437480       5.397300       5.374910       5.369050       5.367660       5.380110       5.414580       5.460660       5.515110       5.572680       5.633530       5.695970       5.752680       5.805320       5.853520       5.897790       5.939630       5.988030    
   7.164640       7.062170       6.942000       6.798520       6.627620       6.412060       6.157970       5.876510       5.580580       5.388300       5.354940       5.319020       5.284550       5.250150       5.228110       5.211680       5.216620       5.219360       5.245410       5.291940       5.347720       5.407830       5.471160       5.536010       5.596310       5.653130       5.706050       5.755390       5.793320       5.847400    
   7.012410       6.901150       6.771480       6.624360       6.442780       6.232790       5.996180       5.743220       5.499960       5.332040       5.254680       5.205390       5.164450       5.122970       5.086200       5.061560       5.059940       5.077600       5.113550       5.164110       5.215040       5.278720       5.347120       5.412280       5.474720       5.533490       5.578460       5.631230       5.686530       5.733580    
   6.875760       6.758840       6.624520       6.474130       6.297230       6.099380       5.885350       5.665680       5.466740       5.310330       5.205920       5.132430       5.075420       5.017500       4.973040       4.939070       4.929730       4.945330       4.984170       5.040120       5.106080       5.169640       5.238320       5.295440       5.360300       5.421470       5.478930       5.533090       5.589010       5.637100    
   6.756140       6.636670       6.504680       6.352330       6.183520       6.000380       5.808310       5.616150       5.441730       5.294740       5.195440       5.097390       5.014660       4.938910       4.878730       4.829870       4.804170       4.817250       4.861740       4.925930       5.000850       5.076080       5.146760       5.209650       5.275430       5.337070       5.394990       5.456090       5.507860       5.561200    
   6.653760       6.534990       6.401960       6.255570       6.096810       5.928360       5.750370       5.583260       5.454990       5.317050       5.190350       5.080240       4.981970       4.889050       4.806760       4.733770       4.693230       4.706630       4.764910       4.842460       4.925950       5.006030       5.078970       5.149140       5.214050       5.269090       5.326070       5.386610       5.439230       5.494220    
   6.556980       6.447490       6.319160       6.180190       6.024470       5.871080       5.714870       5.608700       5.467760       5.327300       5.199600       5.082950       4.973990       4.869290       4.770320       4.667660       4.590680       4.612770       4.698360       4.791940       4.880330       4.962140       5.036990       5.102370       5.164470       5.221680       5.282580       5.332940       5.380380       5.433610    
   6.481720       6.358260       6.243980       6.114500       5.978040       5.880450       5.757850       5.624690       5.483220       5.349480       5.224250       5.106510       4.993960       4.884410       4.780570       4.663140       4.544790       4.585710       4.688610       4.783440       4.869530       4.947080       5.016740       5.076590       5.133110       5.192970       5.240820       5.286900       5.334470       5.382780    
   6.407680       6.300510       6.186970       6.073390       6.004090       5.869070       5.761460       5.641650       5.510230       5.384340       5.264650       5.150750       5.041450       4.951760       4.843220       4.743550       4.674650       4.683420       4.747090       4.822390       4.894830       4.961030       5.020570       5.071160       5.127270       5.170940       5.211750       5.252780       5.292370       5.334220    
   6.357180       6.255310       6.148550       6.117890       5.995500       5.870710       5.794180       5.669740       5.548370       5.431470       5.319810       5.213610       5.112840       5.035140       4.944780       4.867980       4.820880       4.818450       4.851970       4.901580       4.954120       5.001130       5.046350       5.087280       5.128960       5.162670       5.195990       5.226680       5.258000       5.291510    
   6.354560       6.253680       6.158210       6.111080       5.998940       5.928840       5.821830       5.707780       5.596570       5.489480       5.387500       5.291410       5.228620       5.154260       5.074370       5.011930       4.974700       4.963850       4.975280       4.999250       5.027770       5.056630       5.084120       5.116540       5.142600       5.156570       5.177440       5.198390       5.220490       5.254860    
   6.352380       6.219380       6.111080       6.050770       6.011070       5.954120       5.857690       5.754360       5.653280       5.556380       5.492560       5.403520       5.352930       5.271350       5.208390       5.159190       5.127950       5.116210       5.114350       5.118160       5.124670       5.132750       5.149460       5.159300       5.168910       5.173850       5.183010       5.192880       5.204180       5.217820    
   6.282330       6.111080       6.072600       6.046530       6.082000       5.994880       5.900220       5.807260       5.763460       5.666730       5.581240       5.539290       5.462090       5.396180       5.345420       5.307470       5.284420       5.271170       5.262100       5.246470       5.236370       5.224760       5.216020       5.209490       5.204490       5.200630       5.193000       5.191230       5.191260       5.193660    
   6.111080       6.082490       6.064270       6.082000       6.037000       6.034130       6.010990       5.922610       5.837210       5.758660       5.682680       5.644750       5.577230       5.521080       5.478240       5.451360       5.437070       5.432290       5.413230       5.381400       5.344700       5.313650       5.274030       5.249880       5.229120       5.211070       5.191450       5.178040       5.167340       5.159700    
   6.087170       6.073130       6.082000       6.051040       6.034130       6.042580       6.082610       6.001800       5.924020       5.850450       5.820250       5.752600       5.693770       5.645360       5.608950       5.583560       5.575520       5.582720       5.565020       5.491040       5.438040       5.389040       5.346790       5.309650       5.276430       5.246420       5.219300       5.190880       5.169640       5.170850    
   6.077570       6.082000       6.055720       6.034130       6.053110       6.082610       6.042200       6.002810       5.940320       5.985030       5.917510       5.856860       5.804250       5.760820       5.728500       5.705840       5.675010       5.671190       5.645370       5.589680       5.530720       5.478910       5.429620       5.384250       5.342070       5.302610       5.265750       5.231620       5.195540       5.168130    
   6.082000       6.057280       6.034130       6.056620       6.082610       6.062410       6.042540       5.992590       5.985030       5.951270       5.947380       5.959360       5.912610       5.872250       5.799380       5.781150       5.764880       5.745690       5.713020       5.664370       5.608020       5.550620       5.494660       5.444600       5.393320       5.344170       5.297440       5.253680       5.213670       5.183880    
   6.057810       6.034130       6.057790       6.082610       6.072510       6.062520       6.020640       5.985030       5.968150       5.978120       5.988760       6.018150       5.981840       5.922080       5.896640       5.874760       5.849420       5.821600       5.784700       5.737380       5.682560       5.623960       5.564020       5.504000       5.448460       5.390600       5.334690       5.281810       5.233330       5.200330    
   6.034130       6.058180       6.082610       6.077560       6.072550       6.035180       5.985030       5.976590       5.990580       6.003450       6.018150       6.000000       5.984730       6.016850       5.990650       5.965930       5.940420       5.901440       5.861710       5.814000       5.759320       5.699570       5.636480       5.571340       5.505170       5.439000       5.377850       5.315890       5.268180       5.224080    
   6.058310       6.082610       6.080080       6.077570       6.042580       5.985030       5.980810       5.996230       6.010800       6.018150       6.009070       6.004930       6.016850       6.003750       5.991140       5.965670       5.935930       5.901190       5.891790       5.896330       5.841230       5.780230       5.714380       5.644700       5.572240       5.498260       5.429420       5.371650       5.315540       5.254470    
   6.082610       6.081350       6.080090       6.046320       5.985030       5.982920       5.998940       6.014480       6.018150       6.013610       6.012250       6.016850       6.010300       6.003910       5.986850       5.964250       5.934260       5.931050       5.940890       5.985450       5.930080       5.868040       5.799810       5.731650       5.652970       5.570960       5.512350       5.429440       5.350130       5.279100    
   6.081980       6.081350       6.048200       5.985030       5.983980       6.000270       6.016310       6.018150       6.015880       6.015220       6.016850       6.013570       6.010350       6.000360       5.985000       5.961790       5.955640       5.963170       5.985450       5.983300       6.034360       5.971210       5.900690       5.823000       5.753380       5.670960       5.578290       5.483620       5.391210       5.307100    
   6.081980       6.049140       5.985030       5.984500       6.000930       6.017230       6.018150       6.017020       6.016520       6.016850       6.015210       6.013590       6.008090       5.998570       5.982380       6.042060       5.974310       5.985450       6.118270       6.157340       6.114410       6.078230       6.019900       5.940200       5.854960       5.759820       5.657150       5.549620       5.441630       5.340200    
   6.049610       5.985030       5.984770       6.001260       6.017690       6.018150       6.017580       6.017130       6.016850       6.016030       6.015220       6.012300       6.006750       6.220630       6.320920       6.335370       6.333560       6.317970       6.303390       6.346990       6.280310       6.207950       6.132050       6.055420       5.966240       5.864960       5.752900       5.632410       5.507250       5.386490    
   5.985030       5.984900       6.001430       6.017920       6.018150       6.017870       6.017430       6.016850       6.016440       6.016030       6.014520       6.011420       6.407530       6.897180       6.893470       6.673630       6.698260       6.681660       6.501100       6.405830       6.413670       6.347600       6.261600       6.185850       6.095060       5.989250       5.869510       5.737860       5.599390       5.452790    
   5.984960       6.001510       6.018030       6.018150       6.018010       6.017570       6.016850       6.016650       6.016440       6.015660       6.477650       7.173150       6.992150       6.900790       6.900890       6.893470       6.769260       6.714850       6.681660       6.569920       6.523510       6.482950       6.428380       6.332980       6.242980       6.134930       6.010140       5.873200       5.722850       5.563950    
   6.001550       6.018090       6.018150       6.018080       6.017650       6.016850       6.016750       6.016650       6.016250       6.571210       7.173150       7.173150       7.173150       6.997480       6.908010       6.908300       6.893470       6.787050       6.748040       6.681660       6.660830       6.628720       6.582140       6.517370       6.410790       6.302770       6.177020       6.035170       5.883660       5.729030    
   6.018120       6.018150       6.018110       6.017680       6.016850       6.016800       6.016750       6.374970       6.748970       7.173370       7.173150       7.173150       7.173150       7.173150       7.007880       6.922250       6.923140       6.893470       6.825010       6.814430       6.803690       6.782830       6.747990       6.693640       6.614090       6.492420       6.364170       6.221670       6.073580       5.929460    
   6.018150       6.018130       6.017700       6.016850       6.016820       6.577110       7.417570       7.433910       7.450250       7.266100       7.173800       7.173150       7.173150       7.173150       7.173150       7.027820       6.950150       6.952810       6.893470       6.910470       6.920470       6.921340       6.904900       6.882380       6.814800       6.709610       6.567100       6.423550       6.279260       6.143680    
   6.018140       6.017710       6.016850       6.016840       6.689200       7.417590       7.417590       7.417570       7.433920       7.450250       7.267200       7.175090       7.173150       7.173150       7.173150       7.173150       7.064850       7.004170       7.012150       7.039590       7.050760       7.069980       7.080160       7.074860       7.030840       6.924710       6.787570       6.633350       6.488270       6.358640    
