iMOD/TUTORIALS/TUT_MetaswapAnalyser/model_MetaSWAP/meteo/Precipitation/Precipitation_20051124_L1.ASC
NCOLS                30
NROWS                30
XLLCORNER     160000.00
YLLCORNER     340000.00
CELLSIZE        1000.00
NODATA_VALUE   -9999.00
   22.52070       22.09050       21.64720       21.21170       20.83720       20.63390       20.62600       20.72160       20.85890       21.14210       21.57340       22.02620       22.45260       22.83010       23.16140       23.45290       23.79000       23.95670       24.10460       24.21580       24.29480       24.32550       24.35270       24.34030       24.34040       24.33110       24.31310       24.28210       24.22520       24.13920    
   22.22510       21.83880       21.53670       21.15620       20.83750       20.63040       20.53570       20.51120       20.51020       20.70240       21.18900       21.63840       22.04820       22.41860       22.74250       23.11110       23.35980       23.67900       23.84060       23.99300       24.11440       24.18770       24.25310       24.27810       24.30850       24.32720       24.33730       24.33850       24.22070       24.19010    
   22.11730       21.75720       21.41030       21.08820       20.87350       20.66730       20.53910       20.47530       20.49010       20.66430       21.01390       21.38820       21.75340       22.08390       22.43090       22.78960       23.05220       23.28890       23.50070       23.68630       23.81340       23.92140       23.99810       24.07420       24.13260       24.17870       24.10900       24.16480       24.24160       24.27670    
   22.05580       21.72310       21.40790       21.11830       20.88020       20.69830       20.57760       20.54320       20.58180       20.72410       20.97190       21.25270       21.53760       21.83650       22.11350       22.42450       22.67870       22.92100       23.15050       23.36020       23.54330       23.64770       23.75170       23.72900       23.80940       23.87830       23.94170       24.00500       24.08800       24.14770    
   22.02940       21.72290       21.43060       21.17390       20.95680       20.78770       20.67260       20.65110       20.67030       20.76540       20.83110       21.10060       21.34060       21.58050       21.84770       22.09660       22.27820       22.51410       22.75260       22.97720       23.13940       23.30430       23.41440       23.50480       23.58540       23.64860       23.69880       23.75900       23.77190       23.73340    
   22.02940       21.74320       21.48150       21.24770       21.04940       20.89340       20.79740       20.77080       20.59940       20.66700       20.82100       21.00630       21.20620       21.42510       21.58400       21.77430       21.97160       22.20830       22.47020       22.71760       22.89900       23.06950       23.18030       23.27610       23.34300       23.37650       23.39710       23.41380       23.36770       23.25940    
   21.93630       21.78770       21.54780       21.33400       21.17130       21.02460       20.92030       20.61500       20.60880       20.69850       20.82590       20.97820       21.14000       21.29790       21.40790       21.54690       21.68320       21.93120       22.23380       22.47730       22.69010       22.85370       22.97240       23.02890       23.07130       23.08270       23.08960       23.03310       22.93070       22.77640    
   21.93260       21.74370       21.65040       21.45150       21.28190       20.61770       20.67050       20.60820       20.65000       20.72960       20.84040       20.97210       21.11220       21.24730       21.28940       21.40910       21.48720       21.76140       22.07100       22.32630       22.52240       22.66370       22.75590       22.78280       22.79160       22.79360       22.73040       22.63030       22.51280       22.31320    
   21.98250       21.79920       21.60270       21.55240       20.69880       20.63220       20.70730       20.64050       20.68200       20.75670       20.85900       20.98110       21.11300       21.09490       21.26500       21.41190       21.56260       21.77740       22.03090       22.24190       22.39870       22.50120       22.55450       22.54200       22.53880       22.46990       22.36530       22.25400       22.06550       21.83700    
   22.02640       21.86130       21.68010       20.64980       20.68860       20.63310       20.64810       20.65840       20.70150       20.77520       20.87540       20.99610       21.13040       21.09080       21.28470       21.47230       21.67000       21.85880       22.04170       22.18810       22.28320       22.36190       22.36610       22.32970       22.25750       22.14650       22.03300       21.84740       21.62630       21.37050    
   22.04240       21.85590       21.19880       20.60420       20.53760       20.52090       20.64400       20.65900       20.70490       20.78000       20.88180       21.00640       20.87620       21.00110       21.28750       21.51980       21.74750       21.95360       22.12020       22.22980       22.27880       22.27410       22.22510       22.16120       22.06900       21.94710       21.75950       21.53790       21.28220       20.91780    
   22.04720       21.42540       20.60420       20.48540       20.48820       20.35690       20.51430       20.63970       20.68810       20.76530       20.66870       20.82750       20.70450       21.03480       21.30050       21.56890       21.82490       22.04320       22.18560       22.24100       22.22290       22.15270       22.08750       21.95320       21.79090       21.58390       21.36370       21.11360       20.83280       20.52180    
   21.58190       20.60420       20.45030       20.39990       20.31160       20.46080       20.46240       20.49180       20.26310       20.46160       20.59880       20.45780       20.70850       20.98180       21.27600       21.58160       21.88020       22.12630       22.25570       22.24630       22.17570       22.04150       21.88220       21.70340       21.50520       21.28590       21.02400       20.75280       20.45290       20.12360    
   20.60420       20.43050       20.35570       20.31160       20.38560       20.38450       20.00370       20.06260       20.15020       20.19610       20.35180       20.33360       20.59120       20.87630       21.18870       21.52680       21.88080       22.19670       22.32050       22.22470       22.04350       21.84580       21.59620       21.37620       21.14670       20.90370       20.62760       20.34390       20.03520       19.69900    
   20.42000       20.33370       20.31160       20.36060       20.38450       20.03940       19.73010       19.79990       19.89720       20.02310       19.82770       20.06800       20.33630       20.63400       20.96240       21.37060       21.74420       22.14780       22.30850       22.03090       21.78030       21.53750       21.30080       21.06510       20.82490       20.57510       20.31060       20.01090       19.70280       19.33800    
   20.32260       20.31160       20.35220       20.38450       20.05130       19.73010       19.76500       19.80910       19.78310       19.41200       19.61640       19.84630       20.10220       20.38470       20.69270       21.02420       21.32030       21.64910       21.76030       21.59900       21.36480       21.15360       20.91860       20.68380       20.44610       20.20130       19.94470       19.67150       19.36440       19.04560    
   20.31160       20.34940       20.38450       20.05530       19.73010       19.74760       19.76810       19.69230       19.41200       19.51420       19.52170       19.57850       19.81250       20.06730       20.21310       20.51470       20.81600       21.03460       21.11490       21.04150       20.87840       20.67880       20.46600       20.29060       20.07280       19.84800       19.61260       19.36240       19.09330       18.78280    
   20.34850       20.38450       20.05660       19.73010       19.73880       19.74860       19.65500       19.41200       19.46310       19.39410       19.36700       19.15540       19.38260       19.52490       19.77590       20.02000       20.25820       20.41370       20.47720       20.44240       20.33400       20.18270       20.00960       19.82560       19.67780       19.48340       19.27950       19.06290       18.82950       18.56950    
   20.38450       20.05710       19.73010       19.73450       19.73920       19.63860       19.41200       19.43750       19.33710       19.26120       19.15540       19.26900       19.28920       19.09400       19.30030       19.49360       19.65730       19.80080       19.85230       19.83670       19.76530       19.65550       19.52290       19.37770       19.22530       19.06730       18.94360       18.76920       18.57440       18.40170    
   20.05720       19.73010       19.73230       19.73460       19.63110       19.41200       19.42480       19.31010       19.20830       19.15540       19.21220       19.20190       19.09400       19.19720       19.29600       19.48370       19.65060       19.77010       19.47240       19.23430       19.18810       19.11180       19.01640       18.91030       18.79890       18.68430       18.61570       18.49050       18.46310       18.30640    
   19.73010       19.73120       19.73230       19.62750       19.41200       19.41840       19.29680       19.18180       19.15540       19.18380       19.16590       19.09400       19.14560       19.19570       19.32560       19.47680       19.63480       19.29340       18.93610       18.63790       18.60890       18.55880       18.49580       18.48650       18.41140       18.33820       18.39690       18.31630       18.22320       18.10940    
   19.73060       19.73120       19.62570       19.41200       19.41520       19.29020       19.16860       19.15540       19.16960       19.14980       19.09400       19.11980       19.14510       19.22230       19.33270       19.47910       19.16600       18.78700       18.63790       18.45460       18.11690       18.07560       18.03060       17.98760       18.08300       18.05610       18.03170       18.00810       17.97730       17.92760    
   19.73060       19.62490       19.41200       19.41360       19.28700       19.16200       19.15540       19.16250       19.14220       19.09400       19.10690       19.11960       19.16240       19.23340       19.34470       18.74220       18.71240       18.63790       17.83550       17.52780       17.54360       17.51620       17.61860       17.60390       17.60250       17.61520       17.64140       17.67710       17.71400       17.73780    
   19.62450       19.41200       19.41280       19.28530       19.15870       19.15540       19.15890       19.13850       19.09400       19.10040       19.10680       19.12960       19.17180       18.08780       17.41050       17.02310       17.02090       16.97460       16.90180       16.72190       16.93860       17.07080       17.05970       17.06620       17.09390       17.14520       17.21970       17.31380       17.42020       17.51490    
   19.41200       19.41240       19.28450       19.15710       19.15540       19.15720       19.13670       19.09400       19.09720       19.10040       19.11230       19.13610       17.11330       14.59590       14.61060       15.50930       15.33590       15.40390       16.09410       16.45560       16.50520       16.48200       16.48530       16.50580       16.55680       16.64130       16.75880       16.90550       17.06640       17.25370    
   19.41220       19.28410       19.15620       19.15540       19.15630       19.13580       19.09400       19.09560       19.09720       19.10330       16.91960       13.62450       14.26030       14.58160       14.58120       14.61060       15.06960       15.26800       15.40390       15.79510       15.92310       15.89550       15.88980       15.92260       15.98960       16.10110       16.25480       16.43660       16.65450       16.89430    
   19.28390       19.15580       19.15540       19.15580       19.13540       19.09400       19.09480       19.09560       19.09870       16.47380       13.62450       13.62450       13.62450       14.23920       14.55290       14.55180       14.61060       14.99610       15.13200       15.40390       15.34820       15.30620       15.28960       15.31270       15.39320       15.52620       15.70530       15.92720       16.17280       16.42500    
   19.15560       19.15540       19.15560       19.13520       19.09400       19.09440       19.09480       17.37460       15.60850       13.62360       13.62450       13.62450       13.62450       13.62450       14.19800       14.49620       14.49300       14.61060       14.83770       14.86020       14.78510       14.72190       14.68380       14.69130       14.76690       14.92050       15.13410       15.38540       15.64860       15.89870    
   19.15540       19.15550       19.13500       19.09400       19.09420       16.33330       12.19180       12.20050       12.20930       13.15020       13.62170       13.62450       13.62450       13.62450       13.62450       14.11970       14.38490       14.37550       14.61060       14.47620       14.34690       14.22870       14.14620       14.06490       14.12460       14.29910       14.55570       14.83980       15.11990       15.37140    
   19.15550       19.13500       19.09400       19.09410       15.78070       12.19150       12.19150       12.19180       12.20050       12.20930       13.14530       13.61600       13.62450       13.62450       13.62450       13.62450       13.97630       14.16860       14.14030       13.98970       13.87180       13.71820       13.57600       13.46620       13.47180       13.67910       13.97850       14.32410       14.62090       14.87680    
