iMOD/TUTORIALS/TUT_MetaswapAnalyser/model_MetaSWAP/meteo/Precipitation/Precipitation_20050601_L1.ASC
NCOLS                30
NROWS                30
XLLCORNER     160000.00
YLLCORNER     340000.00
CELLSIZE        1000.00
NODATA_VALUE   -9999.00
  0.4685100      0.4596000      0.4501100      0.4401700      0.4305100      0.4226500      0.4163400      0.4097700      0.4011800      0.3921900      0.3840000      0.3759500      0.3698600      0.3617100      0.3563000      0.3475200      0.3563800      0.3569800      0.3601600      0.3656400      0.3730600      0.3857400      0.3962400      0.4003400      0.4125800      0.4248400      0.4365200      0.4465900      0.4530700      0.4536900    
  0.4803200      0.4707200      0.4608800      0.4511900      0.4419100      0.4335300      0.4256100      0.4170700      0.4070700      0.3968300      0.3885600      0.3816200      0.3739100      0.3614400      0.3549100      0.3598300      0.3584400      0.3736900      0.3791700      0.3873600      0.3975900      0.4125600      0.4256500      0.4327200      0.4474400      0.4623800      0.4773000      0.4916300      0.5068800      0.5131400    
  0.4913400      0.4812400      0.4712000      0.4612600      0.4517100      0.4425200      0.4333300      0.4235100      0.4133100      0.4027700      0.3941800      0.3853100      0.3737200      0.3635500      0.3623200      0.3675500      0.3682100      0.3723500      0.3799600      0.3905500      0.4031600      0.4205600      0.4292900      0.4462000      0.4637400      0.4818900      0.5040500      0.5231200      0.5440200      0.5611600    
  0.5016400      0.4910800      0.4806600      0.4703300      0.4602300      0.4501800      0.4399300      0.4291700      0.4190400      0.4098200      0.3989000      0.3875100      0.3745500      0.3655600      0.3586800      0.3604900      0.3614500      0.3669000      0.3768000      0.3901700      0.4058500      0.4155800      0.4368500      0.4592500      0.4785300      0.4982300      0.5185100      0.5396100      0.5629500      0.5850200    
  0.5111800      0.5001900      0.4892800      0.4785300      0.4678100      0.4570000      0.4459100      0.4411100      0.4282300      0.4154200      0.3905700      0.3820100      0.3728400      0.3628100      0.3527200      0.3500000      0.3528200      0.3600600      0.3733300      0.3905000      0.4021400      0.4217500      0.4450000      0.4644900      0.4845300      0.5044300      0.5241400      0.5450300      0.5621600      0.5731800    
  0.5199900      0.5085800      0.4973100      0.4860800      0.4747900      0.4633200      0.4596700      0.4474200      0.4181300      0.3989900      0.3890200      0.3786500      0.3687800      0.3577200      0.3444200      0.3381700      0.3371300      0.3461500      0.3638500      0.3852500      0.4009500      0.4224600      0.4466000      0.4671800      0.4868800      0.5050100      0.5223900      0.5392400      0.5501700      0.5535200    
  0.5280200      0.5164700      0.5048200      0.4931600      0.4942000      0.4801500      0.4659900      0.4288000      0.4069500      0.3972800      0.3872000      0.3765600      0.3651700      0.3534200      0.3347900      0.3246400      0.3179800      0.3304100      0.3552600      0.3762300      0.4000900      0.4226500      0.4438300      0.4669400      0.4853800      0.5019200      0.5179600      0.5284500      0.5337400      0.5323600    
  0.5493700      0.5433600      0.5292100      0.5150800      0.5008800      0.4464600      0.4382600      0.4138300      0.4046300      0.3952200      0.3854300      0.3750900      0.3639700      0.3518100      0.3300300      0.3189200      0.3057400      0.3236100      0.3505800      0.3768100      0.4010500      0.4233200      0.4436600      0.4653600      0.4818600      0.4978100      0.5083600      0.5148500      0.5153200      0.5107700    
  0.5802800      0.5498300      0.5357600      0.5215300      0.4540400      0.4444700      0.4367100      0.4105600      0.4017700      0.3928900      0.3837900      0.3743600      0.3644400      0.3368200      0.3318100      0.3260900      0.3247300      0.3369700      0.3587800      0.3821000      0.4044100      0.4249700      0.4435000      0.4631700      0.4793500      0.4903600      0.4976800      0.4995600      0.4976400      0.4901100    
  0.5868000      0.5558400      0.5418600      0.4602700      0.4506700      0.4413800      0.4148800      0.4065200      0.3983000      0.3901700      0.3821000      0.3740400      0.3660100      0.3377100      0.3366400      0.3375700      0.3442000      0.3543900      0.3707600      0.3896200      0.4084300      0.4274000      0.4434700      0.4573100      0.4743200      0.4826400      0.4859500      0.4859900      0.4810000      0.4707300    
  0.5808400      0.5615000      0.5033700      0.4555100      0.4463300      0.4034400      0.4095200      0.4016500      0.3940900      0.3868500      0.3799500      0.3734900      0.3366700      0.3495400      0.3567600      0.3564300      0.3608500      0.3688300      0.3804400      0.3939100      0.4077200      0.4209400      0.4329600      0.4447900      0.4513400      0.4632600      0.4653900      0.4632300      0.4562800      0.4534000    
  0.5807170      0.5253050      0.4555100      0.4344980      0.4407300      0.3959200      0.4033200      0.3958400      0.3889500      0.3825900      0.3945200      0.3870700      0.3497000      0.3627600      0.3631000      0.3657100      0.3709700      0.3805300      0.3906200      0.4013500      0.4120800      0.4224000      0.4320200      0.4400900      0.4461400      0.4543700      0.4545900      0.4505200      0.4416100      0.4276200    
  0.5398270      0.4555100      0.4258760      0.4180750      0.3954200      0.4034600      0.3960200      0.3891000      0.4084400      0.4001300      0.3927600      0.3643300      0.3634500      0.3640300      0.3665300      0.3713600      0.3785400      0.3871900      0.3979400      0.4061600      0.4146000      0.4224800      0.4299400      0.4364100      0.4411600      0.4433800      0.4475300      0.4424400      0.4323600      0.4168700    
  0.4555100      0.4208880      0.4067480      0.3954200      0.3979130      0.3948600      0.4218200      0.4126300      0.4041000      0.3875300      0.3818800      0.3605300      0.3606500      0.3624400      0.3663100      0.3726700      0.3810500      0.3918800      0.4002100      0.4080300      0.4137200      0.4198800      0.4361700      0.4437000      0.4494900      0.4526000      0.4566400      0.4516500      0.4410100      0.4240900    
  0.4182260      0.4010840      0.3954200      0.3960640      0.3948600      0.4044430      0.3966500      0.3893100      0.3826800      0.3769000      0.3521400      0.3517900      0.3528100      0.3555400      0.3603700      0.3680500      0.3780000      0.3909300      0.4002400      0.4050700      0.4148500      0.4227500      0.4309400      0.4386600      0.4450700      0.4491600      0.4498300      0.4506900      0.4412500      0.4262300    
  0.3982520      0.3954200      0.3954480      0.3948600      0.3986510      0.3966500      0.3929800      0.3895470      0.3737730      0.3462000      0.3446800      0.3442300      0.3451200      0.3476400      0.3523900      0.3589700      0.3741800      0.3830100      0.3908300      0.3964900      0.4024200      0.4160800      0.4252500      0.4343400      0.4425400      0.4488500      0.4520800      0.4509600      0.4487700      0.4350600    
  0.3954200      0.3952430      0.3948600      0.3967200      0.3966500      0.3948150      0.3930590      0.3756250      0.3462000      0.3454400      0.3385620      0.3349200      0.3356300      0.3374100      0.3525200      0.3566900      0.3626600      0.3695800      0.3767000      0.3836400      0.3910100      0.3992900      0.4084800      0.4274400      0.4382800      0.4478700      0.4550000      0.4582200      0.4560200      0.4517100    
  0.3951740      0.3948600      0.3960770      0.3966500      0.3957320      0.3948410      0.3774250      0.3462000      0.3458200      0.3363660      0.3288500      0.3227800      0.3225400      0.3395900      0.3410400      0.3439000      0.3484900      0.3540400      0.3605400      0.3679000      0.3763600      0.3861900      0.3974700      0.4100000      0.4325900      0.4465600      0.4589600      0.4682000      0.4725000      0.4706500    
  0.3948600      0.3958620      0.3966500      0.3961910      0.3957410      0.3785500      0.3462000      0.3460100      0.3353960      0.3258150      0.3227800      0.3226600      0.3281150      0.3275500      0.3277100      0.3291600      0.3319600      0.3366700      0.3423900      0.3496800      0.3587700      0.3699200      0.3833000      0.3988700      0.4163000      0.4348700      0.4628500      0.4798300      0.4932000      0.4992100    
  0.3957910      0.3966500      0.3964210      0.3961940      0.3791710      0.3462000      0.3461050      0.3349370      0.3242980      0.3227800      0.3227200      0.3252760      0.3275500      0.3276300      0.3281400      0.3296100      0.3325970      0.3370070      0.3327800      0.3290700      0.3382700      0.3503000      0.3655000      0.3840500      0.4058700      0.4304600      0.4542500      0.4806500      0.4982500      0.5269800    
  0.3966500      0.3965350      0.3964220      0.3794960      0.3462000      0.3461520      0.3347120      0.3235390      0.3227800      0.3227500      0.3245820      0.3275500      0.3275900      0.3277730      0.3284600      0.3301160      0.3330710      0.3252110      0.3175800      0.3060900      0.3148200      0.3271100      0.3435600      0.3621100      0.3882300      0.4191600      0.4475400      0.4849500      0.5221500      0.5550800    
  0.3965930      0.3965360      0.3796630      0.3462000      0.3461760      0.3346010      0.3231590      0.3227800      0.3227650      0.3244150      0.3275500      0.3275700      0.3276380      0.3279410      0.3287830      0.3305490      0.3212640      0.3118350      0.3060900      0.3021130      0.2854300      0.2974300      0.3144600      0.3374300      0.3611300      0.3982900      0.4419400      0.4915500      0.5442100      0.5944000    
  0.3965930      0.3797480      0.3462000      0.3461880      0.3345450      0.3229700      0.3227800      0.3227730      0.3243780      0.3275500      0.3275600      0.3275860      0.3277160      0.3281210      0.3290910      0.2885210      0.3089620      0.3060900      0.2675450      0.2548250      0.2608080      0.2664300      0.2793800      0.3023300      0.3338800      0.3753500      0.4273400      0.4896000      0.5598900      0.6323400    
  0.3797900      0.3462000      0.3461940      0.3345180      0.3228750      0.3227800      0.3227760      0.3243700      0.3275500      0.3275550      0.3275650      0.3276210      0.3278080      0.2462320      0.1896660      0.1540030      0.1530450      0.1825350      0.2176780      0.2071500      0.2242200      0.2305300      0.2442200      0.2661300      0.2982400      0.3426100      0.4010200      0.4745700      0.5627700      0.6622500    
  0.3462000      0.3461970      0.3345040      0.3228270      0.3227800      0.3227780      0.3243690      0.3275500      0.3275520      0.3275570      0.3275800      0.3276650      0.1803320       0.000000       0.000000      0.3826120E-01   0.000000       0.000000      0.1213620      0.1910600      0.1900800      0.1939000      0.2055900      0.2246100      0.2550000      0.2995900      0.3611600      0.4421100      0.5448300      0.6682400    
  0.3461980      0.3344970      0.3228040      0.3227800      0.3227790      0.3243690      0.3275500      0.3275510      0.3275530      0.3275630      0.1965600       0.000000       0.000000       0.000000       0.000000       0.000000       0.000000       0.000000       0.000000      0.8724000E-01  0.1588800      0.1583000      0.1638500      0.1793600      0.2056900      0.2475100      0.3081400      0.3909200      0.4973300      0.6298500    
  0.3344930      0.3227920      0.3227800      0.3227800      0.3243700      0.3275500      0.3275510      0.3275510      0.3275560      0.1703350       0.000000       0.000000       0.000000       0.000000       0.000000       0.000000       0.000000       0.000000       0.000000       0.000000       0.000000       0.000000       0.000000       0.000000      0.1532700      0.1897300      0.2460400      0.3238700      0.4240000      0.5444000    
  0.3227860      0.3227800      0.3227800      0.3243700      0.3275500      0.3275500      0.3275510      0.2922170      0.1790180      0.1042520E-03   0.000000       0.000000       0.000000       0.000000       0.000000       0.000000       0.000000       0.000000       0.000000       0.000000       0.000000       0.000000       0.000000       0.000000       0.000000       0.000000      0.1811500      0.2509900      0.3391600      0.4400100    
  0.3227800      0.3227800      0.3243700      0.3275500      0.3275500      0.2818650      0.2133200      0.1997650      0.1862100      0.6235320E-01  0.3127570E-03   0.000000       0.000000       0.000000       0.000000       0.000000       0.000000       0.000000       0.000000       0.000000       0.000000       0.000000       0.000000       0.000000       0.000000       0.000000       0.000000      0.1832400      0.2586600      0.3420100    
  0.3227800      0.3243700      0.3275500      0.3275500      0.2727490      0.2133550      0.2133550      0.2133200      0.1997660      0.1862100      0.6289020E-01  0.9382720E-03   0.000000       0.000000       0.000000       0.000000       0.000000       0.000000       0.000000       0.000000       0.000000       0.000000       0.000000       0.000000       0.000000       0.000000       0.000000       0.000000      0.1925400      0.2613000    
