iMOD/TUTORIALS/TUT_MetaswapAnalyser/model_MetaSWAP/meteo/Precipitation/Precipitation_20061227_L1.ASC
NCOLS                30
NROWS                30
XLLCORNER     160000.00
YLLCORNER     340000.00
CELLSIZE        1000.00
NODATA_VALUE   -9999.00
   3.120340       3.114320       3.112480       3.114030       3.113810       3.114880       3.109920       3.100250       3.083400       3.037340       2.960220       2.878650       2.801760       2.736810       2.677730       2.636900       2.615910       2.584250       2.561860       2.547210       2.539340       2.539520       2.542100       2.548800       2.556980       2.566440       2.576250       2.585590       2.593810       2.598110    
   3.123480       3.116080       3.112980       3.111280       3.106950       3.106790       3.104720       3.101870       3.099850       3.060020       2.964910       2.877170       2.797700       2.736970       2.677010       2.642350       2.600810       2.598620       2.574830       2.558990       2.549190       2.546300       2.545600       2.548950       2.552730       2.557280       2.561710       2.565290       2.564260       2.564510    
   3.118360       3.108500       3.101250       3.090310       3.087500       3.083550       3.078210       3.070460       3.054180       3.009520       2.932890       2.851910       2.779870       2.714400       2.669480       2.637730       2.599810       2.569360       2.546080       2.529380       2.517290       2.512960       2.512300       2.513220       2.516080       2.519890       2.520060       2.523640       2.523640       2.524880    
   3.104430       3.091580       3.080510       3.065020       3.056410       3.046790       3.034690       3.017710       2.988340       2.941530       2.877650       2.808400       2.737350       2.681100       2.628830       2.594590       2.558550       2.529260       2.506600       2.490150       2.479280       2.473370       2.472860       2.469880       2.473180       2.477760       2.482710       2.487090       2.488280       2.490090    
   3.082900       3.066720       3.045330       3.031390       3.016910       3.000700       2.981100       2.950330       2.916230       2.870080       2.781890       2.727960       2.673420       2.622230       2.575470       2.539250       2.503960       2.476540       2.455260       2.439870       2.430800       2.425570       2.426000       2.427290       2.431840       2.437920       2.444690       2.448850       2.455560       2.461630    
   3.055050       3.029400       3.010560       2.991430       2.971120       2.948510       2.917540       2.883870       2.778090       2.736770       2.696000       2.649880       2.601490       2.554360       2.506780       2.472070       2.441940       2.417360       2.398610       2.385410       2.378170       2.374820       2.377010       2.381160       2.387860       2.395740       2.405350       2.412890       2.423380       2.433630    
   3.026140       2.994360       2.971130       2.947020       2.914190       2.886790       2.855600       2.714390       2.676730       2.644200       2.606230       2.564460       2.521060       2.478680       2.428480       2.397750       2.370830       2.349550       2.334000       2.324220       2.318880       2.318110       2.321430       2.329780       2.339480       2.351250       2.361450       2.375820       2.390160       2.404620    
   3.028810       2.955890       2.919150       2.891440       2.861730       2.713430       2.648720       2.610910       2.582690       2.550160       2.513850       2.474910       2.434890       2.396160       2.343890       2.316670       2.292450       2.274670       2.262760       2.255580       2.253290       2.255650       2.262210       2.273930       2.287260       2.299720       2.317360       2.336130       2.354920       2.374080    
   2.984530       2.915670       2.884860       2.842630       2.656420       2.632730       2.559760       2.517740       2.488030       2.455210       2.419740       2.382530       2.344740       2.280150       2.253760       2.229930       2.209640       2.194690       2.184890       2.180750       2.181790       2.187700       2.197980       2.213600       2.227820       2.247960       2.270110       2.293110       2.317420       2.341590    
   2.947890       2.874250       2.840050       2.612230       2.577240       2.550460       2.453060       2.424350       2.393240       2.359880       2.324680       2.288370       2.251870       2.183450       2.160420       2.138610       2.120760       2.108360       2.101720       2.101000       2.105960       2.114600       2.129010       2.147350       2.167720       2.192410       2.218800       2.247440       2.276990       2.306620    
   2.933650       2.887400       2.715390       2.535040       2.506710       2.409090       2.361880       2.331260       2.298820       2.264740       2.229390       2.193360       2.108180       2.121730       2.089860       2.060260       2.034340       2.014960       2.002880       1.998640       2.001830       2.011600       2.027030       2.044530       2.068620       2.097450       2.129330       2.163900       2.200430       2.268540    
   2.933170       2.767870       2.535040       2.436150       2.425980       2.330870       2.279180       2.238950       2.205230       2.170320       2.198670       2.152790       2.063390       2.028850       1.996890       1.966290       1.940090       1.919840       1.909130       1.908000       1.915290       1.929380       1.946180       1.970450       1.999140       2.033980       2.070420       2.109910       2.151820       2.195400    
   2.802410       2.535040       2.399870       2.351430       2.276870       2.223040       2.189820       2.155460       2.214360       2.160710       2.113920       2.007250       1.972540       1.937630       1.904480       1.871880       1.843140       1.821690       1.811110       1.814030       1.824310       1.842570       1.866030       1.894130       1.926590       1.963180       2.005970       2.050050       2.097100       2.146460    
   2.535040       2.381480       2.314150       2.276870       2.212200       2.136690       2.228460       2.182320       2.135040       2.083240       2.034890       1.920890       1.885080       1.849000       1.813260       1.779610       1.747430       1.720500       1.710410       1.717850       1.735290       1.757750       1.791700       1.824250       1.860940       1.901710       1.948240       1.996650       2.048230       2.102450    
   2.372230       2.295510       2.276870       2.208590       2.136690       2.175970       2.162760       2.114190       2.064630       2.014310       1.888280       1.850390       1.811750       1.772850       1.734220       1.693500       1.657980       1.626020       1.612280       1.633530       1.656130       1.683040       1.713670       1.748380       1.787370       1.830680       1.878200       1.931500       1.986610       2.048550    
   2.286190       2.276870       2.207380       2.136690       2.158470       2.162760       2.138470       2.113860       2.010370       1.848360       1.810480       1.771630       1.732280       1.692940       1.667200       1.627840       1.588560       1.558310       1.547740       1.560860       1.583360       1.605780       1.636660       1.672240       1.712630       1.757830       1.807660       1.861790       1.921280       1.982370    
   2.276870       2.206980       2.136690       2.152640       2.162760       2.150620       2.138370       2.027770       1.848360       1.829420       1.756130       1.696980       1.675880       1.635510       1.590060       1.553320       1.522640       1.498550       1.488450       1.493680       1.509920       1.533700       1.563630       1.592350       1.632720       1.678650       1.729840       1.785800       1.845820       1.912040    
   2.206850       2.136690       2.150700       2.162760       2.156690       2.150580       2.041280       1.848360       1.838890       1.752440       1.675090       1.653190       1.611570       1.560190       1.522050       1.487010       1.459530       1.437670       1.426560       1.427050       1.437810       1.457120       1.483860       1.517490       1.550800       1.596800       1.648800       1.706110       1.767750       1.833920    
   2.136690       2.150050       2.162760       2.159720       2.156680       2.049230       1.848360       1.843620       1.751400       1.664140       1.653190       1.632380       1.579970       1.494930       1.457250       1.422990       1.393820       1.375090       1.362110       1.358770       1.364860       1.379770       1.402920       1.433990       1.472710       1.518730       1.564710       1.623180       1.687710       1.749420    
   2.149830       2.162760       2.161240       2.159720       2.053500       1.848360       1.845990       1.751050       1.658660       1.653190       1.642790       1.590120       1.494930       1.476090       1.458390       1.424690       1.397300       1.377010       1.320220       1.288530       1.290230       1.300790       1.320160       1.348330       1.385200       1.430470       1.478280       1.538690       1.658690       1.714970    
   2.162760       2.162000       2.161240       2.055700       1.848360       1.847180       1.750900       1.655930       1.653190       1.647990       1.595260       1.494930       1.485510       1.476470       1.453060       1.426790       1.399660       1.312750       1.252570       1.216620       1.213820       1.219890       1.235240       1.254300       1.289480       1.334210       1.447390       1.507200       1.570510       1.633710    
   2.162380       2.162000       2.056830       1.848360       1.847770       1.750840       1.654560       1.653190       1.650590       1.597840       1.494930       1.490220       1.485640       1.471680       1.452110       1.426500       1.318080       1.234600       1.216620       1.186050       1.127720       1.129950       1.141720       1.163780       1.253350       1.294810       1.349270       1.411380       1.478360       1.547320    
   2.162380       2.057390       1.848360       1.848060       1.750810       1.653870       1.653190       1.651890       1.599140       1.494930       1.492580       1.490260       1.482510       1.469810       1.450100       1.288140       1.225610       1.216620       1.100670       1.049560       1.057520       1.055730       1.098800       1.118880       1.150920       1.194580       1.249470       1.314010       1.385370       1.459040    
   2.057680       1.848360       1.848210       1.750790       1.653530       1.653190       1.652540       1.599790       1.494930       1.493750       1.492590       1.488450       1.480860       1.304790       1.151520       1.019140       1.018410      0.9986970      0.9725530      0.9504550      0.9714100       1.002800       1.005560       1.020450       1.048480       1.090280       1.145490       1.212640       1.289110       1.377280    
   1.848360       1.848290       1.750780       1.653360       1.653190       1.652860       1.600110       1.494930       1.494340       1.493760       1.491600       1.487300       1.181110      0.8160610      0.8167500      0.8651510      0.8134100      0.8202000      0.8834390      0.9176400      0.9295000      0.9140200      0.9108700      0.9193400      0.9427600      0.9822100       1.037410       1.106780       1.193400       1.281840    
   1.848320       1.750780       1.653280       1.653190       1.653030       1.600270       1.494930       1.494640       1.494340       1.493230       1.231710      0.8429600      0.8244510      0.8153640      0.8153730      0.8167500      0.8120350      0.8066200      0.8202000      0.8454630      0.8520100      0.8282700      0.8149400      0.8167100      0.8346100      0.8713100      0.9262500       1.001560       1.084810       1.176730    
   1.750780       1.653230       1.653190       1.653110       1.600360       1.494930       1.494780       1.494640       1.494070       1.181040      0.8429600      0.8429600      0.8429600      0.8234200      0.8139680      0.8139960      0.8167500      0.8045700      0.7930400      0.8202000      0.7801400      0.7459900      0.7219400      0.7131700      0.7253700      0.7593200      0.8175600      0.8900700      0.9737900       1.063260    
   1.653210       1.653190       1.653150       1.600400       1.494930       1.494860       1.494780       1.377830       1.157580      0.8430460      0.8429600      0.8429600      0.8429600      0.8429600      0.8213790      0.8111590      0.8112420      0.8167500      0.7882900      0.7658800      0.7161900      0.6703500      0.6333400      0.6125100      0.6165700      0.6504200      0.7086500      0.7836300      0.8673800      0.9527600    
   1.653190       1.653170       1.600420       1.494930       1.494890       1.327250       1.075840       1.051840       1.027840      0.9048220      0.8432190      0.8429600      0.8429600      0.8429600      0.8429600      0.8174030      0.8054850      0.8057350      0.8167500      0.7503300      0.6836600      0.6192200      0.5586200      0.5149600      0.5101900      0.5448500      0.6097000      0.6894000      0.7737300      0.8556400    
   1.653180       1.600430       1.494930       1.494910       1.293760       1.075860       1.075860       1.075840       1.051840       1.027840      0.9052710      0.8437360      0.8429600      0.8429600      0.8429600      0.8429600      0.8099230      0.7939700      0.7947200      0.7228800      0.6394600      0.5669700      0.4955300      0.4336500      0.4090100      0.4501700      0.5247100      0.6155600      0.6997300      0.7776700    
