iMOD/TUTORIALS/TUT_MetaswapAnalyser/model_MetaSWAP/meteo/Precipitation/Precipitation_20060816_L1.ASC
NCOLS                30
NROWS                30
XLLCORNER     160000.00
YLLCORNER     340000.00
CELLSIZE        1000.00
NODATA_VALUE   -9999.00
   1.924520       1.932830       1.946300       2.004600       2.227120       2.860950       4.122250       5.901090       7.859110       9.045160       9.044610       8.644710       8.157030       7.664410       7.202000       6.824200       6.392040       6.139950       5.948980       5.808890       5.700550       5.643730       5.545230       5.422400       5.277490       5.099890       4.889290       4.650090       4.392720       4.123510    
   2.281940       2.372540       2.502210       2.739110       3.191450       4.015250       5.353940       7.238210       9.629610       10.96560       10.18260       9.457680       8.776710       8.175310       7.618960       7.055210       6.676490       6.412880       6.222800       6.092130       5.998830       5.953580       5.866200       5.749570       5.604200       5.419720       5.195260       4.934040       4.648390       4.346170    
   2.710500       2.889700       3.142690       3.526100       4.114420       5.031700       6.343100       8.031220       9.841250       10.79020       10.51180       9.862760       9.173860       8.498040       7.888570       7.297510       6.887280       6.602800       6.428740       6.332590       6.281810       6.267520       6.198460       6.101250       5.960960       5.773590       5.541970       5.260740       4.926870       4.583330    
   3.190260       3.451000       3.800570       4.274370       4.949700       5.871540       7.052110       8.392430       9.651230       10.37080       10.37400       9.948240       9.334190       8.669300       8.024020       7.414570       6.981780       6.715800       6.595900       6.568750       6.577460       6.577430       6.582010       6.507820       6.374380       6.184990       5.941790       5.648470       5.299700       4.929400    
   3.701170       4.029040       4.424620       4.966080       5.664710       6.537500       7.559350       8.629310       9.561140       10.12480       10.17690       9.898860       9.387590       8.750480       8.075490       7.437560       6.977540       6.755680       6.738600       6.825260       6.919660       6.986020       7.033820       6.975050       6.845990       6.652500       6.401700       6.087400       5.757500       5.417540    
   4.227440       4.562950       5.026740       5.596830       6.287070       7.092820       7.974370       8.844070       9.450600       9.949160       10.09320       9.911140       9.458470       8.843010       8.155510       7.415290       6.877760       6.734570       6.901080       7.154690       7.363640       7.496050       7.574510       7.522880       7.387760       7.182000       6.916900       6.592210       6.260500       5.925580    
   4.670990       5.103230       5.595450       6.174920       6.842740       7.584420       8.359240       8.904810       9.560330       9.989770       10.15310       10.03930       9.671250       9.073390       8.380640       7.479950       6.707050       6.728980       7.217520       7.660680       7.976620       8.150930       8.194320       8.168980       8.007710       7.771220       7.457640       7.128790       6.779490       6.426870    
   5.123090       5.603480       6.132550       6.711320       7.355410       7.743530       8.476680       9.176550       9.755150       10.16710       10.36660       10.33240       10.06390       9.561020       8.958290       8.016540       6.935760       7.227400       7.961320       8.499420       8.838190       8.995570       8.998350       8.922590       8.705980       8.392700       8.054610       7.684540       7.346990       6.945070    
   5.601300       6.100570       6.618690       7.218080       7.460480       8.126340       8.816880       9.477990       10.03570       10.46390       10.72600       10.79940       10.67560       10.56440       9.986810       9.325600       8.799150       8.872350       9.342960       9.758190       9.998170       10.05500       9.955140       9.782790       9.449630       9.081600       8.674290       8.307780       7.857400       7.413610    
   6.067900       6.578740       7.102580       7.219210       7.853850       8.497930       9.190550       9.817730       10.38420       10.85650       11.20720       11.41840       11.48310       11.69520       11.39530       11.08830       10.91440       10.97760       11.20160       11.38410       11.41440       11.31990       11.05060       10.67920       10.27110       9.795760       9.370620       8.856300       8.347310       7.852860    
   6.101420       6.583070       7.124400       7.597050       8.205130       8.904030       9.549080       10.18230       10.77800       11.31380       11.77190       12.14210       12.87670       12.76720       12.87000       12.97060       13.11520       13.29970       13.43220       13.40780       13.18980       12.80720       12.31060       11.72060       11.19680       10.68780       10.07480       9.472620       8.889100       8.252490    
   6.119120       6.851480       7.597050       8.318020       8.552070       9.230900       9.880920       10.55380       11.19010       11.79890       12.04220       12.61540       13.61210       14.08050       14.49790       14.97190       15.43540       15.79610       15.86910       15.58740       15.02820       14.31480       13.58050       12.79100       12.01170       11.32200       10.60050       9.912960       9.261390       8.646180    
   6.565350       7.597050       8.391960       8.734950       8.917820       9.553220       10.21400       10.88940       11.12540       11.84740       12.56310       13.95150       14.59660       15.29550       16.04150       16.90710       17.78530       18.43920       18.51720       17.89650       16.89920       15.80100       14.72230       13.70080       12.74520       11.85500       11.09650       10.32720       9.610300       8.941630    
   7.597050       8.433300       8.826380       8.917820       9.439380       9.847110       9.964580       10.67580       11.41700       12.18870       12.99780       14.58000       15.39410       16.31150       17.36680       18.56360       19.94600       21.19890       21.31670       20.07780       18.50820       17.01750       15.63980       14.41550       13.30880       12.30400       11.45320       10.61560       9.845390       9.134450    
   8.455070       8.872100       8.917820       9.401440       9.847110       10.01270       10.22630       10.94830       11.71160       12.52090       14.19970       15.02940       15.95540       17.00970       18.23140       19.65530       21.35140       23.35070       23.78710       21.46480       19.52180       17.78930       16.26670       14.91770       13.71320       12.63060       11.65200       10.82690       10.01600       9.325700    
   8.894960       8.917820       9.388790       9.847110       10.02870       10.22630       10.58730       10.96210       12.20020       13.62010       14.40730       15.27460       16.24160       17.33150       18.57720       19.97570       21.44550       22.85400       22.97460       21.48470       19.69330       18.06540       16.54360       15.17360       13.94030       12.82710       11.81910       10.90370       10.12630       9.361130    
   8.917820       9.384570       9.847110       10.03400       10.22630       10.40680       10.59190       11.84240       13.62010       14.01370       14.74330       15.31060       16.26170       17.30350       18.35770       19.55180       20.67600       21.46920       21.45370       20.55270       19.19900       17.74140       16.32810       15.08790       13.88240       12.77940       11.77260       10.85440       10.01730       9.221290    
   9.383170       9.847110       10.03580       10.22630       10.31660       10.40830       11.61530       13.62010       13.81690       14.53770       15.20730       15.10400       15.99050       16.87270       17.84190       18.78260       19.56850       20.03440       19.96580       19.33740       18.32220       17.12700       15.89040       14.68540       13.61930       12.56060       11.58130       10.68070       9.856350       9.030110    
   9.847110       10.03640       10.22630       10.27140       10.31710       11.49010       13.62010       13.71850       14.44690       15.15570       15.10400       15.54730       16.07020       16.31360       17.10500       17.82210       18.37110       18.64730       18.55080       18.06720       17.27840       16.30310       15.24400       14.17080       13.12500       12.12940       11.26170       10.39350       9.519590       8.779460    
   10.03660       10.22630       10.24890       10.27160       11.42470       13.62010       13.66930       14.40390       15.12980       15.10400       15.32560       15.75880       16.31360       16.70930       17.08020       17.76610       18.28020       18.52310       17.53830       16.81590       16.17910       15.37320       14.46930       13.52440       12.57880       11.65860       10.76890       9.839190       9.098290       8.471830    
   10.22630       10.23760       10.24890       11.39130       13.62010       13.64470       14.38280       15.11690       15.10400       15.21480       15.62550       16.31360       16.51150       16.70100       17.18520       17.70880       18.18980       17.23300       16.21320       15.61040       15.07910       14.40140       13.62590       12.78380       11.93510       11.09220       10.20270       9.421050       8.694350       8.032700    
   10.23190       10.23760       11.37450       13.62010       13.63240       14.37240       15.11050       15.10400       15.15940       15.56450       16.31360       16.41250       16.50870       16.79920       17.19840       17.69460       16.93080       15.91180       15.61040       14.89360       13.99130       13.41280       12.74270       12.01360       11.25470       10.43380       9.664920       8.925120       8.227250       7.588730    
   10.23190       11.36600       13.62010       13.62630       14.36720       15.10720       15.10400       15.13170       15.53540       16.31360       16.36310       16.41160       16.57350       16.83540       17.23070       16.05560       15.76110       15.61040       13.72760       12.95570       12.65840       12.45270       11.86050       11.22050       10.53180       9.814710       9.100150       8.399490       7.725180       7.095220    
   11.36180       13.62010       13.62320       14.36460       15.10560       15.10400       15.11790       15.52120       16.31360       16.33830       16.36280       16.44940       16.60680       14.78370       13.55850       12.70880       12.69300       12.30780       11.82280       11.45060       11.92020       11.51510       11.07790       10.47390       9.839950       9.188260       8.528290       7.867730       7.214980       6.617390    
   13.62010       13.62160       14.36330       15.10480       15.10400       15.11090       15.51420       16.31360       16.32600       16.33820       16.38350       16.47300       12.95180       8.471430       8.494980       10.02530       9.672390       9.775530       10.60250       11.06210       10.98100       10.71210       10.26050       9.723810       9.158040       8.571640       7.970200       7.356880       6.762910       6.127840    
   13.62090       14.36270       15.10440       15.10400       15.10750       15.51070       16.31360       16.31980       16.32590       16.34920       12.40930       6.425770       7.769740       8.447470       8.447890       8.494980       9.240790       9.569250       9.775530       10.12160       10.28520       9.876640       9.427540       8.994310       8.494340       7.975420       7.439970       6.911780       6.338880       5.742770    
   14.36240       15.10420       15.10400       15.10570       15.50890       16.31360       16.31670       16.31980       16.33160       11.58720       6.425770       6.425770       6.425770       7.734300       8.399540       8.400800       8.494980       9.123390       9.362980       9.775530       9.444670       9.075160       8.674430       8.251080       7.850950       7.402700       6.958460       6.485200       5.993010       5.488750    
   15.10410       15.10400       15.10490       15.50810       16.31360       16.31510       16.31670       13.22570       10.03140       6.424190       6.425770       6.425770       6.425770       6.425770       7.664010       8.302840       8.306610       8.494980       8.860070       8.950420       8.643410       8.306680       7.946970       7.573810       7.194730       6.856600       6.485110       6.100390       5.703970       5.308960    
   15.10400       15.10440       15.50760       16.31360       16.31440       11.40140       4.031220       3.982940       3.934690       5.591130       6.421050       6.425770       6.425770       6.425770       6.425770       7.526630       8.106930       8.118250       8.494980       8.219350       7.919720       7.598940       7.224790       6.891470       6.587510       6.300650       6.034660       5.743110       5.442910       5.147520    
   15.10420       15.50740       16.31360       16.31400       10.41780       4.030550       4.030550       4.031220       3.982910       3.934690       5.583030       6.411600       6.425770       6.425770       6.425770       6.425770       7.267220       7.707560       7.741520       7.476730       7.108760       6.839850       6.552870       6.256230       5.985800       5.778480       5.587910       5.398910       5.192640       4.981500    
