iMOD/TUTORIALS/TUT_MetaswapAnalyser/model_MetaSWAP/meteo/Precipitation/Precipitation_20060415_L1.ASC
NCOLS                30
NROWS                30
XLLCORNER     160000.00
YLLCORNER     340000.00
CELLSIZE        1000.00
NODATA_VALUE   -9999.00
   4.419630       4.372600       4.318690       4.258940       4.200940       4.138090       4.079840       4.022670       3.969940       3.953040       3.979340       4.015100       4.049500       4.075110       4.105810       4.133220       4.165770       4.191960       4.232180       4.276350       4.323690       4.357030       4.406360       4.454370       4.505220       4.555960       4.605580       4.651880       4.690240       4.716300    
   4.348870       4.301280       4.252110       4.191940       4.134030       4.067120       3.999220       3.927760       3.850290       3.819260       3.862650       3.900380       3.933020       3.952890       3.980140       4.009150       4.044850       4.087710       4.127270       4.183550       4.244850       4.294870       4.359800       4.423840       4.490950       4.558810       4.627250       4.695280       4.745440       4.799290    
   4.297160       4.248350       4.194390       4.143760       4.080730       4.013020       3.943480       3.872770       3.809080       3.779840       3.791980       3.815200       3.834680       3.848870       3.868370       3.892640       3.927350       3.974480       4.034060       4.103670       4.167290       4.232660       4.309420       4.389300       4.469810       4.551350       4.619790       4.708160       4.803020       4.890380    
   4.255270       4.206150       4.152540       4.102120       4.039520       3.974760       3.909150       3.845580       3.794470       3.760680       3.752120       3.754700       3.759320       3.760430       3.767840       3.782960       3.813430       3.863300       3.931880       4.014060       4.103810       4.182720       4.261600       4.336440       4.427390       4.519040       4.612470       4.708960       4.812480       4.914810    
   4.222580       4.173900       4.128750       4.071560       4.011840       3.950710       3.889920       3.830380       3.782910       3.747410       3.725590       3.711660       3.699670       3.684670       3.679540       3.680120       3.695990       3.747290       3.826390       3.922410       4.021980       4.125790       4.211170       4.301850       4.397980       4.492770       4.586830       4.684080       4.772790       4.846570    
   4.198390       4.156660       4.105140       4.050860       3.994660       3.937680       3.873460       3.825920       3.788750       3.747070       3.714630       3.686440       3.662000       3.633100       3.604970       3.583440       3.588670       3.643810       3.741040       3.855200       3.968850       4.081970       4.174440       4.275700       4.372280       4.459260       4.548100       4.635460       4.708370       4.762280    
   4.178410       4.138530       4.089740       4.038770       3.973830       3.922970       3.872810       3.841120       3.793350       3.752960       3.716080       3.680750       3.644330       3.605590       3.561520       3.512730       3.483720       3.550590       3.678990       3.809640       3.935740       4.053560       4.163020       4.248160       4.341240       4.427720       4.511990       4.582150       4.637530       4.678830    
   4.188890       4.100920       4.064830       4.019290       3.972730       3.922000       3.898950       3.850500       3.808350       3.768650       3.730670       3.692830       3.652960       3.608410       3.560020       3.498870       3.430740       3.519330       3.666190       3.803330       3.929390       4.044700       4.149980       4.229600       4.315350       4.398090       4.466500       4.524840       4.573410       4.603870    
   4.159580       4.095840       4.055360       4.021050       3.973030       3.930870       3.915180       3.870100       3.831310       3.794220       3.758280       3.722430       3.685330       3.648650       3.607290       3.566220       3.550560       3.608220       3.719160       3.838340       3.952050       4.056860       4.152190       4.221720       4.302110       4.368250       4.424980       4.474370       4.508460       4.529890    
   4.158420       4.096310       4.058930       4.012780       3.983390       3.945500       3.932100       3.896040       3.861590       3.828820       3.797520       3.767280       3.737760       3.712770       3.686550       3.672780       3.682950       3.730750       3.811160       3.904620       3.998060       4.088120       4.168880       4.241540       4.291790       4.345280       4.392740       4.426620       4.449790       4.461960    
   4.149000       4.104550       4.047860       4.023410       3.989570       3.969610       3.958530       3.927330       3.898000       3.870790       3.845890       3.823500       3.809600       3.869170       3.843230       3.824580       3.829600       3.856020       3.902370       3.959330       4.019170       4.077720       4.133040       4.187890       4.236670       4.260760       4.292370       4.316440       4.332300       4.400960    
   4.148410       4.081200       4.023410       4.014270       4.008170       3.984880       3.981420       3.962740       3.938960       3.917970       4.044320       4.009830       4.001060       3.980200       3.959830       3.952780       3.960800       3.987650       4.020180       4.056450       4.093660       4.130710       4.172150       4.206330       4.237050       4.243340       4.262110       4.274560       4.279990       4.278130    
   4.110290       4.023410       4.023920       4.022060       4.035940       4.037180       4.014210       3.993530       4.187670       4.159300       4.126410       4.140040       4.109450       4.087700       4.076620       4.078720       4.093420       4.115610       4.141760       4.158100       4.176120       4.192530       4.210030       4.227460       4.243340       4.256250       4.243100       4.244900       4.240730       4.230110    
   4.023410       4.028070       4.029000       4.035940       4.046790       4.067240       4.335770       4.298470       4.263530       4.227920       4.200770       4.233700       4.208700       4.193090       4.188800       4.197160       4.218990       4.248010       4.260700       4.259840       4.251990       4.248550       4.220960       4.218470       4.217210       4.215550       4.193020       4.185280       4.173700       4.157530    
   4.029970       4.032470       4.035940       4.049990       4.067240       4.265590       4.393770       4.360890       4.330530       4.303500       4.344330       4.316430       4.296240       4.285310       4.285280       4.301720       4.326350       4.362230       4.374150       4.322440       4.294930       4.268910       4.249500       4.234630       4.222410       4.211150       4.199360       4.166290       4.149130       4.125860    
   4.034200       4.035940       4.051060       4.067240       4.242200       4.393770       4.377330       4.361730       4.364980       4.465020       4.433040       4.407060       4.388160       4.377490       4.357610       4.368170       4.380890       4.406220       4.403470       4.363380       4.318770       4.300950       4.272680       4.248990       4.228550       4.209990       4.192010       4.173370       4.134180       4.111460    
   4.035940       4.051410       4.067240       4.234400       4.393770       4.385550       4.377610       4.392270       4.465020       4.449030       4.467350       4.495100       4.449550       4.436630       4.414630       4.418900       4.426760       4.430220       4.417170       4.385080       4.344540       4.304080       4.267090       4.263070       4.237370       4.214090       4.192300       4.170990       4.149250       4.110290    
   4.051530       4.067240       4.231800       4.393770       4.389660       4.385640       4.405110       4.465020       4.457030       4.486750       4.515810       4.536530       4.516080       4.486400       4.476760       4.470490       4.464590       4.453790       4.432950       4.401160       4.362650       4.322520       4.284130       4.249030       4.246680       4.220760       4.197170       4.175230       4.154290       4.134640    
   4.067240       4.230940       4.393770       4.391720       4.389690       4.411360       4.465020       4.461020       4.494300       4.526170       4.536530       4.526310       4.522790       4.552140       4.534650       4.518440       4.501160       4.479970       4.452200       4.417750       4.378750       4.338340       4.299170       4.262960       4.230580       4.202290       4.206150       4.185260       4.167590       4.161200    
   4.230650       4.393770       4.392740       4.391730       4.414450       4.465020       4.463020       4.497640       4.531350       4.536530       4.531420       4.534440       4.552140       4.543400       4.535080       4.518080       4.499860       4.477780       4.449390       4.437010       4.395820       4.354100       4.313980       4.277120       4.244560       4.216790       4.203010       4.187390       4.201550       4.207520    
   4.393770       4.393260       4.392750       4.415980       4.465020       4.464020       4.499230       4.533940       4.536530       4.533970       4.538630       4.552140       4.547770       4.543540       4.532190       4.517670       4.498570       4.467100       4.448500       4.460000       4.415410       4.371380       4.329810       4.303050       4.269970       4.242790       4.257340       4.240370       4.227520       4.218340    
   4.393510       4.393260       4.416750       4.465020       4.464520       4.500010       4.535240       4.536530       4.535250       4.540320       4.552140       4.549950       4.547810       4.541160       4.531130       4.516140       4.479520       4.454250       4.460000       4.443030       4.453670       4.404580       4.359420       4.319810       4.321040       4.300160       4.280780       4.267450       4.259340       4.254540    
   4.393510       4.417140       4.465020       4.464770       4.500390       4.535880       4.536530       4.535890       4.541060       4.552140       4.551050       4.549970       4.546310       4.540040       4.529480       4.522580       4.457130       4.460000       4.486900       4.484730       4.459430       4.425790       4.419760       4.377500       4.344620       4.320080       4.304140       4.295760       4.293680       4.296590    
   4.417330       4.465020       4.464900       4.500580       4.536210       4.536530       4.536210       4.541410       4.552140       4.551590       4.551050       4.549110       4.545440       4.670180       4.689740       4.631550       4.628960       4.589560       4.544410       4.559820       4.515790       4.497300       4.441920       4.397440       4.363690       4.341310       4.329740       4.327460       4.332490       4.341240    
   4.465020       4.464960       4.500680       4.536370       4.536530       4.536370       4.541570       4.552140       4.551870       4.551600       4.550590       4.548530       4.781550       5.069260       5.064890       4.849940       4.808550       4.797930       4.658560       4.588690       4.603860       4.532180       4.466660       4.418020       4.383350       4.363530       4.357550       4.362900       4.375070       4.394110    
   4.464990       4.500730       4.536450       4.536530       4.536450       4.541650       4.552140       4.552000       4.551870       4.551350       5.010620       5.701190       5.283640       5.073780       5.073640       5.064890       4.897350       4.819180       4.797930       4.687800       4.646410       4.568150       4.499170       4.439550       4.403260       4.386750       4.388150       4.402090       4.426210       4.455090    
   4.500750       4.536490       4.536530       4.536490       4.541690       4.552140       4.552070       4.552000       4.551740       5.103240       5.701190       5.701190       5.701190       5.290340       5.082800       5.082380       5.064890       4.907400       4.840420       4.797930       4.702990       4.611630       4.530180       4.466390       4.423140       4.411200       4.421990       4.449900       4.486800       4.526970    
   4.536510       4.536530       4.536510       4.541710       4.552140       4.552110       4.552070       5.152950       5.497690       5.701870       5.701190       5.701190       5.701190       5.701190       5.303740       5.101140       5.099870       5.064890       4.926340       4.882920       4.774510       4.667010       4.568250       4.490130       4.445710       4.437360       4.464000       4.509050       4.561230       4.613580    
   4.536530       4.536520       4.541720       4.552140       4.552120       5.609800       7.196110       7.076060       6.956000       6.121300       5.703220       5.701190       5.701190       5.701190       5.701190       5.330270       5.138660       5.134850       5.064890       4.959620       4.845630       4.726390       4.610710       4.518910       4.463800       4.471090       4.519800       4.587130       4.656140       4.720190    
   4.536520       4.541730       4.552140       4.552130       5.821620       7.196570       7.196570       7.196110       7.076080       6.956000       6.124810       5.707280       5.701190       5.701190       5.701190       5.701190       5.381340       5.216250       5.204810       5.094050       4.972770       4.836290       4.692270       4.555580       4.479890       4.520470       4.611690       4.697370       4.780610       4.853170    
