iMOD/TUTORIALS/TUT_MetaswapAnalyser/model_MetaSWAP/meteo/Precipitation/Precipitation_20050406_L1.ASC
NCOLS                30
NROWS                30
XLLCORNER     160000.00
YLLCORNER     340000.00
CELLSIZE        1000.00
NODATA_VALUE   -9999.00
   4.923440       5.182670       5.464580       5.765550       6.068750       6.359330       6.615210       6.847090       7.030300       7.016240       6.775520       6.484520       6.204360       5.941420       5.707600       5.493970       5.312250       5.161820       5.036780       4.936390       4.858640       4.819140       4.781580       4.752440       4.745750       4.750920       4.765600       4.786850       4.810490       4.823850    
   4.963710       5.211720       5.476550       5.755600       6.035160       6.315240       6.584710       6.851450       7.127030       7.141450       6.765670       6.421130       6.107000       5.815400       5.562840       5.340480       5.153250       4.996620       4.873300       4.777160       4.706110       4.672840       4.644280       4.625280       4.628440       4.643960       4.669800       4.703570       4.727440       4.758990    
   4.965350       5.195550       5.438890       5.685520       5.938700       6.190820       6.433000       6.658070       6.828960       6.797680       6.536880       6.221910       5.910700       5.622570       5.364650       5.138390       4.949330       4.796360       4.677790       4.590100       4.530210       4.506290       4.481220       4.480580       4.494130       4.519980       4.541130       4.589370       4.639060       4.700910    
   4.931170       5.139520       5.356080       5.573370       5.793620       6.004300       6.195340       6.344780       6.422220       6.369550       6.182270       5.922190       5.642710       5.368200       5.116120       4.892840       4.707220       4.561360       4.453660       4.379030       4.331680       4.299960       4.308470       4.302780       4.327870       4.364930       4.412440       4.469060       4.528310       4.601220    
   4.866950       5.051070       5.237460       5.425130       5.605600       5.770510       5.908090       6.002010       6.024200       5.954960       5.800870       5.577590       5.325580       5.068210       4.829670       4.611540       4.423320       4.287440       4.194800       4.136830       4.095570       4.085220       4.108250       4.131660       4.166920       4.212550       4.266760       4.320290       4.386850       4.449460    
   4.778830       4.940730       5.099220       5.252370       5.393870       5.515470       5.608610       5.654660       5.660150       5.572640       5.423600       5.224580       4.995990       4.755160       4.520110       4.302900       4.124610       4.003390       3.933640       3.897680       3.876520       3.881680       3.916780       3.951300       3.996250       4.049860       4.109320       4.165330       4.229890       4.287820    
   4.682890       4.815570       4.944970       5.065550       5.174650       5.257670       5.309970       5.348330       5.303280       5.209660       5.065610       4.880740       4.668390       4.442480       4.215490       3.995770       3.808380       3.707790       3.670160       3.651240       3.655440       3.675150       3.708220       3.767350       3.821410       3.881780       3.937640       4.004380       4.069070       4.126810    
   4.608820       4.684920       4.785960       4.876430       4.950380       5.038100       5.059470       5.036410       4.977540       4.875710       4.733490       4.557710       4.357920       4.145450       3.930180       3.715960       3.515360       3.440160       3.422210       3.422730       3.439590       3.471270       3.515490       3.584160       3.646850       3.705040       3.774980       3.844350       3.895990       3.959770    
   4.495230       4.542610       4.620020       4.683970       4.777430       4.799210       4.796670       4.752950       4.680130       4.571740       4.430270       4.261100       4.071900       3.877420       3.674610       3.483200       3.326300       3.238930       3.208000       3.209400       3.233100       3.274110       3.328240       3.406000       3.468110       3.542310       3.616950       3.672700       3.744330       3.809280    
   4.371210       4.399110       4.455150       4.553130       4.574920       4.575430       4.547720       4.494510       4.411170       4.297860       4.156920       3.992990       3.812710       3.628680       3.443580       3.272440       3.137970       3.048260       3.008800       3.008810       3.037930       3.086040       3.149830       3.222500       3.307450       3.388020       3.449950       3.528260       3.601410       3.667640    
   4.354530       4.408490       4.447320       4.381900       4.385740       4.359590       4.326150       4.261330       4.170310       4.053600       3.913400       3.753730       3.586650       3.372290       3.215490       3.060400       2.935370       2.852960       2.817880       2.825940       2.867410       2.931510       3.009240       3.087070       3.156880       3.259030       3.344310       3.424520       3.497920       3.536920    
   4.351600       4.398060       4.381900       4.255010       4.210830       4.171280       4.126800       4.053120       3.956840       3.838210       3.635150       3.489210       3.331510       3.180870       3.017060       2.864150       2.737660       2.651640       2.617800       2.634920       2.690180       2.768540       2.840010       2.933340       3.027600       3.137060       3.226290       3.308980       3.383700       3.449410    
   4.354250       4.381900       4.201170       4.126210       4.041580       4.007880       3.948770       3.869580       3.676570       3.567770       3.441390       3.324600       3.166490       3.002390       2.840150       2.683350       2.546460       2.449410       2.416570       2.450390       2.517570       2.611030       2.712260       2.815170       2.916220       3.013000       3.122430       3.206960       3.282470       3.348060    
   4.381900       4.177140       4.083890       4.041580       3.968640       3.856470       3.667800       3.594800       3.504510       3.394010       3.271940       3.164520       3.012260       2.852990       2.690490       2.530520       2.375780       2.251450       2.217400       2.282130       2.385330       2.496960       2.599570       2.707860       2.812150       2.910930       3.020240       3.105480       3.181450       3.247280    
   4.165840       4.062740       4.041580       3.955560       3.856470       3.672590       3.493510       3.421610       3.334770       3.233480       3.159150       3.025160       2.881840       2.731410       2.576180       2.419550       2.260280       2.101520       2.051450       2.172610       2.292580       2.411110       2.526570       2.637940       2.744150       2.844120       2.936800       3.038660       3.114470       3.173760    
   4.052160       4.041580       3.951210       3.856470       3.674190       3.493510       3.457560       3.416630       3.287780       3.161240       3.045330       2.919930       2.786740       2.647780       2.505980       2.363120       2.228420       2.109140       2.077980       2.151990       2.256910       2.368640       2.479750       2.588170       2.692260       2.790700       2.882330       2.966130       3.058500       3.123830    
   4.041580       3.949750       3.856470       3.674720       3.493510       3.475530       3.455900       3.330800       3.161240       3.103290       2.960230       2.838370       2.718340       2.594290       2.482340       2.356840       2.245970       2.167320       2.146970       2.188760       2.267840       2.363200       2.464430       2.567380       2.667240       2.762840       2.852650       2.935430       3.010160       3.089170    
   3.949270       3.856470       3.674900       3.493510       3.484520       3.474980       3.355870       3.161240       3.132260       2.979670       2.837320       2.836260       2.717930       2.582910       2.470700       2.368330       2.283620       2.228670       2.214730       2.243000       2.303290       2.382940       2.472600       2.566300       2.661210       2.752750       2.839890       2.921130       2.995320       3.059300    
   3.856470       3.674960       3.493510       3.489020       3.484340       3.369150       3.161240       3.146750       2.989240       2.836790       2.836260       2.777100       2.676320       2.568160       2.474230       2.392000       2.327920       2.287530       2.278820       2.301370       2.350150       2.417660       2.496870       2.582310       2.669970       2.756910       2.841970       2.921390       2.992640       3.056270    
   3.674980       3.493510       3.491260       3.488950       3.375940       3.161240       3.154000       2.994000       2.836520       2.836260       2.806680       2.714460       2.568160       2.521190       2.478130       2.398050       2.335820       2.298090       2.328370       2.359290       2.401530       2.460710       2.531730       2.610070       2.692010       2.774610       2.851890       2.925710       2.997090       3.067380    
   3.493510       3.492390       3.491240       3.379350       3.161240       3.157620       2.996380       2.836390       2.836260       2.821470       2.731390       2.568160       2.544680       2.522500       2.465790       2.404000       2.343990       2.352830       2.387060       2.414830       2.453800       2.507770       2.573010       2.642090       2.719400       2.798350       2.871640       2.947620       3.020130       3.088020    
   3.492950       3.492380       3.381050       3.161240       3.159430       2.997560       2.836330       2.836260       2.828860       2.739320       2.568160       2.556420       2.545110       2.510990       2.464100       2.404590       2.383320       2.400940       2.414830       2.456330       2.500360       2.551880       2.613750       2.683000       2.754600       2.831730       2.906910       2.981020       3.052590       3.119080    
   3.492950       3.381910       3.161240       3.160330       2.998160       2.836290       2.836260       2.832560       2.743150       2.568160       2.562290       2.556560       2.537510       2.506730       2.459890       2.440330       2.407890       2.414830       2.511190       2.550030       2.580760       2.599080       2.664680       2.730200       2.799620       2.871520       2.944750       3.017580       3.088780       3.156940    
   3.382330       3.161240       3.160790       2.998450       2.836280       2.836260       2.834410       2.745030       2.568160       2.565220       2.562340       2.552120       2.533600       2.539500       2.538960       2.540020       2.541760       2.571030       2.606190       2.623590       2.599700       2.652760       2.712270       2.775580       2.843410       2.913790       2.985230       3.056710       3.127440       3.218850    
   3.161240       3.161010       2.998600       2.836270       2.836260       2.835340       2.745970       2.568160       2.566690       2.565240       2.559890       2.549350       2.586280       2.653480       2.653880       2.632940       2.670400       2.668700       2.654240       2.644940       2.647480       2.702140       2.756690       2.820220       2.887390       2.956300       3.025760       3.095270       3.184700       3.250530    
   3.161130       2.998680       2.836260       2.836260       2.835800       2.746430       2.568160       2.567430       2.566700       2.563940       2.520400       2.463760       2.589560       2.652680       2.653090       2.653880       2.665700       2.672100       2.668700       2.679730       2.687650       2.740180       2.800520       2.862670       2.929960       2.997440       3.064250       3.147190       3.212390       3.276060    
   2.998710       2.836260       2.836260       2.836030       2.746660       2.568160       2.567790       2.567430       2.566020       2.515710       2.463760       2.463760       2.463760       2.588330       2.651060       2.652300       2.653880       2.668110       2.675500       2.668700       2.715100       2.771840       2.836200       2.904500       2.970160       3.036000       3.110920       3.173780       3.233860       3.292050    
   2.836260       2.836260       2.836140       2.746780       2.568160       2.567980       2.567790       2.485880       2.457440       2.463630       2.463760       2.463760       2.463760       2.463760       2.585400       2.647000       2.650710       2.653880       2.674380       2.682300       2.733130       2.795230       2.865530       2.939010       3.009660       3.076610       3.138340       3.194560       3.247960       3.299430    
   2.836260       2.836200       2.746840       2.568160       2.568070       2.429990       2.223020       2.232640       2.242260       2.389560       2.463360       2.463760       2.463760       2.463760       2.463760       2.578540       2.636420       2.647550       2.653880       2.692620       2.745660       2.812040       2.866930       2.956870       3.041810       3.108570       3.159330       3.207230       3.253660       3.299290    
   2.836230       2.746860       2.568160       2.568110       2.402440       2.223000       2.223000       2.223020       2.232630       2.242260       2.388880       2.462560       2.463760       2.463760       2.463760       2.463760       2.563270       2.607820       2.641220       2.681210       2.684710       2.772410       2.872600       2.979640       3.072690       3.128180       3.167140       3.209040       3.249100       3.291230    
