iMOD/TUTORIALS/TUT_MetaswapAnalyser/model_MetaSWAP/meteo/Precipitation/Precipitation_20051204_L1.ASC
NCOLS                30
NROWS                30
XLLCORNER     160000.00
YLLCORNER     340000.00
CELLSIZE        1000.00
NODATA_VALUE   -9999.00
   2.077630       1.916350       1.752300       1.586290       1.424650       1.257620       1.096090      0.9439700      0.8201300      0.7921400      0.8733200      0.9891100       1.112070       1.232810       1.352480       1.468980       1.608980       1.718180       1.816040       1.906960       1.991090       2.062650       2.133760       2.189970       2.253000       2.313180       2.371860       2.430850       2.492890       2.570380    
   2.037870       1.870940       1.690710       1.523820       1.361780       1.192320       1.024740      0.8592200      0.6962100      0.6523600      0.7833300      0.9124300       1.039960       1.162880       1.282720       1.423330       1.536230       1.648870       1.757730       1.855900       1.947640       2.027080       2.104590       2.166580       2.232810       2.294230       2.351880       2.407210       2.482440       2.548430    
   1.998730       1.833320       1.666710       1.508470       1.334190       1.171020       1.012490      0.8635400      0.7427100      0.7143700      0.7905400      0.8987300       1.014770       1.128800       1.244800       1.376350       1.488890       1.598910       1.705880       1.808540       1.912110       1.997940       2.071210       2.147110       2.216100       2.278800       2.356590       2.405610       2.459120       2.499270    
   1.978850       1.817600       1.656530       1.504860       1.346180       1.193640       1.051670      0.9267100      0.8419500      0.8175800      0.8576000      0.9347200       1.028810       1.128810       1.231600       1.349020       1.457290       1.566810       1.676570       1.783950       1.886150       1.978170       2.060720       2.160920       2.230910       2.292850       2.347480       2.395600       2.445440       2.480040    
   1.976830       1.821790       1.677180       1.525310       1.379120       1.242010       1.119210       1.018810      0.9525500      0.9305100      0.9472500       1.002300       1.076870       1.160660       1.243000       1.342290       1.452600       1.561990       1.676510       1.790600       1.891450       1.991350       2.077460       2.162470       2.233650       2.296420       2.351950       2.412140       2.455670       2.502820    
   1.990780       1.850870       1.705600       1.565220       1.432330       1.310450       1.204250       1.120240       1.053380       1.032720       1.046240       1.086190       1.141680       1.208660       1.276440       1.359360       1.450250       1.557840       1.677830       1.797960       1.904060       2.006340       2.093880       2.174590       2.245900       2.312380       2.368660       2.430720       2.479200       2.532870    
   2.008740       1.883550       1.748780       1.620160       1.499990       1.392020       1.299910       1.208690       1.162270       1.144480       1.152270       1.181620       1.226530       1.278040       1.323060       1.389260       1.460750       1.570340       1.702040       1.823370       1.937720       2.039950       2.130310       2.205400       2.274960       2.336820       2.405130       2.455980       2.508210       2.562950    
   2.040290       1.911540       1.803230       1.686090       1.578290       1.456350       1.373140       1.311980       1.274450       1.258740       1.264070       1.287560       1.324800       1.369120       1.396780       1.454020       1.504590       1.621930       1.757910       1.882920       1.994510       2.092810       2.178800       2.249550       2.315140       2.386970       2.439140       2.488500       2.538140       2.590640    
   2.079510       1.963200       1.850890       1.760530       1.627110       1.546320       1.472310       1.419250       1.387840       1.375200       1.380700       1.402300       1.436830       1.436920       1.498420       1.563300       1.637190       1.739370       1.857840       1.971880       2.074340       2.164110       2.242100       2.305520       2.378270       2.430570       2.478440       2.524340       2.570090       2.618200    
   2.128670       2.021830       1.919360       1.776960       1.709660       1.638890       1.568760       1.527060       1.501650       1.493020       1.500770       1.523600       1.559440       1.553850       1.621860       1.697630       1.786020       1.882920       1.986320       2.085470       2.174240       2.251150       2.317680       2.375550       2.434290       2.479390       2.521360       2.561510       2.601890       2.644160    
   2.130770       2.023290       1.892140       1.850420       1.778790       1.719390       1.668670       1.634200       1.614740       1.610790       1.622250       1.648450       1.607550       1.683180       1.766050       1.851010       1.941860       2.037680       2.130570       2.214040       2.285490       2.345860       2.397450       2.453620       2.494330       2.524710       2.558940       2.592550       2.626750       2.668320    
   2.132330       1.974160       1.850420       1.854850       1.861920       1.795700       1.754110       1.739370       1.725700       1.726720       1.745050       1.775450       1.733390       1.822220       1.904380       2.000880       2.103140       2.201300       2.287950       2.356130       2.408210       2.449570       2.494780       2.526320       2.555210       2.576090       2.602200       2.628520       2.655770       2.684600    
   2.050290       1.850420       1.882160       1.895100       1.928280       1.881780       1.848640       1.827990       1.824780       1.841900       1.862030       1.798460       1.865850       1.947310       2.038360       2.147160       2.263040       2.372960       2.454430       2.502890       2.538810       2.560090       2.578340       2.595810       2.613360       2.631390       2.642830       2.662030       2.682500       2.704440    
   1.850420       1.893140       1.911690       1.928280       1.925530       1.966530       1.944530       1.928990       1.926250       1.919510       1.946630       1.902620       1.975040       2.062470       2.165460       2.279970       2.410570       2.543850       2.628250       2.648930       2.649870       2.649880       2.666530       2.674240       2.683940       2.695270       2.700420       2.713620       2.727810       2.742770    
   1.897960       1.919990       1.928280       1.940110       1.966530       1.959300       1.966850       1.961400       1.968070       1.987660       1.901500       1.966490       2.045740       2.140150       2.250650       2.382320       2.525780       2.688530       2.784440       2.762470       2.743620       2.733590       2.728760       2.728060       2.730590       2.735650       2.742630       2.743200       2.752340       2.752930    
   1.924130       1.928280       1.944970       1.966530       1.964230       1.966850       1.964130       1.965440       1.961310       1.928090       1.981500       2.047490       2.126800       2.220050       2.336920       2.457510       2.580340       2.713830       2.792660       2.798360       2.786240       2.773650       2.764620       2.759170       2.757000       2.757630       2.760560       2.765290       2.764240       2.771120    
   1.928280       1.946590       1.966530       1.965870       1.966850       1.965490       1.965470       1.954740       1.928090       1.954800       2.045370       2.116270       2.205670       2.294110       2.382120       2.493570       2.599160       2.701050       2.768520       2.795480       2.799180       2.794650       2.788700       2.783270       2.780450       2.779820       2.781210       2.784260       2.788560       2.795420    
   1.947130       1.966530       1.966420       1.966850       1.966170       1.965940       1.953450       1.928090       1.941440       2.043320       2.134880       2.153480       2.232020       2.325500       2.419060       2.516420       2.600230       2.682990       2.743060       2.777430       2.792410       2.796590       2.796130       2.794470       2.792680       2.792770       2.794360       2.797350       2.801470       2.813760    
   1.966530       1.966600       1.966850       1.966510       1.966320       1.953410       1.928090       1.934770       2.042100       2.144180       2.153480       2.192750       2.267630       2.359520       2.442840       2.527270       2.608000       2.663630       2.717680       2.754020       2.775270       2.786200       2.791260       2.793670       2.795400       2.797580       2.800090       2.804320       2.816610       2.834650    
   1.966660       1.966850       1.966680       1.966560       1.953580       1.928090       1.931430       2.041450       2.148830       2.153480       2.173120       2.243350       2.359520       2.401180       2.443210       2.526040       2.599630       2.663100       2.712920       2.728220       2.752440       2.767780       2.777310       2.783650       2.788680       2.793640       2.816340       2.835730       2.868440       2.860570    
   1.966850       1.966760       1.966700       1.953730       1.928090       1.929760       2.041120       2.151150       2.153480       2.163300       2.232370       2.359520       2.380350       2.401300       2.456810       2.522960       2.596260       2.678260       2.714620       2.701030       2.726100       2.743890       2.756560       2.786770       2.793280       2.799790       2.849520       2.856170       2.861830       2.866130    
   1.966810       1.966770       1.953820       1.928090       1.928920       2.040950       2.152320       2.153480       2.158390       2.227170       2.359520       2.369940       2.380390       2.412820       2.460360       2.525340       2.641270       2.707830       2.701030       2.718120       2.727240       2.742190       2.753610       2.763030       2.803300       2.823840       2.833440       2.842590       2.850930       2.856450    
   1.966810       1.953870       1.928090       1.928510       2.040870       2.152900       2.153480       2.155930       2.224640       2.359520       2.364730       2.369950       2.387720       2.417860       2.466170       2.596320       2.704430       2.701030       2.707990       2.712290       2.718580       2.709340       2.760690       2.770010       2.783420       2.795690       2.807930       2.820250       2.832160       2.842640    
   1.953900       1.928090       1.928300       2.040830       2.153190       2.153480       2.154710       2.223390       2.359520       2.362120       2.364730       2.374130       2.391840       2.451070       2.541740       2.649930       2.650200       2.672350       2.698310       2.700510       2.697340       2.716790       2.720180       2.733360       2.746330       2.759890       2.774400       2.789760       2.805470       2.805020    
   1.928090       1.928190       2.040810       2.153330       2.153480       2.154090       2.222770       2.359520       2.360820       2.362130       2.367000       2.376900       2.456090       2.531880       2.532540       2.587650       2.595170       2.599360       2.655050       2.682140       2.703670       2.699370       2.678320       2.689900       2.702420       2.716710       2.732970       2.750940       2.756550       2.778540    
   1.928140       2.040800       2.153410       2.153480       2.153790       2.222470       2.359520       2.360170       2.360820       2.363310       2.452330       2.577820       2.546900       2.531510       2.531230       2.532540       2.572680       2.590970       2.599360       2.638190       2.645400       2.654110       2.661660       2.640910       2.651930       2.666190       2.683620       2.692050       2.714240       2.738400    
   2.040790       2.153440       2.153480       2.153630       2.222310       2.359520       2.359850       2.360170       2.361440       2.466420       2.577820       2.577820       2.577820       2.546380       2.530760       2.529920       2.532540       2.567870       2.582580       2.599360       2.604320       2.606450       2.607770       2.610830       2.595030       2.608660       2.618540       2.638610       2.661080       2.683850    
   2.153460       2.153480       2.153560       2.222240       2.359520       2.359680       2.359850       2.409550       2.482220       2.577800       2.577820       2.577820       2.577820       2.577820       2.545690       2.529820       2.527300       2.532540       2.556980       2.565810       2.563610       2.557900       2.551080       2.546890       2.549310       2.540680       2.557180       2.578190       2.600200       2.620350    
   2.153480       2.153520       2.222200       2.359520       2.359600       2.457140       2.603350       2.580050       2.556740       2.570740       2.577760       2.577820       2.577820       2.577820       2.577820       2.545220       2.529610       2.522060       2.532540       2.530210       2.521880       2.508420       2.506720       2.486350       2.475840       2.482530       2.491760       2.514440       2.536030       2.553900    
   2.153500       2.222180       2.359520       2.359560       2.476570       2.603320       2.603320       2.603350       2.580050       2.556740       2.570640       2.577640       2.577820       2.577820       2.577820       2.577820       2.546160       2.534250       2.511570       2.503890       2.525130       2.491490       2.453870       2.416680       2.395940       2.408000       2.432990       2.454570       2.472910       2.488480    
