iMOD/TUTORIALS/TUT_MetaswapAnalyser/model_MetaSWAP/meteo/Precipitation/Precipitation_20050808_L1.ASC
NCOLS                30
NROWS                30
XLLCORNER     160000.00
YLLCORNER     340000.00
CELLSIZE        1000.00
NODATA_VALUE   -9999.00
   1.394910       1.546190       1.701160       1.853940       1.996310       2.082270       2.106320       2.090240       2.057530       2.029980       2.017730       2.010520       2.005930       2.005820       2.008180       2.014110       2.015200       2.033120       2.055660       2.082280       2.112120       2.140450       2.173020       2.207440       2.240140       2.269800       2.293850       2.307790       2.303370       2.267250    
   1.399500       1.538780       1.675620       1.808190       1.932260       2.010040       2.046600       2.047780       2.023380       2.005750       2.015170       2.015760       2.018250       2.022350       2.028520       2.029190       2.043910       2.062510       2.087920       2.118230       2.152760       2.187390       2.227210       2.270280       2.314050       2.357810       2.400130       2.438070       2.461530       2.456890    
   1.395150       1.521830       1.646160       1.779190       1.872820       1.945240       1.988240       2.004150       2.003150       2.000800       2.007420       2.012350       2.020840       2.029100       2.038840       2.045010       2.060990       2.083190       2.111770       2.146160       2.185600       2.226000       2.272180       2.322550       2.375390       2.430510       2.485050       2.544590       2.604430       2.653000    
   1.386700       1.501400       1.612680       1.736990       1.824310       1.892530       1.939370       1.963920       1.981140       1.984350       1.996700       2.004510       2.018940       2.028550       2.039810       2.051680       2.068660       2.093200       2.125460       2.164380       2.208630       2.255610       2.305660       2.358720       2.417830       2.480000       2.545370       2.614090       2.686090       2.757070    
   1.376170       1.480070       1.607360       1.698770       1.778710       1.844140       1.893830       1.918620       1.944080       1.963950       1.995680       2.006760       2.009270       2.019550       2.031890       2.048370       2.064740       2.091460       2.128040       2.172020       2.217300       2.271130       2.324830       2.384440       2.446180       2.509850       2.574520       2.638100       2.693590       2.720070    
   1.364920       1.491880       1.581650       1.664860       1.738910       1.801840       1.828990       1.879670       1.939620       1.961740       1.979230       1.993940       1.992700       2.004580       2.029610       2.035880       2.050380       2.079800       2.122590       2.172550       2.223040       2.280190       2.336230       2.396820       2.458310       2.519460       2.577880       2.629110       2.663300       2.662820    
   1.377070       1.476900       1.558660       1.634980       1.671380       1.733790       1.787400       1.881910       1.914160       1.939080       1.959470       1.976190       1.989690       1.984560       2.016800       2.017800       2.024780       2.058920       2.111360       2.164290       2.222060       2.281230       2.341420       2.398260       2.457570       2.514120       2.564820       2.603950       2.622960       2.610780    
   1.337980       1.403790       1.498230       1.569880       1.636120       1.763340       1.814020       1.855490       1.888370       1.915610       1.938160       1.956690       1.971650       1.973110       2.003810       2.003290       2.001530       2.042750       2.099720       2.157700       2.216460       2.276030       2.335890       2.391210       2.447570       2.499390       2.542810       2.573100       2.582190       2.568140    
   1.272390       1.385730       1.456020       1.542100       1.685200       1.738330       1.788260       1.830060       1.863870       1.892520       1.916630       1.936770       1.953440       2.003520       1.994790       1.999920       2.012750       2.048950       2.096290       2.150290       2.207350       2.265990       2.324830       2.378340       2.432030       2.479500       2.517680       2.539980       2.548350       2.533750    
   1.257570       1.369110       1.433960       1.595740       1.665970       1.716640       1.768000       1.807100       1.841170       1.870570       1.895760       1.917220       1.935530       2.013140       1.996570       1.996590       2.026120       2.051470       2.090900       2.139870       2.194530       2.251940       2.309870       2.365980       2.413480       2.458040       2.490190       2.513410       2.520140       2.507240    
   1.271350       1.353550       1.495080       1.581520       1.634560       1.704010       1.748390       1.786670       1.820560       1.850270       1.876100       1.898480       2.007530       2.039340       2.046070       2.035260       2.030100       2.045970       2.076160       2.118910       2.170450       2.226630       2.283800       2.339080       2.386720       2.426910       2.461240       2.483470       2.491020       2.487810    
   1.270870       1.425380       1.581520       1.612990       1.619720       1.674000       1.718180       1.768790       1.802240       1.831930       1.924180       1.938990       2.048420       2.088610       2.042720       2.028120       2.021210       2.026370       2.052760       2.095120       2.148420       2.206640       2.263050       2.318880       2.369550       2.408850       2.442230       2.464230       2.473040       2.467240    
   1.367600       1.581520       1.607160       1.617950       1.616180       1.662350       1.702840       1.740140       1.866480       1.898420       1.916920       2.148010       2.120240       2.091110       2.038360       2.017290       2.001000       1.996990       2.018480       2.064620       2.123480       2.186300       2.247580       2.304500       2.355220       2.398180       2.427540       2.449960       2.460500       2.458210    
   1.581520       1.605480       1.617060       1.616180       1.643150       1.650910       1.804140       1.835120       1.862310       1.925220       1.940280       2.157150       2.128170       2.096680       2.062790       2.008790       1.984170       1.959870       1.972270       2.033800       2.104210       2.172980       2.247480       2.307080       2.359160       2.402800       2.433460       2.456600       2.468510       2.468590    
   1.604950       1.616620       1.616180       1.636750       1.650910       1.782480       1.892390       1.916710       1.937260       1.953850       2.227750       2.197540       2.164360       2.127930       2.087820       2.019810       1.979470       1.932100       1.933970       2.022100       2.106360       2.180350       2.247000       2.306140       2.357380       2.400160       2.433870       2.454450       2.467530       2.470650    
   1.616400       1.616180       1.634610       1.650910       1.775260       1.892390       1.904550       1.915450       2.020500       2.274180       2.247510       2.218100       2.185720       2.150150       2.105270       2.064820       2.010440       1.980990       1.991560       2.051880       2.121920       2.192970       2.256330       2.312850       2.361950       2.403100       2.435760       2.459390       2.470480       2.474460    
   1.616180       1.633900       1.650910       1.772850       1.892390       1.898470       1.904130       2.028670       2.274180       2.260840       2.255590       2.243240       2.202840       2.172320       2.152160       2.117650       2.063480       2.052060       2.065600       2.106270       2.160610       2.217520       2.271820       2.326840       2.372370       2.410830       2.441580       2.464080       2.477850       2.480670    
   1.633660       1.650910       1.772050       1.892390       1.895430       1.898330       2.026360       2.274180       2.267510       2.270920       2.269070       2.294910       2.265570       2.226130       2.198470       2.172060       2.123560       2.121470       2.135560       2.166390       2.208430       2.254990       2.301350       2.344740       2.388090       2.423100       2.451290       2.472000       2.484690       2.488930    
   1.650910       1.771780       1.892390       1.893910       1.895380       2.023580       2.274180       2.270850       2.277900       2.281990       2.294910       2.280240       2.264460       2.271250       2.249520       2.230070       2.215770       2.187020       2.200920       2.225900       2.259240       2.297000       2.335680       2.372710       2.406370       2.435440       2.464150       2.482570       2.493440       2.496510    
   1.771690       1.892390       1.893150       1.893890       2.021760       2.274180       2.272510       2.281260       2.288450       2.294910       2.287580       2.277720       2.271250       2.260390       2.250280       2.231790       2.210950       2.201240       2.246900       2.283080       2.310060       2.340680       2.372480       2.403390       2.431810       2.456550       2.476990       2.491200       2.493700       2.500360    
   1.892390       1.892770       1.893140       2.020750       2.274180       2.273350       2.282910       2.291680       2.294910       2.291240       2.282860       2.271250       2.265820       2.260640       2.247480       2.231010       2.214660       2.261410       2.310340       2.337600       2.359610       2.384330       2.410060       2.437400       2.460090       2.479870       2.488980       2.500050       2.506610       2.508220    
   1.892580       1.892770       2.020210       2.274180       2.273760       2.283730       2.293300       2.294910       2.293080       2.285070       2.271250       2.268530       2.265900       2.257980       2.246380       2.231050       2.273730       2.323970       2.337600       2.369910       2.412530       2.431230       2.450660       2.469690       2.483660       2.532610       2.538560       2.542040       2.542540       2.518300    
   1.892580       2.019930       2.274180       2.273970       2.284140       2.294100       2.294910       2.293990       2.286080       2.271250       2.269890       2.268560       2.264140       2.256750       2.245140       2.329720       2.330780       2.337600       2.466440       2.516360       2.520250       2.546610       2.547520       2.549860       2.552620       2.552680       2.553880       2.553270       2.550340       2.544700    
   2.019790       2.274180       2.274080       2.284340       2.294510       2.294910       2.294450       2.286560       2.271250       2.270570       2.269900       2.267530       2.263150       2.410170       2.506750       2.566470       2.566640       2.583370       2.608050       2.641900       2.620180       2.590680       2.582310       2.578420       2.575050       2.571670       2.567710       2.562590       2.555760       2.546080    
   2.274180       2.274130       2.284440       2.294710       2.294910       2.294680       2.286790       2.271250       2.270910       2.270570       2.269330       2.266860       2.539130       2.876450       2.874670       2.767770       2.801980       2.795670       2.709100       2.665880       2.663630       2.644260       2.616540       2.605840       2.595970       2.586610       2.577320       2.567540       2.556250       2.543570    
   2.274150       2.284490       2.294810       2.294910       2.294800       2.286910       2.271250       2.271080       2.270910       2.270270       2.606970       3.114050       2.957200       2.878330       2.878240       2.874670       2.827790       2.808300       2.795670       2.732950       2.713840       2.684810       2.657400       2.629040       2.612220       2.596570       2.581740       2.567270       2.552030       2.535880    
   2.284520       2.294860       2.294910       2.294850       2.286970       2.271250       2.271160       2.271080       2.270750       2.675250       3.114050       3.114050       3.114050       2.959970       2.882070       2.881810       2.874670       2.832530       2.820920       2.795670       2.758650       2.721880       2.686220       2.652780       2.623090       2.600680       2.580750       2.560810       2.541520       2.522360    
   2.294880       2.294910       2.294880       2.286990       2.271250       2.271210       2.271170       2.594700       2.860400       3.114280       3.114050       3.114050       3.114050       3.114050       2.965500       2.889750       2.888940       2.874670       2.838850       2.846170       2.801600       2.756040       2.710770       2.667730       2.632520       2.599420       2.572180       2.547270       2.523920       2.501870    
   2.294910       2.294900       2.287010       2.271250       2.271230       2.831780       3.672570       3.619180       3.565790       3.265260       3.114740       3.114050       3.114050       3.114050       3.114050       2.976400       2.905630       2.903210       2.874670       2.838870       2.798640       2.754540       2.713710       2.681960       2.630660       2.589160       2.556340       2.526380       2.498780       2.473680    
   2.294900       2.287020       2.271250       2.271240       2.944000       3.672720       3.672720       3.672570       3.619190       3.565790       3.266460       3.116130       3.114050       3.114050       3.114050       3.114050       2.996970       2.938990       2.931760       2.890430       2.853980       2.796920       2.735200       2.671630       2.614240       2.571290       2.535770       2.502400       2.466130       2.437650    
