iMOD/TUTORIALS/TUT_MetaswapAnalyser/model_MetaSWAP/meteo/Precipitation/Precipitation_20050819_L1.ASC
NCOLS                30
NROWS                30
XLLCORNER     160000.00
YLLCORNER     340000.00
CELLSIZE        1000.00
NODATA_VALUE   -9999.00
   1.442190       1.345810       1.250200       1.159800       1.087770       1.048740       1.045400       1.050670       1.057230       1.106330       1.210460       1.323300       1.426480       1.505430       1.572520       1.600750       1.639050       1.590280       1.565580       1.524110       1.469240       1.411950       1.340460       1.275030       1.194660       1.113200       1.032170      0.9535300      0.8804800      0.8211900    
   1.465370       1.378040       1.296530       1.218910       1.158410       1.115570       1.089680       1.066290       1.030910       1.057350       1.191540       1.311570       1.415880       1.481670       1.544240       1.599250       1.620100       1.613450       1.542680       1.499360       1.443080       1.384020       1.311690       1.244480       1.163030       1.079750      0.9956800      0.9121700      0.8178100      0.7529000    
   1.498570       1.418960       1.343680       1.279350       1.222520       1.177930       1.143870       1.114870       1.096870       1.127470       1.220240       1.323800       1.409860       1.480470       1.535550       1.581870       1.598140       1.592690       1.567320       1.525150       1.418240       1.356560       1.293440       1.214040       1.131520       1.046730      0.9438800      0.8594100      0.7769900      0.6945000    
   1.533280       1.460570       1.392470       1.334280       1.281480       1.238740       1.205540       1.181810       1.181180       1.209860       1.272480       1.349210       1.424790       1.484790       1.533880       1.571630       1.582860       1.571730       1.540280       1.492540       1.432750       1.329470       1.258920       1.159300       1.078680      0.9963500      0.9125400      0.8273800      0.7429500      0.6557500    
   1.567810       1.500930       1.441570       1.384890       1.336060       1.296140       1.266060       1.251620       1.252680       1.276180       1.330680       1.382420       1.438560       1.486360       1.532530       1.561410       1.558630       1.539280       1.498660       1.443060       1.390230       1.318540       1.238210       1.123670       1.044030      0.9632300      0.8816100      0.8026100      0.7219700      0.6499800    
   1.601010       1.541210       1.483070       1.430600       1.385150       1.347930       1.317580       1.308620       1.346870       1.349450       1.375710       1.412470       1.453330       1.489760       1.519640       1.542790       1.544430       1.516660       1.465030       1.401040       1.341810       1.268640       1.189140       1.111120       1.031300      0.9279500      0.8502700      0.7765800      0.7040000      0.6416900    
   1.629960       1.574580       1.520170       1.470880       1.423690       1.388790       1.362550       1.409900       1.389800       1.393020       1.407240       1.429560       1.456150       1.482390       1.499800       1.521320       1.525930       1.486450       1.419500       1.355910       1.284020       1.211480       1.138200       1.060260      0.9847500      0.9084800      0.8360200      0.7613000      0.6825000      0.6250000    
   1.631040       1.594320       1.547050       1.500540       1.459530       1.464350       1.479860       1.442650       1.428230       1.422700       1.425070       1.433340       1.445040       1.457530       1.460570       1.474480       1.483350       1.429500       1.357660       1.285530       1.215490       1.146820       1.078530       1.006260      0.9364600      0.8699800      0.7990500      0.7301000      0.6607500      0.6063200    
   1.645210       1.620560       1.571380       1.529550       1.540000       1.500390       1.519930       1.476350       1.455190       1.440210       1.430460       1.424400       1.420230       1.399160       1.399120       1.393660       1.374710       1.328190       1.264640       1.199530       1.136540       1.075440       1.014890      0.9502100      0.8914900      0.8268000      0.7614700      0.6908700      0.6313300      0.5771500    
   1.665880       1.643400       1.595050       1.612410       1.571640       1.530030       1.534360       1.501380       1.472730       1.447860       1.425760       1.405080       1.384310       1.341210       1.322260       1.296240       1.256350       1.210470       1.156820       1.102760       1.051240      0.9993300      0.9491600      0.8971800      0.8427100      0.7846900      0.7178500      0.6584400      0.6001500      0.5449900    
   1.676280       1.634780       1.622900       1.640720       1.593690       1.550860       1.558430       1.519670       1.483250       1.448420       1.414110       1.378970       1.311740       1.269060       1.220800       1.181490       1.136580       1.087800       1.040830      0.9993000      0.9626300      0.9275600      0.8907000      0.8532600      0.7997200      0.7437100      0.6890400      0.6316700      0.5732400      0.5126600    
   1.677020       1.643670       1.640720       1.621320       1.616960       1.566340       1.574030       1.533330       1.489300       1.444940       1.379620       1.333890       1.252120       1.186190       1.135410       1.077510       1.016160      0.9600900      0.9165200      0.8883700      0.8694200      0.8515900      0.8263500      0.7971000      0.7602800      0.7123800      0.6618000      0.6062900      0.5475000      0.4872700    
   1.671280       1.640720       1.630350       1.625440       1.633920       1.640640       1.590690       1.540640       1.459610       1.414410       1.361720       1.232570       1.183270       1.125110       1.056900      0.9799100      0.8988600      0.8272700      0.7862200      0.7759900      0.7795900      0.7813100      0.7743500      0.7567600      0.7284700      0.6903000      0.6397100      0.5857500      0.5263900      0.4634200    
   1.640720       1.633670       1.629680       1.633920       1.644850       1.659990       1.563970       1.512810       1.459730       1.412770       1.351080       1.205720       1.146040       1.075910      0.9938700      0.8988000      0.7919900      0.6933200      0.6498700      0.6742400      0.7070200      0.7286200      0.7278600      0.7192200      0.6975400      0.6641900      0.6175200      0.5654100      0.5063800      0.4420800    
   1.635030       1.631800       1.633920       1.646250       1.659990       1.589360       1.544110       1.491930       1.437190       1.378790       1.221530       1.167340       1.104150       1.030110      0.9434100      0.8444500      0.7269000      0.5914900      0.5343900      0.6058500      0.6579800      0.6895500      0.7034600      0.7013600      0.6848200      0.6553800      0.6145700      0.5610400      0.5022600      0.4338500    
   1.632860       1.633920       1.646720       1.659990       1.597820       1.544110       1.518020       1.491080       1.394090       1.268460       1.217930       1.160280       1.094110       1.018090      0.9190000      0.8225800      0.7205200      0.6191600      0.5778900      0.6093200      0.6490200      0.6831600      0.6979800      0.6978800      0.6836800      0.6565200      0.6176700      0.5685000      0.5080900      0.4430800    
   1.633920       1.646880       1.659990       1.600640       1.544110       1.531060       1.517740       1.417910       1.268460       1.243200       1.194790       1.163990       1.081010       1.007880      0.9372600      0.8502900      0.7612800      0.6903200      0.6559300      0.6600200      0.6802200      0.6988900      0.7084700      0.7140100      0.7002600      0.6742800      0.6368700      0.5891200      0.5324100      0.4654300    
   1.646930       1.659990       1.601580       1.544110       1.537590       1.530970       1.433790       1.268460       1.255830       1.206670       1.163630       1.163270       1.098760       1.039190      0.9658000      0.8919800      0.8187800      0.7643200      0.7330700      0.7250100      0.7304800      0.7385800      0.7420300      0.7370300      0.7295600      0.7040300      0.6678600      0.6218200      0.5671900      0.5047700    
   1.659990       1.601890       1.544110       1.540850       1.537560       1.442700       1.268460       1.262140       1.211540       1.163450       1.163270       1.131020       1.092720       1.069670       1.005340      0.9431600      0.8876700      0.8363600      0.8073400      0.7935200      0.7898500      0.7896900      0.7874100      0.7792200      0.7629400      0.7375500      0.7101700      0.6662900      0.6133600      0.5582200    
   1.602000       1.544110       1.542480       1.540840       1.447390       1.268460       1.265300       1.213750       1.163360       1.163270       1.147140       1.114170       1.069670       1.037500       1.006060      0.9453900      0.8890630      0.8437900      0.8455580      0.8619200      0.8530400      0.8474300      0.8409800      0.8304000      0.8134700      0.7888700      0.7601000      0.7180800      0.6619900      0.6147900    
   1.544110       1.543290       1.542480       1.449790       1.268460       1.266880       1.214820       1.163320       1.163270       1.155210       1.123560       1.069670       1.053590       1.037740      0.9963170      0.9468370      0.8927480      0.8804690      0.8952850      0.9286500      0.9172000      0.9086100      0.8998300      0.8933600      0.8764000      0.8531000      0.8114400      0.7745000      0.7314400      0.6838700    
   1.543700       1.543290       1.451010       1.268460       1.267670       1.215340       1.163290       1.163270       1.159240       1.127930       1.069670       1.061630       1.053670       1.029220      0.9936330      0.9453010      0.9121340      0.9119680      0.9286500      0.9446470      0.9880900      0.9776200      0.9676000      0.9558100      0.9287900      0.9084500      0.8819000      0.8492800      0.8109400      0.7678900    
   1.543700       1.451620       1.268460       1.268070       1.215610       1.163280       1.163270       1.161250       1.130030       1.069670       1.065650       1.061660       1.048170       1.025510      0.9893830      0.9740800      0.9203090      0.9286500       1.020060       1.057730       1.044390       1.038440       1.020710       1.010010      0.9966400      0.9792600      0.9575100      0.9303800      0.8978000      0.8606200    
   1.451920       1.268460       1.268260       1.215740       1.163280       1.163270       1.162260       1.131060       1.069670       1.067660       1.065660       1.058490       1.045110       1.098380       1.111050       1.097630       1.099030       1.110070       1.126640       1.149220       1.127370       1.090420       1.083080       1.074710       1.065310       1.053460       1.037850       1.017470      0.9917500      0.9574700    
   1.268460       1.268360       1.215800       1.163270       1.163270       1.162770       1.131560       1.069670       1.068660       1.067660       1.063940       1.056420       1.172940       1.331050       1.330480       1.249250       1.273560       1.269400       1.205580       1.172950       1.171080       1.164950       1.142400       1.137910       1.133600       1.128020       1.119650       1.107120       1.086190       1.063480    
   1.268410       1.215830       1.163270       1.163270       1.163020       1.131820       1.069670       1.069170       1.068670       1.066750       1.198860       1.403140       1.355580       1.331660       1.331620       1.330480       1.293920       1.277730       1.269400       1.230740       1.220410       1.215190       1.213210       1.197230       1.198710       1.200180       1.199800       1.192860       1.184050       1.169830    
   1.215850       1.163270       1.163270       1.163140       1.131940       1.069670       1.069420       1.069170       1.068200       1.228110       1.403140       1.403140       1.403140       1.356470       1.332870       1.332770       1.330480       1.298080       1.286060       1.269400       1.262080       1.259040       1.260040       1.264720       1.258170       1.267150       1.272870       1.277160       1.276610       1.270150    
   1.163270       1.163270       1.163210       1.132010       1.069670       1.069540       1.069420       1.148340       1.258780       1.403100       1.403140       1.403140       1.403140       1.403140       1.358240       1.335360       1.335050       1.330480       1.306370       1.302710       1.296900       1.295710       1.299200       1.307620       1.320660       1.325310       1.341090       1.353600       1.360490       1.360580    
   1.163270       1.163240       1.132040       1.069670       1.069610       1.196400       1.386660       1.386620       1.386580       1.397520       1.403030       1.403140       1.403140       1.403140       1.403140       1.361720       1.340530       1.339630       1.330480       1.322880       1.320020       1.321710       1.331380       1.342750       1.359400       1.382830       1.400340       1.420820       1.434490       1.440480    
   1.163250       1.132050       1.069670       1.069640       1.221850       1.386720       1.386720       1.386660       1.386620       1.386580       1.397320       1.402800       1.403140       1.403140       1.403140       1.403140       1.368140       1.351480       1.348780       1.342310       1.349640       1.350330       1.355500       1.365620       1.386210       1.420930       1.456150       1.481730       1.499000       1.510550    
