iMOD/TUTORIALS/TUT_MetaswapAnalyser/model_MetaSWAP/meteo/Precipitation/Precipitation_20061126_L1.ASC
NCOLS                30
NROWS                30
XLLCORNER     160000.00
YLLCORNER     340000.00
CELLSIZE        1000.00
NODATA_VALUE   -9999.00
  0.5240000E-01  0.5240000E-01  0.5244000E-01  0.5263000E-01  0.5715000E-01  0.5738000E-01  0.5686000E-01  0.6068000E-01  0.6336000E-01  0.7045000E-01  0.7366000E-01  0.7287000E-01  0.7897000E-01  0.8529000E-01  0.8529000E-01  0.7869000E-01  0.8529000E-01  0.8739000E-01  0.8739000E-01  0.8739000E-01  0.8739000E-01  0.8091000E-01  0.8091000E-01  0.8739000E-01  0.8739000E-01  0.8739000E-01  0.8739000E-01  0.8741000E-01  0.8748000E-01  0.9533000E-01
  0.5634000E-01  0.5634000E-01  0.5241000E-01  0.5244000E-01  0.5644000E-01  0.5648000E-01  0.5656000E-01  0.5772000E-01  0.7165000E-01  0.8284000E-01  0.6844000E-01  0.7915000E-01  0.7898000E-01  0.7869000E-01  0.7869000E-01  0.8529000E-01  0.8529000E-01  0.7869000E-01  0.8091000E-01  0.8091000E-01  0.8091000E-01  0.7543000E-01  0.7543000E-01  0.8091000E-01  0.8091000E-01  0.8092000E-01  0.8093000E-01  0.8101000E-01  0.8791000E-01  0.9694000E-01
  0.5634000E-01  0.5634000E-01  0.5634000E-01  0.6131000E-01  0.5636000E-01  0.5637000E-01  0.5645000E-01  0.5707000E-01  0.6666000E-01  0.7045000E-01  0.7312000E-01  0.7908000E-01  0.7275000E-01  0.7869000E-01  0.7316000E-01  0.7869000E-01  0.7869000E-01  0.7869000E-01  0.7869000E-01  0.7869000E-01  0.8091000E-01  0.7543000E-01  0.8091000E-01  0.8091000E-01  0.8092000E-01  0.8092000E-01  0.8741000E-01  0.8760000E-01  0.9683000E-01  0.1068000    
  0.5634000E-01  0.5634000E-01  0.5634000E-01  0.6130000E-01  0.6131000E-01  0.6131000E-01  0.6134000E-01  0.5651000E-01  0.6372000E-01  0.6943000E-01  0.7238000E-01  0.7277000E-01  0.6757000E-01  0.7316000E-01  0.7316000E-01  0.7869000E-01  0.7870000E-01  0.7870000E-01  0.7869000E-01  0.7869000E-01  0.7869000E-01  0.8739000E-01  0.8091000E-01  0.8739000E-01  0.8739000E-01  0.8739000E-01  0.8742000E-01  0.8763000E-01  0.9719000E-01  0.1123100    
  0.5634000E-01  0.5634000E-01  0.6130000E-01  0.6130000E-01  0.6130000E-01  0.6131000E-01  0.6131000E-01  0.7613000E-01  0.7615000E-01  0.7615000E-01  0.6330000E-01  0.6646000E-01  0.7273000E-01  0.7869000E-01  0.7317000E-01  0.7873000E-01  0.8535000E-01  0.8534000E-01  0.8531000E-01  0.8529000E-01  0.9324000E-01  0.9324000E-01  0.8529000E-01  0.8739000E-01  0.8739000E-01  0.8739000E-01  0.8740000E-01  0.9523000E-01  0.9590000E-01  0.9845000E-01
  0.5634000E-01  0.6130000E-01  0.6130000E-01  0.6130000E-01  0.6130000E-01  0.6130000E-01  0.6766000E-01  0.7611000E-01  0.6896000E-01  0.6328000E-01  0.6327000E-01  0.6327000E-01  0.6993000E-01  0.7870000E-01  0.8534000E-01  0.8553000E-01  0.8586000E-01  0.8573000E-01  0.8542000E-01  0.8531000E-01  0.9324000E-01  0.9324000E-01  0.8529000E-01  0.8529000E-01  0.8529000E-01  0.8739000E-01  0.8739000E-01  0.9514000E-01  0.9527000E-01  0.9554000E-01
  0.6766000E-01  0.6130000E-01  0.6130000E-01  0.6130000E-01  0.6766000E-01  0.6766000E-01  0.6766000E-01  0.6896000E-01  0.6327000E-01  0.6327000E-01  0.6327000E-01  0.6327000E-01  0.6327000E-01  0.7627000E-01  0.8545000E-01  0.8645000E-01  0.8982000E-01  0.8815000E-01  0.8579000E-01  0.9329000E-01  0.9325000E-01  0.9324000E-01  0.9324000E-01  0.8529000E-01  0.8529000E-01  0.8529000E-01  0.9324000E-01  0.9325000E-01  0.9513000E-01  0.9516000E-01
  0.5868000E-01  0.7600000E-01  0.6766000E-01  0.6766000E-01  0.6766000E-01  0.6130000E-01  0.6895000E-01  0.6327000E-01  0.6327000E-01  0.6327000E-01  0.6327000E-01  0.6327000E-01  0.6327000E-01  0.6996000E-01  0.8318000E-01  0.8495000E-01  0.9719000E-01  0.9116000E-01  0.9385000E-01  0.9331000E-01  0.9325000E-01  0.9324000E-01  0.9324000E-01  0.8529000E-01  0.8529000E-01  0.9324000E-01  0.9324000E-01  0.9324000E-01  0.1029500      0.1029500    
  0.6586000E-01  0.7600000E-01  0.7600000E-01  0.6766000E-01  0.6130000E-01  0.6130000E-01  0.6895000E-01  0.6327000E-01  0.6327000E-01  0.6327000E-01  0.6327000E-01  0.6327000E-01  0.6327000E-01  0.7620000E-01  0.8308000E-01  0.8372000E-01  0.8535000E-01  0.9251000E-01  0.9352000E-01  0.9328000E-01  0.9324000E-01  0.9324000E-01  0.9324000E-01  0.8529000E-01  0.9324000E-01  0.9324000E-01  0.9324000E-01  0.1029500      0.1029500      0.1029500    
  0.6586000E-01  0.7600000E-01  0.7600000E-01  0.6766000E-01  0.6130000E-01  0.6130000E-01  0.6327000E-01  0.6327000E-01  0.6327000E-01  0.6327000E-01  0.6327000E-01  0.6327000E-01  0.6327000E-01  0.6896000E-01  0.7622000E-01  0.8309000E-01  0.9138000E-01  0.9133000E-01  0.9121000E-01  0.9116000E-01  0.9114000E-01  0.9324000E-01  0.9324000E-01  0.9324000E-01  0.9324000E-01  0.9324000E-01  0.1029500      0.1029500      0.1029500      0.1029500    
  0.6924000E-01  0.7262000E-01  0.7183000E-01  0.6766000E-01  0.6766000E-01  0.5634000E-01  0.6327000E-01  0.6327000E-01  0.6327000E-01  0.6327000E-01  0.6327000E-01  0.6327000E-01  0.6896000E-01  0.8213000E-01  0.9794000E-01  0.9795000E-01  0.1044400      0.1044400      0.1044300      0.1044200      0.1044200      0.1044100      0.1044100      0.1157800      0.1298500      0.1164800      0.1164800      0.1164800      0.1164800      0.1029500    
  0.6924000E-01  0.7033750E-01  0.6766000E-01  0.6607000E-01  0.6766000E-01  0.6130000E-01  0.6895000E-01  0.6327000E-01  0.6327000E-01  0.6327000E-01  0.7511000E-01  0.7511000E-01  0.8213000E-01  0.9083000E-01  0.9794000E-01  0.9795000E-01  0.9798000E-01  0.1045100      0.1045200      0.1044700      0.1044300      0.1044200      0.1298500      0.1298500      0.1298500      0.1157800      0.1157800      0.1157800      0.1157800      0.1157800    
  0.6855600E-01  0.6766000E-01  0.6487750E-01  0.6448000E-01  0.6130000E-01  0.6895000E-01  0.6895000E-01  0.6895000E-01  0.8213000E-01  0.7511000E-01  0.7511000E-01  0.9083000E-01  0.9083000E-01  0.9083000E-01  0.9794000E-01  0.9800000E-01  0.9823000E-01  0.9877000E-01  0.1053500      0.1161500      0.1299300      0.1298600      0.1298500      0.1298500      0.1298500      0.1298500      0.1157800      0.1157800      0.1157800      0.1157800    
  0.6766000E-01  0.6418190E-01  0.6289000E-01  0.6130000E-01  0.6640000E-01  0.6895000E-01  0.8213000E-01  0.8213000E-01  0.8213000E-01  0.9083000E-01  0.9083000E-01  0.9083000E-01  0.9083000E-01  0.9083000E-01  0.9085000E-01  0.9812000E-01  0.1104300      0.1152500      0.1168000      0.1315700      0.1301100      0.1298800      0.1356600      0.1356600      0.1356600      0.1356600      0.1217300      0.1217300      0.1217300      0.1217300    
  0.6380920E-01  0.6209500E-01  0.6130000E-01  0.6555000E-01  0.6895000E-01  0.8428670E-01  0.1017800      0.1017800      0.1017800      0.1017800      0.1158300      0.1158300      0.1158300      0.1158300      0.1158600      0.1094400      0.1116700      0.1375500      0.1620000      0.1392200      0.1412100      0.1408700      0.1408400      0.1408300      0.1408300      0.1408300      0.1408300      0.1271100      0.1271100      0.1408300    
  0.6169750E-01  0.6130000E-01  0.6526670E-01  0.6895000E-01  0.8500560E-01  0.1017800      0.1017800      0.1017800      0.1052920      0.1158300      0.1158300      0.1158300      0.1158300      0.1158300      0.1233100      0.1234600      0.1539100      0.1579700      0.1593400      0.1544700      0.1531300      0.1576100      0.1575900      0.1575800      0.1575800      0.1575800      0.1575800      0.1575800      0.1408300      0.1408300    
  0.6130000E-01  0.6517220E-01  0.6895000E-01  0.8524520E-01  0.1017800      0.1017800      0.1017800      0.1061710      0.1158300      0.1158300      0.1209500      0.1158300      0.1232900      0.1232900      0.1475800      0.1476200      0.1531500      0.1536000      0.1537000      0.1532400      0.1529800      0.1529200      0.1529100      0.1575800      0.1575800      0.1575800      0.1575800      0.1575800      0.1575800      0.1418700    
  0.6514070E-01  0.6895000E-01  0.8532510E-01  0.1017800      0.1017800      0.1017800      0.1063900      0.1158300      0.1158300      0.1245340      0.1286300      0.1414300      0.1414300      0.1475700      0.1475700      0.1475800      0.1529500      0.1529900      0.1530000      0.1529600      0.1529200      0.1529100      0.1529100      0.1529100      0.1575800      0.1575800      0.1575800      0.1575800      0.1575800      0.1601100    
  0.6895000E-01  0.8535170E-01  0.1017800      0.1017800      0.1017800      0.1064450      0.1158300      0.1158300      0.1265310      0.1350300      0.1414300      0.1414300      0.1445000      0.1475700      0.1475700      0.1475700      0.1475800      0.1529200      0.1529200      0.1529100      0.1529100      0.1529100      0.1529100      0.1529100      0.1529100      0.1529100      0.1575800      0.1575800      0.1601100      0.1630900    
  0.8536060E-01  0.1017800      0.1017800      0.1017800      0.1064590      0.1158300      0.1158300      0.1275700      0.1382300      0.1414300      0.1414300      0.1437330      0.1475700      0.1475700      0.1475700      0.1475730      0.1493570      0.1511400      0.1529140      0.1529100      0.1529100      0.1529100      0.1529100      0.1529100      0.1529100      0.1529100      0.1552100      0.1579500      0.1692900      0.1733300    
  0.1017800      0.1017800      0.1017800      0.1064620      0.1158300      0.1158300      0.1280980      0.1398300      0.1414300      0.1414300      0.1435410      0.1475700      0.1475700      0.1475700      0.1475710      0.1481670      0.1493570      0.1518460      0.1529100      0.1529100      0.1529100      0.1529100      0.1529100      0.1552100      0.1552100      0.1552100      0.1692900      0.1692900      0.1692900      0.1692900    
  0.1017800      0.1017800      0.1064630      0.1158300      0.1158300      0.1283640      0.1406300      0.1414300      0.1414300      0.1434930      0.1475700      0.1475700      0.1475700      0.1475700      0.1477690      0.1483650      0.1510380      0.1529100      0.1529100      0.1536770      0.1552100      0.1552100      0.1552100      0.1552100      0.1657700      0.1733400      0.1733400      0.1733300      0.1733300      0.1692700    
  0.1017800      0.1064630      0.1158300      0.1158300      0.1284970      0.1410300      0.1414300      0.1414300      0.1434810      0.1475700      0.1475700      0.1475700      0.1475700      0.1476370      0.1479010      0.1501430      0.1529100      0.1529100      0.1531940      0.1552100      0.1590940      0.1601100      0.1697300      0.1697300      0.1733400      0.1532700      0.1532700      0.1532700      0.1532400      0.1531400    
  0.1064630      0.1158300      0.1158300      0.1285630      0.1412300      0.1414300      0.1414300      0.1434780      0.1475700      0.1475700      0.1475700      0.1475700      0.1475920      0.1437100      0.1452310      0.1506350      0.1506350      0.1511830      0.1520990      0.1509800      0.1552100      0.1697300      0.1532700      0.1532700      0.1532700      0.1532700      0.1532700      0.1532600      0.1531600      0.1547600    
  0.1158300      0.1158300      0.1285970      0.1413300      0.1414300      0.1414300      0.1434770      0.1475700      0.1475700      0.1475700      0.1475700      0.1475770      0.1404670      0.1317300      0.1317300      0.1433420      0.1483600      0.1483600      0.1493510      0.1501070      0.1467500      0.1483600      0.1532700      0.1532700      0.1532700      0.1532700      0.1532700      0.1532400      0.1551600      0.1532900    
  0.1158300      0.1286130      0.1413800      0.1414300      0.1414300      0.1434770      0.1475700      0.1475700      0.1475700      0.1475700      0.1388110      0.1256700      0.1297100      0.1317320      0.1317300      0.1317300      0.1426430      0.1483600      0.1483600      0.1479580      0.1483600      0.1483600      0.1483600      0.1532700      0.1532700      0.1532700      0.1532700      0.1553900      0.1551000      0.1525100    
  0.1286220      0.1414050      0.1414300      0.1414300      0.1434770      0.1475700      0.1475700      0.1475700      0.1475700      0.1370580      0.1256700      0.1256700      0.1256700      0.1297100      0.1317350      0.1317300      0.1317300      0.1421240      0.1483600      0.1483600      0.1483600      0.1483500      0.1483500      0.1483400      0.1532400      0.1532500      0.1554200      0.1554000      0.1552300      0.1539800    
  0.1414180      0.1414300      0.1414300      0.1434770      0.1475700      0.1475700      0.1475700      0.1401130      0.1331020      0.1256650      0.1256700      0.1256700      0.1256700      0.1256700      0.1297040      0.1317440      0.1317300      0.1317300      0.1400450      0.1483600      0.1483500      0.1483400      0.1482800      0.1481700      0.1499900      0.1552500      0.1553600      0.1554000      0.1553600      0.1550700    
  0.1414300      0.1414300      0.1434770      0.1475700      0.1475700      0.1325300      0.1099700      0.1138550      0.1177400      0.1230120      0.1256540      0.1256700      0.1256700      0.1256700      0.1256700      0.1296720      0.1317730      0.1317300      0.1317300      0.1317300      0.1317200      0.1316600      0.1317500      0.1487800      0.1479800      0.1489300      0.1550500      0.1553500      0.1554000      0.1553600    
  0.1414300      0.1434770      0.1475700      0.1475700      0.1295220      0.1099700      0.1099700      0.1099700      0.1138550      0.1177400      0.1229840      0.1256210      0.1256700      0.1256700      0.1256700      0.1256700      0.1295140      0.1318600      0.1317300      0.1317300      0.1321000      0.1319200      0.1306300      0.1240100      0.1152600      0.1252100      0.1309200      0.1500500      0.1554000      0.1554200    
