iMOD/TUTORIALS/TUT_MetaswapAnalyser/model_MetaSWAP/meteo/Precipitation/Precipitation_20060815_L1.ASC
NCOLS                30
NROWS                30
XLLCORNER     160000.00
YLLCORNER     340000.00
CELLSIZE        1000.00
NODATA_VALUE   -9999.00
   8.026590       7.990120       7.901050       7.755470       7.543180       7.255790       6.887750       6.470560       6.086400       6.006530       6.292790       6.664060       7.013790       7.323480       7.576270       7.745720       7.851130       7.926160       7.933430       7.888450       7.798300       7.701860       7.547330       7.364400       7.171710       6.967950       6.758490       6.549450       6.349490       6.185970    
   7.710870       7.650870       7.541420       7.371560       7.132490       6.824710       6.438890       5.978240       5.449690       5.303480       5.774360       6.190560       6.550550       6.838420       7.079710       7.248370       7.379940       7.461770       7.508640       7.503080       7.456820       7.400570       7.286610       7.138970       6.973890       6.789570       6.590520       6.381880       6.168660       5.988340    
   7.438790       7.362830       7.238060       7.052450       6.820230       6.523390       6.167950       5.771250       5.402830       5.324230       5.588810       5.920780       6.221450       6.481000       6.691810       6.846090       6.971190       7.062670       7.122170       7.148160       7.149600       7.128880       7.043800       6.932860       6.792250       6.625750       6.433390       6.226350       6.017460       5.785610    
   7.208960       7.125160       6.998030       6.815410       6.596830       6.334580       6.040390       5.747440       5.516370       5.469590       5.593660       5.811200       6.028720       6.224250       6.386780       6.511590       6.618550       6.711900       6.790730       6.846770       6.871120       6.861050       6.837480       6.749010       6.630660       6.481860       6.306210       6.107060       5.897870       5.657720    
   7.019710       6.935030       6.800510       6.643440       6.451790       6.232550       6.001120       5.804200       5.649790       5.596820       5.679560       5.792670       5.926310       6.049950       6.152950       6.234430       6.308800       6.399550       6.499200       6.586450       6.632850       6.650700       6.656650       6.602680       6.503440       6.371010       6.210150       6.040880       5.837980       5.641500    
   6.867390       6.769840       6.660930       6.523710       6.362280       6.184940       6.051900       5.870700       5.834970       5.768410       5.769830       5.817600       5.886870       5.946010       5.993520       6.007300       6.037680       6.128160       6.261110       6.385320       6.463980       6.506510       6.531340       6.487200       6.403720       6.291130       6.144340       5.990290       5.809370       5.637590    
   6.836600       6.654320       6.559530       6.443680       6.379290       6.233110       6.089690       6.058250       5.954060       5.891340       5.870070       5.877860       5.895600       5.906080       5.904770       5.845070       5.792890       5.899560       6.092160       6.246760       6.357070       6.415610       6.425110       6.419100       6.345640       6.237580       6.118170       5.958920       5.792960       5.629040    
   6.775280       6.791110       6.579160       6.478820       6.367320       6.390870       6.263820       6.159080       6.072230       6.013330       5.980720       5.965830       5.955130       5.932980       5.909280       5.809560       5.667230       5.811460       6.036360       6.206600       6.320910       6.382260       6.394600       6.391920       6.322420       6.237100       6.102550       5.947640       5.765700       5.606560    
   6.858940       6.755530       6.675160       6.462740       6.550460       6.446080       6.343710       6.261990       6.190560       6.138030       6.102820       6.079020       6.057570       6.070720       6.015030       5.942920       5.898800       5.976120       6.124620       6.260190       6.355660       6.405790       6.411310       6.405040       6.352940       6.245900       6.110380       5.932460       5.767670       5.596590    
   6.838580       6.738610       6.671320       6.785280       6.595010       6.511830       6.436610       6.367590       6.310480       6.266850       6.235610       6.213100       6.194040       6.225200       6.185220       6.155170       6.161610       6.208850       6.296930       6.386280       6.451120       6.479860       6.471490       6.425600       6.396090       6.283700       6.119710       5.959750       5.782300       5.593810    
   6.822870       6.749500       6.757150       6.833380       6.758680       6.598220       6.527760       6.475290       6.432070       6.399260       6.376440       6.361730       6.430600       6.438670       6.439010       6.418120       6.421280       6.451560       6.500750       6.549410       6.580930       6.585740       6.559390       6.516150       6.398990       6.313370       6.167040       5.995560       5.802950       5.605440    
   6.819780       6.790730       6.833380       6.839740       6.831280       6.788670       6.718600       6.584130       6.554430       6.533550       6.585110       6.573340       6.655720       6.682370       6.660290       6.656200       6.667840       6.692460       6.720810       6.742270       6.747660       6.730790       6.681340       6.609180       6.507680       6.413260       6.256260       6.071510       5.861340       5.629250    
   6.830660       6.833380       6.873040       6.883440       6.935600       6.862650       6.823510       6.789570       6.838260       6.749150       6.740740       6.933160       6.905360       6.888390       6.879050       6.886870       6.905440       6.928830       6.945020       6.941040       6.930440       6.895440       6.837980       6.755220       6.644940       6.505610       6.375360       6.178670       5.952110       5.697290    
   6.833380       6.887880       6.909520       6.935600       6.917770       6.955070       7.026330       6.998930       6.977420       6.988980       6.979100       7.112610       7.095300       7.088890       7.093520       7.105750       7.141010       7.160710       7.167560       7.155870       7.126490       7.080300       6.977640       6.882990       6.763700       6.617260       6.476700       6.272680       6.036220       5.766890    
   6.894860       6.922560       6.935600       6.936150       6.955070       7.090850       7.291150       7.262570       7.239870       7.223960       7.531230       7.482090       7.443890       7.416400       7.399100       7.332420       7.353670       7.381200       7.377940       7.341480       7.293030       7.232850       7.156510       7.060490       6.941370       6.795890       6.621030       6.449240       6.209140       5.904520    
   6.929080       6.935600       6.942270       6.955070       7.112360       7.291150       7.276860       7.264530       7.373970       7.769470       7.717180       7.674970       7.642740       7.620100       7.640140       7.619220       7.575170       7.574720       7.559320       7.522050       7.470930       7.415010       7.338740       7.244290       7.128360       6.987520       6.818320       6.617430       6.416450       6.143100    
   6.935600       6.944310       6.955070       7.119530       7.291150       7.284010       7.277510       7.421210       7.769470       7.743330       7.812700       7.859430       7.896600       7.859270       7.792200       7.779940       7.755630       7.750640       7.735610       7.706430       7.663880       7.608520       7.539200       7.464150       7.361120       7.234870       7.081610       6.897500       6.679020       6.457060    
   6.944990       6.955070       7.121920       7.291150       7.287580       7.284220       7.438050       7.769470       7.756400       7.863780       7.950940       8.042460       8.008680       7.984220       7.966670       7.954040       7.926220       7.920890       7.909050       7.887710       7.855840       7.813000       7.758110       7.689230       7.613740       7.509380       7.380400       7.222600       7.032110       6.809760    
   6.955070       7.122710       7.291150       7.289360       7.287650       7.444830       7.769470       7.762930       7.885760       7.996700       8.042460       8.025570       8.045580       8.146970       8.130290       8.118040       8.107930       8.085140       8.078300       8.065650       8.045910       8.018250       7.981600       7.934290       7.873820       7.796890       7.709770       7.587640       7.438580       7.270760    
   7.122980       7.291150       7.290260       7.289390       7.447830       7.769470       7.766200       7.896040       8.019580       8.042460       8.034020       8.065150       8.146970       8.138630       8.131770       8.118750       8.103700       8.090460       8.174090       8.238300       8.231730       8.221060       8.205460       8.183590       8.153330       8.111580       8.076400       8.006000       7.961470       7.809280    
   7.291150       7.290700       7.290270       7.449240       7.769470       7.767840       7.901040       8.031020       8.042460       8.038240       8.072150       8.146970       8.142800       8.139120       8.129720       8.118070       8.104300       8.218400       8.320670       8.403050       8.410100       8.417340       8.424470       8.443110       8.450170       8.451450       8.515850       8.492140       8.438460       8.344600    
   7.290930       7.290710       7.449920       7.769470       7.768650       7.903510       8.036740       8.042460       8.040350       8.074950       8.146970       8.144880       8.142960       8.137210       8.128970       8.117360       8.241140       8.361860       8.403050       8.462380       8.573990       8.603480       8.638050       8.677610       8.782260       8.813580       8.867900       8.908440       8.924670       8.911170    
   7.290930       7.450260       7.769470       7.769060       7.904740       8.039600       8.042460       8.041400       8.076180       8.146970       8.145930       8.144940       8.141690       8.136380       8.127850       8.302070       8.382460       8.403050       8.595350       8.678670       8.713540       8.720180       8.827310       8.914680       9.000140       9.103400       9.215920       9.325440       9.421160       9.483700    
   7.450420       7.769470       7.769270       7.905350       8.041030       8.042460       8.041930       8.076750       8.146970       8.146450       8.145950       8.144180       8.141000       8.300200       8.465180       8.635770       8.640420       8.708730       8.793410       8.837280       8.783350       8.886710       8.948960       9.073290       9.212650       9.367420       9.536100       9.714800       9.895580       10.05690    
   7.769470       7.769370       7.905660       8.041750       8.042460       8.042200       8.077030       8.146970       8.146710       8.146450       8.145530       8.143710       8.436000       8.796440       8.794870       8.794130       8.884440       8.877780       8.874070       8.864280       8.891210       8.948940       9.076080       9.222690       9.392210       9.586240       9.804260       10.04410       10.29900       10.56940    
   7.769420       7.905810       8.042100       8.042460       8.042330       8.077160       8.146970       8.146840       8.146710       8.146230       8.431190       8.860120       8.819090       8.798150       8.798020       8.794870       8.856780       8.891100       8.877780       8.916930       8.918270       9.035060       9.170670       9.332300       9.524040       9.748570       10.00440       10.28570       10.59240       10.92110    
   7.905890       8.042280       8.042460       8.042390       8.077230       8.146970       8.146900       8.146840       8.146590       8.488870       8.860120       8.860120       8.860120       8.821640       8.801550       8.801170       8.794870       8.863380       8.904420       8.877780       8.980470       9.096250       9.232330       9.398150       9.603320       9.849140       10.13020       10.43590       10.75410       11.06770    
   8.042370       8.042460       8.042430       8.077260       8.146970       8.146940       8.146900       8.341350       8.574950       8.860230       8.860120       8.860120       8.860120       8.860120       8.826890       8.808600       8.807460       8.794870       8.876470       8.931060       9.028770       9.136640       9.262970       9.421710       9.632160       9.891530       10.19080       10.50660       10.81360       11.08180    
   8.042460       8.042440       8.077280       8.146970       8.146950       8.484830       8.991600       8.958340       8.925080       8.882070       8.860450       8.860120       8.860120       8.860120       8.860120       8.837680       8.823470       8.820060       8.794870       8.902160       9.010310       9.120870       9.248300       9.413520       9.607990       9.883210       10.20660       10.53060       10.82170       11.04960    
   8.042450       8.077290       8.146970       8.146960       8.552520       8.991760       8.991760       8.991600       8.958350       8.925080       8.882620       8.861100       8.860120       8.860120       8.860120       8.860120       8.859660       8.855490       8.845240       8.953460       9.075040       9.170420       9.260530       9.358590       9.532260       9.852980       10.22030       10.54850       10.82470       11.02140    
