iMOD/TUTORIALS/TUT_MetaswapAnalyser/model_MetaSWAP/meteo/Precipitation/Precipitation_20060819_L1.ASC
NCOLS                30
NROWS                30
XLLCORNER     160000.00
YLLCORNER     340000.00
CELLSIZE        1000.00
NODATA_VALUE   -9999.00
   3.667010       3.452820       3.248470       3.064840       2.933900       2.915350       3.018460       3.173590       3.345710       3.597070       3.948310       4.322640       4.703150       5.022340       5.358760       5.715610       6.073270       6.382710       6.660620       6.923240       7.172980       7.377650       7.606310       7.830210       8.052560       8.275980       8.504100       8.741880       8.996760       9.262850    
   3.875780       3.684790       3.500550       3.360030       3.273310       3.263000       3.326580       3.431330       3.542290       3.773320       4.203020       4.631470       5.046820       5.436170       5.814980       6.212840       6.541010       6.836380       7.115370       7.350100       7.562370       7.727100       7.911530       8.091880       8.272800       8.457730       8.650420       8.855500       9.040850       9.291490    
   4.108200       3.943110       3.802070       3.695740       3.620370       3.620910       3.677470       3.778050       3.924260       4.184500       4.573020       5.003780       5.458930       5.867210       6.281080       6.698340       7.042720       7.334170       7.572980       7.767920       7.952090       8.068550       8.203100       8.336270       8.473060       8.617490       8.730540       8.908090       9.090650       9.325590    
   4.359730       4.220240       4.107330       4.029320       3.994540       4.009180       4.074830       4.176700       4.362760       4.635990       5.003420       5.427830       5.886850       6.330740       6.778080       7.216290       7.577480       7.859440       8.063100       8.206480       8.312340       8.419470       8.470080       8.506470       8.600250       8.707870       8.832680       8.977900       9.134020       9.340310    
   4.622480       4.506830       4.419020       4.365150       4.351920       4.384690       4.467550       4.599460       4.805230       5.085950       5.423130       5.851400       6.317620       6.793540       7.291250       7.759650       8.120460       8.379940       8.523560       8.591560       8.619700       8.639870       8.634340       8.689490       8.737660       8.805100       8.894960       8.992470       9.146180       9.343730    
   4.890050       4.796320       4.730100       4.697230       4.703210       4.753210       4.844480       4.995300       5.141890       5.457640       5.824970       6.253670       6.734420       7.250340       7.767800       8.298050       8.727090       8.955430       9.006720       8.977990       8.924290       8.876370       8.814640       8.797570       8.803230       8.851010       8.907540       8.977300       9.107560       9.285450    
   5.153380       5.082870       5.035390       5.020280       5.031910       5.094350       5.204450       5.252190       5.512250       5.815150       6.181360       6.608760       7.093370       7.639620       8.185820       8.806650       9.355990       9.514490       9.409760       9.268550       9.139780       9.031600       8.947380       8.860010       8.826700       8.822270       8.826400       8.891320       9.005950       9.155700    
   5.434930       5.339590       5.314370       5.312010       5.345310       5.218030       5.367960       5.578500       5.820960       6.120650       6.478920       6.895510       7.369230       7.923220       8.448850       9.103400       9.796490       9.836400       9.611040       9.409270       9.234220       9.086590       8.966640       8.845920       8.780450       8.720510       8.719730       8.754230       8.867570       8.972500    
   5.660560       5.594240       5.575110       5.593720       5.373910       5.471300       5.627510       5.841980       6.079770       6.368890       6.710350       7.103800       7.547450       7.983280       8.521650       9.074620       9.526040       9.660360       9.545600       9.370930       9.194610       9.034020       8.895440       8.752810       8.638120       8.578520       8.550040       8.602810       8.634120       8.706870    
   5.887340       5.835080       5.826650       5.517400       5.590430       5.690870       5.877060       6.060570       6.287420       6.558860       6.874880       7.233770       7.631360       7.938880       8.452630       8.875080       9.198460       9.337060       9.309200       9.192530       9.044150       8.881200       8.738560       8.613580       8.454700       8.374250       8.372040       8.341940       8.344500       8.383850    
   5.885580       5.849690       5.719900       5.700460       5.769050       5.930480       6.061630       6.235020       6.445560       6.693390       6.977220       7.293690       7.462720       7.927550       8.339600       8.649490       8.874270       8.981780       8.974740       8.889110       8.762680       8.621620       8.481600       8.331180       8.270810       8.122480       8.045210       7.993410       7.970260       8.013500    
   5.891880       5.788910       5.700460       5.875380       5.925120       6.077520       6.200420       6.367960       6.558090       6.778170       7.131750       7.389910       7.492950       7.805650       8.140410       8.370580       8.531050       8.613190       8.612980       8.550380       8.447640       8.323490       8.216110       8.088230       7.968090       7.824560       7.731440       7.658810       7.609570       7.586530    
   5.831180       5.700460       5.924680       6.016000       6.106880       6.193660       6.311630       6.454970       6.771190       6.954920       7.152550       7.150170       7.402240       7.646230       7.916710       8.080040       8.186240       8.229060       8.227260       8.186720       8.106410       8.000760       7.880340       7.754370       7.630210       7.513590       7.371220       7.279930       7.207200       7.155220    
   5.700460       5.948360       6.061440       6.106880       6.196050       6.287610       6.579890       6.694940       6.828060       6.978090       7.138030       7.081450       7.282000       7.468910       7.629870       7.788460       7.846800       7.847920       7.821370       7.795450       7.730550       7.636300       7.494410       7.365230       7.234130       7.107210       6.956890       6.849770       6.758230       6.683950    
   5.959970       6.084160       6.106880       6.196850       6.287610       6.521540       6.697130       6.790170       6.895550       7.010410       6.820090       6.984940       7.141140       7.279990       7.391540       7.512550       7.519880       7.472320       7.417720       7.386840       7.333280       7.235900       7.117150       6.986030       6.850060       6.715430       6.587040       6.438030       6.331800       6.258550    
   6.095520       6.106880       6.197110       6.287610       6.502090       6.697130       6.743650       6.794280       6.828030       6.615980       6.750110       6.878950       6.996240       7.094810       7.157220       7.192960       7.218420       7.163110       7.101900       7.045520       6.965780       6.880460       6.759820       6.625750       6.484990       6.343440       6.206150       6.077230       5.930620       5.827590    
   6.106880       6.197200       6.287610       6.495610       6.697130       6.720390       6.745020       6.745490       6.615980       6.683050       6.730390       6.768930       6.846220       6.905000       6.937740       6.948620       6.954140       6.889970       6.813970       6.730030       6.630670       6.512320       6.377440       6.256750       6.107370       5.956710       5.809880       5.671550       5.545790       5.400870    
   6.197230       6.287610       6.493450       6.697130       6.708760       6.720850       6.706720       6.615980       6.649510       6.674160       6.703440       6.637960       6.687350       6.725990       6.737900       6.727250       6.711940       6.633590       6.540700       6.435550       6.316590       6.182710       6.035420       5.878270       5.740250       5.579420       5.422780       5.275600       5.143130       5.021270    
   6.287610       6.492730       6.697130       6.702950       6.708910       6.688080       6.615980       6.632750       6.649660       6.670700       6.637960       6.662650       6.653570       6.562990       6.552460       6.522340       6.473430       6.392480       6.282500       6.158830       6.021870       5.872020       5.710910       5.541470       5.367640       5.194080       5.048550       4.891830       4.743730       4.611220    
   6.492490       6.697130       6.700040       6.703000       6.678980       6.615980       6.624360       6.638140       6.654330       6.637960       6.650310       6.629290       6.562990       6.557720       6.545930       6.516080       6.462750       6.382800       6.078580       5.899820       5.746270       5.581020       5.405890       5.223540       5.037440       4.851840       4.647240       4.464430       4.341300       4.247110    
   6.697130       6.698580       6.700050       6.674500       6.615980       6.620170       6.632520       6.646150       6.637960       6.644130       6.620140       6.562990       6.560360       6.555550       6.539910       6.508250       6.453880       6.072590       5.779540       5.659270       5.490400       5.310670       5.122050       4.902110       4.704410       4.507140       4.327110       4.145370       3.984090       3.854600    
   6.697860       6.698590       6.672280       6.615980       6.618080       6.629740       6.642050       6.637960       6.641050       6.616310       6.562990       6.561670       6.559630       6.551940       6.534570       6.500680       6.082680       5.719410       5.659270       5.459130       5.227710       5.036370       4.836640       4.631000       4.443760       4.222310       4.016210       3.819200       3.640100       3.495120    
   6.697860       6.671180       6.615980       6.617030       6.628350       6.640010       6.637960       6.639500       6.614580       6.562990       6.562330       6.561430       6.557750       6.548710       6.529060       5.995120       5.689340       5.659270       5.242540       5.056370       4.912820       4.806080       4.605870       4.394710       4.178590       3.960340       3.741450       3.527270       3.324950       3.149090    
   6.670630       6.615980       6.616500       6.627660       6.638980       6.637960       6.638730       6.613760       6.562990       6.562660       6.562250       6.560500       6.555960       6.095920       5.635630       5.174760       5.168310       5.027360       4.858140       4.795390       4.885030       4.608910       4.407870       4.183080       3.957180       3.730710       3.503420       3.275410       3.049440       2.810310    
   6.615980       6.616240       6.627320       6.638470       6.637960       6.638350       6.613360       6.562990       6.562830       6.562630       6.561810       6.559570       5.741660       4.747760       4.748150       4.817960       4.666610       4.677360       4.699490       4.722660       4.705750       4.518380       4.223930       3.993800       3.765580       3.538950       3.311350       3.078980       2.815710       2.572190    
   6.616110       6.627140       6.638220       6.637960       6.638150       6.613160       6.562990       6.562910       6.562820       6.562420       6.014610       5.194520       4.897010       4.748140       4.747380       4.748150       4.688770       4.655860       4.677360       4.602570       4.577190       4.353600       4.126540       3.831340       3.605380       3.386490       3.170160       2.930530       2.700020       2.454960    
   6.627060       6.638090       6.637960       6.638060       6.613070       6.562990       6.562950       6.562900       6.562720       5.905780       5.194520       5.194520       5.194520       4.897640       4.748900       4.746600       4.748150       4.673690       4.634370       4.677360       4.449980       4.214360       3.977410       3.747560       3.473680       3.271200       3.066490       2.873900       2.678090       2.479340    
   6.638020       6.637960       6.638010       6.613020       6.562990       6.562970       6.562950       6.372230       5.903940       5.194770       5.194520       5.194520       5.194520       5.194520       4.899750       4.751940       4.745050       4.748150       4.634860       4.591380       4.352390       4.103390       3.853420       3.616500       3.410410       3.182980       3.023790       2.876290       2.732320       2.597990    
   6.637960       6.637980       6.612990       6.562990       6.562980       6.315230       5.943520       5.871930       5.800340       5.397140       5.195260       5.194520       5.194520       5.194520       5.194520       4.905940       4.762630       4.741950       4.748150       4.522560       4.278260       4.018840       3.787410       3.523320       3.304210       3.154670       3.020660       2.928440       2.840410       2.764450    
   6.637970       6.612980       6.562990       6.562980       6.265810       5.943720       5.943720       5.943520       5.871930       5.800340       5.398440       5.196750       5.194520       5.194520       5.194520       5.194520       4.921560       4.797790       4.735750       4.508980       4.344820       4.047120       3.737300       3.433560       3.204270       3.116470       3.081750       3.039450       2.990820       2.959980    
