iMOD/TUTORIALS/TUT_MetaswapAnalyser/model_MetaSWAP/meteo/Precipitation/Precipitation_20060407_L1.ASC
NCOLS                30
NROWS                30
XLLCORNER     160000.00
YLLCORNER     340000.00
CELLSIZE        1000.00
NODATA_VALUE   -9999.00
   0.000000       0.000000       0.000000       0.000000       0.000000       0.000000       0.000000       0.000000       0.000000       0.000000       0.000000       0.000000       0.000000      0.3068200      0.4254000      0.5608100      0.6840700      0.8153800      0.9499900       1.080390       1.205770       1.323400       1.439890       1.560700       1.671810       1.780690       1.886130       1.984490       2.067570       2.135370    
   0.000000       0.000000       0.000000       0.000000       0.000000       0.000000       0.000000       0.000000       0.000000       0.000000       0.000000       0.000000      0.2356200      0.3558100      0.4935100      0.6299800      0.7801400      0.9102600       1.041580       1.169590       1.289810       1.401870       1.512850       1.629280       1.740140       1.853350       1.969350       2.086560       2.186850       2.285350    
   0.000000       0.000000       0.000000       0.000000       0.000000       0.000000       0.000000       0.000000       0.000000       0.000000       0.000000       0.000000      0.2832300      0.4171700      0.5657800      0.7169700      0.8770400       1.028290       1.165570       1.288560       1.392440       1.494020       1.601460       1.702920       1.807790       1.918410       2.024460       2.153810       2.305490       2.437700    
   0.000000       0.000000       0.000000       0.000000       0.000000       0.000000       0.000000       0.000000       0.000000       0.000000       0.000000      0.2227200      0.3452000      0.4911700      0.6612000      0.8324800       1.005200       1.159610       1.289710       1.398460       1.493090       1.579830       1.662310       1.737570       1.831110       1.932830       2.044840       2.169110       2.318290       2.461710    
   0.000000       0.000000       0.000000       0.000000       0.000000       0.000000       0.000000       0.000000       0.000000       0.000000       0.000000      0.2884900      0.4180800      0.5770600      0.7680000      0.9635100       1.145590       1.297150       1.408170       1.490510       1.565320       1.629530       1.690130       1.754280       1.831350       1.916770       2.011020       2.128680       2.228880       2.309810    
   0.000000       0.000000       0.000000       0.000000       0.000000       0.000000       0.000000       0.000000       0.000000       0.000000      0.2565100      0.3562900      0.4940900      0.6654600      0.8756200       1.100290       1.309230       1.451630       1.526640       1.570500       1.612480       1.650700       1.689710       1.740150       1.798050       1.858150       1.928990       2.017320       2.079770       2.117680    
   0.000000       0.000000       0.000000       0.000000       0.000000       0.000000       0.000000       0.000000       0.000000      0.2413900      0.3137800      0.4176700      0.5580400      0.7386700      0.9691000       1.227390       1.486260       1.600570       1.609230       1.611560       1.616820       1.631520       1.655610       1.683320       1.722710       1.767320       1.832560       1.874940       1.903960       1.915990    
   0.000000       0.000000       0.000000       0.000000       0.000000       0.000000       0.000000       0.000000      0.2360800      0.2871000      0.3617400      0.4653400      0.6029900      0.7788100       1.012230       1.276040       1.587270       1.647850       1.606880       1.579840       1.567400       1.567610       1.578230       1.592220       1.616300       1.662580       1.688390       1.709290       1.715980       1.711760    
   0.000000       0.000000       0.000000       0.000000       0.000000       0.000000       0.000000      0.2366400      0.2721300      0.3242500      0.3972300      0.4952700      0.6222100      0.8035600      0.9895400       1.201760       1.398710       1.488290       1.489880       1.474800       1.464060       1.461560       1.466610       1.472650       1.504600       1.518360       1.529310       1.529730       1.525930       1.509880    
   0.000000       0.000000       0.000000       0.000000       0.000000       0.000000      0.2411600      0.2656200      0.3015100      0.3518000      0.4195000      0.5073000      0.6171300      0.7743600      0.9203900       1.071620       1.201540       1.281520       1.312030       1.319420       1.321800       1.323230       1.329530       1.337470       1.357880       1.363180       1.359170       1.353240       1.338620       1.314060    
  0.7266670E-01   0.000000       0.000000       0.000000       0.000000      0.2422900      0.2652700      0.2897700      0.3240600      0.3701600      0.4298700      0.5044100      0.6274300      0.7024600      0.8095000      0.9177900       1.013090       1.081040       1.123870       1.151500       1.172360       1.190030       1.205000       1.232140       1.237020       1.227850       1.221410       1.206700       1.182950       1.128210    
  0.7303330E-01  0.1816670E-01   0.000000      0.1234750      0.2240300      0.2624700      0.2862900      0.3092600      0.3404700      0.3808200      0.4046100      0.4660200      0.5664500      0.6354100      0.7118800      0.7819500      0.8406400      0.8902400      0.9298000      0.9661200      0.9995400       1.028170       1.061240       1.077280       1.085030       1.076650       1.066160       1.046470       1.017610      0.9801000    
  0.5950420E-01   0.000000      0.1600740      0.2469500      0.2698700      0.2881800      0.3038600      0.3250000      0.3215000      0.3544700      0.3957100      0.4727900      0.5216400      0.5718600      0.6199400      0.6590100      0.6879600      0.7113600      0.7460400      0.7889800      0.8418700      0.8827400      0.9133600      0.9328900      0.9413800      0.9391200      0.9192200      0.8963800      0.8642900      0.8238300    
   0.000000      0.1720880      0.2584100      0.2698700      0.2875570      0.3046200      0.2842300      0.3019500      0.3246600      0.3603800      0.3925600      0.4496900      0.4829600      0.5142300      0.5395100      0.5551900      0.5550200      0.5526600      0.5735100      0.6372000      0.6975000      0.7462700      0.7816200      0.8031100      0.8117500      0.8083800      0.7876400      0.7628400      0.7289500      0.6870400    
  0.1765250      0.2641400      0.2698700      0.2873490      0.3046200      0.2926530      0.2891100      0.3037800      0.3222000      0.3441400      0.3943700      0.4174400      0.4398300      0.4587200      0.4706800      0.4723000      0.4595100      0.4306900      0.4373000      0.5150500      0.5851000      0.6353200      0.6703500      0.6910000      0.6982700      0.6932800      0.6771800      0.6456200      0.6111400      0.5722200    
  0.2670050      0.2698700      0.2872800      0.3046200      0.2954610      0.2891100      0.2964450      0.3050300      0.3345050      0.3679000      0.3832000      0.3986600      0.4125200      0.4225200      0.4268200      0.4220600      0.4087200      0.3920600      0.4032800      0.4519800      0.5026200      0.5532000      0.5836500      0.6008500      0.6053300      0.5980600      0.5802700      0.5533500      0.5140300      0.4735700    
  0.2698700      0.2872570      0.3046200      0.2963970      0.2891100      0.2927780      0.2968620      0.3259700      0.3679000      0.3755500      0.3803060      0.3837500      0.3927400      0.3977600      0.3981500      0.3944900      0.3860100      0.3818400      0.3928500      0.4210400      0.4547400      0.4840000      0.5042300      0.5264300      0.5265300      0.5160700      0.4962300      0.4685100      0.4345700      0.3934300    
  0.2872490      0.3046200      0.2967090      0.2891100      0.2909440      0.2929160      0.3208770      0.3679000      0.3717250      0.3735320      0.3758850      0.3680200      0.3748800      0.3798700      0.3810600      0.3796100      0.3752900      0.3761200      0.3851100      0.4025200      0.4234200      0.4418700      0.4537900      0.4571300      0.4629200      0.4488200      0.4266800      0.3980900      0.3648900      0.3299300    
  0.3046200      0.2968130      0.2891100      0.2900270      0.2909900      0.3181590      0.3679000      0.3698130      0.3706260      0.3719530      0.3680200      0.3714500      0.3730220      0.3693200      0.3710000      0.3715900      0.3726700      0.3720000      0.3788100      0.3895900      0.4016600      0.4114200      0.4158400      0.4131000      0.4025200      0.3844400      0.3696200      0.3398800      0.3079800      0.2731300    
  0.2968480      0.2891100      0.2895680      0.2900420      0.3167690      0.3679000      0.3688560      0.3692690      0.3699860      0.3680200      0.3697350      0.3704530      0.3693200      0.3701600      0.3706370      0.3717530      0.3720870      0.3744930      0.3786140      0.3799700      0.3859200      0.3891100      0.3873700      0.3792100      0.3640900      0.3423900      0.3113800      0.2811600      0.2487900      0.2250500    
  0.2891100      0.2893390      0.2895740      0.3160700      0.3679000      0.3683780      0.3686100      0.3690030      0.3680200      0.3688780      0.3693820      0.3693200      0.3697400      0.3700390      0.3708500      0.3714920      0.3727780      0.3748460      0.3763350      0.3727000      0.3744100      0.3728100      0.3662200      0.3482500      0.3296500      0.3049900      0.2746000      0.2425000       0.000000       0.000000    
  0.2892250      0.2893410      0.3157210      0.3679000      0.3681390      0.3682840      0.3685120      0.3680200      0.3684490      0.3689000      0.3693200      0.3695300      0.3697000      0.3702100      0.3707940      0.3717070      0.3732670      0.3745180      0.3727000      0.3684770      0.3583200      0.3543500      0.3450400      0.3294800      0.3063800      0.2784600      0.2460900       0.000000       0.000000       0.000000    
  0.2892250      0.3155470      0.3679000      0.3680200      0.3681220      0.3682660      0.3680200      0.3682340      0.3686720      0.3693200      0.3694250      0.3695170      0.3698130      0.3702340      0.3709030      0.3698160      0.3736090      0.3727000      0.3633250      0.3575050      0.3513720      0.3463300      0.3338600      0.3156700      0.2907300      0.2597400      0.2242100       0.000000       0.000000       0.000000    
  0.3154600      0.3679000      0.3679600      0.3680410      0.3681430      0.3680200      0.3681270      0.3685620      0.3693200      0.3693720      0.3694210      0.3695850      0.3698550      0.3577830      0.3552720      0.3597620      0.3597050      0.3578340      0.3552030      0.3546200      0.3566900      0.3411700      0.3283100      0.3084400      0.2812900      0.2475600       0.000000       0.000000       0.000000       0.000000    
  0.3679000      0.3679300      0.3680000      0.3680810      0.3680200      0.3680740      0.3685070      0.3693200      0.3693460      0.3693710      0.3694590      0.3696200      0.3472410      0.3196790      0.3201800      0.3407390      0.3459710      0.3467100      0.3512320      0.3534830      0.3525500      0.3467600      0.3270400      0.3065800      0.2779900      0.2420300       0.000000       0.000000       0.000000       0.000000    
  0.3679150      0.3679800      0.3680510      0.3680200      0.3680470      0.3684800      0.3693200      0.3693330      0.3693460      0.3693920      0.3446540      0.3074100      0.3152820      0.3193020      0.3191790      0.3201800      0.3370990      0.3452320      0.3467100      0.3501150      0.3512100      0.3471200      0.3361700      0.3100000      0.2809700      0.2433900       0.000000       0.000000       0.000000       0.000000    
  0.3679700      0.3680350      0.3680200      0.3680330      0.3684670      0.3693200      0.3693270      0.3693330      0.3693570      0.3396420      0.3074100      0.3074100      0.3074100      0.3147390      0.3185470      0.3181770      0.3201800      0.3362730      0.3437550      0.3467100      0.3499900      0.3490900      0.3414100      0.3242100      0.2903800      0.2517200       0.000000       0.000000       0.000000       0.000000    
  0.3680280      0.3680200      0.3680270      0.3684600      0.3693200      0.3693230      0.3693270      0.2770040      0.2649840      0.3071990      0.3074100      0.3074100      0.3074100      0.3074100      0.3138190      0.3172830      0.3161750      0.3201800      0.3344480      0.3408000      0.3474500      0.3512300      0.3490800      0.3368200      0.3075800      0.2616200       0.000000       0.000000       0.000000       0.000000    
  0.3680200      0.3680230      0.3684570      0.3693200      0.3693220      0.2215940       0.000000       0.000000       0.000000      0.2043700      0.3067770      0.3074100      0.3074100      0.3074100      0.3074100      0.3124050      0.3154930      0.3121700      0.3201800      0.3301000      0.3406700      0.3504800      0.3649900      0.3565600      0.3301700      0.2849800      0.2291400       0.000000       0.000000       0.000000    
  0.3680220      0.3684550      0.3693200      0.3693210      0.1920470       0.000000       0.000000       0.000000       0.000000       0.000000      0.2032930      0.3055120      0.3074100      0.3074100      0.3074100      0.3074100      0.3105410      0.3141300      0.3041600      0.3152400      0.3510000      0.3593500      0.3687800      0.3743700      0.3587200      0.3071500      0.2462000       0.000000       0.000000       0.000000    
