iMOD/TUTORIALS/TUT_MetaswapAnalyser/model_MetaSWAP/meteo/Precipitation/Precipitation_20050220_L1.ASC
NCOLS                30
NROWS                30
XLLCORNER     160000.00
YLLCORNER     340000.00
CELLSIZE        1000.00
NODATA_VALUE   -9999.00
   3.502860       3.349930       3.193520       3.027120       2.835500       2.592730       2.298880       1.994350       1.732100       1.627780       1.696240       1.814440       1.937310       2.055040       2.160030       2.249320       2.342210       2.387750       2.406980       2.403290       2.379090       2.339650       2.283650       2.218380       2.141610       2.058840       1.973470       1.890300       1.817120       1.767020    
   3.451700       3.289730       3.118400       2.933250       2.722480       2.475280       2.193360       1.891010       1.583330       1.470480       1.640890       1.802220       1.953750       2.093370       2.214460       2.335560       2.407600       2.452690       2.465890       2.448870       2.408110       2.350240       2.275760       2.192060       2.097150       1.995930       1.890800       1.785150       1.684890       1.608280    
   3.402380       3.235720       3.059520       2.869290       2.656660       2.422440       2.169350       1.912510       1.691070       1.620330       1.720110       1.869110       2.024150       2.171460       2.304360       2.428910       2.504770       2.541750       2.540250       2.505440       2.447210       2.369240       2.278340       2.174700       2.063700       1.947100       1.825370       1.701520       1.577480       1.460080    
   3.360120       3.193940       3.019260       2.834450       2.635740       2.425900       2.213000       2.014750       1.868890       1.822300       1.878500       1.996660       2.138120       2.286530       2.424860       2.550790       2.629130       2.657920       2.638270       2.580060       2.495260       2.398580       2.287550       2.167030       2.042880       1.915370       1.785240       1.653060       1.520170       1.388280    
   3.326880       3.165720       2.999970       2.825860       2.646130       2.465010       2.291920       2.143740       2.044000       2.012680       2.046400       2.144900       2.277580       2.424270       2.570720       2.701240       2.783680       2.799920       2.752740       2.662800       2.552530       2.427370       2.299020       2.168020       2.034260       1.900700       1.768320       1.639850       1.517770       1.417870    
   3.302730       3.152080       2.995560       2.836560       2.677630       2.523950       2.388760       2.271780       2.185460       2.169510       2.208580       2.295580       2.421610       2.568370       2.715840       2.870600       2.970540       2.968130       2.877280       2.745820       2.603900       2.456680       2.313060       2.170300       2.031110       1.897460       1.767890       1.647650       1.540790       1.460100    
   3.262400       3.146610       3.002620       2.859490       2.727320       2.596930       2.482860       2.365240       2.317160       2.311180       2.349380       2.429320       2.545450       2.694110       2.842800       3.032920       3.184370       3.145600       2.983020       2.808500       2.636970       2.473380       2.317820       2.172040       2.031420       1.898430       1.775500       1.663080       1.568130       1.496270    
   3.247050       3.130360       3.026870       2.898330       2.776160       2.609500       2.526240       2.461560       2.426830       2.426430       2.462480       2.534360       2.639510       2.776230       2.910890       3.110040       3.324720       3.229330       3.017180       2.820240       2.638300       2.469450       2.311940       2.166700       2.028790       1.901690       1.783870       1.679070       1.591280       1.523240    
   3.256310       3.135520       3.018470       2.932120       2.751500       2.661700       2.593500       2.540780       2.513550       2.514580       2.545420       2.605710       2.693520       2.752250       2.900980       3.047970       3.146860       3.099770       2.946930       2.772560       2.602120       2.441100       2.290200       2.151330       2.021270       1.899600       1.788770       1.691200       1.607680       1.541400    
   3.257250       3.142870       3.036610       2.851550       2.783860       2.705430       2.647170       2.602220       2.578100       2.576850       2.599190       2.644270       2.709500       2.723320       2.831190       2.922280       2.960910       2.923430       2.817560       2.679630       2.533850       2.390160       2.252870       2.122960       2.004730       1.891610       1.788950       1.696520       1.616780       1.551240    
   3.258490       3.145580       2.974280       2.866100       2.788150       2.740840       2.688170       2.646890       2.622530       2.616110       2.627530       2.655210       2.598690       2.652750       2.719320       2.770960       2.785860       2.750800       2.672460       2.567360       2.450370       2.330250       2.211450       2.097520       1.988450       1.886120       1.790080       1.702910       1.625850       1.554130    
   3.259850       3.061110       2.866100       2.818780       2.805030       2.743900       2.697120       2.676650       2.649710       2.636320       2.599320       2.614080       2.533910       2.570210       2.613470       2.633360       2.626120       2.587100       2.522540       2.441340       2.350130       2.253250       2.155810       2.056640       1.959530       1.868210       1.780210       1.698670       1.624670       1.559010    
   3.140740       2.866100       2.827780       2.810430       2.815820       2.761010       2.712840       2.674340       2.597950       2.594840       2.587310       2.436820       2.465950       2.490660       2.508810       2.504200       2.478150       2.433050       2.375570       2.315050       2.249400       2.175190       2.095080       2.011700       1.927500       1.844520       1.766470       1.690570       1.619730       1.554600    
   2.866100       2.830710       2.813120       2.815820       2.781320       2.767130       2.656150       2.620400       2.592190       2.570660       2.554650       2.393630       2.406540       2.412830       2.407420       2.388360       2.345070       2.286160       2.235120       2.196740       2.153720       2.099530       2.033120       1.963550       1.890950       1.817560       1.747060       1.676880       1.609730       1.546100    
   2.831770       2.814470       2.815820       2.788090       2.767130       2.690270       2.647540       2.609930       2.577690       2.549930       2.322700       2.330320       2.333850       2.329710       2.313880       2.291730       2.237180       2.161790       2.106350       2.099640       2.069660       2.028850       1.977820       1.919790       1.857440       1.792910       1.727860       1.665570       1.602670       1.547050    
   2.815150       2.815820       2.790350       2.767130       2.701650       2.647540       2.628740       2.611720       2.505160       2.283090       2.284710       2.283970       2.278530       2.265660       2.243480       2.206050       2.157380       2.098250       2.056010       2.038120       2.017360       1.977800       1.935830       1.887090       1.833620       1.777180       1.719180       1.660690       1.604110       1.546350    
   2.815820       2.791100       2.767130       2.705440       2.647540       2.638140       2.629330       2.507180       2.283090       2.283900       2.256070       2.240180       2.232590       2.211960       2.178790       2.144230       2.105800       2.060340       2.023300       1.996660       1.971940       1.942880       1.907760       1.855350       1.808440       1.758570       1.706830       1.654110       1.601080       1.555720    
   2.791350       2.767130       2.706700       2.647540       2.642840       2.638340       2.514430       2.283090       2.283490       2.245140       2.214280       2.188380       2.172390       2.156010       2.129630       2.097680       2.065410       2.027280       1.993250       1.964120       1.936780       1.907720       1.875080       1.838440       1.786980       1.742770       1.696810       1.649840       1.602480       1.560850    
   2.767130       2.707120       2.647540       2.645190       2.642910       2.519670       2.283090       2.283290       2.240290       2.201330       2.188380       2.180390       2.157560       2.113460       2.087580       2.058170       2.026700       1.996370       1.964550       1.935190       1.907040       1.878230       1.847410       1.814000       1.778000       1.739730       1.688860       1.647510       1.611320       1.570620    
   2.707260       2.647540       2.646360       2.645210       2.522710       2.283090       2.283190       2.237980       2.194860       2.188380       2.184380       2.159950       2.113460       2.100520       2.086400       2.057480       2.027080       1.995870       1.937100       1.907950       1.880070       1.852030       1.822990       1.792430       1.760220       1.726460       1.692370       1.664040       1.609810       1.567260    
   2.647540       2.646950       2.646370       2.524350       2.283090       2.283140       2.236850       2.191620       2.188380       2.186380       2.161540       2.113460       2.106990       2.100130       2.081470       2.056990       2.026810       1.947240       1.894710       1.881460       1.854420       1.827570       1.800400       1.773380       1.744720       1.715210       1.670660       1.641080       1.612060       1.584530    
   2.647250       2.646950       2.525190       2.283090       2.283120       2.236290       2.190000       2.188380       2.187380       2.162440       2.113460       2.110230       2.106860       2.096200       2.079530       2.055090       1.960120       1.888080       1.881460       1.855260       1.829910       1.804470       1.779290       1.754150       1.711400       1.692790       1.666920       1.641540       1.617180       1.592080    
   2.647250       2.525620       2.283090       2.283100       2.236010       2.189190       2.188380       2.187880       2.162920       2.113460       2.111840       2.110180       2.104430       2.094190       2.076940       1.954810       1.884770       1.881460       1.832430       1.813660       1.796390       1.789870       1.755380       1.728710       1.702440       1.678660       1.657460       1.637000       1.617610       1.600060    
   2.525840       2.283090       2.283100       2.235870       2.188780       2.188380       2.188130       2.163160       2.113460       2.112650       2.111830       2.108820       2.102930       1.959440       1.860220       1.794400       1.794520       1.789120       1.783610       1.779350       1.797400       1.760290       1.723060       1.702590       1.683490       1.665640       1.648880       1.633050       1.618150       1.597220    
   2.283090       2.283090       2.235800       2.188580       2.188380       2.188260       2.163280       2.113460       2.113060       2.112650       2.111100       2.107860       1.858580       1.561260       1.562220       1.678750       1.703900       1.707590       1.740510       1.757820       1.761300       1.722630       1.699190       1.681240       1.665470       1.651710       1.639580       1.628610       1.611910       1.603260    
   2.283090       2.235770       2.188480       2.188380       2.188320       2.163340       2.113460       2.113260       2.113050       2.112270       1.871590       1.513160       1.544550       1.560430       1.560290       1.562220       1.654350       1.700210       1.707590       1.717280       1.714770       1.694900       1.677530       1.658310       1.645880       1.636420       1.629330       1.618830       1.614250       1.610640    
   2.235750       2.188430       2.188380       2.188350       2.163380       2.113460       2.113360       2.113260       2.112860       1.824650       1.513160       1.513160       1.513160       1.543340       1.558770       1.558360       1.562220       1.647390       1.692840       1.707590       1.685450       1.665890       1.649470       1.636820       1.624170       1.619310       1.614890       1.614790       1.616800       1.620270    
   2.188410       2.188380       2.188360       2.163390       2.113460       2.113410       2.113360       1.939480       1.743950       1.513100       1.513160       1.513160       1.513160       1.513160       1.541130       1.555740       1.554500       1.562220       1.626930       1.678090       1.655440       1.635700       1.619600       1.608260       1.604830       1.599450       1.602570       1.609600       1.619020       1.630370    
   2.188380       2.188370       2.163400       2.113460       2.113430       1.827840       1.399500       1.408960       1.418430       1.481420       1.512980       1.513160       1.513160       1.513160       1.513160       1.537250       1.550500       1.546780       1.562220       1.559810       1.557660       1.555980       1.564320       1.583550       1.576100       1.579450       1.588460       1.603370       1.620500       1.639510    
   2.188380       2.163400       2.113460       2.113450       1.770740       1.399490       1.399490       1.399500       1.408960       1.418430       1.481100       1.512610       1.513160       1.513160       1.513160       1.513160       1.530820       1.542500       1.531350       1.529730       1.548090       1.541220       1.535470       1.532220       1.537990       1.559370       1.586910       1.597720       1.621580       1.647590    
