iMOD/TUTORIALS/TUT_MetaswapAnalyser/model_MetaSWAP/meteo/Precipitation/Precipitation_20051005_L1.ASC
NCOLS                30
NROWS                30
XLLCORNER     160000.00
YLLCORNER     340000.00
CELLSIZE        1000.00
NODATA_VALUE   -9999.00
  0.4036000E-01  0.4347000E-01  0.4755000E-01  0.5228000E-01  0.5691000E-01  0.5274000E-01  0.4071000E-01   0.000000       0.000000       0.000000       0.000000       0.000000       0.000000       0.000000       0.000000       0.000000      0.3048000E-01  0.2962000E-01  0.2994000E-01  0.3015000E-01  0.3025000E-01   0.000000       0.000000      0.2972000E-01   0.000000       0.000000       0.000000       0.000000       0.000000       0.000000    
  0.4085000E-01  0.4285000E-01  0.4295000E-01  0.4470000E-01  0.4602000E-01  0.4138000E-01  0.3238000E-01   0.000000       0.000000       0.000000       0.000000       0.000000       0.000000       0.000000       0.000000       0.000000       0.000000       0.000000       0.000000       0.000000       0.000000       0.000000       0.000000       0.000000       0.000000       0.000000       0.000000       0.000000       0.000000       0.000000    
  0.3922000E-01  0.4035000E-01  0.4125000E-01  0.4365000E-01  0.3979000E-01  0.3574000E-01   0.000000       0.000000       0.000000       0.000000       0.000000       0.000000       0.000000       0.000000       0.000000       0.000000       0.000000       0.000000       0.000000       0.000000       0.000000       0.000000       0.000000       0.000000       0.000000       0.000000       0.000000       0.000000       0.000000       0.000000    
  0.3784000E-01  0.3839000E-01  0.3860000E-01  0.4044000E-01  0.3856000E-01  0.3512000E-01  0.3025000E-01   0.000000       0.000000       0.000000       0.000000       0.000000       0.000000       0.000000       0.000000       0.000000       0.000000       0.000000       0.000000       0.000000       0.000000       0.000000       0.000000       0.000000       0.000000       0.000000       0.000000       0.000000       0.000000       0.000000    
  0.3678000E-01  0.3698000E-01  0.3937000E-01  0.3859000E-01  0.3700000E-01  0.3451000E-01  0.3129000E-01   0.000000       0.000000       0.000000       0.000000       0.000000       0.000000       0.000000       0.000000       0.000000       0.000000       0.000000       0.000000       0.000000       0.000000      0.3013000E-01  0.2948000E-01   0.000000       0.000000       0.000000       0.000000       0.000000       0.000000       0.000000    
  0.3601000E-01  0.3862000E-01  0.3831000E-01  0.3759000E-01  0.3637000E-01  0.3462000E-01  0.3470000E-01  0.3019000E-01   0.000000       0.000000       0.000000       0.000000       0.000000       0.000000       0.000000       0.000000       0.000000       0.000000       0.000000       0.000000       0.000000      0.2967000E-01  0.2938000E-01  0.2964000E-01  0.2928000E-01   0.000000       0.000000       0.000000       0.000000       0.000000    
  0.3434000E-01  0.3802000E-01  0.3770000E-01  0.3711000E-01  0.3901000E-01  0.3762000E-01  0.3601000E-01  0.3006000E-01   0.000000       0.000000       0.000000       0.000000       0.000000       0.000000       0.000000       0.000000       0.000000       0.000000       0.000000       0.000000       0.000000      0.2964000E-01  0.3095000E-01  0.3003000E-01  0.2984000E-01  0.2914000E-01   0.000000       0.000000       0.000000       0.000000    
  0.3704000E-01  0.3665000E-01  0.4050000E-01  0.3995000E-01  0.3918000E-01  0.3517000E-01  0.3206000E-01  0.2973000E-01   0.000000       0.000000       0.000000       0.000000       0.000000       0.000000       0.000000       0.000000       0.000000       0.000000       0.000000       0.000000       0.000000      0.3028000E-01  0.3162000E-01  0.3070000E-01  0.3058000E-01   0.000000       0.000000       0.000000       0.000000       0.000000    
  0.4067000E-01  0.3645000E-01  0.3623000E-01  0.3998000E-01  0.3615000E-01  0.3558000E-01  0.3264000E-01  0.3048000E-01  0.2995000E-01  0.2941000E-01   0.000000       0.000000       0.000000       0.000000       0.000000       0.000000       0.000000       0.000000       0.000000       0.000000      0.2961000E-01  0.3172000E-01  0.3279000E-01  0.3165000E-01  0.2927000E-01   0.000000       0.000000       0.000000       0.000000       0.000000    
  0.4058000E-01  0.3634000E-01  0.3618000E-01  0.3302000E-01  0.3634000E-01  0.3595000E-01  0.3143000E-01  0.3108000E-01  0.3073000E-01  0.3037000E-01  0.2994000E-01  0.2936000E-01   0.000000       0.000000       0.000000       0.000000       0.000000       0.000000       0.000000       0.000000      0.3070000E-01  0.3397000E-01  0.3446000E-01  0.3442000E-01  0.3016000E-01  0.2961000E-01  0.3044000E-01  0.2973000E-01   0.000000       0.000000    
  0.3919330E-01  0.3770000E-01  0.3465000E-01  0.3306000E-01  0.3289000E-01  0.3390000E-01  0.3178000E-01  0.3159000E-01  0.3140000E-01  0.3123000E-01  0.3105000E-01  0.3083000E-01  0.3211000E-01  0.3020000E-01  0.2986000E-01  0.2953000E-01   0.000000      0.3019000E-01  0.3179000E-01  0.3297000E-01  0.3338000E-01  0.3316000E-01  0.3260000E-01  0.2940000E-01  0.3001000E-01  0.3052000E-01  0.2979000E-01   0.000000       0.000000       0.000000    
  0.3917890E-01  0.3615080E-01  0.3306000E-01  0.3250750E-01  0.3302000E-01  0.3089000E-01  0.2922000E-01  0.3201000E-01  0.3198000E-01  0.3200000E-01  0.3065000E-01  0.3089000E-01  0.3271000E-01  0.3507000E-01  0.3436000E-01  0.3582000E-01  0.3789000E-01  0.3892000E-01  0.4007000E-01  0.3964000E-01  0.3815000E-01  0.3635000E-01  0.3345000E-01  0.3205000E-01  0.3090000E-01   0.000000       0.000000       0.000000       0.000000       0.000000    
  0.3714020E-01  0.3306000E-01  0.3216690E-01  0.3204000E-01  0.3106000E-01  0.2940000E-01  0.2941000E-01  0.2947000E-01   0.000000      0.3113000E-01  0.3150000E-01  0.3582000E-01  0.3670000E-01  0.3812000E-01  0.3864000E-01  0.4215000E-01  0.4687000E-01  0.5144000E-01  0.5142000E-01  0.4980000E-01  0.4245000E-01  0.3846000E-01  0.3547000E-01  0.3330000E-01  0.3171000E-01  0.3049000E-01   0.000000       0.000000       0.000000       0.000000    
  0.3306000E-01  0.3195920E-01  0.3155000E-01  0.3106000E-01  0.2998670E-01  0.2950000E-01   0.000000       0.000000       0.000000      0.3054000E-01  0.3110000E-01  0.3699000E-01  0.3837000E-01  0.4058000E-01  0.4410000E-01  0.4784000E-01  0.5813000E-01  0.6827000E-01  0.7046000E-01  0.5734000E-01  0.4789000E-01  0.4140000E-01  0.3581000E-01  0.3299000E-01  0.3106000E-01  0.2967000E-01   0.000000       0.000000       0.000000       0.000000    
  0.3184610E-01  0.3130500E-01  0.3106000E-01  0.3018220E-01  0.2950000E-01  0.2046670E-01  0.3190000E-01  0.3207000E-01  0.3234000E-01  0.3278000E-01  0.3580000E-01  0.3686000E-01  0.3853000E-01  0.4116000E-01  0.4536000E-01  0.5326000E-01  0.6427000E-01  0.8187000E-01  0.8719000E-01  0.6376000E-01  0.4904000E-01  0.4098000E-01  0.3604000E-01  0.3289000E-01  0.3079000E-01  0.2931000E-01   0.000000       0.000000       0.000000       0.000000    
  0.3118250E-01  0.3106000E-01  0.3024740E-01  0.2950000E-01  0.2728890E-01  0.3190000E-01  0.3198500E-01  0.3210330E-01  0.3314000E-01  0.3537000E-01  0.3611000E-01  0.3723000E-01  0.3896000E-01  0.4160000E-01  0.4384000E-01  0.5015000E-01  0.5360000E-01  0.6657000E-01  0.6908000E-01  0.5674000E-01  0.4577000E-01  0.3741000E-01  0.3290000E-01  0.3004000E-01   0.000000       0.000000       0.000000       0.000000       0.000000       0.000000    
  0.3106000E-01  0.3026910E-01  0.2950000E-01  0.2956300E-01  0.3190000E-01  0.3194250E-01  0.3199610E-01  0.3314960E-01  0.3537000E-01  0.3574000E-01  0.3544400E-01  0.3726000E-01  0.3696000E-01  0.3926000E-01  0.3732000E-01  0.4192000E-01  0.4641000E-01  0.5192000E-01  0.5269000E-01  0.4788000E-01  0.4171000E-01  0.3669000E-01  0.3309000E-01  0.2955000E-01   0.000000       0.000000       0.000000       0.000000       0.000000       0.000000    
  0.3027640E-01  0.2950000E-01  0.3032100E-01  0.3190000E-01  0.3192130E-01  0.3194620E-01  0.3311450E-01  0.3537000E-01  0.3555500E-01  0.3441180E-01  0.3425500E-01  0.3125000E-01  0.3246000E-01  0.3310000E-01  0.3540000E-01  0.3833000E-01  0.4007000E-01  0.4251000E-01  0.4278000E-01  0.4067000E-01  0.3743000E-01  0.3430000E-01  0.3176000E-01  0.2983000E-01   0.000000       0.000000       0.000000       0.000000       0.000000       0.000000    
  0.2950000E-01  0.3057370E-01  0.3190000E-01  0.3191060E-01  0.3192250E-01  0.3308800E-01  0.3537000E-01  0.3546250E-01  0.3386790E-01  0.3275250E-01  0.3125000E-01  0.3185500E-01  0.3219750E-01  0.3198000E-01  0.3351000E-01  0.3528000E-01  0.3700000E-01  0.3668000E-01  0.3677000E-01  0.3572000E-01  0.3398000E-01  0.3208000E-01  0.3037000E-01   0.000000       0.000000       0.000000       0.000000       0.000000       0.000000       0.000000    
  0.3065790E-01  0.3190000E-01  0.3190530E-01  0.3191100E-01  0.3307280E-01  0.3537000E-01  0.3541620E-01  0.3359030E-01  0.3200120E-01  0.3125000E-01  0.3155250E-01  0.3182060E-01  0.3198000E-01  0.3274500E-01  0.3359000E-01  0.3526330E-01  0.3632000E-01  0.3681670E-01  0.3436600E-01  0.3243000E-01  0.3143000E-01  0.3026000E-01   0.000000       0.000000       0.000000       0.000000       0.000000       0.000000       0.000000       0.000000    
  0.3190000E-01  0.3190270E-01  0.3190540E-01  0.3306480E-01  0.3537000E-01  0.3539310E-01  0.3345040E-01  0.3162560E-01  0.3125000E-01  0.3140130E-01  0.3165080E-01  0.3198000E-01  0.3236250E-01  0.3277170E-01  0.3386610E-01  0.3505780E-01  0.3613330E-01  0.3381250E-01  0.3133000E-01  0.3023000E-01  0.2960000E-01   0.000000       0.000000       0.000000       0.000000       0.000000       0.000000       0.000000       0.000000       0.000000    
  0.3190130E-01  0.3190270E-01  0.3306070E-01  0.3537000E-01  0.3538160E-01  0.3338030E-01  0.3143780E-01  0.3125000E-01  0.3132560E-01  0.3157050E-01  0.3198000E-01  0.3217120E-01  0.3237140E-01  0.3300010E-01  0.3389850E-01  0.3501910E-01  0.3320270E-01  0.3078000E-01  0.3023000E-01  0.1994330E-01   0.000000       0.000000       0.000000       0.000000       0.000000       0.000000       0.000000       0.000000       0.000000       0.000000    
  0.3190130E-01  0.3305870E-01  0.3537000E-01  0.3537580E-01  0.3334510E-01  0.3134390E-01  0.3125000E-01  0.3128780E-01  0.3153150E-01  0.3198000E-01  0.3207560E-01  0.3217420E-01  0.3251420E-01  0.3309000E-01  0.3397260E-01  0.2954810E-01  0.3050500E-01  0.3023000E-01  0.1254330E-01   0.000000       0.000000       0.000000       0.000000       0.000000       0.000000       0.000000       0.000000       0.000000       0.000000       0.000000    
  0.3305770E-01  0.3537000E-01  0.3537290E-01  0.3332760E-01  0.3129700E-01  0.3125000E-01  0.3126890E-01  0.3151230E-01  0.3198000E-01  0.3202780E-01  0.3207660E-01  0.3225470E-01  0.3259280E-01  0.2489420E-01  0.1926600E-01  0.1520670E-01  0.1511500E-01  0.8554670E-02   0.000000       0.000000       0.000000       0.000000       0.000000       0.000000       0.000000       0.000000       0.000000       0.000000       0.000000       0.000000    
  0.3537000E-01  0.3537140E-01  0.3331880E-01  0.3127350E-01  0.3125000E-01  0.3125950E-01  0.3150280E-01  0.3198000E-01  0.3200390E-01  0.3202810E-01  0.3211970E-01  0.3230800E-01  0.1794830E-01   0.000000       0.000000      0.3778750E-02   0.000000       0.000000       0.000000       0.000000       0.000000       0.000000       0.000000       0.000000       0.000000       0.000000       0.000000       0.000000       0.000000       0.000000    
  0.3537070E-01  0.3331440E-01  0.3126170E-01  0.3125000E-01  0.3125470E-01  0.3149810E-01  0.3198000E-01  0.3199200E-01  0.3200400E-01  0.3205060E-01  0.1929120E-01   0.000000       0.000000       0.000000       0.000000       0.000000       0.000000       0.000000       0.000000       0.000000       0.000000       0.000000       0.000000       0.000000       0.000000       0.000000       0.000000       0.000000       0.000000       0.000000    
  0.3331220E-01  0.3125590E-01  0.3125000E-01  0.3125240E-01  0.3149570E-01  0.3198000E-01  0.3198600E-01  0.3199200E-01  0.3201550E-01  0.1666920E-01   0.000000       0.000000       0.000000       0.000000       0.000000       0.000000       0.000000       0.000000       0.000000       0.000000       0.000000       0.000000       0.000000       0.000000       0.000000       0.000000       0.000000       0.000000       0.000000       0.000000    
  0.3125290E-01  0.3125000E-01  0.3125120E-01  0.3149450E-01  0.3198000E-01  0.3198300E-01  0.3198600E-01  0.2399840E-01  0.1344610E-01   0.000000       0.000000       0.000000       0.000000       0.000000       0.000000       0.000000       0.000000       0.000000       0.000000       0.000000       0.000000       0.000000       0.000000       0.000000       0.000000       0.000000       0.000000       0.000000       0.000000       0.000000    
  0.3125000E-01  0.3125060E-01  0.3149390E-01  0.3198000E-01  0.3198150E-01  0.1918980E-01   0.000000       0.000000       0.000000       0.000000       0.000000       0.000000       0.000000       0.000000       0.000000       0.000000       0.000000       0.000000       0.000000       0.000000       0.000000       0.000000       0.000000       0.000000       0.000000       0.000000       0.000000       0.000000       0.000000       0.000000    
  0.3125030E-01  0.3149360E-01  0.3198000E-01  0.3198070E-01  0.1663030E-01   0.000000       0.000000       0.000000       0.000000       0.000000       0.000000       0.000000       0.000000       0.000000       0.000000       0.000000       0.000000       0.000000       0.000000       0.000000       0.000000       0.000000       0.000000       0.000000       0.000000       0.000000       0.000000       0.000000       0.000000       0.000000    
