iMOD/TUTORIALS/TUT_MetaswapAnalyser/model_MetaSWAP/meteo/Precipitation/Precipitation_20060221_L1.ASC
NCOLS                30
NROWS                30
XLLCORNER     160000.00
YLLCORNER     340000.00
CELLSIZE        1000.00
NODATA_VALUE   -9999.00
  0.8948000      0.8816400      0.8664400      0.8499200      0.8352000      0.8223100      0.8140100      0.8067400      0.7986300      0.7888300      0.7805000      0.7717100      0.7629400      0.7580100      0.7496600      0.7504500      0.7436200      0.7388900      0.7332000      0.7275200      0.7214400      0.7171500      0.7090800      0.6965500      0.6850600      0.6715400      0.6562300      0.6399500      0.6245200      0.6150800    
  0.9048100      0.8918700      0.8737600      0.8600400      0.8484800      0.8367400      0.8270200      0.8177500      0.8072800      0.7971500      0.7892900      0.7811100      0.7717000      0.7725500      0.7649600      0.7576700      0.7512000      0.7453200      0.7420500      0.7376600      0.7329100      0.7296000      0.7224300      0.7105200      0.6989100      0.6845000      0.6672300      0.6475100      0.6332700      0.6168500    
  0.9112900      0.8998500      0.8874600      0.8771000      0.8623800      0.8515400      0.8416000      0.8318600      0.8199800      0.8101400      0.8016300      0.7924300      0.7868700      0.7812000      0.7729400      0.7653600      0.7591400      0.7545200      0.7512700      0.7486800      0.7476000      0.7460700      0.7378000      0.7300100      0.7192300      0.7050200      0.6943100      0.6709500      0.6456900      0.6157800    
  0.9201000      0.9100300      0.8993000      0.8905300      0.8793100      0.8686900      0.8586700      0.8482900      0.8352000      0.8264700      0.8163100      0.8073300      0.7982400      0.7911400      0.7820500      0.7738700      0.7678200      0.7645200      0.7636200      0.7639300      0.7640700      0.7617100      0.7610100      0.7637300      0.7543900      0.7411300      0.7235600      0.7013400      0.6761000      0.6438300    
  0.9307700      0.9219300      0.9148700      0.9049500      0.8951100      0.8855600      0.8763300      0.8676000      0.8565900      0.8459400      0.8324700      0.8233700      0.8142700      0.8059900      0.7924300      0.7829900      0.7811800      0.7802300      0.7834200      0.7883600      0.7905700      0.7932600      0.7961500      0.7940400      0.7879500      0.7782400      0.7648100      0.7506900      0.7307000      0.7135200    
  0.9429400      0.9370700      0.9287500      0.9202200      0.9116800      0.9032400      0.9019700      0.8871900      0.8586600      0.8569600      0.8488700      0.8400200      0.8302600      0.8195500      0.8073800      0.7957600      0.7884400      0.7899400      0.7984700      0.8088000      0.8159000      0.8225600      0.8290600      0.8302400      0.8284000      0.8240600      0.8166700      0.8103500      0.8007300      0.7955800    
  0.9589300      0.9505300      0.9434700      0.9362200      0.9399300      0.9310700      0.9223700      0.8806700      0.8818500      0.8747300      0.8671000      0.8585400      0.8485800      0.8376800      0.8233200      0.8080000      0.7955900      0.8015400      0.8185900      0.8334200      0.8468500      0.8573300      0.8649600      0.8727900      0.8757100      0.8766600      0.8798400      0.8785700      0.8789700      0.8831700    
  0.9583500      0.9836200      0.9737200      0.9661100      0.9584500      0.9423900      0.9012700      0.9056200      0.8998000      0.8937600      0.8872100      0.8797700      0.8709700      0.8611800      0.8474200      0.8314000      0.8127000      0.8254900      0.8482000      0.8678800      0.8842100      0.8975700      0.9084200      0.9201700      0.9278800      0.9387500      0.9450500      0.9521900      0.9599300      0.9732100    
  0.9904700      0.9988200      0.9924800      0.9836400      0.9659500      0.9606300      0.9156500      0.9228700      0.9184400      0.9139000      0.9090300      0.9035500      0.8971200      0.8900300      0.8802900      0.8706700      0.8653400      0.8741600      0.8920600      0.9108400      0.9277700      0.9426200      0.9558000      0.9709400      0.9873300      0.9995800       1.012860       1.026130       1.044610       1.066370    
   1.004060       1.014310       1.009160      0.9893400      0.9827100      0.9787400      0.9433300      0.9403000      0.9374800      0.9347900      0.9320800      0.9292400      0.9261200      0.9223200      0.9198600      0.9173300      0.9203600      0.9293600      0.9440800      0.9606300      0.9767600      0.9909600       1.005470       1.020120       1.043370       1.060830       1.078500       1.101740       1.128670       1.159340    
   1.009150       1.009180       1.004380       1.004710       1.001730      0.9994500      0.9591000      0.9576100      0.9565400      0.9558800      0.9556300      0.9558000      0.9559300      0.9758400      0.9774000      0.9759700      0.9776600      0.9840600      0.9935600       1.004450       1.015850       1.027830       1.040990       1.059530       1.075070       1.098910       1.124670       1.155300       1.191190       1.249220    
   1.009100       1.006860       1.004710       1.015200       1.017820       1.019450      0.9761500      0.9744300      0.9751200      0.9765400       1.013350       1.011690       1.014380       1.018640       1.021590       1.024900       1.031220       1.038910       1.047790       1.056310       1.065000       1.075010       1.088790       1.104460       1.124140       1.152940       1.183510       1.220360       1.264030       1.314580    
   1.007810       1.004710       1.020910       1.027180       1.036550      0.9901500      0.9907900      0.9921600       1.045350       1.041960       1.041290       1.054050       1.053850       1.056000       1.063330       1.070770       1.081130       1.092540       1.100640       1.105750       1.112250       1.119640       1.130620       1.146100       1.166850       1.193670       1.232320       1.274220       1.324580       1.383850    
   1.004710       1.023510       1.031870       1.036550       1.009770       1.002620       1.073090       1.070750       1.069190       1.065770       1.066810       1.083420       1.085270       1.089870       1.097730       1.111500       1.124720       1.141600       1.151490       1.151650       1.152000       1.156170       1.174180       1.190520       1.212860       1.241950       1.282970       1.328670       1.383940       1.449680    
   1.024740       1.034210       1.036550       1.016310       1.002620       1.049970       1.074200       1.074290       1.075270       1.077360       1.101590       1.103350       1.107490       1.114460       1.124790       1.142310       1.159840       1.182310       1.194440       1.190030       1.187590       1.191410       1.200680       1.215860       1.237580       1.266630       1.303960       1.355240       1.412750       1.482370    
   1.035380       1.036550       1.018490       1.002620       1.042260       1.074200       1.074240       1.074590       1.087860       1.124530       1.124690       1.126780       1.131110       1.138040       1.149010       1.161970       1.186950       1.202070       1.210490       1.210000       1.210010       1.210390       1.218370       1.232130       1.252420       1.280110       1.316200       1.361840       1.422860       1.491440    
   1.036550       1.019220       1.002620       1.039690       1.074200       1.074220       1.074340       1.090310       1.124530       1.124610       1.136090       1.147070       1.152230       1.157970       1.175980       1.185190       1.201470       1.210760       1.216450       1.218180       1.219260       1.222660       1.230030       1.237740       1.255630       1.280550       1.313520       1.355640       1.408080       1.475960    
   1.019460       1.002620       1.038840       1.074200       1.074210       1.074260       1.090850       1.124530       1.124570       1.138970       1.152230       1.157390       1.161390       1.185460       1.190450       1.196200       1.210680       1.215710       1.218760       1.219890       1.220640       1.222930       1.228300       1.237950       1.248050       1.268860       1.296970       1.333410       1.379150       1.434800    
   1.002620       1.038550       1.074200       1.074210       1.074220       1.090960       1.124530       1.124550       1.140050       1.154810       1.157390       1.159390       1.175870       1.199260       1.201440       1.203690       1.205370       1.217970       1.218100       1.217210       1.216200       1.216330       1.218860       1.224860       1.235290       1.251030       1.268230       1.297230       1.334080       1.379920    
   1.038460       1.074200       1.074200       1.074210       1.090980       1.124530       1.124540       1.140520       1.156100       1.157390       1.158390       1.172980       1.199260       1.200350       1.201460       1.203500       1.209010       1.213810       1.213480       1.211240       1.207420       1.204440       1.203270       1.204810       1.209890       1.219280       1.235100       1.255420       1.293780       1.321260    
   1.074200       1.074200       1.074200       1.090980       1.124530       1.124530       1.140750       1.156740       1.157390       1.157890       1.172000       1.199260       1.199810       1.200360       1.201770       1.204660       1.208770       1.209260       1.207070       1.202900       1.195520       1.188670       1.183110       1.181150       1.180150       1.182460       1.201570       1.211710       1.226600       1.246950    
   1.074200       1.074200       1.090980       1.124530       1.124530       1.140850       1.157070       1.157390       1.157640       1.171640       1.199260       1.199530       1.199810       1.200640       1.202260       1.205070       1.206110       1.204990       1.202900       1.194110       1.183910       1.172370       1.161720       1.152510       1.158200       1.155140       1.152230       1.152200       1.155600       1.162660    
   1.074200       1.090980       1.124530       1.124530       1.140910       1.157230       1.157390       1.157520       1.171480       1.199260       1.199400       1.199530       1.199990       1.200900       1.202660       1.200090       1.203940       1.202900       1.173460       1.158420       1.158390       1.151250       1.153960       1.138290       1.124020       1.111560       1.100450       1.090870       1.083130       1.078400    
   1.090980       1.124530       1.124530       1.140930       1.157310       1.157390       1.157450       1.171410       1.199260       1.199330       1.199400       1.199640       1.200140       1.184250       1.179800       1.183490       1.183080       1.165840       1.144550       1.138400       1.132920       1.151510       1.128910       1.107650       1.087400       1.068160       1.049660       1.031510       1.013510      0.9966500    
   1.124530       1.124530       1.140950       1.157350       1.157390       1.157420       1.171380       1.199260       1.199290       1.199330       1.199460       1.199730       1.170430       1.133850       1.133450       1.158190       1.163450       1.163260       1.145060       1.136820       1.143880       1.116260       1.104680       1.077870       1.052090       1.027290       1.002940      0.9782100      0.9524100      0.9244000    
   1.124530       1.140950       1.157370       1.157390       1.157410       1.171360       1.199260       1.199280       1.199290       1.199360       1.192510       1.182030       1.150250       1.134270       1.134260       1.133450       1.152800       1.163640       1.163260       1.141740       1.133670       1.100740       1.067940       1.049940       1.019380      0.9903600      0.9622100      0.9339500      0.9038300      0.8708100    
   1.140960       1.157380       1.157390       1.157400       1.171350       1.199260       1.199270       1.199280       1.199310       1.191050       1.182030       1.182030       1.182030       1.150860       1.135090       1.135060       1.133450       1.150840       1.164020       1.163260       1.126170       1.087950       1.049790       1.013080      0.9898400      0.9580600      0.9284700      0.8993400      0.8695500      0.8388900    
   1.157380       1.157390       1.157390       1.171350       1.199260       1.199260       1.199270       1.239660       1.229080       1.182140       1.182030       1.182030       1.182030       1.182030       1.152060       1.136770       1.136670       1.133450       1.142620       1.164770       1.122760       1.079000       1.035010      0.9930100      0.9553400      0.9305000      0.9013800      0.8740200      0.8472500      0.8216800    
   1.157390       1.157390       1.171350       1.199260       1.199260       1.279780       1.400540       1.380670       1.360800       1.241930       1.182370       1.182030       1.182030       1.182030       1.182030       1.154370       1.140180       1.139890       1.133450       1.109000       1.078600       1.042960       1.002820      0.9762800      0.9346200      0.9024400      0.8809600      0.8568800      0.8337500      0.8124200    
   1.157390       1.171350       1.199260       1.199260       1.295890       1.400560       1.400560       1.400540       1.380670       1.360800       1.242510       1.183050       1.182030       1.182030       1.182030       1.182030       1.158580       1.147210       1.146340       1.120560       1.085150       1.046140       1.001250      0.9537900      0.9140500      0.8922400      0.8772700      0.8463500      0.8272500      0.8082500    
