iMOD/TUTORIALS/TUT_MetaswapAnalyser/model_MetaSWAP/meteo/Precipitation/Precipitation_20050215_L1.ASC
NCOLS                30
NROWS                30
XLLCORNER     160000.00
YLLCORNER     340000.00
CELLSIZE        1000.00
NODATA_VALUE   -9999.00
   0.000000       0.000000       0.000000       0.000000       0.000000       0.000000       0.000000       0.000000       0.000000       0.000000       0.000000       0.000000       0.000000       0.000000       0.000000       0.000000       0.000000       0.000000       0.000000       0.000000       0.000000       0.000000       0.000000       0.000000       0.000000       0.000000       0.000000       0.000000      0.9631000E-01  0.9751000E-01
   0.000000       0.000000       0.000000       0.000000       0.000000       0.000000       0.000000       0.000000       0.000000       0.000000       0.000000       0.000000       0.000000       0.000000       0.000000       0.000000       0.000000      0.9504000E-01   0.000000       0.000000       0.000000      0.9305000E-01  0.9305000E-01  0.9751000E-01  0.9751000E-01  0.9751000E-01  0.9777000E-01  0.1057900      0.1262600      0.1359300    
   0.000000       0.000000       0.000000       0.000000       0.000000       0.000000       0.000000       0.000000       0.000000       0.000000       0.000000       0.000000       0.000000       0.000000       0.000000      0.9504000E-01  0.9504000E-01  0.9504000E-01  0.9504000E-01  0.9504000E-01   0.000000      0.9305000E-01  0.9751000E-01  0.9751000E-01  0.9751000E-01  0.9751000E-01  0.1044900      0.1176000      0.1351200      0.1633700    
   0.000000       0.000000       0.000000       0.000000       0.000000       0.000000       0.000000       0.000000       0.000000       0.000000       0.000000       0.000000       0.000000       0.000000       0.000000      0.9517000E-01  0.9555000E-01  0.9542000E-01  0.9504000E-01  0.9504000E-01  0.9504000E-01  0.9504000E-01  0.9751000E-01  0.1027600      0.1027600      0.1027600      0.1047800      0.1186600      0.1376100      0.1696500    
   0.000000       0.000000       0.000000       0.000000       0.000000       0.000000       0.000000       0.000000       0.000000       0.000000      0.9369000E-01  0.9308000E-01   0.000000      0.9504000E-01   0.000000      0.9866000E-01  0.1049800      0.1045800      0.1026400      0.1005900      0.1066300      0.1066300      0.1090100      0.1027600      0.1027600      0.1027600      0.1034300      0.1074000      0.1254700      0.1442300    
   0.000000       0.000000       0.000000       0.000000       0.000000       0.000000       0.000000       0.000000      0.9271000E-01  0.9963000E-01  0.9999000E-01  0.9999000E-01  0.9412000E-01  0.9578000E-01  0.1045600      0.1079600      0.1092400      0.1089300      0.1066800      0.1027900      0.1066500      0.1066300      0.1090100      0.1090100      0.1090100      0.1027600      0.1027600      0.1000800      0.1094400      0.1186200    
   0.000000       0.000000       0.000000       0.000000       0.000000       0.000000       0.000000      0.9295000E-01  0.9999000E-01  0.9999000E-01  0.9999000E-01  0.9999000E-01  0.9999000E-01  0.1023300      0.1071000      0.1096900      0.1081900      0.1091100      0.1090900      0.1107000      0.1071100      0.1066300      0.1066300      0.1090100      0.1090100      0.1090100      0.1027800      0.1027800      0.9862000E-01  0.1017300    
   0.000000       0.000000       0.000000       0.000000       0.000000      0.9959000E-01  0.9295000E-01  0.9999000E-01  0.9999000E-01  0.9999000E-01  0.9999000E-01  0.9999000E-01  0.9999000E-01  0.1088200      0.1128600      0.1129900      0.1039500      0.1074200      0.1137700      0.1112100      0.1073200      0.1066300      0.1066300      0.1090100      0.1090100      0.1027800      0.1027800      0.1027800      0.1099300      0.1099300    
   0.000000       0.000000       0.000000       0.000000      0.9959000E-01  0.9959000E-01  0.9295000E-01  0.9999000E-01  0.9999000E-01  0.9999000E-01  0.9999000E-01  0.9999000E-01  0.9999000E-01  0.1155500      0.1118800      0.1137700      0.1126500      0.1175000      0.1133900      0.1101800      0.1069300      0.1066300      0.1066300      0.1090100      0.1027800      0.1027800      0.1027800      0.1099300      0.1099300      0.1099300    
   0.000000       0.000000       0.000000      0.1080800      0.9959000E-01  0.9959000E-01  0.9999000E-01  0.9999000E-01  0.9999000E-01  0.9999000E-01  0.9999000E-01  0.9999000E-01  0.9999000E-01  0.1074800      0.1166000      0.1120400      0.1190900      0.1189700      0.1178300      0.1155500      0.1143500      0.1066300      0.1066300      0.1066300      0.1027800      0.1027800      0.1099300      0.1099300      0.1099300      0.1099300    
   0.000000       0.000000      0.5404000E-01  0.1080800      0.1080800      0.1072400      0.9999000E-01  0.9999000E-01  0.9999000E-01  0.9999000E-01  0.9999000E-01  0.9999000E-01  0.1072400      0.1143500      0.1308900      0.1314600      0.1226600      0.1225200      0.1216900      0.1209200      0.1209100      0.1209100      0.1209100      0.1143500      0.1238900      0.1165400      0.1165400      0.1165400      0.1165400      0.1099300    
   0.000000      0.4053000E-01  0.1080800      0.1101470      0.1080800      0.1163500      0.1072400      0.9999000E-01  0.9999000E-01  0.9999000E-01  0.1066300      0.1066300      0.1143500      0.1238900      0.1307500      0.1308100      0.1314200      0.1228400      0.1229400      0.1222400      0.1211700      0.1209100      0.1238900      0.1238900      0.1238900      0.1257300      0.1257300      0.1257300      0.1257300      0.1257300    
  0.3715250E-01  0.1080800      0.1116980      0.1122150      0.1163500      0.1072400      0.1072400      0.1072400      0.1143500      0.1066300      0.1066300      0.1238900      0.1238900      0.1238900      0.1307500      0.1315900      0.1321300      0.1313100      0.1240800      0.1320200      0.1254800      0.1240300      0.1238900      0.1238900      0.1238900      0.1238900      0.1257300      0.1257300      0.1257300      0.1257300    
  0.1080800      0.1126030      0.1142830      0.1163500      0.1102770      0.1072400      0.1143500      0.1143500      0.1143500      0.1238900      0.1238900      0.1238900      0.1238900      0.1238900      0.1242500      0.1321200      0.1384300      0.1297200      0.1279600      0.1249000      0.1263500      0.1246500      0.1307500      0.1307500      0.1307500      0.1307500      0.1320900      0.1320900      0.1320900      0.1320900    
  0.1130870      0.1153160      0.1163500      0.1112890      0.1072400      0.1191630      0.1359000      0.1359000      0.1359000      0.1359000      0.1512900      0.1512900      0.1512900      0.1512900      0.1511400      0.1421500      0.1353500      0.1190800      0.1114300      0.1353500      0.1368100      0.1374500      0.1369800      0.1369800      0.1369800      0.1369800      0.1369800      0.1379000      0.1379000      0.1494100    
  0.1158330      0.1163500      0.1116260      0.1072400      0.1207680      0.1359000      0.1359000      0.1359000      0.1397480      0.1512900      0.1512900      0.1512900      0.1512900      0.1512900      0.1580000      0.1555000      0.1513700      0.1367900      0.1339700      0.1481000      0.1590800      0.1490800      0.1491800      0.1491800      0.1491800      0.1491800      0.1491800      0.1491800      0.1494100      0.1494100    
  0.1163500      0.1117390      0.1072400      0.1213030      0.1359000      0.1359000      0.1359000      0.1407090      0.1512900      0.1512900      0.1512900      0.1512900      0.1582200      0.1582200      0.1582000      0.1572400      0.1588600      0.1537200      0.1529300      0.1575700      0.1621800      0.1641500      0.1643000      0.1491800      0.1491800      0.1491800      0.1491800      0.1491800      0.1491800      0.1491800    
  0.1117760      0.1072400      0.1214810      0.1359000      0.1359000      0.1359000      0.1409500      0.1512900      0.1512900      0.1512900      0.1512900      0.1512900      0.1512900      0.1582200      0.1582200      0.1581500      0.1632000      0.1619000      0.1617100      0.1628600      0.1640300      0.1643000      0.1643000      0.1643000      0.1491800      0.1491800      0.1491800      0.1491800      0.1491800      0.1489300    
  0.1072400      0.1215400      0.1359000      0.1359000      0.1359000      0.1410100      0.1512900      0.1512900      0.1512900      0.1512900      0.1512900      0.1512900      0.1547550      0.1582200      0.1582200      0.1582200      0.1582200      0.1642200      0.1642000      0.1642900      0.1643000      0.1643000      0.1643000      0.1643000      0.1643000      0.1643000      0.1491800      0.1491800      0.1489300      0.1652800    
  0.1215600      0.1359000      0.1359000      0.1359000      0.1410250      0.1512900      0.1512900      0.1512900      0.1512900      0.1512900      0.1512900      0.1538890      0.1582200      0.1582200      0.1582200      0.1582200      0.1602200      0.1622130      0.1642620      0.1643000      0.1643000      0.1643000      0.1643000      0.1643000      0.1643000      0.1643000      0.1833200      0.1862600      0.1974000      0.1763000    
  0.1359000      0.1359000      0.1359000      0.1410290      0.1512900      0.1512900      0.1512900      0.1512900      0.1512900      0.1512900      0.1536720      0.1582200      0.1582200      0.1582200      0.1582200      0.1588870      0.1602180      0.1630590      0.1643000      0.1643000      0.1643000      0.1643000      0.1643000      0.1833200      0.1833200      0.1833200      0.1974000      0.1974000      0.1974000      0.1974000    
  0.1359000      0.1359000      0.1410300      0.1512900      0.1512900      0.1512900      0.1512900      0.1512900      0.1512900      0.1536180      0.1582200      0.1582200      0.1582200      0.1582200      0.1584420      0.1591080      0.1621530      0.1643000      0.1643000      0.1706400      0.1833200      0.1833200      0.1833200      0.1833200      0.1937100      0.2072100      0.2072100      0.2072100      0.2072100      0.1974000    
  0.1359000      0.1410300      0.1512900      0.1512900      0.1512900      0.1512900      0.1512900      0.1512900      0.1536050      0.1582200      0.1582200      0.1582200      0.1582200      0.1582940      0.1585900      0.1750260      0.1643000      0.1643000      0.1896770      0.1863300      0.1905340      0.1937100      0.2029800      0.2029800      0.2072100      0.2945800      0.2945800      0.2945800      0.2945300      0.2922100    
  0.1410300      0.1512900      0.1512900      0.1512900      0.1512900      0.1512900      0.1512900      0.1536010      0.1582200      0.1582200      0.1582200      0.1582200      0.1582450      0.1924210      0.2162880      0.2311250      0.2311250      0.2302030      0.2271270      0.2374400      0.1893400      0.2029800      0.2945800      0.2945800      0.2945800      0.2945800      0.2945800      0.2945800      0.2925900      0.3161700    
  0.1512900      0.1512900      0.1512900      0.1512900      0.1512900      0.1512900      0.1536000      0.1582200      0.1582200      0.1582200      0.1582200      0.1582280      0.2196410      0.2945800      0.2945800      0.2801120      0.2979500      0.2979500      0.2719620      0.2576100      0.2855400      0.2979500      0.2945800      0.2945800      0.2945800      0.2945800      0.2945800      0.2945100      0.3241000      0.3023300    
  0.1512900      0.1512900      0.1512900      0.1512900      0.1512900      0.1536000      0.1582200      0.1582200      0.1582200      0.1582200      0.2310020      0.3401700      0.3099140      0.2947380      0.2945800      0.2945800      0.2967920      0.2979500      0.2979500      0.2948470      0.2979500      0.2979500      0.2979500      0.2945800      0.2945800      0.2945800      0.2945800      0.3326100      0.3224900      0.2978800    
  0.1512900      0.1512900      0.1512900      0.1512900      0.1536000      0.1582200      0.1582200      0.1582200      0.1582200      0.2455560      0.3401700      0.3401700      0.3401700      0.3101670      0.2950530      0.2945800      0.2945800      0.2966860      0.2979500      0.2979500      0.2979500      0.2979500      0.2979500      0.2979500      0.2947000      0.2945800      0.3329200      0.3329100      0.3259700      0.3074100    
  0.1512900      0.1512900      0.1512900      0.1536000      0.1582200      0.1582200      0.1582200      0.2085400      0.2680550      0.3401830      0.3401700      0.3401700      0.3401700      0.3401700      0.3108660      0.2960000      0.2945800      0.2945800      0.2962650      0.2979500      0.2979500      0.2979500      0.3010700      0.3071700      0.3489300      0.3397300      0.3349100      0.3329200      0.3311200      0.3217600    
  0.1512900      0.1512900      0.1536000      0.1582200      0.1582200      0.2695000      0.4364200      0.3979590      0.3595000      0.3466490      0.3402100      0.3401700      0.3401700      0.3401700      0.3401700      0.3127140      0.2988400      0.2945800      0.2945800      0.2945800      0.2945800      0.2983800      0.3464200      0.3628700      0.3667500      0.3619500      0.3450800      0.3350700      0.3329200      0.3314400    
  0.1512900      0.1536000      0.1582200      0.1582200      0.2917560      0.4364200      0.4364200      0.4364200      0.3979570      0.3595000      0.3467170      0.3402890      0.3401700      0.3401700      0.3401700      0.3401700      0.3172680      0.3073600      0.2945800      0.2945800      0.3330700      0.3419400      0.3590400      0.3756700      0.3825600      0.3741200      0.3569800      0.3471700      0.3329300      0.3329200    
