iMOD/TUTORIALS/TUT_MetaswapAnalyser/model_MetaSWAP/meteo/Precipitation/Precipitation_20060517_L1.ASC
NCOLS                30
NROWS                30
XLLCORNER     160000.00
YLLCORNER     340000.00
CELLSIZE        1000.00
NODATA_VALUE   -9999.00
   5.039700       5.126130       5.214000       5.300460       5.376480       5.432400       5.459780       5.470230       5.468690       5.440630       5.390020       5.334710       5.282860       5.231550       5.192610       5.158600       5.130950       5.117940       5.115090       5.118480       5.125500       5.131540       5.138050       5.135660       5.135540       5.131010       5.122820       5.113180       5.106680       5.109450    
   5.076170       5.158320       5.244000       5.319790       5.383930       5.434840       5.467410       5.485860       5.496200       5.472330       5.404030       5.339410       5.278890       5.216430       5.168900       5.125500       5.100000       5.060090       5.053590       5.057720       5.067550       5.078460       5.090450       5.094250       5.100730       5.102670       5.100080       5.094140       5.077360       5.081700    
   5.110970       5.186440       5.259580       5.324250       5.385000       5.430240       5.461050       5.478010       5.476470       5.448970       5.391520       5.326860       5.259820       5.194400       5.127680       5.073630       5.040700       5.023810       5.021710       5.031020       5.045210       5.063140       5.075880       5.092710       5.105340       5.112710       5.102090       5.099980       5.091150       5.086250    
   5.138200       5.207000       5.272380       5.328970       5.380260       5.419980       5.446260       5.457710       5.444710       5.414380       5.364860       5.302730       5.237670       5.162730       5.096750       5.037600       5.000340       4.984330       4.988030       5.006040       5.032080       5.052720       5.079810       5.091790       5.113270       5.129620       5.140300       5.145090       5.142320       5.138820    
   5.159860       5.222400       5.277960       5.330720       5.374980       5.408460       5.429200       5.425820       5.413340       5.382030       5.359740       5.292560       5.216680       5.135550       5.064390       4.998110       4.949390       4.935640       4.949010       4.979510       5.009660       5.049830       5.087190       5.121900       5.152920       5.179090       5.200460       5.215210       5.232480       5.257900    
   5.177580       5.232180       5.284900       5.331400       5.369710       5.397870       5.410840       5.405170       5.444200       5.410100       5.352400       5.282170       5.205430       5.120500       5.036610       4.956280       4.902510       4.895020       4.926640       4.975650       5.022140       5.074750       5.123080       5.168680       5.209940       5.246520       5.280340       5.310160       5.346180       5.392800    
   5.204960       5.243620       5.291090       5.332440       5.361130       5.385900       5.399550       5.474420       5.457080       5.414010       5.357010       5.287560       5.207610       5.120650       5.031740       4.932380       4.853490       4.860230       4.922760       4.987200       5.054470       5.118180       5.177700       5.231470       5.282620       5.330550       5.373340       5.420490       5.471720       5.532630    
   5.218940       5.263580       5.291130       5.329110       5.359800       5.528230       5.504800       5.502520       5.473460       5.431250       5.376300       5.309530       5.232180       5.145440       5.060100       4.954150       4.845900       4.875860       4.957510       5.036780       5.111800       5.182610       5.249340       5.310870       5.370590       5.424560       5.481910       5.540920       5.592820       5.667970    
   5.228940       5.275140       5.314830       5.333380       5.553930       5.558950       5.531200       5.530520       5.502420       5.462620       5.411500       5.349870       5.279000       5.216980       5.130300       5.044800       4.984670       4.991960       5.050120       5.121800       5.195690       5.268480       5.339150       5.406050       5.468710       5.534330       5.600470       5.654650       5.730780       5.813060    
   5.243540       5.287030       5.324220       5.600500       5.594140       5.598010       5.585170       5.569660       5.543930       5.508010       5.462400       5.408100       5.346750       5.300720       5.229170       5.169550       5.135590       5.137270       5.175080       5.233200       5.300300       5.373730       5.445500       5.517000       5.582840       5.654180       5.711670       5.789580       5.871960       5.959770    
   5.243260       5.284930       5.465360       5.649690       5.660630       5.666060       5.632870       5.619560       5.597390       5.566570       5.527760       5.482180       5.462270       5.438270       5.381500       5.324450       5.292020       5.285580       5.306960       5.349190       5.404600       5.467590       5.534810       5.601200       5.655690       5.736440       5.815100       5.898110       5.986280       6.107040    
   5.242220       5.410810       5.649690       5.706830       5.715920       5.741750       5.705820       5.679500       5.661840       5.637000       5.675930       5.629430       5.619250       5.574490       5.516540       5.469940       5.440400       5.436850       5.453160       5.489300       5.539760       5.599450       5.648260       5.716420       5.788490       5.864970       5.945260       6.030500       6.121360       6.218280    
   5.375170       5.649690       5.729030       5.758510       5.801100       5.772010       5.771630       5.764740       5.856540       5.810990       5.776730       5.819080       5.762460       5.708030       5.658940       5.619420       5.593320       5.584560       5.601680       5.634230       5.673430       5.728390       5.789960       5.856590       5.927650       6.003100       6.083920       6.169600       6.261360       6.359730    
   5.649690       5.739910       5.779800       5.801100       5.804930       5.841690       5.986750       5.974100       5.955530       5.924660       5.897040       5.944720       5.896160       5.849820       5.808150       5.773600       5.745620       5.736280       5.746900       5.781050       5.826570       5.879920       5.956650       6.023920       6.095100       6.170240       6.249600       6.334120       6.424390       6.521090    
   5.745290       5.790450       5.801100       5.815910       5.841690       5.957320       6.043530       6.038730       6.029020       6.014900       6.115600       6.075620       6.035900       5.998050       5.963780       5.928080       5.908140       5.899840       5.907120       5.947370       6.005640       6.062250       6.122830       6.186920       6.254400       6.325490       6.400720       6.480450       6.566300       6.670100    
   5.795780       5.801100       5.819570       5.841690       5.947510       6.043530       6.041130       6.037090       6.091370       6.282830       6.250650       6.217820       6.185440       6.154810       6.155590       6.129310       6.102500       6.090470       6.100150       6.134640       6.179530       6.241290       6.298210       6.358130       6.420900       6.486760       6.556220       6.630060       6.708130       6.793520    
   5.801100       5.820790       5.841690       5.944240       6.043530       6.042330       6.040580       6.113110       6.282830       6.266740       6.345380       6.366770       6.381730       6.358160       6.331440       6.311370       6.295500       6.291920       6.303330       6.330280       6.367710       6.411260       6.458770       6.525150       6.580320       6.638070       6.698940       6.763730       6.833440       6.906240    
   5.821190       5.841690       5.943150       6.043530       6.042930       6.042150       6.119710       6.282830       6.274790       6.398310       6.487790       6.608820       6.585130       6.533080       6.516370       6.504020       6.494300       6.496230       6.508630       6.531530       6.562630       6.599200       6.639290       6.681810       6.742640       6.790540       6.840760       6.894200       6.951930       7.013330    
   5.841690       5.942790       6.043530       6.043230       6.042870       6.121910       6.282830       6.278810       6.422610       6.548310       6.608820       6.596980       6.610540       6.715140       6.706120       6.701000       6.701140       6.702420       6.715730       6.736100       6.762180       6.792180       6.824550       6.858280       6.892920       6.928580       6.982030       7.021930       7.063650       7.113680    
   5.942670       6.043530       6.043380       6.043210       6.122710       6.282830       6.280820       6.434330       6.578560       6.608820       6.602900       6.632870       6.715140       6.710630       6.707420       6.702750       6.701520       6.706430       6.850260       6.943440       6.965480       6.989510       7.014260       7.038770       7.062600       7.085840       7.109050       7.131130       7.145740       7.194620    
   6.043530       6.043460       6.043370       6.123030       6.282830       6.281820       6.440100       6.593690       6.608820       6.605860       6.639930       6.715140       6.712880       6.711060       6.706930       6.703900       6.703570       6.892060       7.048520       7.153590       7.172420       7.191140       7.208570       7.223710       7.236200       7.246010       7.236870       7.244710       7.254710       7.269740    
   6.043490       6.043450       6.123170       6.282830       6.282330       6.442970       6.601260       6.608820       6.607340       6.642440       6.715140       6.714010       6.713030       6.710290       6.707300       6.704800       6.910830       7.101050       7.153590       7.236380       7.383140       7.397330       7.407990       7.414110       7.399620       7.396070       7.387020       7.375580       7.364350       7.356450    
   6.043490       6.123240       6.282830       6.282580       6.444400       6.605040       6.608820       6.608080       6.643430       6.715140       6.714580       6.714060       6.712450       6.710210       6.707460       7.054430       7.127320       7.153590       7.482950       7.605350       7.606330       7.605700       7.603330       7.599640       7.587580       7.567980       7.541560       7.509720       7.475270       7.443080    
   6.123270       6.282830       6.282700       6.445110       6.606930       6.608820       6.608450       6.643870       6.715140       6.714860       6.714590       6.713690       6.712240       7.280490       7.631920       7.822580       7.821900       7.838510       7.863980       7.936480       7.827560       7.817930       7.817330       7.805210       7.782710       7.749420       7.705780       7.653150       7.594030       7.537470    
   6.282830       6.282770       6.445470       6.607870       6.608820       6.608630       6.644070       6.715140       6.715000       6.714860       6.714380       6.713510       7.742030       8.998560       8.991840       8.504990       8.518530       8.490200       8.201810       8.050100       8.045400       8.052830       8.038560       8.020410       7.988580       7.942470       7.882570       7.810290       7.731580       7.640580    
   6.282800       6.445650       6.608350       6.608820       6.608730       6.644170       6.715140       6.715070       6.715000       6.714750       7.842820       9.535680       9.183050       9.005170       9.005280       8.991840       8.687710       8.546850       8.490200       8.330480       8.277330       8.282570       8.275590       8.245800       8.206320       8.148780       8.074210       7.988390       7.886820       7.775280    
   6.445740       6.608580       6.608820       6.608770       6.644210       6.715140       6.715110       6.715070       6.714940       8.068790       9.535680       9.535680       9.535680       9.192800       9.018400       9.018710       8.991840       8.721960       8.603500       8.490200       8.508990       8.517370       8.511780       8.488090       8.436420       8.368630       8.283270       8.180080       8.066290       7.947840    
   6.608700       6.608820       6.608800       6.644240       6.715140       6.715120       6.715110       7.591680       8.503670       9.536110       9.535680       9.535680       9.535680       9.535680       9.211830       9.044650       9.045580       8.991840       8.802290       8.716800       8.741210       8.755000       8.754030       8.732290       8.683620       8.601900       8.500880       8.384530       8.261790       8.141510    
   6.608820       6.608810       6.644250       6.715140       6.715130       8.148570       10.29870       10.26020       10.22160       9.765500       9.536980       9.535680       9.535680       9.535680       9.535680       9.248270       9.096520       9.099330       8.991840       9.010330       9.023360       9.028950       9.019720       8.981600       8.934380       8.845150       8.723260       8.592170       8.460380       8.336820    
   6.608810       6.644250       6.715140       6.715140       8.435330       10.29880       10.29880       10.29870       10.26020       10.22160       9.767720       9.539580       9.535680       9.535680       9.535680       9.535680       9.315310       9.198400       9.206810       9.228610       9.236190       9.249840       9.255680       9.247040       9.196560       9.076280       8.924710       8.791610       8.649450       8.521120    
