iMOD/TUTORIALS/TUT_MetaswapAnalyser/model_MetaSWAP/meteo/Precipitation/Precipitation_20051218_L1.ASC
NCOLS                30
NROWS                30
XLLCORNER     160000.00
YLLCORNER     340000.00
CELLSIZE        1000.00
NODATA_VALUE   -9999.00
   2.246190       2.196540       2.150540       2.106750       2.062950       2.012790       1.954960       1.892380       1.831710       1.789050       1.767570       1.753010       1.740020       1.727640       1.719290       1.713680       1.734710       1.738000       1.744990       1.756040       1.770730       1.787800       1.808000       1.829780       1.853470       1.878230       1.903720       1.929610       1.955560       1.976980    
   2.286140       2.233970       2.183680       2.135460       2.086690       2.033060       1.974090       1.910170       1.842250       1.796820       1.787820       1.777530       1.767630       1.756450       1.748750       1.763490       1.762720       1.758360       1.765220       1.775200       1.788490       1.804050       1.822310       1.841860       1.863370       1.885980       1.909460       1.933580       1.959110       1.979540    
   2.320900       2.267350       2.215550       2.165370       2.113180       2.058540       2.000740       1.940610       1.883500       1.843100       1.823700       1.811130       1.799890       1.788530       1.777220       1.785280       1.783580       1.785590       1.791450       1.800800       1.813830       1.827940       1.843670       1.861310       1.880000       1.899580       1.921100       1.941970       1.959610       1.983340    
   2.353280       2.299160       2.246410       2.195110       2.142270       2.088440       2.033710       1.980230       1.932930       1.894530       1.869120       1.851320       1.837540       1.822770       1.810960       1.812720       1.810150       1.811750       1.817500       1.826620       1.838160       1.851520       1.865380       1.881710       1.897320       1.913440       1.930080       1.947310       1.961990       1.982540    
   2.383900       2.329990       2.278190       2.226020       2.174120       2.122370       2.071270       2.022360       1.979630       1.944480       1.923980       1.899480       1.879870       1.861840       1.846240       1.840020       1.836400       1.837610       1.843840       1.853340       1.863980       1.875850       1.887650       1.900500       1.912780       1.925160       1.937740       1.946000       1.960690       1.975390    
   2.413150       2.360690       2.308770       2.257780       2.207580       2.158320       2.107520       2.065580       2.039720       2.005280       1.974500       1.948490       1.925390       1.902980       1.879390       1.867880       1.860690       1.861670       1.869480       1.879930       1.890280       1.900600       1.909940       1.918980       1.927530       1.936230       1.944260       1.947700       1.956900       1.965900    
   2.440970       2.389600       2.339180       2.289900       2.236920       2.191060       2.147050       2.129050       2.092010       2.056370       2.024990       1.997200       1.971960       1.947800       1.913330       1.897280       1.883940       1.886110       1.897790       1.909030       1.918900       1.927030       1.933630       1.938630       1.942950       1.946550       1.944060       1.947780       1.951650       1.955050    
   2.472800       2.409960       2.362710       2.316280       2.271230       2.241960       2.216820       2.179360       2.141420       2.106830       2.075530       2.047030       2.020530       1.995250       1.953100       1.935070       1.914640       1.919780       1.933200       1.943550       1.950950       1.955790       1.958510       1.959160       1.958750       1.951140       1.949550       1.947520       1.949240       1.945630    
   2.489950       2.437840       2.392070       2.348100       2.324000       2.281320       2.261040       2.226290       2.190150       2.156800       2.126140       2.097860       2.071380       2.012810       1.999090       1.984800       1.973520       1.973200       1.978440       1.983860       1.986800       1.987110       1.985090       1.980780       1.968870       1.962360       1.955020       1.951920       1.942520       1.933190    
   2.515150       2.464940       2.421240       2.402010       2.360820       2.320330       2.309210       2.272510       2.238150       2.206220       2.176680       2.149310       2.123810       2.058680       2.049480       2.039760       2.032760       2.030140       2.030550       2.030710       2.028800       2.020690       2.013270       2.003870       1.986350       1.974110       1.966100       1.951310       1.935990       1.920630    
   2.513710       2.467110       2.431100       2.436200       2.396120       2.378000       2.352560       2.317850       2.285270       2.254920       2.226770       2.200740       2.113380       2.093460       2.091160       2.088860       2.087350       2.086910       2.086060       2.083150       2.077330       2.068570       2.057150       2.038190       2.028720       2.004060       1.984330       1.963290       1.941280       1.908680    
   2.514070       2.462030       2.436200       2.438370       2.431780       2.416490       2.394150       2.362140       2.331340       2.302620       2.245010       2.224990       2.137860       2.138100       2.139570       2.140830       2.142140       2.141700       2.138370       2.130820       2.119350       2.104780       2.088110       2.068970       2.047780       2.022840       1.997770       1.971110       1.943120       1.914210    
   2.493360       2.436200       2.456130       2.460580       2.489380       2.468120       2.435400       2.404440       2.329030       2.307750       2.287510       2.174860       2.177470       2.180810       2.185440       2.189930       2.194080       2.195580       2.190310       2.179070       2.160610       2.140450       2.118140       2.093880       2.067690       2.039560       2.007550       1.975580       1.941970       1.906970    
   2.436200       2.464170       2.474980       2.489380       2.487910       2.506230       2.412380       2.387950       2.365470       2.341520       2.323600       2.209870       2.214800       2.220550       2.227190       2.234810       2.244200       2.248140       2.242460       2.222940       2.199730       2.174500       2.132350       2.101210       2.068780       2.035000       1.998540       1.961900       1.923950       1.884790    
   2.467980       2.482180       2.489380       2.494510       2.506230       2.460400       2.462580       2.438510       2.416220       2.395810       2.248920       2.253290       2.258300       2.264030       2.270540       2.277380       2.285250       2.292490       2.287580       2.255710       2.223230       2.190810       2.157490       2.123000       2.087170       2.049880       2.011100       1.969550       1.927850       1.884510    
   2.485780       2.489380       2.496710       2.506230       2.476400       2.462580       2.450540       2.439100       2.380580       2.271780       2.277260       2.283200       2.289620       2.296520       2.297870       2.305730       2.307950       2.312890       2.304600       2.279950       2.249620       2.215310       2.180500       2.144020       2.105850       2.065990       2.024500       1.981490       1.935910       1.890400    
   2.489380       2.497440       2.506230       2.481740       2.462580       2.456560       2.450740       2.385500       2.271780       2.274520       2.295360       2.310440       2.309930       2.317240       2.316310       2.323290       2.326800       2.326470       2.316870       2.296910       2.269870       2.238560       2.204210       2.165110       2.125660       2.084140       2.040790       1.995920       1.949910       1.904210    
   2.497680       2.506230       2.483520       2.462580       2.459570       2.456630       2.391150       2.271780       2.273150       2.299610       2.322270       2.334100       2.340000       2.330250       2.336870       2.342370       2.342500       2.339720       2.329900       2.312350       2.288150       2.258830       2.225460       2.188700       2.146770       2.104320       2.059790       2.013740       1.966830       1.921860    
   2.506230       2.484110       2.462580       2.461080       2.459590       2.394780       2.271780       2.272460       2.301360       2.328190       2.334100       2.337050       2.338250       2.348660       2.354710       2.359240       2.361040       2.353560       2.344150       2.328390       2.306540       2.279300       2.247390       2.211360       2.171700       2.128940       2.081590       2.034730       1.989260       1.938880    
   2.484310       2.462580       2.461830       2.461080       2.396810       2.271780       2.272120       2.302170       2.331140       2.334100       2.335580       2.339520       2.348660       2.351690       2.354200       2.358330       2.357950       2.352920       2.347330       2.345770       2.326150       2.301090       2.270920       2.236030       2.196870       2.154000       2.102690       2.056920       2.034640       1.983370    
   2.462580       2.462200       2.461830       2.397870       2.271780       2.271950       2.302560       2.332620       2.334100       2.334840       2.339460       2.348660       2.350170       2.351520       2.354740       2.356830       2.356400       2.355650       2.355270       2.364780       2.347580       2.324920       2.296820       2.257000       2.219060       2.176680       2.162150       2.112230       2.060440       2.008680    
   2.462390       2.462200       2.398420       2.271780       2.271870       2.302750       2.333360       2.334100       2.334470       2.339270       2.348660       2.349420       2.350120       2.352140       2.354360       2.355990       2.358740       2.360030       2.364780       2.358260       2.362420       2.343470       2.318620       2.287780       2.282280       2.238900       2.192100       2.141000       2.087370       2.034410    
   2.462390       2.398700       2.271780       2.271820       2.302850       2.333730       2.334100       2.334280       2.339120       2.348660       2.349040       2.349400       2.350560       2.352210       2.354160       2.373610       2.362400       2.364780       2.391580       2.393990       2.386580       2.375290       2.375540       2.349190       2.315970       2.275300       2.227820       2.174780       2.118060       2.060430    
   2.398840       2.271780       2.271800       2.302890       2.333920       2.334100       2.334190       2.339040       2.348660       2.348850       2.349030       2.349660       2.350720       2.394100       2.421870       2.436480       2.436540       2.436440       2.436330       2.449320       2.425550       2.426150       2.410210       2.387680       2.356520       2.316680       2.268640       2.213480       2.152910       2.088390    
   2.271780       2.271790       2.302920       2.334010       2.334100       2.334150       2.339000       2.348660       2.348750       2.348850       2.349180       2.349810       2.426690       2.519480       2.519470       2.495270       2.510510       2.508300       2.481190       2.465700       2.473080       2.469300       2.448750       2.430420       2.402250       2.363880       2.315710       2.258770       2.193420       2.124030    
   2.271790       2.302930       2.334050       2.334100       2.334120       2.338980       2.348660       2.348710       2.348750       2.348930       2.397420       2.469630       2.502860       2.519470       2.519480       2.519470       2.514540       2.512720       2.508300       2.501460       2.498460       2.503580       2.500920       2.477710       2.453580       2.417450       2.369770       2.310940       2.244760       2.172010    
   2.302930       2.334080       2.334100       2.334110       2.338960       2.348660       2.348680       2.348710       2.348800       2.406870       2.469630       2.469630       2.469630       2.502850       2.519460       2.519500       2.519470       2.517690       2.517140       2.508300       2.526010       2.538690       2.543820       2.538370       2.510630       2.477420       2.429940       2.371970       2.305840       2.234590    
   2.334090       2.334100       2.334110       2.338960       2.348660       2.348670       2.348680       2.327000       2.372630       2.469530       2.469630       2.469630       2.469630       2.469630       2.502820       2.519410       2.519530       2.519470       2.525840       2.525980       2.551320       2.573040       2.588090       2.592070       2.580060       2.542820       2.496410       2.438470       2.373400       2.305350    
   2.334100       2.334100       2.338960       2.348660       2.348670       2.298500       2.223270       2.242540       2.261820       2.400080       2.469320       2.469630       2.469630       2.469630       2.469630       2.502740       2.519240       2.519580       2.519470       2.549600       2.580250       2.609830       2.636500       2.648850       2.645710       2.617410       2.565240       2.506500       2.442390       2.376950    
   2.334100       2.338950       2.348660       2.348660       2.288430       2.223210       2.223210       2.223270       2.242540       2.261820       2.399540       2.468700       2.469630       2.469630       2.469630       2.469630       2.502580       2.518670       2.519690       2.555050       2.596090       2.634770       2.673330       2.706340       2.716210       2.684540       2.630660       2.572370       2.507920       2.444820    
