iMOD/TUTORIALS/TUT_MetaswapAnalyser/model_MetaSWAP/meteo/Precipitation/Precipitation_20060706_L1.ASC
NCOLS                30
NROWS                30
XLLCORNER     160000.00
YLLCORNER     340000.00
CELLSIZE        1000.00
NODATA_VALUE   -9999.00
  0.7502600       0.000000       0.000000       0.000000       0.000000       0.000000      0.7375300      0.9243700       1.118420       1.266750       1.348640       1.399270       1.430430       1.459930       1.472800       1.478140       1.491640       1.477700       1.479770       1.481360       1.481060       1.427680       1.414300       1.388080       1.361800       1.327890       1.287180       1.242440       1.200040       1.172130    
  0.8354300      0.7927000      0.7544000      0.7294100      0.7357300      0.7952100      0.9151600       1.081610       1.275820       1.418400       1.456620       1.481440       1.495330       1.507070       1.506720       1.510940       1.508080       1.454470       1.436240       1.434910       1.433690       1.387910       1.375760       1.350150       1.323760       1.287780       1.241720       1.186520       1.123180       1.074430    
  0.9310300      0.9025000      0.8820400      0.8761700      0.9019500      0.9655500       1.071310       1.210700       1.361920       1.472980       1.520210       1.538470       1.539520       1.537950       1.501460       1.480590       1.462690       1.452240       1.449460       1.451750       1.437400       1.397300       1.379980       1.362800       1.335440       1.296100       1.239140       1.172400       1.091110       1.002590    
   1.031340       1.015060       1.008640       1.012950       1.045940       1.107730       1.198130       1.310530       1.421450       1.507160       1.554130       1.571370       1.576100       1.549050       1.511830       1.476180       1.448460       1.434750       1.434790       1.443350       1.453800       1.436420       1.395340       1.377440       1.353120       1.315660       1.263420       1.194880       1.108780       1.006880    
   1.132020       1.125190       1.118490       1.135810       1.171650       1.228110       1.303290       1.391650       1.473780       1.538600       1.647010       1.637780       1.608500       1.564180       1.509070       1.455330       1.416290       1.401770       1.410490       1.431260       1.445180       1.462020       1.422910       1.406040       1.387940       1.356670       1.311490       1.252670       1.183880       1.119330    
   1.230090       1.214030       1.223280       1.244430       1.279660       1.329340       1.391930       1.461170       1.657750       1.697650       1.700540       1.679250       1.638150       1.574850       1.499160       1.421610       1.363720       1.352040       1.379210       1.419000       1.449120       1.477990       1.450840       1.453460       1.443750       1.413410       1.379900       1.336530       1.289190       1.249650    
   1.299420       1.304700       1.317520       1.339840       1.373890       1.416700       1.466790       1.722370       1.762340       1.770310       1.758550       1.724720       1.668700       1.592350       1.495560       1.387610       1.291960       1.293260       1.355140       1.411600       1.463400       1.504040       1.532720       1.500810       1.501520       1.490690       1.469650       1.441000       1.405600       1.380810    
   1.378680       1.388910       1.403480       1.425450       1.454980       1.788110       1.812690       1.848370       1.855690       1.848950       1.824250       1.779340       1.713530       1.623240       1.519240       1.394860       1.255040       1.280480       1.362210       1.433200       1.493150       1.542540       1.581030       1.558780       1.570320       1.571550       1.563520       1.549010       1.523860       1.511550    
   1.454450       1.464570       1.479450       1.499910       1.907950       1.917410       1.932680       1.959680       1.954440       1.935600       1.900130       1.846300       1.773840       1.673920       1.577200       1.468700       1.382840       1.373200       1.419860       1.479540       1.539020       1.593710       1.640830       1.627310       1.649640       1.662150       1.666060       1.653150       1.649220       1.644390    
   1.522350       1.532990       1.547340       2.043500       2.044670       2.047590       2.080930       2.075980       2.060760       2.032200       1.988030       1.927140       1.850060       1.756150       1.652860       1.564940       1.501190       1.475700       1.493610       1.537600       1.593610       1.655680       1.711610       1.759960       1.739260       1.762330       1.765160       1.774100       1.778320       1.779720    
   1.523750       1.534230       1.827520       2.186240       2.186450       2.226270       2.211740       2.199590       2.176710       2.140620       2.089530       2.022770       1.936630       1.698340       1.648020       1.595370       1.560620       1.555550       1.585960       1.645310       1.721760       1.803340       1.880850       1.950460       1.995160       1.971300       1.994700       2.007940       2.013130       1.918440    
   1.524970       1.767930       2.186240       2.306830       2.329770       2.371930       2.352300       2.332660       2.304400       2.262860       1.923210       1.890880       1.816350       1.783390       1.717800       1.662310       1.621590       1.606300       1.632860       1.699450       1.790990       1.889970       1.977600       2.058950       2.125530       2.101640       2.131790       2.150320       2.159560       2.161760    
   1.749280       2.186240       2.361320       2.427330       2.524880       2.511060       2.500000       2.479770       2.030840       2.023340       2.004630       1.962730       1.919810       1.864690       1.793470       1.726560       1.666340       1.635350       1.657420       1.745080       1.864220       1.987820       2.100540       2.196280       2.273040       2.331140       2.287490       2.308320       2.318720       2.321570    
   2.186240       2.387140       2.476100       2.524880       2.568590       2.669830       2.102930       2.114240       2.118510       2.116420       2.100430       2.058700       2.018300       1.963540       1.894210       1.806350       1.716290       1.641040       1.665750       1.800900       1.966700       2.120080       2.298710       2.414930       2.505190       2.570900       2.531160       2.550560       2.556400       2.552500    
   2.399690       2.500490       2.524880       2.587770       2.669830       2.320560       2.188920       2.203740       2.212410       2.213010       2.194410       2.173700       2.139550       2.090040       2.023130       1.929540       1.823050       1.690700       1.693940       1.952210       2.160340       2.346780       2.500980       2.622990       2.713950       2.776100       2.812790       2.740440       2.736400       2.713980    
   2.512690       2.524880       2.594160       2.669830       2.393100       2.188920       2.196330       2.201690       2.236430       2.316570       2.316700       2.306710       2.284600       2.248400       2.199310       2.131680       2.060950       1.987210       2.030300       2.221350       2.434000       2.600790       2.752480       2.869510       2.951930       3.001860       3.023060       3.020550       2.912540       2.881650    
   2.524880       2.596290       2.669830       2.417280       2.188920       2.192630       2.195650       2.237760       2.316570       2.316640       2.407290       2.458190       2.455530       2.444280       2.452380       2.419020       2.382800       2.381590       2.451730       2.599380       2.778880       2.950920       3.095920       3.169760       3.235440       3.264800       3.261700       3.231990       3.182760       3.028050    
   2.597000       2.669830       2.425340       2.188920       2.190770       2.192400       2.235650       2.316570       2.316600       2.445400       2.548220       2.638260       2.660520       2.710870       2.723380       2.734760       2.751600       2.801920       2.895610       3.032100       3.189260       3.340350       3.465670       3.553640       3.561680       3.561170       3.523460       3.455580       3.366500       3.252780    
   2.669830       2.428030       2.188920       2.189850       2.190700       2.233850       2.316570       2.316590       2.462010       2.593240       2.638260       2.649390       2.744500       2.968350       3.021820       3.079770       3.149000       3.239690       3.359630       3.501520       3.650390       3.786540       3.892270       3.955130       3.968660       3.932160       3.811640       3.693200       3.538430       3.381980    
   2.428930       2.188920       2.189380       2.189820       2.232740       2.316570       2.316580       2.469840       2.615750       2.638260       2.643830       2.750120       2.968350       2.995090       3.023310       3.083530       3.156150       3.249440       3.728240       4.003340       4.156590       4.286660       4.376720       4.413740       4.390350       4.305800       4.168150       3.966650       3.777900       3.525980    
   2.188920       2.189150       2.189370       2.232130       2.316570       2.316570       2.473650       2.627010       2.638260       2.641040       2.750140       2.968350       2.981720       2.995580       3.033980       3.087670       3.163040       3.788210       4.270180       4.537020       4.707260       4.841990       4.923240       4.938720       4.875180       4.734220       4.534550       4.268100       3.969570       3.664300    
   2.189040       2.189150       2.231810       2.316570       2.316570       2.475540       2.632630       2.638260       2.639650       2.749450       2.968350       2.975030       2.981880       3.003760       3.039070       3.094890       3.795910       4.403600       4.537020       4.850190       5.306300       5.459030       5.541590       5.535910       5.455570       5.243020       4.945480       4.579100       4.173180       3.763430    
   2.189030       2.231640       2.316570       2.316570       2.476480       2.635450       2.638260       2.638960       2.748930       2.968350       2.971690       2.975090       2.986890       3.008240       3.045910       4.155480       4.470310       4.537020       5.585470       5.961730       6.085000       6.136790       6.258800       6.245750       6.102010       5.822880       5.426510       4.940020       4.401560       3.858670    
   2.231560       2.316570       2.316570       2.476950       2.636850       2.638260       2.638610       2.748620       2.968350       2.970020       2.971710       2.977890       2.990070       4.280070       5.400970       6.374650       6.377200       6.562010       6.779920       6.992960       6.617160       6.905700       7.063430       7.047290       6.863840       6.509120       6.000650       5.374160       4.677630       3.973820    
   2.316570       2.316570       2.477180       2.637560       2.638260       2.638430       2.748460       2.968350       2.969190       2.970030       2.973210       2.979890       5.280280       8.077920       8.079240       7.742280       8.276430       8.217390       7.690230       7.385090       7.368750       7.737260       7.952990       7.966190       7.760430       7.328130       6.694870       5.911430       5.044870       4.144470    
   2.316570       2.477300       2.637910       2.638260       2.638350       2.748380       2.968350       2.968770       2.969190       2.970810       4.342790       6.395410       7.514980       8.075440       8.076590       8.079240       8.236250       8.335480       8.217390       8.165470       8.169360       8.621080       8.924090       9.025930       8.817350       8.305360       7.531670       6.581380       5.531750       4.462670    
   2.477360       2.638080       2.638260       2.638300       2.748330       2.968350       2.968560       2.968770       2.969590       4.614720       6.395410       6.395410       6.395410       7.511150       8.070500       8.073940       8.079240       8.312910       8.453570       8.217390       8.906370       9.538260       10.01660       10.21860       10.05900       9.459120       8.519360       7.369430       6.147050       4.958740    
   2.638170       2.638260       2.638280       2.748310       2.968350       2.968450       2.968560       2.902390       4.134680       6.393390       6.395410       6.395410       6.395410       6.395410       7.502090       8.058300       8.068650       8.079240       8.501430       8.689750       9.564470       10.43100       11.17140       11.59500       11.48670       10.79240       9.617150       8.226690       6.820980       5.527760    
   2.638260       2.638270       2.748300       2.968350       2.968400       2.676850       2.239810       2.471210       2.702650       5.158980       6.389340       6.395410       6.395410       6.395410       6.395410       7.480710       8.027030       8.058050       8.079240       9.019360       10.07470       11.20760       12.29750       13.09550       13.16460       12.25160       10.72770       9.030740       7.427380       6.027340    
   2.638270       2.748300       2.968350       2.968380       2.618060       2.239070       2.239070       2.239810       2.471180       2.702650       5.148520       6.377200       6.395410       6.395410       6.395410       6.395410       7.431760       7.943790       8.036860       9.056030       10.23150       11.61620       13.14410       14.59690       15.08690       13.70120       11.59690       9.579450       7.815520       6.339480    
