iMOD/TUTORIALS/TUT_MetaswapAnalyser/model_MetaSWAP/meteo/Precipitation/Precipitation_20050807_L1.ASC
NCOLS                30
NROWS                30
XLLCORNER     160000.00
YLLCORNER     340000.00
CELLSIZE        1000.00
NODATA_VALUE   -9999.00
   4.582570       4.393830       4.218790       4.063240       3.935560       3.891410       3.922490       3.988710       4.075730       4.230950       4.467050       4.718940       4.960970       5.184060       5.376530       5.530990       5.655830       5.724720       5.753760       5.748600       5.717640       5.669360       5.612160       5.544490       5.482520       5.421860       5.361410       5.297070       5.220480       5.118510    
   4.632750       4.461500       4.324210       4.191280       4.080080       4.034300       4.033730       4.058710       4.087080       4.215780       4.500400       4.769380       5.026890       5.263070       5.471400       5.649450       5.771580       5.843470       5.866600       5.851590       5.809450       5.751380       5.687630       5.618410       5.558650       5.505030       5.457030       5.411530       5.366630       5.289990    
   4.702130       4.547010       4.410450       4.272480       4.213050       4.168810       4.158980       4.177100       4.228250       4.362970       4.600620       4.854120       5.112170       5.360810       5.588120       5.775110       5.906140       5.974700       5.984690       5.949750       5.886570       5.811480       5.731400       5.661120       5.600910       5.552180       5.520280       5.491540       5.469100       5.440540    
   4.768520       4.628730       4.507580       4.377400       4.310900       4.275170       4.271450       4.315000       4.387990       4.528830       4.726560       4.947290       5.213790       5.470100       5.713800       5.914880       6.057620       6.118080       6.102370       6.034410       5.941060       5.838750       5.746360       5.673470       5.610240       5.563090       5.530860       5.511570       5.502740       5.497120    
   4.828840       4.702720       4.551580       4.469020       4.411540       4.382290       4.384310       4.437110       4.515770       4.646410       4.827390       5.052770       5.294100       5.561220       5.834350       6.061860       6.227460       6.273730       6.213750       6.095270       5.958980       5.830960       5.721550       5.634100       5.568630       5.522630       5.492580       5.474090       5.456900       5.420200    
   4.881060       4.712340       4.618870       4.545280       4.494690       4.470290       4.492440       4.534270       4.614570       4.726980       4.895680       5.107170       5.334760       5.612440       5.889190       6.196210       6.407220       6.425000       6.285230       6.095230       5.912070       5.757680       5.635920       5.544920       5.480480       5.437080       5.409090       5.389360       5.363920       5.314970    
   4.929710       4.757450       4.672180       4.604950       4.582890       4.558180       4.560580       4.604480       4.658310       4.766680       4.915720       5.106420       5.339590       5.584540       5.878230       6.263810       6.593220       6.543250       6.264230       5.996250       5.777800       5.610250       5.487440       5.401920       5.345380       5.310280       5.289950       5.272830       5.248350       5.203770    
   4.947530       4.905780       4.743530       4.677870       4.630510       4.616160       4.615240       4.618600       4.673720       4.761140       4.883330       5.042720       5.242640       5.461650       5.708760       6.106820       6.570410       6.408440       6.039450       5.750690       5.534500       5.379380       5.273510       5.206240       5.167090       5.148780       5.140420       5.134280       5.119250       5.087520    
   5.020730       4.939120       4.855140       4.708290       4.674010       4.641480       4.631730       4.618260       4.653330       4.713700       4.801080       4.917350       5.064860       5.127690       5.368080       5.640230       5.844300       5.787130       5.565660       5.348290       5.182070       5.068760       4.999520       4.964290       4.953830       4.957800       4.969340       4.979660       4.982890       4.971740    
   5.038820       4.962030       4.879500       4.810210       4.687630       4.647380       4.597880       4.592040       4.603120       4.631720       4.678130       4.742400       4.824110       4.825630       4.929760       5.050550       5.108220       5.072490       4.957770       4.836010       4.746310       4.696630       4.679800       4.687490       4.713470       4.747100       4.782560       4.816040       4.841820       4.854910    
   5.046090       4.960120       4.868250       4.821240       4.756070       4.590500       4.571520       4.546210       4.531180       4.525680       4.528360       4.537170       4.416270       4.427080       4.409810       4.437450       4.423700       4.377340       4.317750       4.276940       4.269350       4.292260       4.336810       4.395840       4.459360       4.526640       4.590540       4.649130       4.699270       4.736960    
   5.048610       4.923920       4.821240       4.749580       4.750710       4.628400       4.591010       4.487910       4.446690       4.407530       4.306430       4.270010       4.089850       4.021850       3.948380       3.884790       3.800750       3.720770       3.686260       3.711780       3.785020       3.883830       3.992160       4.100770       4.205520       4.304630       4.396360       4.479930       4.554350       4.618450    
   4.984280       4.821240       4.737910       4.710510       4.670310       4.620810       4.550570       4.480890       4.317370       4.212820       4.143140       3.831070       3.772210       3.686480       3.538600       3.396790       3.237010       3.106410       3.078780       3.172540       3.330880       3.503950       3.671010       3.825400       3.965950       4.093350       4.209270       4.314390       4.409880       4.496410    
   4.821240       4.729970       4.690410       4.670310       4.627810       4.592320       4.391110       4.312490       4.228680       4.109990       4.008050       3.640680       3.540890       3.408400       3.236940       3.002210       2.760660       2.541200       2.505070       2.700990       2.949070       3.185200       3.389880       3.576600       3.742010       3.889300       4.021550       4.142240       4.253600       4.357940    
   4.725470       4.680360       4.670310       4.630150       4.592320       4.418690       4.272640       4.186360       4.092100       3.986470       3.593470       3.493700       3.366320       3.205310       3.004900       2.727310       2.450820       2.130330       2.047950       2.383310       2.683710       2.947800       3.179260       3.382010       3.560230       3.718050       3.859460       3.988100       4.108360       4.223060    
   4.675330       4.670310       4.630930       4.592320       4.427880       4.272640       4.229500       4.183700       3.962600       3.585460       3.493980       3.380850       3.241840       3.073000       2.878200       2.642860       2.375090       2.144080       2.107170       2.313210       2.570800       2.817230       3.041560       3.241350       3.418380       3.575670       3.716820       3.845750       3.966070       4.082860    
   4.670310       4.631190       4.592320       4.430950       4.272640       4.251070       4.228610       3.990310       3.585460       3.539720       3.416770       3.308000       3.180440       3.016550       2.858390       2.651800       2.425540       2.288710       2.271570       2.386370       2.570910       2.772960       2.968720       3.148910       3.312770       3.459680       3.592040       3.713230       3.827150       3.937540    
   4.631270       4.592320       4.431970       4.272640       4.261860       4.250770       4.013860       3.585460       3.562590       3.433850       3.311770       3.315540       3.178510       3.040680       2.874130       2.707810       2.528450       2.440800       2.430700       2.502480       2.631350       2.786620       2.946840       3.100220       3.240300       3.369020       3.485130       3.591290       3.691160       3.789550    
   4.592320       4.432310       4.272640       4.267250       4.261760       4.027990       3.585460       3.574030       3.442220       3.313650       3.315540       3.247030       3.150340       3.066630       2.927280       2.795410       2.685890       2.586690       2.579770       2.627790       2.718760       2.834820       2.960050       3.083390       3.198450       3.302530       3.394850       3.479880       3.560410       3.636310    
   4.432420       4.272640       4.269940       4.267210       4.035610       3.585460       3.579740       3.446370       3.314600       3.315540       3.281280       3.194880       3.066630       2.996950       2.929770       2.802860       2.689330       2.617450       2.684130       2.752480       2.817320       2.902590       2.996840       3.090760       3.178070       3.255460       3.319730       3.379500       3.432740       3.485220    
   4.272640       4.271290       4.269930       4.039560       3.585460       3.582600       3.448440       3.315070       3.315540       3.298410       3.214580       3.066630       3.031790       2.997790       2.909860       2.807320       2.703210       2.735610       2.813200       2.873920       2.920330       2.981880       3.050020       3.112530       3.173150       3.223180       3.263080       3.291100       3.313740       3.337970    
   4.271970       4.271290       4.041560       3.585460       3.584030       3.449470       3.315300       3.315540       3.306980       3.223790       3.066630       3.049210       3.032070       2.979810       2.904990       2.806800       2.792720       2.843560       2.873920       2.937320       3.017710       3.062370       3.110200       3.154520       3.190150       3.212200       3.220000       3.215110       3.202400       3.192390    
   4.271970       4.042570       3.585460       3.584750       3.449980       3.315420       3.315540       3.311260       3.228230       3.066630       3.057920       3.049300       3.020360       2.972290       2.897200       2.916200       2.858740       2.873920       3.062560       3.135790       3.147930       3.152140       3.185290       3.210200       3.225740       3.215060       3.193980       3.155340       3.103670       3.049570    
   4.043070       3.585460       3.585100       3.450240       3.315480       3.315540       3.313400       3.230420       3.066630       3.062280       3.057950       3.042530       3.013990       3.186570       3.239890       3.216750       3.217730       3.238880       3.266480       3.303230       3.253870       3.253580       3.267840       3.278880       3.274100       3.248920       3.200590       3.128590       3.035690       2.930950    
   3.585460       3.585280       3.450370       3.315510       3.315540       3.314470       3.231500       3.066630       3.064450       3.062290       3.054250       3.038160       3.392370       3.858370       3.856440       3.580460       3.573790       3.561550       3.429870       3.360430       3.352590       3.375850       3.369240       3.371400       3.353770       3.311280       3.240720       3.140750       3.012210       2.856820    
   3.585370       3.450440       3.315530       3.315540       3.315000       3.232030       3.066630       3.065540       3.064460       3.060330       3.436110       4.012940       3.911570       3.860410       3.860300       3.856440       3.673890       3.586020       3.561550       3.494260       3.474820       3.491840       3.500670       3.483530       3.459280       3.405650       3.319910       3.203000       3.052270       2.870820    
   3.450470       3.315530       3.315540       3.315270       3.232300       3.066630       3.066090       3.065540       3.063440       3.517360       4.012940       4.012940       4.012940       3.914560       3.864480       3.864170       3.856440       3.691540       3.610500       3.561550       3.588080       3.613100       3.629170       3.627070       3.591840       3.533310       3.441750       3.315000       3.161880       2.990790    
   3.315540       3.315540       3.315410       3.232440       3.066630       3.066360       3.066090       3.303360       3.615380       4.012910       4.012940       4.012940       4.012940       4.012940       3.920530       3.872830       3.871890       3.856440       3.737660       3.659450       3.697550       3.736230       3.767310       3.778820       3.763750       3.695580       3.596630       3.469170       3.324770       3.178260    
   3.315540       3.315470       3.232500       3.066630       3.066490       3.425530       3.964260       3.991310       4.018370       4.014660       4.012840       4.012940       4.012940       4.012940       4.012940       3.932170       3.890170       3.887350       3.856440       3.873210       3.900220       3.933870       3.983870       3.954390       3.946180       3.883360       3.775680       3.648770       3.515240       3.390120    
   3.315510       3.232540       3.066630       3.066560       3.497460       3.964300       3.964300       3.964260       3.991300       4.018370       4.014490       4.012650       4.012940       4.012940       4.012940       4.012940       3.953690       3.926710       3.918250       3.942420       4.011960       4.055490       4.108170       4.157820       4.164520       4.086460       3.968150       3.839900       3.710370       3.601740    
