iMOD/TUTORIALS/TUT_MetaswapAnalyser/model_MetaSWAP/meteo/Precipitation/Precipitation_20051020_L1.ASC
NCOLS                30
NROWS                30
XLLCORNER     160000.00
YLLCORNER     340000.00
CELLSIZE        1000.00
NODATA_VALUE   -9999.00
  0.4374000      0.4703100      0.5021700      0.5308400      0.5505100      0.5497500      0.5247200      0.4865900      0.4500000      0.4435300      0.4742600      0.5173300      0.5625100      0.6096900      0.6581500      0.7076100      0.7421800      0.7911600      0.8424800      0.8944400      0.9468800       1.006140       1.059960       1.115020       1.168950       1.222750       1.276020       1.327990       1.377090       1.420890    
  0.4434900      0.4738500      0.5024800      0.5247800      0.5368700      0.5334100      0.5123000      0.4766900      0.4310300      0.4228800      0.4782200      0.5310200      0.5832200      0.6345900      0.6859500      0.7239400      0.7747700      0.8182900      0.8675100      0.9186800      0.9702000       1.028090       1.080750       1.134390       1.187260       1.240240       1.293180       1.345580       1.397070       1.442030    
  0.4495100      0.4773800      0.5017700      0.5199400      0.5307700      0.5284100      0.5135400      0.4890300      0.4643800      0.4680900      0.5084500      0.5594400      0.6120300      0.6644000      0.7133700      0.7531200      0.8025000      0.8524200      0.9028100      0.9534600       1.002080       1.058150       1.109820       1.160330       1.210710       1.261100       1.312610       1.363050       1.413500       1.461590    
  0.4560900      0.4820600      0.5044600      0.5208200      0.5307300      0.5322900      0.5261000      0.5169700      0.5112500      0.5228200      0.5546600      0.5992500      0.6499700      0.6991800      0.7489900      0.7911500      0.8390200      0.8876900      0.9369200      0.9862400       1.035210       1.082400       1.135960       1.184410       1.231180       1.277540       1.323690       1.369800       1.416080       1.461560    
  0.4639200      0.4886800      0.5090900      0.5263800      0.5384000      0.5449300      0.5471800      0.5493300      0.5558500      0.5730500      0.6122100      0.6501800      0.6944700      0.7408200      0.7879900      0.8319000      0.8776600      0.9245100      0.9722900       1.019960       1.067800       1.113300       1.163540       1.204330       1.246400       1.287430       1.327500       1.366660       1.403540       1.435110    
  0.4732400      0.4956300      0.5173400      0.5358300      0.5507200      0.5622700      0.5733800      0.5830700      0.6156200      0.6366200      0.6644000      0.6998500      0.7418000      0.7852100      0.8349800      0.8750800      0.9168700      0.9614600       1.007700       1.053330       1.098170       1.140000       1.185560       1.223790       1.260040       1.292500       1.325130       1.355590       1.382140       1.402350    
  0.4798900      0.5056400      0.5280000      0.5481600      0.5682600      0.5844900      0.5999800      0.6432300      0.6631600      0.6860000      0.7150000      0.7497500      0.7888400      0.8319100      0.8846900      0.9202300      0.9567600      0.9994400       1.044750       1.088640       1.128920       1.166190       1.200620       1.238650       1.268340       1.295430       1.320060       1.341060       1.356680       1.367780    
  0.4952200      0.5186500      0.5434800      0.5655800      0.5864300      0.6399500      0.6626900      0.6848000      0.7069900      0.7331300      0.7638600      0.7989700      0.8375700      0.8793500      0.9376500      0.9698800       1.000750       1.042100       1.085620       1.124990       1.160450       1.192190       1.220490       1.251860       1.274400       1.294110       1.310150       1.322480       1.323990       1.329120    
  0.5109900      0.5325400      0.5570000      0.5822600      0.6482600      0.6693200      0.6966500      0.7232900      0.7492200      0.7783200      0.8110100      0.8471800      0.8862200      0.9603200      0.9930600       1.024780       1.057390       1.093100       1.129830       1.163350       1.192790       1.218130       1.239610       1.263850       1.279200       1.290660       1.298490       1.294590       1.296210       1.293350    
  0.5246200      0.5472300      0.5726000      0.6508100      0.6754500      0.6993000      0.7338700      0.7608700      0.7899500      0.8216900      0.8564000      0.8940100      0.9341200       1.014410       1.047900       1.080910       1.112580       1.144920       1.175490       1.202480       1.225100       1.243920       1.258110       1.268410       1.282550       1.286110       1.277510       1.274740       1.268150       1.257660    
  0.5230930      0.5481500      0.6117950      0.6765400      0.7023800      0.7373000      0.7676100      0.7974200      0.8291600      0.8632500      0.8999100      0.9391100       1.038350       1.079980       1.109160       1.139250       1.168680       1.195710       1.219340       1.238430       1.252740       1.262580       1.268360       1.270510       1.259980       1.265310       1.258230       1.247760       1.233830       1.222610    
  0.5229240      0.5898950      0.6765400      0.7187550      0.7303700      0.7668200      0.7995700      0.8328100      0.8668000      0.9029300      0.9652400       1.003250       1.107010       1.132080       1.163290       1.192790       1.221270       1.245580       1.264690       1.277550       1.284640       1.286910       1.277920       1.271950       1.262820       1.259340       1.244610       1.226620       1.205410       1.181150    
  0.5716180      0.6765400      0.7272690      0.7480500      0.7657300      0.7988900      0.8315900      0.8657900      0.9352900      0.9714300       1.008740       1.129730       1.155700       1.183600       1.214670       1.243620       1.271330       1.295110       1.309510       1.314600       1.311110       1.304830       1.294890       1.281680       1.265360       1.245990       1.232880       1.207970       1.180050       1.149280    
  0.6765400      0.7316070      0.7568900      0.7657300      0.7976400      0.8283000      0.9051000      0.9391500      0.9745500       1.010180       1.048720       1.178730       1.204580       1.232040       1.260580       1.290910       1.317980       1.341820       1.354750       1.349930       1.340610       1.327300       1.312270       1.292700       1.269980       1.244210       1.223790       1.192600       1.158570       1.121900    
  0.7337970      0.7613100      0.7657300      0.7972230      0.8283000      0.8898300      0.9360900      0.9715700       1.008360       1.046520       1.202560       1.226300       1.251630       1.278160       1.305380       1.333380       1.359650       1.384730       1.396980       1.386540       1.369770       1.351650       1.329980       1.304820       1.276290       1.244580       1.209920       1.180570       1.140990       1.096410    
  0.7635200      0.7657300      0.7970840      0.8283000      0.8847400      0.9360900      0.9538300      0.9720070       1.063060       1.225790       1.247800       1.271230       1.295770       1.320960       1.347960       1.373590       1.397260       1.414180       1.419470       1.410590       1.394430       1.369200       1.342690       1.312290       1.278300       1.241080       1.201060       1.158740       1.122270       1.076620    
  0.7657300      0.7970380      0.8283000      0.8830430      0.9360900      0.9449600      0.9539760       1.053670       1.225790       1.236790       1.286360       1.313880       1.337740       1.363630       1.389790       1.410440       1.428660       1.439420       1.440920       1.432050       1.414850       1.391250       1.362280       1.323150       1.284540       1.242480       1.197650       1.150810       1.102810       1.062300    
  0.7970230      0.8283000      0.8824780      0.9360900      0.9405250      0.9450090       1.044600       1.225790       1.231290       1.293100       1.343480       1.373080       1.395760       1.407010       1.427190       1.444840       1.459180       1.465810       1.464400       1.454170       1.435680       1.410000       1.378040       1.340550       1.293000       1.246350       1.196870       1.145660       1.093940       1.044130    
  0.8283000      0.8822890      0.9360900      0.9383080      0.9405410       1.038980       1.225790       1.228540       1.296310       1.358280       1.373080       1.384420       1.405300       1.445340       1.463710       1.478980       1.489760       1.494280       1.490610       1.478760       1.458750       1.431070       1.396380       1.355410       1.308990       1.258130       1.199010       1.143220       1.088680       1.031890    
  0.8822260      0.9360900      0.9371990      0.9383130       1.035900       1.225790       1.227170       1.297880       1.365680       1.373080       1.378750       1.402030       1.445340       1.454520       1.462680       1.477480       1.487670       1.491550       1.501820       1.506730       1.485270       1.455720       1.418490       1.374190       1.323670       1.268060       1.205010       1.145120       1.117560       1.050310    
  0.9360900      0.9366440      0.9372010       1.034300       1.225790       1.226480       1.298660       1.369380       1.373080       1.375920       1.399800       1.445340       1.449930       1.454180       1.464900       1.475940       1.485570       1.508490       1.522720       1.538710       1.516130       1.485000       1.445460       1.394050       1.339490       1.279010       1.254070       1.184950       1.114500       1.045630    
  0.9363670      0.9366450       1.033480       1.225790       1.226130       1.299050       1.371230       1.373080       1.374500       1.398530       1.445340       1.447640       1.449820       1.456340       1.465010       1.475470       1.507890       1.530710       1.538710       1.534220       1.547810       1.515760       1.474460       1.424200       1.404890       1.337850       1.266640       1.190590       1.112660       1.037470    
  0.9363670       1.033070       1.225790       1.225960       1.299240       1.372150       1.373080       1.373790       1.397860       1.445340       1.446490       1.447600       1.451260       1.457050       1.465600       1.532880       1.534710       1.538710       1.582890       1.589100       1.574950       1.552430       1.543460       1.494740       1.435000       1.364970       1.286970       1.202680       1.115300       1.029220    
   1.032860       1.225790       1.225880       1.299340       1.372620       1.373080       1.373430       1.397520       1.445340       1.445910       1.446480       1.448450       1.451970       1.581310       1.653990       1.682460       1.681320       1.668380       1.653000       1.669540       1.630390       1.628370       1.588150       1.538540       1.476030       1.401460       1.316400       1.223170       1.124860       1.021550    
   1.225790       1.225830       1.299390       1.372850       1.373080       1.373260       1.397340       1.445340       1.445630       1.445910       1.446950       1.448970       1.677870       1.952940       1.951330       1.834610       1.831330       1.823930       1.743390       1.700350       1.708690       1.683580       1.643310       1.592940       1.527770       1.448480       1.356690       1.254810       1.141640       1.029370    
   1.225810       1.299410       1.372960       1.373080       1.373170       1.397260       1.445340       1.445480       1.445630       1.446160       1.704990       2.091560       2.000570       1.954660       1.954550       1.951330       1.874470       1.838740       1.823930       1.779750       1.761980       1.744330       1.711850       1.657490       1.590690       1.507390       1.409590       1.296860       1.179660       1.057760    
   1.299420       1.373020       1.373080       1.373120       1.397210       1.445340       1.445410       1.445480       1.445760       1.755980       2.091560       2.091560       2.091560       2.003130       1.958110       1.957760       1.951330       1.883880       1.853540       1.823930       1.824400       1.811780       1.783510       1.736940       1.665480       1.578790       1.473110       1.357390       1.235100       1.111170    
   1.373050       1.373080       1.373100       1.397190       1.445340       1.445380       1.445410       1.602000       1.815840       2.091590       2.091560       2.091560       2.091560       2.091560       2.008310       1.965230       1.964200       1.951330       1.906700       1.883160       1.890170       1.884500       1.862970       1.821420       1.756710       1.661360       1.550860       1.429270       1.303440       1.179900    
   1.373080       1.373090       1.397180       1.445340       1.445360       1.659940       1.981830       2.026590       2.071340       2.084910       2.091670       2.091560       2.091560       2.091560       2.091560       2.018690       1.980150       1.977060       1.951330       1.968380       1.976570       1.973920       1.965580       1.919330       1.854120       1.757150       1.635780       1.507060       1.377190       1.252540    
   1.373090       1.397170       1.445340       1.445350       1.702780       1.981730       1.981730       1.981830       2.026590       2.071340       2.085080       2.091880       2.091560       2.091560       2.091560       2.091560       2.038850       2.012070       2.002790       2.025550       2.059940       2.059640       2.049040       2.022980       1.963160       1.852620       1.718250       1.584310       1.449060       1.321810    
