iMOD/TUTORIALS/TUT_MetaswapAnalyser/model_MetaSWAP/meteo/Precipitation/Precipitation_20050308_L1.ASC
NCOLS                30
NROWS                30
XLLCORNER     160000.00
YLLCORNER     340000.00
CELLSIZE        1000.00
NODATA_VALUE   -9999.00
   1.338900       1.333030       1.324990       1.309150       1.266070       1.180760       1.043540      0.8891700      0.7475300      0.6665400      0.6514100      0.6554700      0.6645900      0.6760200      0.6897600      0.7060800      0.7257100      0.7479400      0.7738700      0.8025200      0.8332300      0.8649300      0.8973300      0.9283800      0.9595000      0.9893900       1.018030       1.046030       1.075190       1.108980    
   1.308710       1.296560       1.291020       1.257650       1.194210       1.105530      0.9832300      0.8402000      0.6908000      0.6111400      0.6343200      0.6545000      0.6712100      0.6868700      0.7027800      0.7200800      0.7394500      0.7619300      0.7859700      0.8128000      0.8411900      0.8700700      0.8991600      0.9265300      0.9532600      0.9780000       1.000460       1.020840       1.041730       1.065300    
   1.287720       1.268410       1.240740       1.187460       1.141410       1.056880      0.9505100      0.8315800      0.7193200      0.6600100      0.6580800      0.6729800      0.6880100      0.7032000      0.7189300      0.7349100      0.7530400      0.7737600      0.7970700      0.8224600      0.8484500      0.8751200      0.9007800      0.9258300      0.9489700      0.9695700      0.9879300       1.001740       1.011940       1.020870    
   1.265800       1.241470       1.208590       1.149180       1.091650       1.018280      0.9321100      0.8496800      0.7689400      0.7185000      0.7040800      0.7067000      0.7158400      0.7261400      0.7373100      0.7499800      0.7656500      0.7846700      0.8068900      0.8313400      0.8568000      0.8809700      0.9051100      0.9285800      0.9490000      0.9666500      0.9810200      0.9916100      0.9979800       1.000720    
   1.245440       1.218360       1.164290       1.121900       1.068790       1.005490      0.9354300      0.8662900      0.8058900      0.7639100      0.7469200      0.7442000      0.7467900      0.7512500      0.7578700      0.7654200      0.7775800      0.7949600      0.8167800      0.8410700      0.8655100      0.8897400      0.9124500      0.9330000      0.9517900      0.9680000      0.9814500      0.9922400       1.001650       1.014370    
   1.227920       1.176080       1.143550       1.103690       1.056330       1.002640      0.9452300      0.8912600      0.8535400      0.8150200      0.7908300      0.7778300      0.7780700      0.7793900      0.7777800      0.7801800      0.7874500      0.8031900      0.8258400      0.8509100      0.8754200      0.8990500      0.9208300      0.9408300      0.9587100      0.9738700      0.9876600       1.000250       1.013710       1.032030    
   1.157710       1.159490       1.128650       1.092340       1.050290       1.005020      0.9583000      0.9305700      0.8877900      0.8547100      0.8308800      0.8152500      0.8056700      0.8065300      0.8013200      0.7963200      0.7951300      0.8107700      0.8368300      0.8629200      0.8876800      0.9106600      0.9317400      0.9507500      0.9680500      0.9836700      0.9980500       1.012290       1.027620       1.047780    
   1.132670       1.116220       1.117620       1.085210       1.049300       1.037370      0.9955000      0.9543800      0.9192700      0.8900500      0.8673900      0.8507700      0.8389000      0.8341000      0.8261300      0.8176300      0.8087100      0.8262100      0.8537400      0.8793100      0.9029200      0.9246900      0.9447000      0.9628500      0.9796000      0.9950400       1.009830       1.024880       1.043610       1.064270    
   1.114170       1.104380       1.080810       1.082170       1.083940       1.048840       1.013240      0.9779300      0.9478200      0.9219900      0.9009200      0.8844100      0.8717300      0.8615900      0.8577400      0.8503800      0.8481200      0.8581900      0.8785400      0.9000100      0.9209900      0.9409000      0.9595100      0.9766500      0.9926400       1.007730       1.022380       1.039430       1.056330       1.075610    
   1.102180       1.095140       1.074240       1.096670       1.091460       1.061270       1.028400       1.000030      0.9740200      0.9511900      0.9319300      0.9162100      0.9037100      0.8868100      0.8866800      0.8856900      0.8840900      0.8917700      0.9055000      0.9222800      0.9399800      0.9586200      0.9756700      0.9917700       1.006730       1.021100       1.037250       1.051950       1.067540       1.084740    
   1.104960       1.090520       1.091440       1.099730       1.076230       1.069860       1.045160       1.020800      0.9982600      0.9781200      0.9607400      0.9461700      0.9238100      0.9245100      0.9197400      0.9160700      0.9184900      0.9228300      0.9321900      0.9451700      0.9601500      0.9758100      0.9912900       1.006080       1.022170       1.037060       1.050460       1.063790       1.077550       1.092110    
   1.104120       1.096660       1.099730       1.086680       1.083810       1.059260       1.040630       1.040400       1.020840       1.003150       1.000200      0.9852600      0.9626800      0.9481700      0.9497700      0.9456200      0.9447600      0.9489900      0.9556600      0.9665100      0.9799600      0.9943800       1.010390       1.024540       1.037860       1.050160       1.062110       1.073750       1.085390       1.097360    
   1.104470       1.099730       1.089680       1.085380       1.086950       1.071410       1.054550       1.038430       1.043490       1.042580       1.027110      0.9902800      0.9821500      0.9755600      0.9777600      0.9723700      0.9692600      0.9696500      0.9753600      0.9861900       1.000200       1.014690       1.028760       1.041880       1.053920       1.064930       1.074860       1.084450       1.093640       1.102620    
   1.099730       1.090630       1.086160       1.086950       1.080140       1.082060       1.093520       1.078400       1.064100       1.044030       1.032780       1.015290       1.007960       1.001690      0.9963400      0.9975700      0.9943500      0.9886700      0.9916000       1.004420       1.019760       1.034510       1.046340       1.058030       1.068360       1.077470       1.085140       1.092480       1.099180       1.105360    
   1.090970       1.086560       1.086950       1.083050       1.082060       1.098900       1.121130       1.107450       1.094410       1.082170       1.045240       1.038380       1.032270       1.026770       1.021650       1.028830       1.018570       1.008360       1.006590       1.024810       1.040770       1.054640       1.066560       1.076720       1.085300       1.092480       1.098470       1.103030       1.107320       1.110510    
   1.086750       1.086950       1.084020       1.082060       1.100700       1.121130       1.114290       1.107660       1.089450       1.073770       1.067590       1.061990       1.056920       1.052240       1.058420       1.050980       1.053720       1.042840       1.041700       1.052410       1.065070       1.077660       1.087330       1.095330       1.101740       1.106760       1.110570       1.113380       1.114910       1.116320    
   1.086950       1.084340       1.082060       1.101300       1.121130       1.117710       1.114360       1.096290       1.073770       1.070680       1.086210       1.085120       1.098750       1.092220       1.097340       1.088830       1.087950       1.080980       1.079950       1.085170       1.093230       1.101450       1.108680       1.115940       1.119880       1.122460       1.123850       1.124330       1.124140       1.121360    
   1.084450       1.082060       1.101500       1.121130       1.119420       1.117730       1.100530       1.073770       1.072230       1.097420       1.113850       1.142580       1.135460       1.133740       1.126340       1.119650       1.122500       1.117460       1.116110       1.118390       1.122820       1.127730       1.132050       1.135210       1.138930       1.138870       1.137690       1.135700       1.133310       1.128910    
   1.082060       1.101560       1.121130       1.120280       1.119430       1.102860       1.073770       1.073000       1.102840       1.128220       1.142580       1.139020       1.143170       1.160900       1.155060       1.150040       1.146240       1.152000       1.150340       1.150830       1.152670       1.154810       1.156410       1.156910       1.156040       1.153790       1.152080       1.147400       1.140150       1.139340    
   1.101580       1.121130       1.120700       1.120280       1.104080       1.073770       1.073380       1.105520       1.135400       1.142580       1.140800       1.146420       1.160900       1.157980       1.155330       1.150450       1.149430       1.149530       1.169760       1.182380       1.182400       1.182370       1.181610       1.179630       1.176150       1.171130       1.169200       1.158280       1.151780       1.147140    
   1.121130       1.120920       1.120700       1.104710       1.073770       1.073580       1.106850       1.138990       1.142580       1.141690       1.147670       1.160900       1.159440       1.158070       1.154590       1.151740       1.149800       1.175960       1.197820       1.213260       1.212060       1.210400       1.207710       1.210470       1.203650       1.195030       1.182160       1.171060       1.160090       1.150810    
   1.121020       1.120920       1.105020       1.073770       1.073670       1.107510       1.140780       1.142580       1.142140       1.148210       1.160900       1.160170       1.159470       1.157370       1.154800       1.152040       1.179260       1.205540       1.213260       1.226130       1.253060       1.248950       1.243550       1.236400       1.229520       1.213430       1.199760       1.184610       1.169160       1.154910    
   1.121020       1.105180       1.073770       1.073720       1.107840       1.141680       1.142580       1.142360       1.148460       1.160900       1.160540       1.160180       1.159000       1.157210       1.154730       1.200720       1.209400       1.213260       1.263900       1.283460       1.283450       1.282640       1.278670       1.268520       1.250520       1.235680       1.218720       1.199310       1.178520       1.158670    
   1.105260       1.073770       1.073750       1.108010       1.142130       1.142580       1.142470       1.148570       1.160900       1.160720       1.160540       1.159910       1.158800       1.237670       1.284590       1.308170       1.308120       1.313320       1.320550       1.332750       1.313860       1.318760       1.300480       1.290960       1.278340       1.262200       1.242320       1.218740       1.192050       1.164910    
   1.073770       1.073760       1.108090       1.142360       1.142580       1.142520       1.148630       1.160900       1.160810       1.160720       1.160390       1.159750       1.303740       1.480650       1.479750       1.406950       1.406990       1.402980       1.365930       1.345460       1.351630       1.334990       1.333450       1.323830       1.310690       1.293450       1.271650       1.244990       1.214590       1.177900    
   1.073760       1.108130       1.142470       1.142580       1.142550       1.148660       1.160900       1.160850       1.160810       1.160640       1.332330       1.590390       1.518070       1.481660       1.481550       1.479750       1.432940       1.411000       1.402980       1.382530       1.370880       1.369030       1.364740       1.360020       1.347390       1.330260       1.308080       1.282590       1.248530       1.208650    
   1.108150       1.142520       1.142580       1.142570       1.148670       1.160900       1.160880       1.160850       1.160770       1.366910       1.590390       1.590390       1.590390       1.519560       1.483670       1.483360       1.479750       1.438020       1.419020       1.402980       1.404650       1.404730       1.402420       1.396780       1.388680       1.372970       1.355160       1.328280       1.296810       1.261880    
   1.142550       1.142580       1.142570       1.148680       1.160900       1.160890       1.160880       1.296340       1.434990       1.590450       1.590390       1.590390       1.590390       1.590390       1.522640       1.487910       1.486960       1.479750       1.450320       1.435060       1.439110       1.441860       1.442460       1.439790       1.438060       1.425040       1.405910       1.382740       1.356600       1.329890    
   1.142580       1.142580       1.148680       1.160900       1.160890       1.404910       1.770920       1.736900       1.702880       1.628060       1.590580       1.590390       1.590390       1.590390       1.590390       1.528920       1.497010       1.494170       1.479750       1.483490       1.487180       1.490270       1.502040       1.492680       1.486890       1.476280       1.461940       1.443430       1.423270       1.404050    
   1.142580       1.148680       1.160900       1.160900       1.453750       1.770970       1.770970       1.770920       1.736900       1.702880       1.628380       1.590960       1.590390       1.590390       1.590390       1.590390       1.541340       1.517100       1.508590       1.514610       1.539110       1.541200       1.542940       1.543360       1.540640       1.532950       1.521350       1.506350       1.493240       1.480030    
