iMOD/TUTORIALS/TUT_MetaswapAnalyser/model_MetaSWAP/meteo/Precipitation/Precipitation_20060119_L1.ASC
NCOLS                30
NROWS                30
XLLCORNER     160000.00
YLLCORNER     340000.00
CELLSIZE        1000.00
NODATA_VALUE   -9999.00
   1.208310       1.242360       1.276580       1.308640       1.329330       1.336320       1.319760       1.289070       1.253290       1.221170       1.193590       1.168260       1.141760       1.119720       1.099600       1.087710       1.079820       1.073400       1.069270       1.069350       1.073350       1.075870       1.086130       1.094240       1.110390       1.128610       1.148220       1.168020       1.185880       1.194850    
   1.215320       1.242800       1.266410       1.288610       1.298220       1.299630       1.285290       1.258440       1.223430       1.191290       1.168020       1.141510       1.116780       1.097730       1.077480       1.064820       1.052240       1.047230       1.046800       1.048870       1.054930       1.059840       1.071770       1.081690       1.098990       1.118370       1.139460       1.161540       1.183300       1.196350    
   1.211710       1.233440       1.252310       1.260530       1.267190       1.264670       1.250640       1.226690       1.197850       1.168200       1.140160       1.114270       1.091240       1.067960       1.047940       1.034050       1.021810       1.015170       1.014150       1.018080       1.028570       1.035800       1.044440       1.060430       1.078470       1.098470       1.120840       1.144510       1.166430       1.191930    
   1.203110       1.219700       1.232880       1.235850       1.238380       1.232610       1.218180       1.195980       1.172090       1.139560       1.112860       1.086460       1.060320       1.035900       1.013130      0.9966100      0.9839300      0.9782300      0.9793700      0.9859400      0.9963300       1.006880       1.017970       1.034820       1.052640       1.071920       1.092760       1.115230       1.136720       1.163130    
   1.191000       1.203250       1.206640       1.211420       1.210270       1.202370       1.187640       1.158080       1.136640       1.112120       1.081350       1.055130       1.028310       1.001900      0.9761200      0.9557000      0.9421400      0.9376000      0.9418700      0.9519200      0.9599100      0.9745100      0.9863500       1.004720       1.021290       1.038510       1.056340       1.070850       1.089240       1.102630    
   1.176560       1.181000       1.186570       1.187800       1.183890       1.174350       1.141330       1.128390       1.093530       1.074500       1.051020       1.025380      0.9969200      0.9681400      0.9384500      0.9132000      0.8958300      0.8928900      0.9021300      0.9166000      0.9279800      0.9435400      0.9554000      0.9699900      0.9843700       1.000230       1.013720       1.022590       1.033010       1.037300    
   1.154850       1.164380       1.166830       1.165320       1.131890       1.125050       1.113160       1.078260       1.064320       1.044560       1.021830      0.9964900      0.9686900      0.9378600      0.9036500      0.8724000      0.8466600      0.8475600      0.8653100      0.8809700      0.8979500      0.9133000      0.9271600      0.9362100      0.9474000      0.9575400      0.9622300      0.9696500      0.9745000      0.9729300    
   1.158410       1.102890       1.111820       1.111970       1.108160       1.054250       1.058920       1.050110       1.034760       1.016150      0.9946000      0.9703200      0.9434000      0.9137000      0.8777000      0.8445000      0.8090000      0.8162500      0.8372400      0.8560200      0.8718700      0.8851600      0.8962800      0.9021000      0.9093800      0.9106800      0.9149900      0.9169400      0.9157300      0.9098700    
   1.099160       1.086890       1.088480       1.091980       1.027060       1.023040       1.029090       1.021170       1.006820      0.9895500      0.9696100      0.9472000      0.9224900      0.8888800      0.8622200      0.8358500      0.8156800      0.8144400      0.8257800      0.8389600      0.8504800      0.8597200      0.8667600      0.8684100      0.8668900      0.8682300      0.8676800      0.8649900      0.8591400      0.8498200    
   1.086850       1.071870       1.071570      0.9942200      0.9978100      0.9932900       1.004320      0.9937100      0.9804200      0.9646500      0.9466600      0.9267100      0.9051500      0.8745000      0.8541300      0.8349300      0.8233000      0.8187100      0.8218500      0.8277100      0.8331200      0.8366100      0.8386000      0.8388600      0.8295400      0.8262200      0.8213400      0.8141600      0.8045700      0.7923100    
   1.080260       1.076760       1.026070      0.9666300      0.9643400      0.9786700      0.9774900      0.9675000      0.9552900      0.9411000      0.9251900      0.9079400      0.8777000      0.8804100      0.8650800      0.8458500      0.8302700      0.8206400      0.8150900      0.8113300      0.8077000      0.8034800      0.7985000      0.7891900      0.7828000      0.7709600      0.7619300      0.7515500      0.7395500      0.7374500    
   1.079500       1.037430      0.9666300      0.9486650      0.9369900      0.9471800      0.9472200      0.9422400      0.9310700      0.9183700      0.9376800      0.9180100      0.8889400      0.8792300      0.8608500      0.8451300      0.8324300      0.8212300      0.8118100      0.8021400      0.7919800      0.7815300      0.7680100      0.7570700      0.7458800      0.7302700      0.7175900      0.7040100      0.6893200      0.6734000    
   1.040630      0.9666300      0.9434600      0.9318450      0.9267000      0.9290000      0.9219400      0.9133300      0.9516800      0.9394100      0.9219400      0.9053900      0.8872100      0.8700000      0.8542800      0.8411200      0.8302200      0.8201600      0.8069900      0.7918500      0.7730200      0.7562500      0.7401600      0.7246300      0.7094100      0.6942000      0.6745400      0.6583400      0.6414800      0.6238400    
  0.9666300      0.9415160      0.9292730      0.9267000      0.9199600      0.9041800      0.9617400      0.9485300      0.9340100      0.9120800      0.8968000      0.8908500      0.8741100      0.8584800      0.8446000      0.8328000      0.8243100      0.8154600      0.8012700      0.7769900      0.7535900      0.7316100      0.7087300      0.6890000      0.6701600      0.6518800      0.6301800      0.6119800      0.5936400      0.5749800    
  0.9407080      0.9279860      0.9267000      0.9169470      0.9041800      0.9357300      0.9412700      0.9283600      0.9143300      0.8994700      0.8916900      0.8749400      0.8587600      0.8436800      0.8302200      0.8202500      0.8108400      0.8044800      0.7893700      0.7585100      0.7287600      0.7027800      0.6787500      0.6562700      0.6349600      0.6145200      0.5946600      0.5715200      0.5521400      0.5302200    
  0.9273430      0.9267000      0.9159420      0.9041800      0.9270600      0.9412700      0.9348150      0.9279870      0.9084150      0.8915000      0.8747600      0.8580900      0.8418500      0.8264400      0.8153500      0.8021300      0.7875600      0.7753400      0.7560700      0.7281400      0.6993200      0.6701500      0.6440300      0.6194900      0.5963300      0.5743300      0.5532800      0.5330000      0.5101400      0.4910800    
  0.9267000      0.9156070      0.9041800      0.9241700      0.9412700      0.9380430      0.9346910      0.9156790      0.8915000      0.8831300      0.8610240      0.8402200      0.8277400      0.8112100      0.7916400      0.7755600      0.7594400      0.7418200      0.7200800      0.6940000      0.6661700      0.6386200      0.6121300      0.5847600      0.5607000      0.5379200      0.5163300      0.4958200      0.4763000      0.4560900    
  0.9154960      0.9041800      0.9232070      0.9412700      0.9396560      0.9380010      0.9199780      0.8915000      0.8873150      0.8633180      0.8403850      0.8405500      0.8199700      0.7871500      0.7682500      0.7493800      0.7297700      0.7087200      0.6851600      0.6591500      0.6318200      0.6044000      0.5776900      0.5521000      0.5256700      0.5025900      0.4808800      0.4605300      0.4415300      0.4248800    
  0.9041800      0.9228860      0.9412700      0.9404630      0.9396420      0.9222840      0.8915000      0.8894080      0.8646300      0.8404670      0.8405500      0.8302600      0.8032030      0.7651400      0.7441400      0.7227600      0.7005800      0.6768800      0.6517700      0.6252000      0.5978100      0.5704000      0.5436100      0.5178600      0.4934100      0.4703700      0.4469400      0.4270000      0.4096500      0.3924200    
  0.9227780      0.9412700      0.9408670      0.9404590      0.9234720      0.8915000      0.8904540      0.8653190      0.8405090      0.8405500      0.8354050      0.8097880      0.7651400      0.7546400      0.7440130      0.7224930      0.7000730      0.6764100      0.6217340      0.5927400      0.5649600      0.5373600      0.5104700      0.4846800      0.4602700      0.4374000      0.4150700      0.3967000      0.3967200      0.3769500    
  0.9412700      0.9410680      0.9408650      0.9240740      0.8915000      0.8909770      0.8656700      0.8405290      0.8405500      0.8379780      0.8127210      0.7651400      0.7598900      0.7545980      0.7403820      0.7221930      0.6996590      0.6275410      0.5774100      0.5620800      0.5337000      0.5057500      0.4786900      0.4515400      0.4274000      0.4049100      0.4054400      0.3851200      0.3661400      0.3486400    
  0.9411690      0.9410680      0.9243770      0.8915000      0.8912380      0.8658470      0.8405400      0.8405500      0.8392640      0.8140970      0.7651400      0.7625150      0.7598760      0.7516230      0.7390580      0.7207450      0.6362440      0.5697450      0.5620800      0.5326870      0.5022800      0.4741200      0.4470500      0.4214200      0.4187400      0.3970100      0.3757000      0.3558000      0.3373200      0.3202700    
  0.9411690      0.9245280      0.8915000      0.8913690      0.8659360      0.8405450      0.8405500      0.8399070      0.8147630      0.7651400      0.7638270      0.7625100      0.7580050      0.7501860      0.7371420      0.6332330      0.5659120      0.5620800      0.5053540      0.4761150      0.4631140      0.4465700      0.4410700      0.4147800      0.3906300      0.3683200      0.3475600      0.3282600      0.3102800      0.2937200    
  0.9246040      0.8915000      0.8914350      0.8659810      0.8405470      0.8405500      0.8402280      0.8150900      0.7651400      0.7644840      0.7638260      0.7614470      0.7569000      0.6744710      0.5900160      0.5049660      0.5042050      0.4827840      0.4566220      0.4505350      0.4499500      0.4426500      0.4134000      0.3871300      0.3630400      0.3410900      0.3210600      0.3025500      0.2851700      0.2700700    
  0.8915000      0.8914670      0.8660030      0.8405490      0.8405500      0.8403890      0.8152520      0.7651400      0.7648120      0.7644830      0.7632520      0.7607250      0.6195620      0.4525170      0.4525500      0.4620200      0.4447810      0.4463300      0.4435340      0.4432170      0.4511200      0.4187700      0.3876200      0.3608400      0.3368400      0.3156000      0.2966600      0.2793600      0.2640700      0.2478100    
  0.8914840      0.8660140      0.8405490      0.8405500      0.8404700      0.8153330      0.7651400      0.7649760      0.7648120      0.7641830      0.6574640      0.4994300      0.4681220      0.4524770      0.4524840      0.4525500      0.4465440      0.4432330      0.4463300      0.4340520      0.4285800      0.3957800      0.3651200      0.3359500      0.3120800      0.2918300      0.2745300      0.2600500      0.2453500      0.2304800    
  0.8660190      0.8405500      0.8405500      0.8405100      0.8153730      0.7651400      0.7650580      0.7649760      0.7646570      0.6370640      0.4994300      0.4994300      0.4994300      0.4680650      0.4523970      0.4524170      0.4525500      0.4440640      0.4401350      0.4463300      0.4101800      0.3751300      0.3424900      0.3136900      0.2885900      0.2697400      0.2554600      0.2428200      0.2309100      0.2188900    
  0.8405500      0.8405500      0.8405300      0.8153930      0.7651400      0.7650990      0.7650580      0.7249050      0.6343090      0.4994830      0.4994300      0.4994300      0.4994300      0.4994300      0.4679480      0.4522230      0.4522850      0.4525500      0.4372430      0.4339400      0.3953800      0.3575300      0.3220500      0.2911700      0.2670800      0.2495700      0.2381100      0.2290800      0.2206100      0.2119200    
  0.8405500      0.8405400      0.8154030      0.7651400      0.7651190      0.7073650      0.6207600      0.6128450      0.6049300      0.5347420      0.4995900      0.4994300      0.4994300      0.4994300      0.4994300      0.4677200      0.4518330      0.4520200      0.4525500      0.4161500      0.3780900      0.3393500      0.3003200      0.2696200      0.2449700      0.2312900      0.2239700      0.2193100      0.2143900      0.2086100    
  0.8405450      0.8154080      0.7651400      0.7651300      0.6958350      0.6207680      0.6207690      0.6207600      0.6128460      0.6049300      0.5350190      0.4999100      0.4994300      0.4994300      0.4994300      0.4994300      0.4673320      0.4509300      0.4514900      0.4142500      0.3704800      0.3302600      0.2891300      0.2502500      0.2230900      0.2160100      0.2166700      0.2149500      0.2128000      0.2090100    
