iMOD/TUTORIALS/TUT_MetaswapAnalyser/model_MetaSWAP/meteo/Precipitation/Precipitation_20060519_L1.ASC
NCOLS                30
NROWS                30
XLLCORNER     160000.00
YLLCORNER     340000.00
CELLSIZE        1000.00
NODATA_VALUE   -9999.00
   3.720790       3.741480       3.764240       3.786890       3.808070       3.807500       3.787920       3.756850       3.727680       3.734810       3.783630       3.844180       3.908550       3.977520       4.039680       4.105590       4.169380       4.222040       4.277120       4.329310       4.377830       4.416330       4.454660       4.488370       4.514190       4.532650       4.542440       4.541250       4.524690       4.482220    
   3.762500       3.780490       3.798810       3.814170       3.827210       3.822000       3.802790       3.770960       3.729170       3.730700       3.804220       3.875760       3.942260       4.015820       4.078650       4.142330       4.200340       4.266100       4.314140       4.363380       4.408250       4.442830       4.476570       4.505720       4.527220       4.542290       4.550460       4.550470       4.532590       4.497880    
   3.804880       3.819900       3.834060       3.851150       3.853160       3.847480       3.832270       3.809510       3.791030       3.803620       3.858310       3.922770       3.989200       4.056510       4.121590       4.184100       4.240650       4.294290       4.344580       4.390740       4.425770       4.455840       4.485710       4.508000       4.524360       4.535080       4.533620       4.535160       4.528290       4.515190    
   3.847310       3.860080       3.871670       3.885130       3.887770       3.884790       3.876570       3.865330       3.868130       3.888950       3.929840       3.984130       4.041000       4.104180       4.162010       4.219450       4.272290       4.322420       4.369200       4.411340       4.447590       4.472970       4.490250       4.497920       4.507370       4.511420       4.510710       4.505860       4.494730       4.482290    
   3.890590       3.901940       3.916120       3.923280       3.927520       3.928670       3.927820       3.937590       3.946580       3.968480       3.992930       4.041690       4.095030       4.150980       4.205230       4.256100       4.300760       4.346490       4.389330       4.426910       4.458690       4.481210       4.489280       4.491650       4.491270       4.484640       4.472100       4.449690       4.423250       4.378480    
   3.935060       3.946860       3.956470       3.964800       3.971580       3.977120       3.988470       4.001550       3.989490       4.019440       4.058900       4.105080       4.154330       4.203120       4.248440       4.292140       4.333560       4.375660       4.416100       4.449780       4.475270       4.489740       4.488570       4.484050       4.471460       4.448320       4.420830       4.380980       4.333100       4.265180    
   3.975640       3.987970       3.998540       4.008610       4.027240       4.035240       4.044520       4.019750       4.046600       4.080480       4.120690       4.165550       4.212320       4.257940       4.296630       4.333530       4.365770       4.405890       4.446210       4.476510       4.493470       4.498190       4.491660       4.468730       4.442450       4.407520       4.359460       4.306110       4.238220       4.154890    
   4.018780       4.041530       4.053290       4.063740       4.074560       3.985880       4.039440       4.066290       4.098410       4.135640       4.177640       4.223030       4.269550       4.313390       4.349510       4.383460       4.406370       4.446750       4.485210       4.507550       4.514470       4.507280       4.487570       4.450610       4.409560       4.354720       4.295720       4.226560       4.142620       4.048620    
   4.074130       4.081510       4.093830       4.108180       3.990280       4.015180       4.076920       4.108000       4.144090       4.184580       4.229080       4.276410       4.324680       4.361460       4.406930       4.445170       4.477400       4.509800       4.534340       4.544740       4.538570       4.517110       4.482430       4.430180       4.369040       4.303930       4.230040       4.143330       4.050730       3.947200    
   4.112310       4.121000       4.135020       3.987540       4.012420       4.040300       4.108220       4.143610       4.183060       4.226640       4.274000       4.324200       4.375710       4.417930       4.465360       4.510310       4.547280       4.576170       4.591670       4.589460       4.568890       4.526810       4.475640       4.413600       4.330880       4.251080       4.159740       4.064750       3.961460       3.849760    
   4.110900       4.122780       4.061680       4.003160       4.030660       4.076160       4.134280       4.172400       4.214570       4.260880       4.311090       4.364520       4.407300       4.459710       4.514310       4.568750       4.612880       4.642010       4.650130       4.634590       4.597290       4.542680       4.475070       4.393820       4.305310       4.198640       4.099060       3.992970       3.880230       3.756130    
   4.111090       4.074630       4.003160       4.036400       4.043460       4.092090       4.153760       4.193720       4.237850       4.286230       4.325990       4.384100       4.430860       4.494590       4.558790       4.622020       4.674800       4.706180       4.707910       4.676870       4.619630       4.544980       4.453400       4.359760       4.260460       4.147590       4.037660       3.922650       3.802430       3.677180    
   4.072040       4.003160       4.040940       4.055880       4.068310       4.128080       4.165650       4.207030       4.235520       4.284860       4.340650       4.377260       4.445990       4.517860       4.589060       4.662240       4.727200       4.769150       4.765530       4.714440       4.629220       4.532400       4.428620       4.320730       4.209650       4.095460       3.968820       3.847030       3.721320       3.591680    
   4.003160       4.043630       4.062100       4.068310       4.109570       4.132310       4.147440       4.190370       4.237430       4.289460       4.345450       4.378550       4.448490       4.522850       4.601150       4.680540       4.760930       4.825020       4.822510       4.735370       4.624560       4.507970       4.382560       4.262630       4.142090       4.020440       3.889080       3.763100       3.634510       3.503090    
   4.045070       4.065200       4.068310       4.103400       4.132310       4.141630       4.145150       4.186900       4.232550       4.282350       4.301950       4.365940       4.434420       4.507490       4.585180       4.664920       4.752490       4.844180       4.851480       4.716430       4.582660       4.453460       4.326380       4.200680       4.075630       3.950490       3.824570       3.689250       3.559990       3.432870    
   4.066760       4.068310       4.101340       4.132310       4.139700       4.145150       4.166030       4.188200       4.230490       4.220150       4.276490       4.336560       4.400380       4.467800       4.540270       4.612690       4.680200       4.736740       4.724620       4.628870       4.509450       4.378660       4.252800       4.127480       4.002590       3.877790       3.752590       3.626530       3.491400       3.362790    
   4.068310       4.100650       4.132310       4.139050       4.145150       4.155590       4.166460       4.201220       4.220150       4.248320       4.276630       4.292980       4.351940       4.410310       4.464310       4.518870       4.565950       4.589010       4.567020       4.496300       4.396570       4.284220       4.166780       4.038250       3.916930       3.795340       3.673480       3.551200       3.428360       3.299310    
   4.100420       4.132310       4.138840       4.145150       4.150370       4.155730       4.185850       4.220150       4.234230       4.255400       4.274970       4.256950       4.301700       4.330060       4.372830       4.409360       4.436760       4.440440       4.412790       4.352550       4.267630       4.167760       4.059790       3.947620       3.824500       3.708580       3.592320       3.475950       3.359650       3.244830    
   4.132310       4.138770       4.145150       4.147760       4.150420       4.178030       4.220150       4.227190       4.246540       4.265960       4.256950       4.279330       4.282640       4.241860       4.270720       4.291520       4.299140       4.295700       4.263890       4.208420       4.133140       4.043750       3.945350       3.841620       3.734920       3.626660       3.509450       3.400530       3.293380       3.185030    
   4.138740       4.145150       4.146450       4.147780       4.174090       4.220150       4.223670       4.242460       4.261450       4.256950       4.268140       4.265190       4.241860       4.256290       4.268030       4.287130       4.295450       4.286240       4.153200       4.067370       3.998360       3.917110       3.827300       3.731990       3.633450       3.533230       3.431820       3.332720       3.249600       3.141710    
   4.145150       4.145800       4.146460       4.172120       4.220150       4.221910       4.240490       4.259200       4.256950       4.262540       4.258040       4.241860       4.249070       4.255390       4.270480       4.283540       4.289610       4.132910       3.999000       3.930640       3.865770       3.790730       3.708240       3.620120       3.529740       3.437900       3.366340       3.273520       3.181060       3.089660    
   4.145480       4.145800       4.171130       4.220150       4.221030       4.239510       4.258080       4.256950       4.259750       4.254850       4.241860       4.245470       4.248780       4.258320       4.269810       4.281210       4.120300       3.964820       3.930640       3.844020       3.735660       3.665410       3.589090       3.508760       3.445770       3.363280       3.279310       3.195430       3.112150       3.030030    
   4.145480       4.170640       4.220150       4.220590       4.239030       4.257510       4.256950       4.258350       4.253350       4.241860       4.243660       4.245370       4.250850       4.258970       4.269780       4.038930       3.947730       3.930640       3.700870       3.603990       3.571980       3.543750       3.491110       3.417380       3.342540       3.266810       3.191440       3.116550       3.042410       2.969470    
   4.170400       4.220150       4.220370       4.238790       4.257230       4.256950       4.257650       4.252630       4.241860       4.242760       4.243630       4.246630       4.251730       3.970670       3.751990       3.577250       3.575600       3.527350       3.466710       3.424820       3.472310       3.442770       3.374940       3.306800       3.238390       3.170610       3.103830       3.038000       2.972920       2.905230    
   4.220150       4.220260       4.238670       4.257090       4.256950       4.257300       4.252270       4.241860       4.242310       4.242750       4.244340       4.247330       3.733600       3.100660       3.103090       3.263920       3.208420       3.220560       3.317970       3.371330       3.377320       3.312250       3.261310       3.197360       3.134870       3.074620       3.016570       2.960090       2.901310       2.846150    
   4.220210       4.238610       4.257020       4.256950       4.257120       4.252100       4.241860       4.242090       4.242310       4.243130       3.741540       2.986640       3.060740       3.098330       3.098230       3.103090       3.168560       3.196270       3.220560       3.255190       3.264350       3.201330       3.137930       3.088950       3.031750       2.978970       2.930060       2.881040       2.835550       2.789760    
   4.238580       4.256980       4.256950       4.257040       4.252010       4.241860       4.241970       4.242080       4.242510       3.640050       2.986640       2.986640       2.986640       3.057310       3.093680       3.093360       3.103090       3.154320       3.171990       3.220560       3.158510       3.094430       3.031030       2.971500       2.928840       2.883730       2.842970       2.807330       2.772810       2.737600    
   4.256970       4.256950       4.256990       4.251960       4.241860       4.241920       4.241970       3.881130       3.472080       2.986500       2.986640       2.986640       2.986640       2.986640       3.050700       3.084590       3.083630       3.103090       3.121640       3.123410       3.059110       2.992700       2.927290       2.867500       2.818180       2.788170       2.760220       2.736920       2.714190       2.689950    
   4.256950       4.256970       4.251940       4.241860       4.241890       3.667040       2.804750       2.801350       2.797960       2.923380       2.986230       2.986640       2.986640       2.986640       2.986640       3.038200       3.067060       3.064180       3.103090       3.039520       2.971670       2.900960       2.834100       2.766820       2.717520       2.689990       2.681530       2.672070       2.661340       2.647450    
   4.256960       4.251930       4.241860       4.241870       3.552010       2.804680       2.804680       2.804750       2.801350       2.797960       2.922680       2.985410       2.986640       2.986640       2.986640       2.986640       3.015460       3.033900       3.025260       2.960720       2.900890       2.824260       2.745420       2.669580       2.615880       2.603650       2.608600       2.614760       2.616790       2.611630    
