iMOD/TUTORIALS/TUT_MetaswapAnalyser/model_MetaSWAP/meteo/Precipitation/Precipitation_20050514_L1.ASC
NCOLS                30
NROWS                30
XLLCORNER     160000.00
YLLCORNER     340000.00
CELLSIZE        1000.00
NODATA_VALUE   -9999.00
  0.4067200      0.4234000      0.4404500      0.4634700      0.5065200      0.6063500      0.7803400       1.007430       1.252460       1.443430       1.539940       1.600180       1.645540       1.672320       1.697110       1.717760       1.694700       1.692170       1.695350       1.695770       1.694130       1.662880       1.656250       1.649450       1.644050       1.640170       1.638210       1.638180       1.639340       1.641400    
  0.4070600      0.4316900      0.4629500      0.5047300      0.5697600      0.6803100      0.8452700       1.062770       1.324350       1.516230       1.555750       1.591330       1.622060       1.641540       1.659290       1.640780       1.647290       1.654690       1.643640       1.639910       1.634200       1.602010       1.591660       1.581200       1.572090       1.564710       1.559730       1.557610       1.548930       1.552160    
  0.4147200      0.4463700      0.4861000      0.5374900      0.6168300      0.7284600      0.8799500       1.068720       1.278510       1.433260       1.505120       1.545040       1.575030       1.591040       1.606280       1.592180       1.594300       1.593200       1.589370       1.583170       1.562610       1.529260       1.514760       1.500750       1.487650       1.476350       1.458310       1.454990       1.457590       1.462370    
  0.4245900      0.4613900      0.5073900      0.5649100      0.6454400      0.7514000      0.8845200       1.039470       1.203400       1.334450       1.418040       1.470460       1.505250       1.524300       1.538380       1.529360       1.527940       1.523360       1.516190       1.506600       1.494690       1.469270       1.431610       1.403360       1.386330       1.371070       1.358550       1.349770       1.346760       1.347620    
  0.4345800      0.4744000      0.5209100      0.5826200      0.6604800      0.7568600      0.8709800       1.006180       1.133110       1.243070       1.323620       1.380340       1.419520       1.442060       1.459540       1.457010       1.449050       1.441480       1.431520       1.418970       1.402370       1.384610       1.340070       1.312250       1.290060       1.269000       1.249850       1.234570       1.220280       1.206870    
  0.4435200      0.4827000      0.5320100      0.5919700      0.6644900      0.7502400      0.8505300      0.9621900       1.060600       1.155590       1.233330       1.292200       1.331470       1.355990       1.376860       1.374940       1.367800       1.358650       1.347740       1.333650       1.314790       1.293740       1.247790       1.220550       1.192770       1.161900       1.135700       1.112040       1.088090       1.064410    
  0.4490000      0.4906700      0.5383900      0.5948300      0.6648700      0.7399600      0.8225200      0.9078100      0.9968800       1.078580       1.148170       1.203410       1.244150       1.268020       1.296300       1.291590       1.280270       1.270780       1.260810       1.244960       1.224910       1.200740       1.173310       1.121250       1.088420       1.055150       1.023440      0.9905700      0.9572500      0.9264100    
  0.4544400      0.4993100      0.5457000      0.5975000      0.6564700      0.6727700      0.7838200      0.8607700      0.9365300       1.006840       1.068220       1.118450       1.156610       1.180260       1.216070       1.209270       1.192820       1.184320       1.174100       1.157150       1.134480       1.107200       1.076300       1.021600      0.9842900      0.9476100      0.9089000      0.8703800      0.8345100      0.7975300    
  0.4648700      0.5025800      0.5440700      0.5927100      0.5860000      0.6443900      0.7487600      0.8144800      0.8791200      0.9395700      0.9931600       1.037970       1.072860       1.135510       1.137380       1.131330       1.119360       1.106570       1.091130       1.070640       1.044830       1.014480      0.9804600      0.9234300      0.8839800      0.8417700      0.7989900      0.7583800      0.7157500      0.6749400    
  0.4694100      0.5043500      0.5421500      0.5164200      0.5643300      0.6148100      0.7130600      0.7693100      0.8244400      0.8762100      0.9225700      0.9619200      0.9932100       1.063820       1.061110       1.055200       1.044470       1.029210       1.009980      0.9860100      0.9573100      0.9235100      0.8869900      0.8476700      0.7861100      0.7412700      0.6979000      0.6518100      0.6064500      0.5628400    
  0.4712430      0.5053030      0.5157070      0.4999100      0.5399800      0.6047100      0.6776500      0.7255500      0.7723700      0.8164000      0.8560500      0.8900100      0.9865900      0.9914300      0.9867300      0.9799300      0.9674100      0.9502200      0.9281800      0.9014400      0.8703700      0.8355500      0.7975500      0.7579200      0.7178400      0.6498400      0.6025900      0.5551700      0.5083200      0.4628400    
  0.4725690      0.4980410      0.4999100      0.5179580      0.5171500      0.5744800      0.6418100      0.6834600      0.7228900      0.7599200      0.7995600      0.8275600      0.9196100      0.9219400      0.9122400      0.9033600      0.8892700      0.8697800      0.8458000      0.8174800      0.7853400      0.7498400      0.7145800      0.6736400      0.6304300      0.5641900      0.5170300      0.4696200      0.4226200      0.3767900    
  0.4782610      0.4999100      0.5121570      0.5159700      0.5147900      0.5742800      0.6082100      0.6421000      0.6825700      0.7139100      0.7408900      0.8560200      0.8567100      0.8528600      0.8389200      0.8270100      0.8100600      0.7884500      0.7627200      0.7343300      0.7045500      0.6701700      0.6327900      0.5927900      0.5505900      0.5066100      0.4411100      0.3950800       0.000000       0.000000    
  0.4999100      0.5105590      0.5153800      0.5147900      0.5456570      0.5479000      0.5840200      0.6120000      0.6387300      0.6669900      0.6882000      0.7981000      0.7944300      0.7864900      0.7739700      0.7521800      0.7320300      0.7062400      0.6793600      0.6536200      0.6248000      0.5925400      0.5557100      0.5174900      0.4771800      0.4352600      0.3753700       0.000000       0.000000       0.000000    
  0.5100860      0.5150850      0.5147900      0.5361160      0.5479000      0.5656930      0.5651600      0.5872700      0.6079400      0.6264600      0.7513600      0.7467000      0.7384700      0.7262100      0.7094800      0.6822400      0.6572400      0.6250800      0.5963100      0.5754500      0.5486800      0.5185500      0.4853700      0.4497800      0.4123000      0.3734300       0.000000       0.000000       0.000000       0.000000    
  0.5149380      0.5147900      0.5329350      0.5479000      0.5595840      0.5651600      0.5762150      0.5867900      0.6327070      0.7091600      0.7036500      0.6953200      0.6837100      0.6684000      0.6409500      0.6182000      0.5887000      0.5593300      0.5318300      0.5083400      0.4833000      0.4548600      0.4242400      0.3915100       0.000000       0.000000       0.000000       0.000000       0.000000       0.000000    
  0.5147900      0.5318750      0.5479000      0.5575480      0.5651600      0.5706880      0.5760550      0.6262180      0.7091600      0.7064050      0.6678960      0.6477600      0.6226800      0.6053400      0.5898100      0.5659800      0.5308600      0.5035200      0.4769800      0.4520700      0.4270200      0.4004900      0.3721900       0.000000       0.000000       0.000000       0.000000       0.000000       0.000000       0.000000    
  0.5315220      0.5479000      0.5568690      0.5651600      0.5679240      0.5706340      0.6205300      0.7091600      0.7077830      0.6565450      0.6156750      0.5835900      0.5685300      0.5622800      0.5408800      0.5170800      0.4805000      0.4545300      0.4288100      0.4038100      0.3789700       0.000000       0.000000       0.000000       0.000000       0.000000       0.000000       0.000000       0.000000       0.000000    
  0.5479000      0.5566430      0.5651600      0.5665420      0.5679060      0.6170620      0.7091600      0.7084710      0.6513420      0.5996330      0.5835900      0.5760600      0.5584280      0.5193100      0.4974200      0.4738600      0.4492800      0.4113500      0.3864600       0.000000       0.000000       0.000000       0.000000       0.000000       0.000000       0.000000       0.000000       0.000000       0.000000       0.000000    
  0.5565680      0.5651600      0.5658510      0.5665360      0.6151670      0.7091600      0.7088160      0.6488350      0.5916110      0.5835900      0.5798250      0.5593470      0.5193100      0.5083650      0.4968630      0.4735200      0.4448300      0.4156970      0.1595620       0.000000       0.000000       0.000000       0.000000       0.000000       0.000000       0.000000       0.000000       0.000000       0.000000       0.000000    
  0.5651600      0.5655060      0.5658490      0.6141790      0.7091600      0.7089880      0.6476000      0.5876010      0.5835900      0.5817070      0.5605180      0.5193100      0.5138380      0.5081790      0.4929160      0.4717380      0.4446820      0.2040180       0.000000       0.000000       0.000000       0.000000       0.000000       0.000000       0.000000       0.000000       0.000000       0.000000       0.000000       0.000000    
  0.5653330      0.5655050      0.6136730      0.7091600      0.7090740      0.6469870      0.5855950      0.5835900      0.5826490      0.5612810      0.5193100      0.5165740      0.5137760      0.5049780      0.4909440      0.4697790      0.2240880       0.000000       0.000000       0.000000       0.000000       0.000000       0.000000       0.000000       0.000000       0.000000       0.000000       0.000000       0.000000       0.000000    
  0.5653330      0.6134180      0.7091600      0.7091170      0.6466810      0.5845930      0.5835900      0.5831190      0.5617070      0.5193100      0.5179420      0.5165530      0.5117760      0.5032330      0.4885670      0.2369620       0.000000       0.000000       0.000000       0.000000       0.000000       0.000000       0.000000       0.000000       0.000000       0.000000       0.000000       0.000000       0.000000       0.000000    
  0.6132890      0.7091600      0.7091380      0.6465280      0.5840910      0.5835900      0.5833550      0.5619320      0.5193100      0.5186260      0.5179350      0.5154240      0.5105210      0.3758940      0.2047940       0.000000       0.000000       0.000000       0.000000       0.000000       0.000000       0.000000       0.000000       0.000000       0.000000       0.000000       0.000000       0.000000       0.000000       0.000000    
  0.7091600      0.7091490      0.6464510      0.5838410      0.5835900      0.5834720      0.5620470      0.5193100      0.5189680      0.5186240      0.5173280      0.5146260      0.2803680       0.000000       0.000000       0.000000       0.000000       0.000000       0.000000       0.000000       0.000000       0.000000       0.000000       0.000000       0.000000       0.000000       0.000000       0.000000       0.000000       0.000000    
  0.7091550      0.6464130      0.5837150      0.5835900      0.5835310      0.5621050      0.5193100      0.5191390      0.5189670      0.5183070      0.3101160       0.000000       0.000000       0.000000       0.000000       0.000000       0.000000       0.000000       0.000000       0.000000       0.000000       0.000000       0.000000       0.000000       0.000000       0.000000       0.000000       0.000000       0.000000       0.000000    
  0.6463940      0.5836530      0.5835900      0.5835610      0.5621340      0.5193100      0.5192250      0.5191390      0.5188040      0.2694780       0.000000       0.000000       0.000000       0.000000       0.000000       0.000000       0.000000       0.000000       0.000000       0.000000       0.000000       0.000000       0.000000       0.000000       0.000000       0.000000       0.000000       0.000000       0.000000       0.000000    
  0.5836210      0.5835900      0.5835750      0.5621490      0.5193100      0.5192670      0.5192240      0.3892920      0.2179030       0.000000       0.000000       0.000000       0.000000       0.000000       0.000000       0.000000       0.000000       0.000000       0.000000       0.000000       0.000000       0.000000       0.000000       0.000000       0.000000       0.000000       0.000000       0.000000       0.000000       0.000000    
  0.5835900      0.5835830      0.5621560      0.5193100      0.5192890      0.3115600       0.000000       0.000000       0.000000       0.000000       0.000000       0.000000       0.000000       0.000000       0.000000       0.000000       0.000000       0.000000       0.000000       0.000000       0.000000       0.000000       0.000000       0.000000       0.000000       0.000000       0.000000       0.000000       0.000000       0.000000    
  0.5835860      0.5621600      0.5193100      0.5192990      0.2700320       0.000000       0.000000       0.000000       0.000000       0.000000       0.000000       0.000000       0.000000       0.000000       0.000000       0.000000       0.000000       0.000000       0.000000       0.000000       0.000000       0.000000       0.000000       0.000000       0.000000       0.000000       0.000000       0.000000       0.000000       0.000000    
