iMOD/TUTORIALS/TUT_MetaswapAnalyser/model_MetaSWAP/meteo/Precipitation/Precipitation_20060324_L1.ASC
NCOLS                30
NROWS                30
XLLCORNER     160000.00
YLLCORNER     340000.00
CELLSIZE        1000.00
NODATA_VALUE   -9999.00
   5.150790       5.334830       5.535400       5.757330       6.012750       6.321790       6.689740       7.084660       7.439890       7.567380       7.418760       7.194590       6.962780       6.738770       6.541730       6.374930       6.208120       6.079330       5.987760       5.919720       5.871490       5.843140       5.823280       5.809620       5.805620       5.806120       5.809380       5.813550       5.815990       5.803020    
   5.213040       5.400660       5.607400       5.839380       6.106320       6.418040       6.778960       7.182850       7.621770       7.767200       7.451510       7.156870       6.886280       6.637340       6.417760       6.209190       6.052040       5.929670       5.825450       5.758950       5.714700       5.691180       5.677330       5.670420       5.673290       5.681340       5.693230       5.707670       5.718500       5.721330    
   5.258480       5.444770       5.650050       5.879150       6.136550       6.426960       6.748190       7.085380       7.384540       7.458390       7.261810       6.994080       6.726800       6.468010       6.238090       6.024660       5.860670       5.735390       5.646530       5.588320       5.541280       5.526200       5.517910       5.521410       5.531440       5.546540       5.561500       5.585540       5.604590       5.637190    
   5.285270       5.464760       5.660540       5.874600       6.108540       6.360370       6.620640       6.864500       7.041700       7.074090       6.950930       6.738510       6.494940       6.245340       6.013550       5.800050       5.633330       5.512070       5.433550       5.388760       5.367580       5.347670       5.355160       5.361840       5.378720       5.399780       5.424610       5.453240       5.478790       5.519010    
   5.293620       5.461570       5.640940       5.833160       6.035640       6.242630       6.441440       6.609180       6.713880       6.719380       6.617710       6.443170       6.225310       5.988880       5.758230       5.544680       5.374450       5.262120       5.202150       5.178000       5.171630       5.179960       5.196190       5.205310       5.227380       5.251810       5.278320       5.296670       5.328860       5.357070    
   5.285350       5.436780       5.597650       5.764530       5.933570       6.097490       6.243390       6.356020       6.402620       6.392140       6.302330       6.148260       5.949230       5.724480       5.496680       5.271240       5.092910       4.995350       4.966510       4.970840       4.985590       5.007930       5.033330       5.058250       5.083200       5.100720       5.126230       5.141560       5.166970       5.186650    
   5.247740       5.397000       5.537250       5.678370       5.814440       5.941700       6.047350       6.100820       6.133110       6.104510       6.016170       5.874220       5.689860       5.475640       5.252520       5.006730       4.795180       4.724940       4.746360       4.779540       4.814520       4.847340       4.877670       4.906810       4.932660       4.956490       4.966790       4.988120       5.002310       5.016040    
   5.223710       5.331290       5.464930       5.582680       5.692660       5.735370       5.831950       5.883250       5.890410       5.850990       5.763480       5.631220       5.460940       5.262730       5.054740       4.807720       4.555840       4.525250       4.579290       4.626940       4.668240       4.704190       4.735620       4.764280       4.788340       4.796730       4.815610       4.831370       4.844060       4.851960    
   5.180330       5.274540       5.376970       5.486460       5.504770       5.579560       5.653420       5.683840       5.675900       5.629750       5.544460       5.422350       5.268340       5.124500       4.916270       4.709380       4.539680       4.474630       4.486170       4.517260       4.550300       4.580980       4.608160       4.632720       4.639940       4.656500       4.669590       4.679710       4.685360       4.687460    
   5.135270       5.214400       5.299410       5.300420       5.378930       5.433410       5.494590       5.505550       5.487500       5.437970       5.356670       5.245710       5.109570       4.991790       4.821130       4.655120       4.526480       4.453970       4.433020       4.439490       4.456650       4.476110       4.495100       4.511580       4.514260       4.524250       4.531260       4.533750       4.532510       4.527980    
   5.130660       5.216360       5.252810       5.197030       5.251090       5.314860       5.347140       5.347130       5.322630       5.272210       5.196130       5.096600       5.033330       4.865230       4.731730       4.600430       4.495860       4.427860       4.394570       4.385470       4.389610       4.399360       4.410190       4.409350       4.416520       4.419920       4.418690       4.413250       4.403690       4.375140    
   5.129790       5.199220       5.197030       5.159990       5.139320       5.183030       5.205950       5.206820       5.178460       5.128770       5.019740       4.936590       4.892050       4.778090       4.662190       4.550810       4.458140       4.391810       4.350160       4.328780       4.320620       4.319380       4.312400       4.312650       4.310920       4.307400       4.298810       4.286010       4.268940       4.247950    
   5.141760       5.197030       5.126360       5.095910       5.052510       5.081450       5.085980       5.074260       4.992690       4.954030       4.895110       4.901500       4.801260       4.696300       4.596450       4.498320       4.413400       4.346110       4.301060       4.273640       4.250620       4.239620       4.231560       4.223740       4.214340       4.202130       4.187720       4.167830       4.143560       4.114970    
   5.197030       5.112530       5.074210       5.052510       5.037960       4.979910       4.909760       4.899050       4.874110       4.835000       4.782570       4.804050       4.714470       4.621340       4.528830       4.444120       4.364410       4.295780       4.245350       4.212580       4.190190       4.172870       4.142170       4.124620       4.106250       4.085940       4.064710       4.038400       4.008360       3.974360    
   5.106360       5.063360       5.052510       5.023460       4.979910       4.902640       4.818240       4.804420       4.778530       4.740810       4.786630       4.712760       4.633000       4.550110       4.467090       4.391680       4.314190       4.243170       4.188780       4.150490       4.123980       4.097960       4.073820       4.050130       4.025670       3.999490       3.970860       3.940920       3.905930       3.875740    
   5.057940       5.052510       5.018630       4.979910       4.900260       4.818240       4.811330       4.800400       4.771020       4.760310       4.699360       4.631830       4.559520       4.484570       4.408940       4.335390       4.266720       4.199460       4.145100       4.104720       4.070720       4.043380       4.015000       3.986870       3.957960       3.927460       3.894750       3.859400       3.822270       3.780720    
   5.052510       5.017020       4.979910       4.899470       4.818240       4.814790       4.809990       4.785760       4.760310       4.729840       4.636010       4.557840       4.491570       4.423330       4.357650       4.286630       4.221110       4.158460       4.104700       4.059860       4.021030       3.985510       3.951610       3.922720       3.889380       3.854810       3.818570       3.780450       3.740390       3.691680    
   5.016480       4.979910       4.899210       4.818240       4.816510       4.814340       4.792710       4.760310       4.745070       4.640220       4.544270       4.530700       4.462700       4.372100       4.304070       4.238240       4.176570       4.117050       4.063810       4.016750       3.974440       3.935140       3.897420       3.860230       3.827310       3.789520       3.750650       3.710740       3.670120       3.622080    
   4.979910       4.899120       4.818240       4.817380       4.816360       4.795970       4.760310       4.752690       4.642760       4.537490       4.530700       4.496700       4.420370       4.315970       4.252540       4.191060       4.132750       4.075350       4.022790       3.974690       3.930200       3.888200       3.847600       3.807530       3.767370       3.726790       3.690150       3.649080       3.601450       3.563180    
   4.899090       4.818240       4.817810       4.817330       4.797500       4.760310       4.756500       4.644110       4.534090       4.530700       4.513700       4.440930       4.315970       4.284260       4.253190       4.192120       4.133050       4.076960       3.980060       3.933660       3.888030       3.844350       3.801810       3.759690       3.717510       3.675080       3.634390       3.583030       3.552490       3.518500    
   4.818240       4.818020       4.817790       4.798240       4.760310       4.758410       4.644800       4.532400       4.530700       4.522200       4.450330       4.315970       4.300110       4.284470       4.243190       4.192790       4.134040       3.999530       3.913740       3.893820       3.847880       3.803420       3.759810       3.718350       3.674810       3.630980       3.590220       3.546450       3.504870       3.467550    
   4.818130       4.818020       4.798590       4.760310       4.759360       4.645150       4.531550       4.530700       4.526450       4.454800       4.315970       4.308040       4.300180       4.275920       4.240150       4.190010       4.024790       3.903780       3.893820       3.851200       3.811910       3.767360       3.723440       3.679600       3.644660       3.596160       3.550230       3.504990       3.461910       3.423580    
   4.818130       4.798760       4.760310       4.759830       4.645330       4.531120       4.530700       4.528570       4.456980       4.315970       4.312010       4.308070       4.294720       4.272090       4.235360       4.031510       3.898800       3.893820       3.816530       3.782310       3.754230       3.731920       3.697230       3.654280       3.609330       3.562560       3.515830       3.469080       3.423640       3.382380    
   4.798850       4.760310       4.760070       4.645420       4.530910       4.530700       4.529640       4.458060       4.315970       4.313990       4.312010       4.304930       4.291620       4.104290       3.943160       3.804030       3.803800       3.779080       3.749760       3.738800       3.752710       3.707230       3.670580       3.625950       3.581120       3.535520       3.488820       3.440990       3.392770       3.363660    
   4.760310       4.760190       4.645460       4.530810       4.530700       4.530170       4.458590       4.315970       4.314980       4.313990       4.310310       4.302860       3.985320       3.613700       3.614990       3.701010       3.709500       3.713780       3.721510       3.728160       3.724890       3.696720       3.643620       3.601260       3.558640       3.515050       3.469830       3.422480       3.388250       3.333910    
   4.760250       4.645480       4.530750       4.530700       4.530430       4.458860       4.315970       4.315470       4.314980       4.313090       3.946480       3.402630       3.541960       3.612040       3.612400       3.614990       3.675750       3.705220       3.713780       3.705310       3.706870       3.667540       3.629310       3.580330       3.541260       3.501300       3.459610       3.428260       3.380080       3.326730    
   4.645490       4.530730       4.530700       4.530570       4.458990       4.315970       4.315720       4.315470       4.314520       3.875960       3.402630       3.402630       3.402630       3.539480       3.608720       3.609820       3.614990       3.669020       3.696650       3.713780       3.675690       3.639670       3.605170       3.571540       3.528490       3.493870       3.466890       3.430260       3.389630       3.346340    
   4.530710       4.530700       4.530630       4.459060       4.315970       4.315850       4.315720       4.024040       3.729520       3.402500       3.402630       3.402630       3.402630       3.402630       3.534160       3.601360       3.604650       3.614990       3.650660       3.679530       3.644740       3.612570       3.582520       3.554050       3.525540       3.495480       3.470760       3.442950       3.412890       3.383180    
   4.530700       4.530670       4.459090       4.315970       4.315910       3.826070       3.091440       3.120950       3.150460       3.318210       3.402230       3.402630       3.402630       3.402630       3.402630       3.522830       3.584430       3.594310       3.614990       3.594340       3.575710       3.558720       3.521050       3.527250       3.515640       3.502320       3.480780       3.462980       3.444240       3.427170    
   4.530680       4.459110       4.315970       4.315940       3.728100       3.091350       3.091350       3.091440       3.120950       3.150460       3.317510       3.401420       3.402630       3.402630       3.402630       3.402630       3.499600       3.543980       3.573630       3.557160       3.491460       3.496280       3.500600       3.503850       3.506140       3.507400       3.505670       3.489610       3.479510       3.473370    
