iMOD/TUTORIALS/TUT_MetaswapAnalyser/model_MetaSWAP/meteo/Precipitation/Precipitation_20050805_L1.ASC
NCOLS                30
NROWS                30
XLLCORNER     160000.00
YLLCORNER     340000.00
CELLSIZE        1000.00
NODATA_VALUE   -9999.00
   1.090230       1.113140       1.137280       1.161130       1.180580       1.190780       1.186660       1.173520       1.171900       1.248600       1.430700       1.647570       1.873390       2.079200       2.282270       2.476440       2.633640       2.753610       2.852080       2.921500       2.964870       2.987480       2.991170       2.977600       2.958220       2.932620       2.904590       2.878820       2.862290       2.857800    
   1.135260       1.155340       1.174100       1.192180       1.204020       1.207040       1.196550       1.171350       1.131260       1.193830       1.432690       1.677300       1.919140       2.148090       2.366300       2.561130       2.729930       2.874070       2.967170       3.037740       3.080310       3.100670       3.101610       3.085060       3.061690       3.031100       2.996410       2.961380       2.936880       2.920730    
   1.181730       1.200940       1.219310       1.234180       1.245790       1.250510       1.246970       1.238270       1.241230       1.328740       1.525940       1.761700       2.010740       2.243890       2.475680       2.683090       2.860970       3.002400       3.105830       3.174210       3.200720       3.215910       3.208740       3.191980       3.165330       3.131540       3.097920       3.055430       3.005370       2.974000    
   1.232850       1.252840       1.272350       1.289490       1.305420       1.318790       1.331760       1.352740       1.396800       1.503000       1.673640       1.892190       2.132310       2.371740       2.610590       2.828920       3.014450       3.156950       3.254830       3.313980       3.343070       3.334540       3.325950       3.310810       3.281460       3.246250       3.207040       3.165320       3.116460       3.080100    
   1.288680       1.310960       1.332800       1.356030       1.379800       1.405600       1.437420       1.485800       1.557610       1.673150       1.830360       2.038370       2.276480       2.521530       2.768480       3.001130       3.200900       3.342070       3.427700       3.471010       3.482750       3.479050       3.460940       3.425630       3.395670       3.362740       3.328970       3.287980       3.266070       3.265460    
   1.348780       1.373820       1.401350       1.431080       1.464110       1.502840       1.560780       1.620300       1.685840       1.817220       1.985350       2.190380       2.426260       2.675640       2.939150       3.194240       3.408260       3.542490       3.602200       3.620140       3.613870       3.598430       3.574000       3.547070       3.518220       3.482000       3.457440       3.430830       3.429670       3.454490    
   1.409900       1.441960       1.474780       1.511530       1.567770       1.616280       1.677240       1.714420       1.823500       1.959350       2.128800       2.331420       2.564000       2.821400       3.096220       3.381180       3.638240       3.752370       3.763990       3.749570       3.728960       3.704510       3.678300       3.650050       3.625240       3.604160       3.578410       3.576570       3.587810       3.628800    
   1.460770       1.529670       1.569140       1.610830       1.659590       1.696380       1.736160       1.831810       1.945500       2.085880       2.255470       2.454730       2.682300       2.935760       3.213580       3.508970       3.816360       3.893430       3.868260       3.841840       3.815030       3.788630       3.763610       3.739250       3.720900       3.696320       3.694740       3.706240       3.734150       3.786880    
   1.548810       1.601380       1.643040       1.693920       1.721050       1.789190       1.831340       1.934650       2.053160       2.195140       2.362450       2.555560       2.773380       3.015960       3.273070       3.533990       3.760010       3.873140       3.891790       3.882580       3.864920       3.845390       3.827060       3.810110       3.787410       3.786150       3.795640       3.817290       3.858380       3.920190    
   1.615460       1.672780       1.718980       1.733560       1.801550       1.875490       1.923520       2.025490       2.145810       2.286560       2.448930       2.632850       2.836670       3.056900       3.286900       3.507880       3.692200       3.809980       3.865670       3.884710       3.886570       3.874080       3.866730       3.862010       3.847980       3.857060       3.875390       3.909620       3.960360       4.029880    
   1.622880       1.669070       1.732330       1.804020       1.871160       1.943360       2.000560       2.103960       2.223560       2.360690       2.515840       2.688330       2.876610       3.103120       3.299500       3.478480       3.632240       3.740980       3.806970       3.841390       3.857150       3.863890       3.868080       3.863180       3.873700       3.880740       3.911240       3.955540       4.015810       4.114800    
   1.624540       1.707080       1.804020       1.900580       1.939070       2.007470       2.062910       2.170320       2.287200       2.418870       2.613780       2.768260       2.939130       3.112500       3.279720       3.433900       3.565530       3.672890       3.745970       3.793870       3.824460       3.845160       3.851520       3.868410       3.890110       3.916120       3.955930       4.008690       4.076380       4.160410    
   1.680140       1.804020       1.914050       1.963560       1.988050       2.030960       2.120040       2.220500       2.398310       2.524990       2.656390       2.813150       2.958220       3.106240       3.251980       3.386560       3.503890       3.599070       3.679020       3.736060       3.770230       3.801120       3.827960       3.855060       3.886100       3.924200       3.968160       4.027870       4.101630       4.190840    
   1.804020       1.920480       1.975810       1.988050       2.033270       2.080810       2.251070       2.344300       2.447230       2.557500       2.678930       2.832220       2.961680       3.092200       3.219220       3.337460       3.443550       3.531010       3.602340       3.665140       3.713360       3.753240       3.778400       3.811980       3.849210       3.893140       3.943270       4.008100       4.086600       4.180220    
   1.923620       1.981930       1.988050       2.034040       2.080810       2.212380       2.305270       2.393870       2.490420       2.594520       2.730210       2.842140       2.957090       3.072070       3.183510       3.289970       3.382350       3.460150       3.527440       3.581920       3.640550       3.683350       3.722720       3.762190       3.804980       3.853990       3.911780       3.977360       4.058930       4.147840    
   1.984990       1.988050       2.034300       2.080810       2.199490       2.305270       2.349570       2.396520       2.531860       2.648620       2.745430       2.846000       2.948350       3.050060       3.139260       3.232310       3.322010       3.392970       3.453650       3.504220       3.546640       3.611170       3.653200       3.695620       3.741300       3.792880       3.852790       3.923150       4.003040       4.099440    
   1.988050       2.034390       2.080810       2.195190       2.305270       2.327420       2.350450       2.481640       2.648620       2.697020       2.790200       2.844990       2.924100       3.013750       3.119580       3.197100       3.262300       3.325620       3.381380       3.429860       3.472330       3.510930       3.548250       3.623400       3.670560       3.723290       3.783790       3.854020       3.935680       4.026100    
   2.034420       2.080810       2.193760       2.305270       2.316340       2.327710       2.452030       2.648620       2.672820       2.771460       2.855470       2.865960       2.938760       3.012270       3.083070       3.150810       3.203600       3.259350       3.309440       3.354230       3.394740       3.432630       3.469960       3.509010       3.588530       3.640510       3.699740       3.768020       3.846890       3.936150    
   2.080810       2.193280       2.305270       2.310810       2.316440       2.436180       2.648620       2.660720       2.763920       2.860720       2.865960       2.902360       2.950590       2.985370       3.046380       3.104930       3.160420       3.194080       3.237900       3.277860       3.314850       3.350260       3.385800       3.423360       3.464900       3.512310       3.603210       3.667920       3.741130       3.836640    
   2.193120       2.305270       2.308040       2.310840       2.428010       2.648620       2.654670       2.760510       2.863340       2.865960       2.884160       2.926070       2.985370       3.015870       3.045560       3.103910       3.153140       3.197470       3.207180       3.201210       3.233480       3.265000       3.297260       3.331850       3.370440       3.414600       3.473400       3.532650       3.636400       3.740480    
   2.305270       2.306650       2.308050       2.423880       2.648620       2.651650       2.758880       2.864650       2.865960       2.875060       2.915390       2.985370       3.000620       3.015600       3.055110       3.100870       3.151510       3.169130       3.163030       3.124850       3.151440       3.177970       3.205760       3.244510       3.278600       3.318080       3.401860       3.454170       3.513890       3.581990    
   2.305960       2.306660       2.421800       2.648620       2.650130       2.758080       2.865300       2.865960       2.870510       2.910440       2.985370       2.993000       3.000530       3.023780       3.057200       3.102500       3.138060       3.143940       3.124850       3.118890       3.080380       3.099930       3.121500       3.146320       3.212640       3.249550       3.289250       3.334730       3.386590       3.445150    
   2.305960       2.420760       2.648620       2.649380       2.757690       2.865630       2.865960       2.868240       2.908070       2.985370       2.989180       2.992970       3.005770       3.027170       3.061160       3.078370       3.134400       3.124850       3.050280       3.019330       3.023160       3.011720       3.067190       3.086460       3.110300       3.139230       3.173340       3.212420       3.256480       3.306530    
   2.420240       2.648620       2.649000       2.757490       2.865800       2.865960       2.867100       2.906910       2.985370       2.987280       2.989170       2.995970       3.008630       2.966060       2.953680       2.960770       2.959720       2.958300       2.954400       2.938040       2.958280       2.965510       2.973850       2.986630       3.004990       3.029200       3.058740       3.092540       3.129510       3.143280    
   2.648620       2.648810       2.757390       2.865880       2.865960       2.866530       2.906330       2.985370       2.986320       2.987270       2.990810       2.997930       2.901970       2.769610       2.770130       2.824480       2.788190       2.794590       2.867400       2.905820       2.917800       2.916250       2.881360       2.887470       2.900750       2.921400       2.948340       2.979380       2.988920       3.025020    
   2.648710       2.757340       2.865920       2.865960       2.866240       2.906050       2.985370       2.985850       2.986320       2.988130       2.962690       2.918710       2.819290       2.769570       2.769090       2.770130       2.779870       2.781800       2.794590       2.831150       2.841390       2.829980       2.822820       2.789780       2.798470       2.817320       2.844570       2.857600       2.892430       2.927030    
   2.757310       2.865940       2.865960       2.866100       2.905910       2.985370       2.985610       2.985850       2.986770       2.954910       2.918710       2.918710       2.918710       2.819260       2.769490       2.768060       2.770130       2.772940       2.769000       2.794590       2.770820       2.748030       2.729870       2.720950       2.698530       2.717730       2.735040       2.771710       2.812770       2.854760    
   2.865950       2.865960       2.866030       2.905830       2.985370       2.985490       2.985610       3.030770       3.002040       2.918800       2.918710       2.918710       2.918710       2.918710       2.819770       2.770270       2.765980       2.770130       2.758050       2.743420       2.708570       2.673180       2.641810       2.621660       2.619440       2.615980       2.651340       2.698250       2.749780       2.802930    
   2.865960       2.866000       2.905800       2.985370       2.985430       3.112730       3.303530       3.234200       3.164870       3.001020       2.918990       2.918710       2.918710       2.918710       2.918710       2.822040       2.774700       2.761840       2.770130       2.724060       2.673580       2.620540       2.591530       2.536580       2.518200       2.540030       2.578330       2.639540       2.703160       2.766700    
   2.865980       2.905780       2.985370       2.985400       3.138220       3.303660       3.303660       3.303530       3.234200       3.164870       3.001500       2.919540       2.918710       2.918710       2.918710       2.918710       2.828760       2.792130       2.753540       2.700640       2.698180       2.614310       2.529810       2.453170       2.417100       2.455420       2.526530       2.605050       2.674960       2.745730    
