iMOD/TUTORIALS/TUT_MetaswapAnalyser/model_MetaSWAP/meteo/Precipitation/Precipitation_20050322_L1.ASC
NCOLS                30
NROWS                30
XLLCORNER     160000.00
YLLCORNER     340000.00
CELLSIZE        1000.00
NODATA_VALUE   -9999.00
   2.561670       2.495710       2.427030       2.360770       2.309930       2.297090       2.329710       2.385190       2.446480       2.502650       2.550330       2.591790       2.628730       2.657450       2.680850       2.706450       2.726130       2.730420       2.725540       2.714170       2.697340       2.686010       2.662290       2.636790       2.608220       2.578140       2.547090       2.515730       2.485110       2.463780    
   2.519770       2.467950       2.431440       2.382780       2.350650       2.344540       2.367330       2.410930       2.465060       2.517380       2.560550       2.602710       2.640640       2.678880       2.706520       2.735160       2.746830       2.755830       2.752180       2.738840       2.719230       2.703700       2.676590       2.647810       2.616020       2.582790       2.548550       2.513790       2.442160       2.422930    
   2.514160       2.470950       2.431610       2.400470       2.387670       2.385450       2.403600       2.438320       2.483040       2.529000       2.573190       2.615260       2.659200       2.695080       2.729150       2.760260       2.774640       2.777660       2.769840       2.752950       2.731690       2.711690       2.682180       2.649430       2.615230       2.579990       2.502590       2.473550       2.450660       2.421520    
   2.514100       2.478510       2.447790       2.425160       2.413960       2.416720       2.433830       2.463450       2.500790       2.544200       2.585380       2.629130       2.671620       2.712200       2.748270       2.781150       2.797920       2.800310       2.789120       2.767440       2.738870       2.709440       2.682810       2.601280       2.568350       2.536500       2.505830       2.476350       2.452360       2.422600    
   2.516970       2.487680       2.463520       2.446740       2.439560       2.443430       2.458450       2.482980       2.514970       2.550970       2.579640       2.623210       2.666910       2.708650       2.765890       2.802090       2.797470       2.794910       2.774420       2.742570       2.701400       2.662660       2.635060       2.602840       2.568460       2.535930       2.505280       2.482890       2.454180       2.428700    
   2.520970       2.496680       2.477320       2.464570       2.459870       2.464140       2.476570       2.498560       2.498790       2.539730       2.581360       2.625600       2.672350       2.719390       2.764250       2.806870       2.831980       2.826760       2.796090       2.754420       2.706630       2.663070       2.631780       2.594120       2.559230       2.529750       2.499920       2.478950       2.452980       2.430830    
   2.522270       2.504450       2.488570       2.478490       2.473910       2.478220       2.489970       2.466430       2.500610       2.536360       2.576420       2.620220       2.667480       2.718200       2.767450       2.823460       2.866310       2.853420       2.804690       2.749490       2.698930       2.652080       2.609220       2.580580       2.546000       2.514780       2.494350       2.468170       2.446460       2.426920    
   2.519640       2.505330       2.495320       2.487080       2.484590       2.432310       2.438970       2.465440       2.493210       2.526040       2.563390       2.604900       2.650420       2.699920       2.747870       2.808820       2.872030       2.845710       2.783450       2.726540       2.674660       2.627670       2.585320       2.557550       2.524460       2.503350       2.476420       2.452730       2.435270       2.417230    
   2.518320       2.509290       2.497730       2.493630       2.417660       2.426180       2.429900       2.454470       2.479070       2.508310       2.541750       2.579030       2.619820       2.651680       2.701760       2.749470       2.781620       2.770830       2.728470       2.679850       2.632810       2.589340       2.549900       2.524790       2.502870       2.475480       2.451360       2.434050       2.415530       2.400220    
   2.518720       2.511320       2.500660       2.401090       2.407240       2.414580       2.420720       2.437410       2.458430       2.483420       2.511920       2.543430       2.577270       2.598100       2.636320       2.668750       2.686630       2.678910       2.651260       2.614380       2.575600       2.538420       2.503810       2.472410       2.463990       2.440040       2.422950       2.404520       2.389130       2.376690    
   2.521840       2.510230       2.449950       2.386740       2.388700       2.402750       2.401290       2.414820       2.431920       2.452180       2.475080       2.499950       2.504580       2.549240       2.576180       2.590910       2.594930       2.584310       2.561570       2.531820       2.499670       2.467860       2.437870       2.417200       2.396560       2.387100       2.369470       2.354910       2.343450       2.346740    
   2.522750       2.467190       2.386740       2.374380       2.369510       2.378840       2.374210       2.387470       2.400430       2.415740       2.456980       2.471620       2.466670       2.489810       2.500990       2.505900       2.502320       2.490840       2.471940       2.449150       2.424600       2.399750       2.384670       2.362590       2.342350       2.337260       2.323150       2.311870       2.303550       2.298170    
   2.478580       2.386740       2.368690       2.361040       2.352580       2.341840       2.346300       2.353160       2.396640       2.406770       2.414550       2.407130       2.416620       2.423460       2.425950       2.422740       2.412910       2.397580       2.381090       2.363840       2.352070       2.334770       2.316960       2.299530       2.283290       2.268930       2.270860       2.262590       2.257180       2.254730    
   2.386740       2.366200       2.356810       2.352580       2.336050       2.313720       2.361130       2.361270       2.362690       2.359360       2.362420       2.355550       2.358270       2.358000       2.353450       2.343340       2.327150       2.306930       2.289510       2.282630       2.272610       2.260520       2.248090       2.234630       2.221860       2.210610       2.214190       2.208480       2.205550       2.205620    
   2.365060       2.354700       2.352580       2.334120       2.313720       2.331240       2.318870       2.316710       2.315300       2.314180       2.298870       2.298630       2.296350       2.291080       2.281810       2.269350       2.248960       2.222420       2.203640       2.201320       2.196480       2.187630       2.177180       2.166270       2.155900       2.146900       2.139970       2.148510       2.147550       2.148850    
   2.353640       2.352580       2.333470       2.313720       2.321280       2.318870       2.317790       2.316960       2.300730       2.256750       2.253160       2.248200       2.241160       2.231340       2.215860       2.198950       2.176340       2.155150       2.139070       2.130670       2.122560       2.116760       2.107230       2.097510       2.088440       2.080780       2.075190       2.072230       2.084820       2.088100    
   2.352580       2.333260       2.313720       2.317960       2.318870       2.318330       2.317870       2.298060       2.256750       2.254960       2.215840       2.199480       2.185470       2.172140       2.149630       2.133720       2.115090       2.096180       2.079950       2.067390       2.056460       2.045720       2.035020       2.029610       2.020940       2.013840       2.008880       2.006580       2.007380       2.020530    
   2.333190       2.313720       2.316850       2.318870       2.318600       2.318360       2.297750       2.256750       2.255850       2.201950       2.160550       2.121630       2.112710       2.108570       2.093840       2.076790       2.057940       2.039250       2.022010       2.006830       1.993210       1.980550       1.968660       1.957750       1.953050       1.945760       1.940740       1.938440       1.939250       1.941540    
   2.313720       2.316480       2.318870       2.318740       2.318610       2.297870       2.256750       2.256300       2.195450       2.141090       2.121630       2.117170       2.100260       2.058110       2.041540       2.023210       2.003840       1.983930       1.965220       1.947840       1.931820       1.917040       1.903480       1.891330       1.880910       1.872620       1.871460       1.868600       1.867060       1.871130    
   2.316360       2.318870       2.318800       2.318740       2.297990       2.256750       2.256530       2.192300       2.131360       2.121630       2.119400       2.099290       2.058110       2.049820       2.040950       2.022860       2.003660       1.984330       1.924310       1.890270       1.871940       1.854960       1.839470       1.825710       1.813960       1.804540       1.797950       1.791680       1.800000       1.806030    
   2.318870       2.318840       2.318800       2.298070       2.256750       2.256640       2.190740       2.126500       2.121630       2.120510       2.099610       2.058110       2.053970       2.049630       2.037880       2.022490       2.003620       1.921770       1.862280       1.834280       1.813610       1.794340       1.776760       1.761380       1.748020       1.737180       1.736930       1.731340       1.728760       1.729380    
   2.318850       2.318840       2.298120       2.256750       2.256690       2.189960       2.124060       2.121630       2.121070       2.099970       2.058110       2.056040       2.053900       2.047160       2.036670       2.021330       1.926090       1.848280       1.834280       1.801740       1.757330       1.735640       1.715820       1.698230       1.692980       1.680250       1.670160       1.662930       1.658650       1.657160    
   2.318850       2.298140       2.256750       2.256720       2.189580       2.122850       2.121630       2.121350       2.100190       2.058110       2.057070       2.056020       2.052370       2.045910       2.035050       1.905860       1.841280       1.834280       1.743590       1.704280       1.691650       1.677800       1.668280       1.648240       1.630340       1.615620       1.604080       1.595420       1.589540       1.586660    
   2.298150       2.256750       2.256740       2.189380       2.122240       2.121630       2.121490       2.100320       2.058110       2.057590       2.057070       2.055150       2.051430       1.925220       1.810230       1.704910       1.703940       1.680240       1.650790       1.634060       1.651230       1.636260       1.611900       1.588790       1.569250       1.553330       1.540790       1.531160       1.523940       1.517100    
   2.256750       2.256740       2.189290       2.121930       2.121630       2.121560       2.100390       2.058110       2.057850       2.057590       2.056600       2.054550       1.833110       1.567080       1.567570       1.602060       1.569520       1.573590       1.598960       1.614030       1.616900       1.587580       1.557080       1.531610       1.510450       1.493700       1.480890       1.471180       1.461850       1.455760    
   2.256750       2.189240       2.121780       2.121630       2.121590       2.100420       2.058110       2.057980       2.057850       2.057350       1.874460       1.601790       1.578310       1.566670       1.566600       1.567570       1.567200       1.565450       1.573590       1.574180       1.573950       1.538330       1.505860       1.476680       1.454070       1.437100       1.425080       1.415250       1.409060       1.403760    
   2.189210       2.121710       2.121630       2.121610       2.100440       2.058110       2.058050       2.057980       2.057730       1.838650       1.601790       1.601790       1.601790       1.577690       1.565830       1.565630       1.567570       1.562170       1.557310       1.573590       1.532260       1.492560       1.456170       1.425090       1.400150       1.383740       1.372790       1.367260       1.364380       1.362900    
   2.121670       2.121630       2.121620       2.100450       2.058110       2.058080       2.058050       1.975910       1.821780       1.601830       1.601790       1.601790       1.601790       1.601790       1.576550       1.564290       1.563680       1.567570       1.550190       1.541040       1.495720       1.451370       1.410080       1.374920       1.349140       1.333160       1.326730       1.325790       1.327650       1.331170    
   2.121630       2.121630       2.100450       2.058110       2.058090       1.949830       1.787430       1.758660       1.729900       1.644610       1.601920       1.601790       1.601790       1.601790       1.601790       1.574490       1.561620       1.559800       1.567570       1.518580       1.468520       1.418400       1.372090       1.328650       1.299520       1.287260       1.286600       1.291670       1.298700       1.306740    
   2.121630       2.100450       2.058110       2.058100       1.928220       1.787480       1.787480       1.787430       1.758660       1.729900       1.644850       1.602190       1.601790       1.601790       1.601790       1.601790       1.570880       1.557490       1.552030       1.500870       1.452350       1.396130       1.339850       1.287290       1.251680       1.246340       1.254970       1.266960       1.278230       1.289400    
