iMOD/TUTORIALS/TUT_MetaswapAnalyser/model_MetaSWAP/meteo/Precipitation/Precipitation_20051002_L1.ASC
NCOLS                30
NROWS                30
XLLCORNER     160000.00
YLLCORNER     340000.00
CELLSIZE        1000.00
NODATA_VALUE   -9999.00
   0.000000       0.000000       0.000000       0.000000       0.000000       0.000000       0.000000       0.000000       0.000000       0.000000       0.000000       0.000000       0.000000      0.5973600      0.7674600      0.9187600       1.033500       1.109210       1.122000       1.086620       1.012980      0.9093400      0.7952200      0.6778000      0.5609800      0.4519500       0.000000       0.000000       0.000000       0.000000    
   0.000000       0.000000       0.000000       0.000000       0.000000       0.000000       0.000000       0.000000       0.000000       0.000000       0.000000       0.000000      0.5594400      0.7963000       1.027260       1.229870       1.374710       1.443490       1.452080       1.381580       1.262460       1.110200      0.9492800      0.7894000      0.6354500      0.4944000       0.000000       0.000000       0.000000       0.000000    
   0.000000       0.000000       0.000000       0.000000       0.000000       0.000000       0.000000       0.000000       0.000000       0.000000       0.000000      0.4979800      0.7753100       1.082830       1.385680       1.652780       1.836230       1.910540       1.873350       1.746130       1.575300       1.357150       1.138820      0.9263400      0.7298300      0.5534700       0.000000       0.000000       0.000000       0.000000    
   0.000000       0.000000       0.000000       0.000000       0.000000       0.000000       0.000000       0.000000       0.000000       0.000000      0.4776400      0.7404600       1.076210       1.466810       1.866940       2.223440       2.459470       2.527900       2.430050       2.212570       1.932430       1.650190       1.353880       1.085120      0.8429900      0.6309100      0.4485800       0.000000       0.000000       0.000000    
   0.000000       0.000000       0.000000       0.000000       0.000000       0.000000       0.000000       0.000000       0.000000      0.5276100      0.7374800       1.046660       1.453070       1.944300       2.470680       2.961890       3.283030       3.330270       3.120230       2.760820       2.353000       1.949130       1.573690       1.256640      0.9692600      0.7241800      0.5188700       0.000000       0.000000       0.000000    
   0.000000       0.000000       0.000000       0.000000       0.000000       0.000000      0.4456200      0.4913800      0.5873600      0.7581500       1.016770       1.383980       1.863940       2.466940       3.167260       3.865600       4.348640       4.341730       3.917840       3.346820       2.778770       2.260610       1.803920       1.416560       1.090060      0.8278700      0.6044700       0.000000       0.000000       0.000000    
   0.000000       0.000000      0.4356200      0.4489300      0.4777300      0.5129800      0.5692200      0.6337900      0.7758200      0.9840500       1.285280       1.701480       2.252340       2.953580       3.822910       4.819500       5.692380       5.522000       4.696860       3.873160       3.149210       2.531990       2.012000       1.574320       1.215370      0.9221300      0.6878900      0.5051500       0.000000       0.000000    
  0.5102800      0.4898600      0.4981900      0.5226000      0.5585600      0.5936200      0.6581200      0.7781400      0.9453200       1.183700       1.514700       1.960950       2.545690       3.299590       4.240420       5.389450       6.744840       6.269060       5.142840       4.190700       3.391900       2.723500       2.166430       1.701450       1.322680       1.016600      0.7718900      0.5826100      0.4433200       0.000000    
  0.5762000      0.5374900      0.5624600      0.5872100      0.6137500      0.6813900      0.7601600      0.9004700       1.087000       1.342550       1.685600       2.135450       2.710420       3.451200       4.289850       5.217210       5.927820       5.796640       5.050620       4.224130       3.468440       2.812350       2.255500       1.786370       1.403780       1.091530      0.8423400      0.6494000      0.5036100       0.000000    
  0.6241300      0.5828300      0.6150900      0.6297500      0.6791200      0.7578800      0.8529100      0.9985300       1.194200       1.453470       1.790640       2.219020       2.747390       3.394490       4.088020       4.732730       5.149650       5.107650       4.664030       4.043420       3.400800       2.802300       2.277160       1.828350       1.451070       1.142870      0.8957800      0.6999900      0.5498100      0.4382800    
  0.6044530      0.6073500      0.6267350      0.6792700      0.7441900      0.8248700      0.9198900       1.069730       1.265200       1.516550       1.833570       2.223280       2.713110       3.259770       3.802090       4.259360       4.522320       4.508990       4.222540       3.764060       3.240400       2.722600       2.247520       1.832320       1.478480       1.175120      0.9322400      0.7373900      0.5843400      0.4645300    
  0.6065260      0.6294520      0.6792700      0.7600180      0.7891300      0.8833500      0.9762100       1.114460       1.302220       1.537120       1.862340       2.204390       2.626020       3.053790       3.468070       3.807420       4.006190       4.004740       3.806860       3.457100       3.029660       2.586710       2.171130       1.793150       1.463990       1.180330      0.9477300      0.7574100      0.6041800      0.4826600    
  0.6293120      0.6792700      0.7687680      0.8083050      0.8274800      0.8921500       1.004690       1.145790       1.361090       1.564050       1.818490       2.161270       2.482610       2.818070       3.145150       3.409290       3.571520       3.590050       3.442770       3.160780       2.805310       2.426710       2.060350       1.724050       1.425820       1.167810      0.9453100      0.7628300      0.6122400      0.4890700    
  0.6792700      0.7733530      0.8178930      0.8274800      0.8764030      0.9095800       1.056980       1.189480       1.349350       1.546180       1.765960       2.046320       2.310380       2.580120       2.834910       3.053600       3.197780       3.238410       3.129740       2.881060       2.571810       2.247040       1.930010       1.635300       1.369680       1.135850      0.9300900      0.7581100      0.6127300      0.4903400    
  0.7756970      0.8226860      0.8274800      0.8711540      0.9095800       1.012940       1.072260       1.192710       1.334880       1.499770       1.741930       1.943690       2.156420       2.369240       2.567470       2.729010       2.849930       2.909120       2.837400       2.599560       2.332080       2.057170       1.787520       1.533240       1.300440       1.091990      0.9084200      0.7456400      0.6080800      0.4903500    
  0.8250830      0.8274800      0.8694050      0.9095800      0.9982600       1.072260       1.132490       1.199950       1.380120       1.493100       1.646870       1.812040       1.982650       2.150050       2.289360       2.418880       2.522870       2.549200       2.478480       2.310070       2.100350       1.870850       1.646200       1.430430       1.229300       1.045930      0.8814200      0.7354300      0.6039400      0.4910800    
  0.8274800      0.8688220      0.9095800      0.9933670       1.072260       1.102370       1.134900       1.301410       1.493100       1.569990       1.638720       1.681750       1.798030       1.929540       2.067170       2.157360       2.215490       2.218100       2.156620       2.034610       1.873980       1.694790       1.510370       1.323730       1.152510      0.9937000      0.8487700      0.7179700      0.6006900      0.4942400    
  0.8686270      0.9095800      0.9917360       1.072260       1.087320       1.103180       1.257950       1.493100       1.531540       1.576480       1.620780       1.559820       1.665210       1.767600       1.851530       1.913490       1.949420       1.940660       1.887650       1.793450       1.668850       1.526380       1.376400       1.226410       1.075910      0.9401000      0.8142200      0.6989000      0.5940900      0.5003100    
  0.9095800      0.9911920       1.072260       1.079790       1.087580       1.235380       1.493100       1.512320       1.550250       1.590300       1.559820       1.612510       1.648750       1.602350       1.662220       1.703050       1.718930       1.709290       1.662870       1.587050       1.488110       1.373990       1.252120       1.128460       1.007310      0.8915100      0.7784200      0.6782100      0.5872200      0.5075800    
  0.9910110       1.072260       1.076020       1.079880       1.223960       1.493100       1.502710       1.538110       1.575060       1.559820       1.586170       1.605860       1.602350       1.632280       1.655870       1.694730       1.710420       1.697030       1.526150       1.411050       1.330520       1.237840       1.138310       1.036440      0.9356700      0.8383400      0.7533800      0.6684600      0.5811800      0.5035200    
   1.072260       1.074140       1.076050       1.218240       1.493100       1.497910       1.532240       1.567440       1.559820       1.572990       1.588550       1.602350       1.617320       1.630170       1.660960       1.687010       1.700730       1.505970       1.335770       1.260490       1.193190       1.116550       1.034430      0.9616000      0.8764500      0.7937600      0.7111500      0.6368000      0.5668700      0.5021200    
   1.073200       1.074150       1.215380       1.493100       1.495500       1.529340       1.563630       1.559820       1.566410       1.580930       1.602350       1.609830       1.616610       1.636150       1.659380       1.682900       1.490470       1.298130       1.260490       1.181110       1.089660       1.022710      0.9519900      0.8801300      0.8002800      0.7298500      0.6653200      0.6032700      0.5438900      0.4912100    
   1.073200       1.213960       1.493100       1.494300       1.527900       1.561730       1.559820       1.563110       1.577380       1.602350       1.606090       1.609600       1.620870       1.637380       1.659480       1.416110       1.279310       1.260490       1.059570      0.9785000      0.9396340      0.9084900      0.8419500      0.7845600      0.7314000      0.6752000      0.6220600      0.5702900      0.5194700      0.4700700    
   1.213250       1.493100       1.493700       1.527180       1.560770       1.559820       1.561470       1.575660       1.602350       1.604220       1.606010       1.612190       1.622620       1.397980       1.184100      0.9723490      0.9684700      0.9192650      0.8583030      0.8181900      0.8673400      0.8099700      0.7626900      0.7129600      0.6654700      0.6205200      0.5774300      0.5349100      0.4915500      0.4538600    
   1.493100       1.493400       1.526820       1.560300       1.559820       1.560640       1.574830       1.602350       1.603290       1.604190       1.607470       1.613600       1.195620      0.6730530      0.6741800      0.7450920      0.6692660      0.6764500      0.7415100      0.7782200      0.7690400      0.7285500      0.6844600      0.6403900      0.6002800      0.5641400      0.5306000      0.4973100      0.4696700       0.000000    
   1.493250       1.526640       1.560060       1.559820       1.560230       1.574410       1.602350       1.602820       1.603280       1.604980       1.275790      0.7768400      0.7070020      0.6722520      0.6719260      0.6741800      0.6684520      0.6620820      0.6764500      0.6931800      0.6982800      0.6518700      0.6069200      0.5678700      0.5334200      0.5054500      0.4817800      0.4686700      0.4401500       0.000000    
   1.526550       1.559940       1.559820       1.560030       1.574200       1.602350       1.602580       1.602810       1.603690       1.207550      0.7768400      0.7768400      0.7768400      0.7058630      0.6706500      0.6696720      0.6741800      0.6610960      0.6477150      0.6764500      0.6289500      0.5798800      0.5330100      0.4927300      0.4635200      0.4436800      0.4419400       0.000000       0.000000       0.000000    
   1.559880       1.559820       1.559920       1.574100       1.602350       1.602470       1.602580       1.398480       1.125850      0.7768100      0.7768400      0.7768400      0.7768400      0.7768400      0.7040370      0.6680980      0.6651650      0.6741800      0.6460400      0.6189800      0.5673400      0.5129900      0.4604400       0.000000       0.000000       0.000000       0.000000       0.000000       0.000000       0.000000    
   1.559820       1.559870       1.574050       1.602350       1.602410       1.275080      0.7839900      0.7843960      0.7848100      0.7794160      0.7767490      0.7768400      0.7768400      0.7768400      0.7768400      0.7015360      0.6649490      0.6561500      0.6741800      0.6145500      0.5485600      0.4783000       0.000000       0.000000       0.000000       0.000000       0.000000       0.000000       0.000000       0.000000    
   1.559850       1.574020       1.602350       1.602380       1.209560      0.7839910      0.7839910      0.7839900      0.7843880      0.7848100      0.7792650      0.7765670      0.7768400      0.7768400      0.7768400      0.7768400      0.6991900      0.6645170      0.6381200      0.5761200      0.5485300      0.4580300       0.000000       0.000000       0.000000       0.000000       0.000000       0.000000       0.000000       0.000000    
