iMOD/TUTORIALS/TUT_MetaswapAnalyser/model_MetaSWAP/meteo/Precipitation/Precipitation_20060926_L1.ASC
NCOLS                30
NROWS                30
XLLCORNER     160000.00
YLLCORNER     340000.00
CELLSIZE        1000.00
NODATA_VALUE   -9999.00
   2.397790       2.520400       2.670120       2.842400       3.026660       3.180930       3.289170       3.371360       3.477380       3.763020       4.290910       4.884660       5.455800       5.986030       6.398130       6.683020       6.850640       6.802910       6.606770       6.277370       5.844580       5.351380       4.807710       4.247740       3.696530       3.168260       2.676680       2.235440       1.861610       1.570940    
   2.554380       2.667350       2.798900       2.942270       3.091660       3.209800       3.290350       3.329080       3.325790       3.552000       4.180370       4.790730       5.359900       5.882610       6.290040       6.607640       6.741180       6.777230       6.598330       6.293500       5.883040       5.404590       4.871810       4.315080       3.756140       3.209290       2.687320       2.203050       1.772300       1.432890    
   2.689030       2.793680       2.911660       3.051560       3.170540       3.275560       3.357580       3.420580       3.508880       3.769830       4.265380       4.823020       5.365190       5.864210       6.289690       6.617080       6.771100       6.765990       6.606710       6.313730       5.907240       5.440850       4.918450       4.371180       3.815070       3.263420       2.722820       2.209930       1.723890       1.305570    
   2.805650       2.905000       3.015130       3.153050       3.267890       3.377540       3.482770       3.597130       3.769980       4.048980       4.461430       4.948800       5.428550       5.918330       6.334370       6.662640       6.832320       6.834770       6.675030       6.379750       5.983000       5.506820       5.002370       4.461190       3.915950       3.372360       2.838990       2.322720       1.825140       1.373130    
   2.907060       3.004400       3.142830       3.256590       3.375270       3.498660       3.632200       3.823260       4.021860       4.303160       4.586390       5.046630       5.533640       6.008530       6.437500       6.779220       6.971350       6.975850       6.799460       6.486240       6.079110       5.614940       5.121060       4.595210       4.069970       3.548410       3.039480       2.544690       2.101570       1.740120    
   2.994900       3.134460       3.241590       3.358520       3.485230       3.624080       3.792720       4.013070       4.060970       4.363250       4.738750       5.170450       5.645360       6.115240       6.546760       6.945190       7.188120       7.187100       6.967400       6.619260       6.198380       5.737780       5.259690       4.764940       4.269650       3.778880       3.311840       2.867640       2.487470       2.193390    
   3.269640       3.222180       3.332120       3.454090       3.604870       3.756490       3.930940       3.926060       4.177530       4.486990       4.851920       5.266830       5.719610       6.194750       6.637620       7.112860       7.468380       7.434550       7.124860       6.733940       6.307240       5.859090       5.400010       4.945100       4.490500       4.050660       3.623320       3.248070       2.925280       2.679880    
   3.390400       3.485490       3.432100       3.558710       3.700880       3.604760       3.780060       3.997200       4.258000       4.564140       4.917580       5.315510       5.750860       6.199340       6.635900       7.145540       7.636150       7.537400       7.173920       6.784630       6.377220       5.958920       5.537300       5.126260       4.721040       4.320960       3.966460       3.651260       3.365310       3.173160    
   3.527130       3.575800       3.682080       3.634070       3.460370       3.642600       3.820040       4.038330       4.296640       4.594270       4.932400       5.308870       5.717900       6.025560       6.512810       6.953780       7.271770       7.287630       7.060820       6.744120       6.390920       6.022210       5.650700       5.292610       4.927660       4.603490       4.310620       4.026960       3.829240       3.683600    
   3.617360       3.653910       3.761720       3.439450       3.471440       3.654570       3.825850       4.044520       4.294830       4.579060       4.897490       5.247530       5.622770       5.891840       6.285550       6.663730       6.909690       6.968830       6.854330       6.630940       6.350590       6.041910       5.729280       5.423820       5.127070       4.865660       4.602030       4.419200       4.280670       4.188400    
   3.608360       3.677660       3.574470       3.442790       3.593420       3.632090       3.807290       4.017460       4.255320       4.522110       4.817260       5.137590       5.307750       5.644830       6.001060       6.329160       6.564760       6.661030       6.624220       6.483590       6.277440       6.038210       5.789270       5.532530       5.269730       5.084510       4.925050       4.805190       4.728340       4.672670    
   3.614370       3.575820       3.442790       3.537000       3.572370       3.732830       3.892190       3.959880       4.181890       4.428250       4.615860       4.913830       5.049750       5.403380       5.716580       6.016180       6.244800       6.369860       6.381910       6.298150       6.149810       5.968810       5.734420       5.551760       5.390690       5.270000       5.175330       5.121340       5.111170       5.145460    
   3.547300       3.442790       3.518780       3.555900       3.539440       3.680700       3.834170       4.006510       4.064470       4.202220       4.452930       4.505370       4.818780       5.134370       5.416730       5.699980       5.933600       6.091420       6.137870       6.086130       5.955270       5.817520       5.678840       5.553790       5.452540       5.382760       5.362010       5.372930       5.429750       5.534210    
   3.442790       3.512170       3.547670       3.539440       3.611660       3.614840       3.591250       3.753240       3.932720       4.139560       4.351500       4.279140       4.560420       4.844960       5.124220       5.370760       5.616720       5.807840       5.894290       5.836770       5.749940       5.653890       5.588050       5.520390       5.478260       5.468540       5.506640       5.579080       5.698800       5.869000    
   3.509490       3.543560       3.539440       3.588650       3.614840       3.577530       3.526510       3.667030       3.822230       3.991700       3.966670       4.187050       4.415190       4.646720       4.876350       5.024100       5.262900       5.486770       5.605740       5.569000       5.504720       5.454820       5.417070       5.399630       5.409630       5.453240       5.535850       5.671930       5.847050       6.010630    
   3.541500       3.539440       3.580980       3.614840       3.572960       3.526510       3.596770       3.671920       3.763130       3.571570       3.752360       3.941900       4.137790       4.336910       4.531600       4.727960       4.954670       5.103610       5.185970       5.190920       5.174440       5.156760       5.155780       5.177060       5.227390       5.312600       5.437750       5.607240       5.837250       6.106850    
   3.539440       3.578420       3.614840       3.571440       3.526510       3.561640       3.598400       3.650850       3.571570       3.661960       3.719380       3.686250       3.842220       4.011530       4.317440       4.453260       4.551940       4.669370       4.749520       4.791730       4.816000       4.841450       4.880700       4.937570       5.028120       5.153730       5.318670       5.526100       5.778000       6.081300    
   3.577570       3.614840       3.570930       3.526510       3.544080       3.562180       3.595610       3.571570       3.616770       3.652660       3.665540       3.644830       3.751070       3.866200       3.975190       4.079920       4.148340       4.243880       4.319970       4.378380       4.428950       4.484030       4.554320       4.648290       4.767670       4.926320       5.123480       5.360630       5.637120       5.945560    
   3.614840       3.570760       3.526510       3.535290       3.544260       3.568360       3.571570       3.594170       3.628200       3.655180       3.644830       3.697950       3.704320       3.555180       3.634690       3.710980       3.781470       3.829810       3.898260       3.961110       4.024980       4.098470       4.190190       4.307620       4.456740       4.641770       4.860000       5.120490       5.411550       5.767530    
   3.570700       3.526510       3.530900       3.535350       3.554870       3.571570       3.582870       3.617760       3.650010       3.644830       3.671390       3.650570       3.555180       3.594930       3.633620       3.709050       3.774090       3.836510       3.673070       3.544400       3.611430       3.693070       3.796570       3.928630       4.094740       4.298610       4.581910       4.865250       5.207110       5.511850    
   3.526510       3.528710       3.530920       3.548170       3.571570       3.577220       3.612890       3.647420       3.644830       3.658110       3.630490       3.555180       3.575060       3.594580       3.645870       3.705580       3.773220       3.550700       3.338080       3.131770       3.194000       3.274930       3.381280       3.547140       3.725460       3.944200       4.237510       4.535420       4.859350       5.192540    
   3.527610       3.528710       3.544840       3.571570       3.574390       3.610530       3.646120       3.644830       3.651470       3.622150       3.555180       3.565120       3.574940       3.605170       3.648680       3.708220       3.479240       3.234930       3.131770       3.039780       2.793560       2.868650       2.972460       3.111450       3.316690       3.542180       3.814950       4.128060       4.470740       4.824190    
   3.527610       3.543180       3.571570       3.572980       3.609360       3.645480       3.644830       3.648150       3.618410       3.555180       3.560150       3.565080       3.581740       3.609590       3.654020       3.217470       3.183350       3.131770       2.585000       2.381200       2.419460       2.435960       2.545620       2.679160       2.855820       3.082990       3.360930       3.686640       4.050270       4.430730    
   3.542360       3.571570       3.572280       3.608780       3.645150       3.644830       3.646490       3.616640       3.555180       3.557660       3.560140       3.568990       3.585470       2.880190       2.396160       2.075140       2.067840       2.009840       1.926480       1.787260       1.968830       2.030290       2.103700       2.221390       2.386530       2.605520       2.881850       3.214830       3.597770       4.010690    
   3.571570       3.571920       3.608490       3.644990       3.644830       3.645660       3.615790       3.555180       3.556420       3.557660       3.562260       3.571530       2.274460      0.6709540      0.6754200       1.145300      0.9742390       1.003920       1.402000       1.610990       1.605690       1.619130       1.678890       1.773220       1.917870       2.120940       2.387350       2.718100       3.108040       3.553010    
   3.571750       3.608340       3.644910       3.644830       3.645250       3.615360       3.555180       3.555800       3.556420       3.558780       2.316250      0.4448900      0.5920760      0.6666730      0.6664880      0.6754200      0.8637000      0.9445570       1.003920       1.205850       1.258440       1.251100       1.272880       1.345410       1.463600       1.644030       1.892210       2.207430       2.588780       3.029800    
   3.608270       3.644870       3.644830       3.645040       3.615150       3.555180       3.555490       3.555800       3.557000       2.064250      0.4448900      0.4448900      0.4448900      0.5857890      0.6581090      0.6575560      0.6754200      0.8309020      0.8851950       1.003920      0.9553500      0.9225100      0.9151400      0.9464800       1.040040       1.193400       1.417160       1.709220       2.061320       2.459670    
   3.644850       3.644830       3.644930       3.615050       3.555180       3.555340       3.555490       2.667070       1.652900      0.4445850      0.4448900      0.4448900      0.4448900      0.4448900      0.5736690      0.6413520      0.6396920      0.6754200      0.7590750      0.7664700      0.7001000      0.6444800      0.6086700      0.6074300      0.6611400      0.7904400      0.9892700       1.253440       1.568360       1.913940    
   3.644830       3.644880       3.615000       3.555180       3.555260       2.265770      0.3317500      0.1658670       0.000000      0.2957680      0.4439750      0.4448900      0.4448900      0.4448900      0.4448900      0.5508780      0.6089440      0.6039650      0.6754200      0.5904900      0.5088200      0.4336700      0.3738000      0.3355600      0.3554200      0.4542000      0.6343000      0.8709300       1.148330       1.446440    
   3.644860       3.614970       3.555180       3.555220       2.007440      0.3311080      0.3311020      0.3317500      0.1658500       0.000000      0.2942090      0.4421440      0.4448900      0.4448900      0.4448900      0.4448900      0.5099870      0.5474470      0.5325100      0.4462000      0.3662600       0.000000       0.000000       0.000000       0.000000       0.000000      0.3727300      0.5818400      0.8217200       1.076220    
