iMOD/TUTORIALS/TUT_MetaswapAnalyser/model_MetaSWAP/meteo/Precipitation/Precipitation_20060302_L1.ASC
NCOLS                30
NROWS                30
XLLCORNER     160000.00
YLLCORNER     340000.00
CELLSIZE        1000.00
NODATA_VALUE   -9999.00
  0.3609800      0.3298600      0.2968600      0.2607300       0.000000       0.000000       0.000000       0.000000       0.000000       0.000000       0.000000       0.000000       0.000000       0.000000      0.2907200      0.3655900      0.4440900      0.5220300      0.5976200      0.6718100      0.7432300      0.8223000      0.8864600      0.9506300       1.002820       1.048800       1.088470       1.121660       1.147890       1.162070    
  0.3878800      0.3542800      0.3172600      0.2762200       0.000000       0.000000       0.000000       0.000000       0.000000       0.000000       0.000000       0.000000       0.000000      0.2474000      0.3210800      0.4031700      0.4840000      0.5706500      0.6566700      0.7379300      0.8155200      0.8989000      0.9667700       1.033500       1.087310       1.134220       1.174470       1.208280       1.229750       1.246580    
  0.4182700      0.3829000      0.3441200      0.2992900      0.2507800       0.000000       0.000000       0.000000       0.000000       0.000000       0.000000       0.000000       0.000000      0.2822200      0.3628200      0.4508700      0.5386700      0.6280700      0.7171900      0.8037900      0.8901800      0.9769600       1.053140       1.115090       1.169080       1.215550       1.248780       1.283240       1.308420       1.333740    
  0.4525600      0.4168000      0.3777300      0.3338400      0.2878100       0.000000       0.000000       0.000000       0.000000       0.000000       0.000000       0.000000      0.2623500      0.3372900      0.4195800      0.5100200      0.6022800      0.6971200      0.7921600      0.8841600      0.9701400       1.058770       1.139610       1.193820       1.245960       1.290050       1.327120       1.358250       1.381000       1.404760    
  0.4916000      0.4568800      0.4188800      0.3789100      0.3365500      0.2933600      0.2523900       0.000000       0.000000       0.000000       0.000000      0.2722200      0.3365100      0.4108100      0.4948900      0.5848700      0.6759200      0.7744000      0.8742300      0.9701800       1.064240       1.142100       1.223040       1.283750       1.330900       1.369090       1.399580       1.418510       1.437850       1.449740    
  0.5357700      0.5045900      0.4702200      0.4341000      0.3970800      0.3609100      0.3292200      0.3055800      0.2788900      0.2907300      0.3203900      0.3688500      0.4326500      0.5071600      0.5870100      0.6746600      0.7682100      0.8710600      0.9777100       1.078100       1.172410       1.247700       1.323240       1.373470       1.412330       1.444190       1.464770       1.473140       1.480860       1.480710    
  0.5915800      0.5599600      0.5295200      0.4984800      0.4692600      0.4406100      0.4169400      0.3733700      0.3782200      0.3955900      0.4302700      0.4818900      0.5479400      0.6243600      0.7021900      0.7872200      0.8746600      0.9839800       1.100510       1.208240       1.294690       1.363240       1.415330       1.468490       1.495230       1.511710       1.513490       1.515260       1.511970       1.499980    
  0.6533100      0.6261800      0.5978400      0.5723900      0.5486400      0.4711200      0.4664400      0.4705200      0.4823300      0.5084300      0.5504100      0.6081900      0.6798400      0.7622100      0.8420300      0.9301800       1.010630       1.129600       1.253900       1.354650       1.432370       1.488580       1.526050       1.563930       1.574690       1.568380       1.561720       1.548580       1.531160       1.506680    
  0.7189800      0.6933500      0.6725900      0.6509800      0.5527600      0.5473500      0.5531700      0.5684800      0.5904800      0.6263400      0.6775200      0.7441800      0.8249400      0.9048600       1.005930       1.109310       1.213600       1.326310       1.435810       1.523340       1.584840       1.622180       1.639380       1.657440       1.641270       1.623740       1.599640       1.572160       1.538560       1.501640    
  0.7856900      0.7649000      0.7500200      0.6252400      0.6218200      0.6248900      0.6469600      0.6673800      0.6996900      0.7459400      0.8076100      0.8852300      0.9780100       1.066270       1.186640       1.308840       1.428050       1.544030       1.641400       1.710290       1.748550       1.760510       1.751650       1.728190       1.706650       1.668340       1.627430       1.581400       1.533300       1.483870    
  0.7843770      0.7668700      0.7067800      0.6869600      0.6915700      0.7149500      0.7344000      0.7643600      0.8066600      0.8633200      0.9360000       1.025640       1.105850       1.235910       1.367660       1.512460       1.653330       1.774850       1.862400       1.908250       1.915490       1.893660       1.852720       1.793620       1.736480       1.695660       1.633940       1.571860       1.510050       1.453150    
  0.7846480      0.7362470      0.6869600      0.7434850      0.7582300      0.7918000      0.8192000      0.8565200      0.9079600      0.9743200       1.060680       1.161920       1.253260       1.384750       1.548230       1.717760       1.881270       2.017630       2.098270       2.115550       2.082970       2.020610       1.938520       1.855260       1.770900       1.709130       1.629400       1.552120       1.477400       1.405260    
  0.7525470      0.6869600      0.7663330      0.7977050      0.8371800      0.8623100      0.8968400      0.9424900       1.004180       1.078700       1.170580       1.224560       1.364470       1.526270       1.710970       1.908380       2.106020       2.268370       2.346430       2.321620       2.230500       2.120110       2.004700       1.891530       1.783330       1.680970       1.606780       1.516410       1.430740       1.349290    
  0.6869600      0.7769790      0.8174430      0.8371800      0.8752330      0.9262100      0.9692300       1.020630       1.085290       1.167340       1.264920       1.318010       1.466110       1.638600       1.836700       2.061300       2.302070       2.523460       2.600700       2.496740       2.340810       2.183310       2.026410       1.887470       1.759530       1.641750       1.553540       1.453450       1.360160       1.272720    
  0.7821070      0.8273110      0.8371800      0.8795410      0.9262100      0.9773070       1.036480       1.091290       1.159010       1.241660       1.263540       1.390820       1.540160       1.713960       1.914620       2.146230       2.406620       2.701160       2.806620       2.571800       2.369330       2.182260       2.012910       1.859270       1.719550       1.592170       1.475730       1.388150       1.289620       1.196040    
  0.8322460      0.8371800      0.8809770      0.9262100      0.9799990       1.036480       1.063880       1.095590       1.173520       1.202100       1.308330       1.432540       1.576580       1.742060       1.936710       2.146670       2.364510       2.570740       2.622680       2.478270       2.288930       2.115180       1.944620       1.787840       1.644480       1.513670       1.394380       1.285570       1.203540       1.111540    
  0.8371800      0.8814560      0.9262100      0.9808960       1.036480       1.050180       1.065320       1.133770       1.202100       1.255220       1.371790       1.447340       1.586970       1.736760       1.890550       2.060780       2.224530       2.345210       2.369120       2.285320       2.142840       1.982730       1.823450       1.686170       1.546570       1.417860       1.300000       1.192580       1.095010       1.026290    
  0.8816150      0.9262100      0.9811950       1.036480       1.043330       1.050660       1.112840       1.202100       1.228660       1.351140       1.457980       1.468630       1.583610       1.680760       1.811500       1.940580       2.051930       2.122660       2.129640       2.069010       1.960200       1.827230       1.686840       1.548350       1.429210       1.306550       1.193350       1.089990      0.9965000      0.9175600    
  0.9262100      0.9812950       1.036480       1.039910       1.043490       1.102230       1.202100       1.215380       1.342770       1.463310       1.468630       1.526120       1.585460       1.608840       1.709660       1.802830       1.876780       1.914150       1.908490       1.856670       1.768010       1.656390       1.534090       1.409740       1.288690       1.174100       1.078420      0.9808100      0.8974400      0.8200500    
  0.9813280       1.036480       1.038190       1.039960       1.096930       1.202100       1.208740       1.338970       1.465970       1.468630       1.497380       1.547260       1.608840       1.659250       1.707110       1.796420       1.864590       1.899810       1.761600       1.656740       1.579800       1.483390       1.376110       1.264980       1.155010       1.049540      0.9489800      0.8642600      0.7755000      0.7125700    
   1.036480       1.037340       1.038210       1.094300       1.202100       1.205420       1.337150       1.467300       1.468630       1.483000       1.530530       1.608840       1.634050       1.658400       1.720930       1.789370       1.853610       1.712460       1.564350       1.471960       1.401830       1.315980       1.220510       1.118790       1.019380      0.9231000      0.8284800      0.7450900      0.6702300      0.6056500    
   1.036910       1.037340       1.092990       1.202100       1.203760       1.336250       1.467960       1.468630       1.475820       1.522750       1.608840       1.621440       1.633760       1.671120       1.722900       1.787970       1.669110       1.518150       1.471960       1.369350       1.234270       1.156100       1.070030      0.9802900      0.8825000      0.7996600      0.7163900      0.6387900      0.5685200      0.5072500    
   1.036910       1.092330       1.202100       1.202930       1.335810       1.468300       1.468630       1.472220       1.519010       1.608840       1.615140       1.621350       1.642110       1.675930       1.727330       1.550120       1.495060       1.471960       1.207080       1.094390       1.046690       1.010460      0.9294200      0.8467600      0.7656200      0.6858500      0.6099100      0.5381400      0.4718200      0.4133600    
   1.092010       1.202100       1.202520       1.335590       1.468460       1.468630       1.470430       1.517180       1.608840       1.611990       1.615110       1.626200       1.646460       1.413760       1.232130       1.079850       1.075580       1.015440      0.9400530      0.8926000      0.9545200      0.8781000      0.8004800      0.7266600      0.6536500      0.5827500      0.5144300      0.4487700      0.3860200      0.3199300    
   1.202100       1.202310       1.335480       1.468550       1.468630       1.469530       1.516270       1.608840       1.610420       1.611980       1.617770       1.629260       1.180140      0.6079080      0.6096900      0.7498640      0.6689030      0.6792000      0.7788880      0.8331630      0.8306800      0.7581300      0.6859000      0.6184400      0.5532200      0.4909400      0.4312700      0.3731700      0.3087700      0.2527800    
   1.202200       1.335420       1.468590       1.468630       1.469080       1.515820       1.608840       1.609630       1.610410       1.613390       1.205780      0.5849600      0.5989800      0.6063530      0.6061260      0.6096900      0.6452850      0.6586050      0.6792000      0.7105880      0.7142900      0.6505600      0.5864200      0.5209300      0.4633400      0.4103900      0.3609200      0.3073100      0.2593700       0.000000    
   1.335390       1.468610       1.468630       1.468850       1.515590       1.608840       1.609230       1.609630       1.611140       1.119900      0.5849600      0.5849600      0.5849600      0.5967000      0.6032420      0.6025630      0.6096900      0.6336450      0.6380100      0.6792000      0.6181800      0.5550600      0.4930700      0.4356400      0.3826800      0.3398400      0.2983900      0.2628100       0.000000       0.000000    
   1.468620       1.468630       1.468740       1.515480       1.608840       1.609040       1.609230       1.336970       1.000970      0.5848850      0.5849600      0.5849600      0.5849600      0.5849600      0.5924730      0.5974740      0.5954350      0.6096900      0.6076800      0.5968200      0.5349100      0.4713400      0.4097600      0.3548400      0.3108800      0.2754400      0.2503700       0.000000       0.000000       0.000000    
   1.468630       1.468690       1.515420       1.608840       1.608940       1.199690      0.5856700      0.5517680      0.5178700      0.5623930      0.5847340      0.5849600      0.5849600      0.5849600      0.5849600      0.5848950      0.5872960      0.5811800      0.6096900      0.5450100      0.4771500      0.4081900      0.3501700      0.2846700      0.2418500       0.000000       0.000000       0.000000       0.000000       0.000000    
   1.468660       1.515390       1.608840       1.608890       1.117740      0.5856450      0.5856450      0.5856700      0.5517640      0.5178700      0.5620100      0.5842810      0.5849600      0.5849600      0.5849600      0.5849600      0.5718890      0.5710170      0.5526700      0.4880700      0.4434900      0.3649300      0.2886900       0.000000       0.000000       0.000000       0.000000       0.000000       0.000000       0.000000    
