iMOD/TUTORIALS/TUT_MetaswapAnalyser/model_MetaSWAP/meteo/Precipitation/Precipitation_20050725_L1.ASC
NCOLS                30
NROWS                30
XLLCORNER     160000.00
YLLCORNER     340000.00
CELLSIZE        1000.00
NODATA_VALUE   -9999.00
   15.13690       14.88930       14.61180       14.27740       13.82370       13.13050       12.17950       11.11460       10.09100       9.325540       8.860050       8.495370       8.171960       7.860080       7.605240       7.394740       7.298310       7.212080       7.160270       7.157140       7.196400       7.244070       7.345430       7.457980       7.605290       7.769850       7.949290       8.141050       8.341130       8.549360    
   14.88540       14.59030       14.28580       13.86460       13.32820       12.61290       11.72390       10.71550       9.647030       8.892000       8.605800       8.310660       8.021370       7.730180       7.486770       7.342160       7.198430       7.097200       7.090020       7.117820       7.189890       7.273610       7.406530       7.549380       7.724750       7.916440       8.123140       8.343590       8.624350       8.854030    
   14.63290       14.29690       13.90640       13.45460       12.92310       12.21990       11.39790       10.49790       9.607560       8.934960       8.537950       8.216030       7.915380       7.621000       7.364050       7.198890       7.061370       6.994400       6.996660       7.058260       7.188150       7.309320       7.460970       7.645950       7.846110       8.060060       8.341280       8.574510       8.827870       9.081550    
   14.37500       14.01130       13.59310       13.13130       12.55810       11.89600       11.15880       10.41610       9.672410       9.057290       8.580550       8.198840       7.862780       7.538010       7.256290       7.056940       6.916640       6.867120       6.904460       7.009630       7.160710       7.347800       7.525930       7.794000       8.011980       8.237580       8.471630       8.715870       8.978270       9.245080    
   14.12600       13.74800       13.36030       12.87030       12.31530       11.69790       11.03390       10.35140       9.707400       9.137440       8.676390       8.243880       7.859530       7.500520       7.161830       6.906610       6.776110       6.749700       6.839200       7.004370       7.195140       7.417510       7.626020       7.876840       8.109750       8.344670       8.582990       8.834230       9.079640       9.323100    
   13.89440       13.57270       13.14360       12.66580       12.13830       11.56670       10.96310       10.35160       9.820400       9.273370       8.775320       8.320780       7.890460       7.486830       7.084290       6.770860       6.572310       6.570560       6.734150       6.970970       7.216790       7.475610       7.708970       7.954680       8.195310       8.447420       8.681060       8.921370       9.149450       9.370210    
   13.83390       13.38630       12.96760       12.50940       12.01000       11.48210       10.93380       10.45630       9.911250       9.388930       8.897350       8.432170       7.984070       7.544410       7.063370       6.661140       6.347900       6.401110       6.689190       6.993530       7.293890       7.576810       7.842750       8.072150       8.310020       8.539100       8.770620       8.985580       9.202540       9.400860    
   13.68130       13.29620       12.82310       12.38890       11.92530       11.53470       11.03730       10.52590       10.01780       9.524940       9.050310       8.591420       8.141840       7.705150       7.182600       6.741590       6.288720       6.434040       6.801220       7.141540       7.452210       7.736200       7.997220       8.216940       8.441170       8.663080       8.863630       9.054910       9.239580       9.412290    
   13.54010       13.17510       12.78580       12.30490       11.99930       11.53880       11.08450       10.61560       10.14620       9.686250       9.238320       8.801750       8.373720       7.853030       7.463360       7.105850       6.856410       6.894100       7.138600       7.424450       7.701910       7.959710       8.196820       8.392540       8.602590       8.788170       8.961610       9.126980       9.279110       9.422690    
   13.42390       13.07890       12.71110       12.45900       11.99430       11.56980       11.16030       10.72700       10.29640       9.873020       9.459830       9.058300       8.669600       8.151550       7.869530       7.604650       7.462110       7.466820       7.606440       7.808020       8.023310       8.241400       8.438570       8.621150       8.773760       8.926600       9.070330       9.199470       9.318410       9.428870    
   13.41450       13.07130       12.67540       12.45240       12.06690       11.63630       11.25190       10.85730       10.46580       10.08150       9.708320       9.349530       8.783790       8.572290       8.376250       8.174970       8.058690       8.047660       8.121650       8.245440       8.389090       8.535970       8.678450       8.821980       8.949860       9.052550       9.156580       9.250470       9.334720       9.434590    
   13.40630       12.90340       12.45240       12.20280       12.11070       11.76120       11.40660       11.00250       10.64970       10.30560       10.04640       9.722460       9.190900       9.017100       8.852060       8.709570       8.630930       8.621100       8.658640       8.722710       8.800560       8.885440       8.982130       9.068590       9.150480       9.198690       9.263370       9.319120       9.365620       9.403460    
   13.12180       12.45240       12.24560       12.14600       12.18120       11.86080       11.53160       11.20420       10.97950       10.63330       10.33240       9.805610       9.600840       9.426430       9.317580       9.223830       9.181790       9.178460       9.196550       9.205390       9.225670       9.250430       9.283700       9.321350       9.359180       9.393690       9.392940       9.411440       9.420940       9.420920    
   12.45240       12.26070       12.16360       12.18120       12.00110       11.96140       11.79430       11.49120       11.19520       10.93010       10.65940       10.11320       9.950270       9.818780       9.727050       9.701980       9.697350       9.725360       9.719500       9.677890       9.628100       9.596560       9.571800       9.563470       9.559340       9.554950       9.520540       9.504110       9.479370       9.444820    
   12.26670       12.17240       12.18120       12.04790       11.96140       11.91120       11.97800       11.70290       11.43610       11.18180       10.61240       10.45180       10.31550       10.20990       10.14190       10.12600       10.14590       10.21470       10.21860       10.07280       9.986110       9.911680       9.855430       9.810600       9.771500       9.733500       9.692880       9.619870       9.564780       9.484370    
   12.17680       12.18120       12.06350       11.96140       11.95020       11.97800       11.84050       11.70570       11.33560       11.02140       10.87110       10.73840       10.62820       10.54550       10.49430       10.48050       10.49210       10.52260       10.49260       10.37800       10.25620       10.18650       10.10330       10.02940       9.960810       9.893690       9.824950       9.752090       9.647950       9.561370    
   12.18120       12.06870       11.96140       11.96320       11.97800       11.90920       11.84140       11.47580       11.02140       10.94630       10.96470       11.00620       10.91080       10.84700       10.75990       10.74990       10.77100       10.76080       10.71470       10.62470       10.51450       10.40310       10.29680       10.24650       10.15690       10.06770       9.976990       9.883100       9.784990       9.687010    
   12.07040       11.96140       11.96750       11.97800       11.94360       11.90950       11.56190       11.02140       10.98380       11.04300       11.09630       11.18650       11.12500       11.05730       11.02670       11.00960       11.01390       10.98180       10.92680       10.84440       10.74290       10.63270       10.52040       10.40840       10.34690       10.24070       10.13230       10.02170       9.909030       9.820640    
   11.96140       11.96900       11.97800       11.96080       11.94370       11.60910       11.02140       11.00260       11.07520       11.14140       11.18650       11.15580       11.16650       11.29740       11.26710       11.24390       11.22140       11.19370       11.13290       11.05260       10.95540       10.84690       10.73140       10.61190       10.48990       10.36590       10.29020       10.16580       10.06580       9.935020    
   11.96950       11.97800       11.96940       11.96080       11.63380       11.02140       11.01200       11.08990       11.16400       11.18650       11.17110       11.20150       11.29740       11.28230       11.26950       11.24410       11.21970       11.18270       11.21800       11.25530       11.16020       11.05250       10.93520       10.81050       10.68010       10.54550       10.38370       10.27480       10.07610       10.00490    
   11.97800       11.97370       11.96940       11.64640       11.02140       11.01670       11.09700       11.17520       11.18650       11.17880       11.21410       11.29740       11.28980       11.28300       11.26530       11.24440       11.21550       11.28620       11.35540       11.45540       11.36160       11.25460       11.13600       10.98450       10.84720       10.70330       10.50290       10.35800       10.21930       10.09510    
   11.97590       11.97370       11.65270       11.02140       11.01910       11.10050       11.18090       11.18650       11.18270       11.21920       11.29740       11.29360       11.29010       11.27940       11.26420       11.24170       11.32140       11.40540       11.45540       11.45260       11.54090       11.43500       11.31570       11.18410       10.97580       10.83260       10.67670       10.51860       10.36530       10.22550    
   11.97590       11.65590       11.02140       11.02020       11.10220       11.18370       11.18650       11.18460       11.22140       11.29740       11.29550       11.29370       11.28770       11.27790       11.26180       11.45370       11.43040       11.45540       11.68700       11.76490       11.68520       11.64890       11.47330       11.33280       11.17830       11.02800       10.86150       10.68880       10.51660       10.35640    
   11.65750       11.02140       11.02080       11.10310       11.18510       11.18650       11.18550       11.22250       11.29740       11.29650       11.29550       11.29230       11.28640       11.70370       11.92870       12.01070       12.01060       11.99990       11.99700       12.07510       11.98880       11.81220       11.66660       11.53730       11.39180       11.23080       11.05590       10.86960       10.67680       10.49080    
   11.02140       11.02110       11.10350       11.18580       11.18650       11.18600       11.22300       11.29740       11.29690       11.29650       11.29480       11.29140       12.05490       12.99330       12.98740       12.58050       12.59120       12.56580       12.29440       12.15090       12.16150       12.01210       11.88280       11.75650       11.61200       11.44950       11.26960       11.07360       10.86680       10.64630    
   11.02130       11.10370       11.18610       11.18650       11.18630       11.22320       11.29740       11.29720       11.29690       11.29610       12.16690       13.47580       13.15880       12.99900       12.99910       12.98740       12.73260       12.61660       12.56580       12.38570       12.30240       12.22530       12.13000       11.98690       11.84660       11.68640       11.50670       11.31120       11.09620       10.86530    
   11.10380       11.18630       11.18650       11.18640       11.22330       11.29740       11.29730       11.29720       11.29670       12.34230       13.47580       13.47580       13.47580       13.16730       13.01040       13.01090       12.98740       12.76070       12.66740       12.56580       12.51300       12.44410       12.35700       12.24970       12.09500       11.94090       11.76830       11.57740       11.37310       11.16300    
   11.18640       11.18650       11.18640       11.22340       11.29740       11.29730       11.29730       11.97770       12.68170       13.47620       13.47580       13.47580       13.47580       13.47580       13.18370       13.03300       13.03440       12.98740       12.82230       12.76910       12.72540       12.66640       12.59000       12.49340       12.37230       12.20980       12.04560       11.86720       11.68290       11.50540    
   11.18650       11.18650       11.22340       11.29740       11.29740       12.44910       14.17680       14.09830       14.01980       13.65810       13.47690       13.47580       13.47580       13.47580       13.47580       13.21490       13.07720       13.08130       12.98740       12.96710       12.93420       12.88720       12.81620       12.73800       12.63340       12.50030       12.33120       12.16660       12.00360       11.85520    
   11.18650       11.22350       11.29740       11.29740       12.67950       14.17680       14.17680       14.17680       14.09830       14.01980       13.66000       13.47910       13.47580       13.47580       13.47580       13.47580       13.27240       13.16300       13.17520       13.16400       13.12300       13.09270       13.04810       12.98670       12.89770       12.76970       12.62010       12.46540       12.31670       12.19210    
