iMOD/TUTORIALS/TUT_MetaswapAnalyser/model_MetaSWAP/meteo/Precipitation/Precipitation_20050302_L1.ASC
NCOLS                30
NROWS                30
XLLCORNER     160000.00
YLLCORNER     340000.00
CELLSIZE        1000.00
NODATA_VALUE   -9999.00
   2.181500       2.029920       1.885550       1.748190       1.617170       1.497000       1.384430       1.276920       1.179630       1.120080       1.104700       1.101140       1.098030       1.094090       1.088300       1.085880       1.111330       1.097960       1.085270       1.071430       1.056710       1.036220       1.019720       1.006860      0.9890000      0.9708500      0.9527300      0.9353600      0.9202100      0.9087600    
   2.207860       2.057150       1.913520       1.776460       1.644800       1.521800       1.403530       1.287300       1.170770       1.105110       1.115350       1.121640       1.125180       1.129610       1.127970       1.154070       1.147650       1.132430       1.117020       1.101910       1.085340       1.063120       1.044390       1.028960       1.008780      0.9881200      0.9670500      0.9459300      0.9256000      0.9091200    
   2.234950       2.086350       1.944410       1.806830       1.678870       1.556780       1.440070       1.329020       1.229750       1.172250       1.160540       1.161980       1.167360       1.169610       1.167660       1.187290       1.181930       1.172200       1.158670       1.142230       1.120850       1.096630       1.079700       1.057720       1.035230       1.012110      0.9878600      0.9631200      0.9363800      0.9123500    
   2.262440       2.117050       1.978190       1.843860       1.718990       1.601040       1.490730       1.390810       1.307100       1.251180       1.226010       1.217570       1.216770       1.216440       1.215190       1.228630       1.224250       1.214120       1.198910       1.180060       1.159040       1.138360       1.110890       1.086670       1.062600       1.038110       1.012980      0.9869500      0.9587800      0.9315300    
   2.290160       2.148810       2.011680       1.884100       1.763760       1.651390       1.548440       1.451860       1.378690       1.326260       1.295860       1.279720       1.271800       1.268370       1.266410       1.272530       1.268700       1.257380       1.239230       1.216940       1.197690       1.172950       1.142690       1.115910       1.091090       1.066390       1.041700       1.015630      0.9924600      0.9734600    
   2.317820       2.179150       2.049120       1.926110       1.810770       1.704090       1.600590       1.516120       1.443330       1.397140       1.361820       1.339790       1.327020       1.321040       1.311520       1.316910       1.315380       1.301970       1.278930       1.252040       1.228880       1.202050       1.170890       1.145270       1.120500       1.095370       1.072390       1.049280       1.030630       1.017170    
   2.337490       2.212210       2.086780       1.968450       1.846420       1.746640       1.656830       1.569650       1.511540       1.460050       1.421990       1.395710       1.378920       1.369140       1.348720       1.358180       1.362630       1.344960       1.313660       1.285090       1.255190       1.227110       1.200760       1.170560       1.146790       1.124460       1.101930       1.083680       1.068190       1.058060    
   2.360150       2.217820       2.107310       1.995510       1.891360       1.796410       1.698310       1.632140       1.568080       1.515850       1.475110       1.444800       1.423470       1.409570       1.375360       1.385790       1.397930       1.373560       1.338230       1.304830       1.274330       1.246540       1.221120       1.192330       1.170350       1.148260       1.130530       1.115360       1.108020       1.098530    
   2.362570       2.247890       2.134080       2.034520       1.934720       1.842390       1.745050       1.681990       1.618170       1.564540       1.520780       1.486100       1.459430       1.386290       1.388960       1.392570       1.390790       1.372380       1.343370       1.313110       1.284900       1.259300       1.236180       1.209740       1.188170       1.170950       1.156030       1.149390       1.138640       1.131560    
   2.386830       2.276580       2.166640       2.064120       1.974550       1.884780       1.799640       1.726510       1.662160       1.606540       1.559310       1.519770       1.486990       1.395610       1.391680       1.386740       1.375680       1.358970       1.335630       1.310500       1.286540       1.265210       1.245680       1.228140       1.204080       1.189810       1.183800       1.173050       1.165060       1.160210    
   2.390400       2.276680       2.151250       2.097650       2.003590       1.939850       1.839100       1.766080       1.700640       1.642620       1.591600       1.546890       1.409200       1.409940       1.390780       1.377100       1.360090       1.339530       1.316890       1.294660       1.274350       1.256250       1.240150       1.224030       1.218450       1.200290       1.190380       1.182770       1.177800       1.184260    
   2.392140       2.228990       2.097650       2.056450       2.036750       1.969340       1.868050       1.801300       1.734450       1.673830       1.632410       1.580450       1.431210       1.402590       1.383390       1.362440       1.339610       1.316170       1.294990       1.277510       1.263220       1.250920       1.243760       1.233820       1.224700       1.209070       1.201850       1.196660       1.193870       1.193750    
   2.307580       2.097650       2.076040       2.062270       2.087800       1.978570       1.899670       1.826430       1.779310       1.719300       1.658410       1.447550       1.424720       1.400830       1.375000       1.346780       1.316830       1.288550       1.267610       1.256410       1.251030       1.245640       1.240030       1.234070       1.228140       1.222730       1.209950       1.206690       1.205640       1.207150    
   2.097650       2.084130       2.075040       2.087800       2.024510       2.007160       1.957090       1.880750       1.809060       1.739000       1.675630       1.455700       1.428830       1.400090       1.368590       1.333590       1.297720       1.258610       1.235940       1.234550       1.236750       1.237400       1.230770       1.227000       1.222680       1.218560       1.207720       1.205620       1.205810       1.208750    
   2.087750       2.081420       2.087800       2.039820       2.007160       1.995080       2.020990       1.940570       1.864150       1.791330       1.507610       1.477000       1.444900       1.410570       1.373180       1.332130       1.286100       1.234840       1.207160       1.218770       1.225420       1.228240       1.228050       1.225890       1.222680       1.219320       1.216620       1.207390       1.207940       1.211120    
   2.084610       2.087800       2.044930       2.007160       2.007740       2.020990       1.980780       1.941900       1.786920       1.551620       1.520420       1.488080       1.454110       1.417950       1.378890       1.337020       1.286790       1.245960       1.223280       1.223290       1.226950       1.228160       1.227460       1.224960       1.221390       1.217570       1.214310       1.212390       1.204720       1.207710    
   2.087800       2.046630       2.007160       2.011960       2.020990       2.000890       1.981220       1.815310       1.551620       1.536020       1.513960       1.501520       1.466480       1.429950       1.378340       1.340990       1.303900       1.271110       1.249490       1.240080       1.236560       1.234030       1.230680       1.225420       1.220080       1.214580       1.209650       1.206070       1.204610       1.202570    
   2.047200       2.007160       2.013370       2.020990       2.010940       2.001030       1.837260       1.551620       1.543820       1.522920       1.504840       1.508160       1.475150       1.427940       1.393560       1.358850       1.325760       1.296720       1.274780       1.260260       1.250630       1.243010       1.235640       1.227860       1.218850       1.210580       1.202910       1.196630       1.192550       1.194730    
   2.007160       2.013840       2.020990       2.015960       2.010990       1.850210       1.551620       1.547720       1.526600       1.506500       1.508160       1.491650       1.464020       1.444830       1.412040       1.379570       1.348770       1.321570       1.298810       1.280850       1.266490       1.254070       1.242320       1.230540       1.218570       1.206660       1.194550       1.184580       1.179990       1.174020    
   2.014000       2.020990       2.018480       2.015980       1.857200       1.551620       1.549670       1.528290       1.507330       1.508160       1.499910       1.477170       1.444830       1.428430       1.412150       1.380130       1.349970       1.323050       1.304700       1.301150       1.282960       1.266270       1.250180       1.234130       1.217910       1.201660       1.182390       1.171600       1.171540       1.161130    
   2.020990       2.019730       2.018480       1.860820       1.551620       1.550640       1.529100       1.507750       1.508160       1.504030       1.482520       1.444830       1.436630       1.428470       1.406900       1.380750       1.351050       1.322000       1.311150       1.321140       1.299720       1.279250       1.259080       1.234500       1.214190       1.193530       1.190010       1.169470       1.150360       1.134270    
   2.020360       2.019740       1.862660       1.551620       1.551130       1.529490       1.507950       1.508160       1.506100       1.484880       1.444830       1.440730       1.436640       1.424000       1.405370       1.379570       1.338220       1.316140       1.321140       1.310430       1.310440       1.287490       1.264290       1.240480       1.230630       1.205970       1.179920       1.153390       1.127670       1.105320    
   2.020360       1.863600       1.551620       1.551380       1.529690       1.508060       1.508160       1.507130       1.485990       1.444830       1.442780       1.440740       1.433790       1.422010       1.402980       1.364980       1.318640       1.321140       1.330310       1.328130       1.315660       1.304280       1.288240       1.261360       1.234070       1.204590       1.173150       1.140170       1.106770       1.075350    
   1.864060       1.551620       1.551500       1.529790       1.508110       1.508160       1.507640       1.486530       1.444830       1.443810       1.442780       1.439100       1.432180       1.455390       1.434460       1.383410       1.383120       1.369460       1.353960       1.361560       1.345810       1.330280       1.300180       1.271370       1.240370       1.206880       1.170650       1.131620       1.090270       1.046460    
   1.551620       1.551560       1.529840       1.508130       1.508160       1.507900       1.486790       1.444830       1.444320       1.443810       1.441900       1.438020       1.491100       1.563850       1.562800       1.470590       1.448460       1.445090       1.396780       1.372200       1.377310       1.344690       1.315470       1.284190       1.250570       1.214200       1.174530       1.131000       1.081370       1.029910    
   1.551590       1.529870       1.508150       1.508160       1.508030       1.486920       1.444830       1.444570       1.444320       1.443340       1.545880       1.702850       1.611100       1.564960       1.564890       1.562800       1.487980       1.451840       1.445090       1.408260       1.393470       1.364510       1.333510       1.300470       1.265250       1.227460       1.186380       1.139520       1.089440       1.033940    
   1.529880       1.508150       1.508160       1.508100       1.486990       1.444830       1.444700       1.444570       1.444080       1.567850       1.702850       1.702850       1.702850       1.612730       1.567180       1.566980       1.562800       1.492200       1.458580       1.445090       1.417170       1.386910       1.354520       1.320310       1.284530       1.246940       1.205520       1.161670       1.114040       1.063370    
   1.508160       1.508160       1.508130       1.487020       1.444830       1.444770       1.444700       1.557510       1.637310       1.702950       1.702850       1.702850       1.702850       1.702850       1.616010       1.571760       1.571170       1.562800       1.502340       1.472070       1.443520       1.412250       1.378640       1.343550       1.307960       1.271530       1.233970       1.194230       1.152210       1.109900    
   1.508160       1.508140       1.487030       1.444830       1.444800       1.650370       1.958760       1.927720       1.896680       1.767720       1.703140       1.702850       1.702850       1.702850       1.702850       1.622470       1.581300       1.579530       1.562800       1.529390       1.493740       1.455810       1.418910       1.371150       1.334940       1.301640       1.269150       1.235030       1.199420       1.164520    
   1.508150       1.487040       1.444830       1.444810       1.691540       1.958810       1.958810       1.958760       1.927720       1.896680       1.768220       1.703720       1.702850       1.702850       1.702850       1.702850       1.634560       1.601570       1.596260       1.563080       1.535000       1.493970       1.450550       1.405870       1.365270       1.334170       1.305540       1.282440       1.252480       1.222920    
