iMOD/TUTORIALS/TUT_MetaswapAnalyser/model_MetaSWAP/meteo/Precipitation/Precipitation_20051216_L1.ASC
NCOLS                30
NROWS                30
XLLCORNER     160000.00
YLLCORNER     340000.00
CELLSIZE        1000.00
NODATA_VALUE   -9999.00
   4.282550       4.300530       4.313350       4.316740       4.286660       4.230750       4.124630       3.988390       3.859070       3.783020       3.773860       3.783680       3.795740       3.810120       3.818860       3.824910       3.825120       3.819370       3.806880       3.786710       3.758130       3.721190       3.674630       3.618900       3.554430       3.482120       3.403300       3.320080       3.236090       3.157550    
   4.275470       4.286680       4.286950       4.276790       4.225100       4.164750       4.068460       3.942650       3.792910       3.717150       3.753040       3.782320       3.804290       3.824180       3.835810       3.841280       3.839830       3.823680       3.806020       3.780140       3.745800       3.703570       3.651920       3.591500       3.522450       3.445250       3.360560       3.269650       3.177670       3.087570    
   4.263280       4.268240       4.263480       4.211430       4.177020       4.119160       4.035960       3.932980       3.826330       3.765550       3.776040       3.802170       3.824570       3.844070       3.856230       3.858420       3.853150       3.839350       3.816760       3.785370       3.745350       3.697460       3.640590       3.575060       3.501210       3.419130       3.331300       3.232730       3.127410       3.017910    
   4.251380       4.251440       4.241810       4.177520       4.144230       4.093450       4.026550       3.950010       3.878210       3.839600       3.821900       3.835860       3.864750       3.877140       3.885260       3.885780       3.877570       3.859770       3.832260       3.795480       3.749990       3.696560       3.635410       3.568380       3.490660       3.405100       3.311680       3.210330       3.101470       2.985310    
   4.241590       4.238330       4.170220       4.152370       4.122660       4.080970       4.029760       3.971370       3.925230       3.895850       3.910570       3.894790       3.906170       3.913060       3.918850       3.917650       3.907860       3.886320       3.853890       3.811780       3.761750       3.703210       3.638030       3.564980       3.484980       3.398190       3.304920       3.206400       3.103510       3.004100    
   4.234740       4.158620       4.150740       4.134630       4.109820       4.077030       4.042860       3.994860       4.014880       3.982250       3.967030       3.961860       3.960220       3.950200       3.955280       3.952680       3.940250       3.914540       3.876300       3.828480       3.773420       3.710800       3.642420       3.567180       3.486060       3.399520       3.308350       3.214410       3.119810       3.031010    
   4.077200       4.143160       4.136020       4.122520       4.108700       4.083160       4.054490       4.091330       4.053610       4.031340       4.016990       4.009450       4.006170       3.996560       3.990020       3.987310       3.975620       3.945060       3.899710       3.846800       3.786880       3.720970       3.649480       3.573570       3.492180       3.406730       3.318750       3.228820       3.140390       3.057120    
   4.080050       4.065780       4.132880       4.121740       4.106080       4.192420       4.152420       4.114470       4.092070       4.073910       4.060710       4.051910       4.045930       4.029560       4.031440       4.022720       4.007070       3.970980       3.920350       3.863310       3.800520       3.732400       3.659390       3.582780       3.501620       3.418040       3.331910       3.245600       3.159900       3.081140    
   4.073700       4.050020       4.050170       4.117170       4.237130       4.213540       4.177820       4.143910       4.126300       4.111180       4.098950       4.089230       4.080920       4.066200       4.058330       4.044610       4.022270       3.984610       3.934550       3.877040       3.813210       3.744080       3.670370       3.593590       3.513510       3.430410       3.346250       3.260500       3.179930       3.102770    
   4.062220       4.036200       4.037870       4.213000       4.255310       4.235700       4.185860       4.171270       4.157180       4.144260       4.132690       4.122080       4.111520       4.112060       4.079040       4.061310       4.032640       3.994340       3.944970       3.887100       3.822790       3.755500       3.681770       3.604290       3.525460       3.443260       3.358190       3.276940       3.197640       3.121380    
   4.052460       4.045430       4.127920       4.224630       4.215150       4.220500       4.208290       4.197010       4.185550       4.174230       4.163040       4.151520       4.157200       4.141690       4.099670       4.076020       4.044830       4.003550       3.953320       3.895550       3.831570       3.762330       3.688550       3.611360       3.528040       3.451410       3.369930       3.289280       3.210640       3.136620    
   4.051990       4.112610       4.224630       4.215850       4.230940       4.178950       4.175040       4.221610       4.212190       4.202090       4.199680       4.186230       4.190040       4.162820       4.117710       4.089980       4.054750       4.011680       3.960990       3.904150       3.841540       3.773430       3.698420       3.621270       3.541120       3.460970       3.378730       3.297310       3.217980       3.141780    
   4.110890       4.224630       4.211250       4.211820       4.192700       4.192130       4.192000       4.190770       4.207380       4.239600       4.227810       4.233820       4.212530       4.187080       4.136200       4.104680       4.065480       4.019230       3.967980       3.912430       3.851730       3.785160       3.712780       3.635520       3.554660       3.471600       3.389780       3.307070       3.226570       3.149450    
   4.224630       4.207710       4.202260       4.192700       4.197250       4.206930       4.233020       4.232440       4.230310       4.220520       4.214900       4.262800       4.240380       4.213000       4.179290       4.122250       4.082370       4.028530       3.974970       3.923700       3.866910       3.802100       3.716750       3.636660       3.552700       3.466540       3.381750       3.296730       3.214620       3.136810    
   4.205630       4.197480       4.192700       4.198960       4.206930       4.237370       4.272170       4.272080       4.270190       4.266100       4.286270       4.271700       4.252740       4.228150       4.196500       4.153370       4.104000       4.043800       3.985700       3.937550       3.879300       3.811490       3.735540       3.653150       3.566130       3.476420       3.386060       3.298760       3.213340       3.136300    
   4.195090       4.192700       4.199530       4.206930       4.238820       4.272170       4.272130       4.271480       4.283790       4.326790       4.316770       4.303070       4.284700       4.260470       4.235390       4.193600       4.130920       4.076020       4.021090       3.968440       3.908540       3.838030       3.759530       3.673880       3.582880       3.488610       3.393330       3.299440       3.210640       3.126480    
   4.192700       4.199720       4.206930       4.239310       4.272170       4.272150       4.271920       4.288550       4.326790       4.321780       4.335780       4.337210       4.331220       4.306270       4.284740       4.241090       4.171190       4.121190       4.067360       4.009910       3.945660       3.872540       3.790410       3.698670       3.601690       3.500630       3.398070       3.296880       3.200020       3.111790    
   4.199780       4.206930       4.239470       4.272170       4.272160       4.272080       4.289850       4.326790       4.324290       4.349110       4.366140       4.395070       4.377250       4.362380       4.328750       4.288300       4.218530       4.171940       4.119060       4.059500       3.991710       3.914400       3.827250       3.730940       3.625660       3.515980       3.403990       3.293150       3.187200       3.090100    
   4.206930       4.239520       4.272170       4.272160       4.272140       4.290220       4.326790       4.325540       4.355170       4.380610       4.395070       4.386160       4.385700       4.408100       4.378020       4.341420       4.297840       4.228490       4.177110       4.116970       4.046890       3.965830       3.873420       3.770150       3.657450       3.537680       3.412740       3.289410       3.171380       3.063550    
   4.239540       4.272170       4.272170       4.272160       4.290330       4.326790       4.326160       4.358080       4.387840       4.395070       4.390610       4.393760       4.408100       4.393060       4.375850       4.339090       4.289250       4.234480       4.193150       4.183320       4.112260       4.028340       3.930960       3.820360       3.697790       3.565660       3.427610       3.288310       3.157760       3.033870    
   4.272170       4.272170       4.272160       4.290360       4.326790       4.326480       4.359510       4.391450       4.395070       4.392840       4.396890       4.408100       4.400580       4.392340       4.369330       4.334730       4.287610       4.239660       4.221590       4.259850       4.189420       4.103970       4.002460       3.884960       3.751740       3.605500       3.452770       3.294500       3.139700       2.997420    
   4.272170       4.272170       4.290370       4.326790       4.326630       4.360220       4.393260       4.395070       4.393960       4.398220       4.408100       4.404340       4.400340       4.387420       4.365470       4.330560       4.272510       4.240720       4.259850       4.243410       4.280950       4.195740       4.091490       3.967290       3.826140       3.671970       3.496660       3.313500       3.131350       2.957510    
   4.272170       4.290370       4.326790       4.326710       4.360580       4.394170       4.395070       4.394510       4.398840       4.408100       4.406220       4.404260       4.397370       4.384410       4.361150       4.370100       4.250280       4.259850       4.382230       4.412570       4.358710       4.321170       4.215680       4.086110       3.928220       3.751230       3.554440       3.343780       3.128820       2.923960    
   4.290380       4.326790       4.326750       4.360750       4.394620       4.395070       4.394790       4.399130       4.408100       4.407160       4.406190       4.402620       4.395340       4.576360       4.647630       4.634670       4.631670       4.602170       4.570240       4.613080       4.544190       4.451500       4.341850       4.212580       4.052190       3.861230       3.642900       3.403060       3.150620       2.899340    
   4.326790       4.326770       4.360840       4.394840       4.395070       4.394930       4.399270       4.408100       4.407630       4.407150       4.405320       4.401380       4.741700       5.165590       5.162520       4.972940       5.022050       5.003490       4.795070       4.685070       4.681960       4.602590       4.502040       4.376060       4.212040       4.009650       3.772070       3.505250       3.216630       2.916330    
   4.326780       4.360890       4.394960       4.395070       4.395000       4.399340       4.408100       4.407870       4.407630       4.406700       4.762150       5.298450       5.212370       5.168610       5.168670       5.162520       5.075520       5.040610       5.003490       4.878640       4.829060       4.778680       4.697110       4.575360       4.413080       4.203400       3.950700       3.663240       3.350250       3.020380    
   4.360910       4.395010       4.395070       4.395040       4.399380       4.408100       4.407980       4.407860       4.407400       4.834680       5.298450       5.298450       5.298450       5.216830       5.174650       5.174820       5.162520       5.095450       5.077730       5.003490       5.000040       4.975040       4.917810       4.815800       4.659590       4.446700       4.182830       3.881590       3.559490       3.233090    
   4.395040       4.395070       4.395050       4.399400       4.408100       4.408040       4.407980       4.613470       4.909170       5.298480       5.298450       5.298450       5.298450       5.298450       5.225550       5.186620       5.187110       5.162520       5.138060       5.151970       5.177320       5.185960       5.164740       5.094310       4.956240       4.740430       4.463620       4.151420       3.828470       3.517910    
   4.395070       4.395060       4.399400       4.408100       4.408070       4.709490       5.161710       5.196180       5.230650       5.275930       5.298540       5.298450       5.298450       5.298450       5.298450       5.242330       5.210220       5.211710       5.162520       5.234270       5.303610       5.364230       5.405920       5.411810       5.300030       5.076710       4.779040       4.452120       4.128230       3.829540    
   4.395070       4.399410       4.408100       4.408090       4.769740       5.161620       5.161620       5.161710       5.196180       5.230650       5.276070       5.298730       5.298450       5.298450       5.298450       5.298450       5.273540       5.256420       5.260890       5.355980       5.462110       5.563730       5.661430       5.731200       5.685630       5.437390       5.100730       4.756400       4.429390       4.138610    
