iMOD/TUTORIALS/TUT_MetaswapAnalyser/model_MetaSWAP/meteo/Precipitation/Precipitation_20060731_L1.ASC
NCOLS                30
NROWS                30
XLLCORNER     160000.00
YLLCORNER     340000.00
CELLSIZE        1000.00
NODATA_VALUE   -9999.00
   1.105540       1.156700       1.220050       1.297950       1.389130       1.504450       1.630810       1.756850       1.863610       1.898220       1.846000       1.772040       1.699680       1.623830       1.555190       1.497460       1.436740       1.377430       1.329740       1.286310       1.246040       1.216530       1.179660       1.154900       1.115750       1.075680       1.034810      0.9938600      0.9546100      0.9162900    
   1.191450       1.249950       1.319680       1.403680       1.499140       1.615590       1.743110       1.877330       2.015630       2.055620       1.949570       1.851700       1.758730       1.672750       1.591520       1.514140       1.446800       1.383010       1.322810       1.274530       1.230230       1.196220       1.155710       1.126060       1.082910       1.038310      0.9921600      0.9448300      0.8920700      0.8475800    
   1.266610       1.328790       1.401770       1.481450       1.577340       1.686510       1.802380       1.917870       2.016860       2.037410       1.969870       1.876110       1.782510       1.686150       1.594510       1.508480       1.433340       1.367680       1.310830       1.260810       1.208000       1.171360       1.140410       1.095510       1.049040       1.000510      0.9432100      0.8911500      0.8334600      0.7814500    
   1.328440       1.391270       1.462910       1.540290       1.630670       1.726420       1.822120       1.904410       1.968210       1.979870       1.934870       1.858100       1.768500       1.670730       1.575470       1.483910       1.403320       1.334740       1.277380       1.227960       1.182820       1.145060       1.106630       1.052760       1.004750      0.9544200      0.9016000      0.8462100      0.7853500      0.7275100    
   1.377220       1.438160       1.504040       1.578580       1.657470       1.737220       1.811960       1.880170       1.916950       1.917170       1.881780       1.814440       1.728610       1.631510       1.535870       1.439270       1.348430       1.278800       1.224190       1.178390       1.149520       1.106750       1.068030       1.015370      0.9660700      0.9142400      0.8601400      0.8001700      0.7455700      0.6951900    
   1.413990       1.473230       1.535160       1.600480       1.666990       1.731070       1.792260       1.837110       1.855760       1.855430       1.820230       1.759280       1.678680       1.583400       1.481230       1.376120       1.283140       1.216100       1.170570       1.132600       1.106480       1.066090       1.027570      0.9803500      0.9298900      0.8728900      0.8185600      0.7597600      0.7077500      0.6613600    
   1.446310       1.499880       1.554420       1.610100       1.671850       1.720450       1.760260       1.785080       1.803530       1.792570       1.757600       1.700140       1.623320       1.530900       1.427150       1.311490       1.202310       1.143810       1.116030       1.096680       1.063810       1.025020      0.9811700      0.9385300      0.8873900      0.8338100      0.7742300      0.7206000      0.6676700      0.6222500    
   1.465600       1.525500       1.573210       1.618310       1.660630       1.652230       1.715530       1.743360       1.747240       1.732150       1.696970       1.642230       1.569520       1.481900       1.381860       1.264020       1.136270       1.092300       1.081450       1.057750       1.025210      0.9856300      0.9405500      0.8964800      0.8443300      0.7849500      0.7306900      0.6772300      0.6205300      0.5764200    
   1.491960       1.533890       1.572620       1.611510       1.587060       1.617530       1.674640       1.695140       1.693020       1.674860       1.639760       1.587920       1.520370       1.446790       1.351060       1.248450       1.153640       1.094720       1.061820       1.029450      0.9917800      0.9486100      0.9008300      0.8546100      0.7957100      0.7410900      0.6861900      0.6252600      0.5756700      0.5298400    
   1.500770       1.536890       1.568900       1.529630       1.558540       1.580800       1.642320       1.647850       1.641150       1.620820       1.586230       1.537540       1.475770       1.409220       1.328110       1.241720       1.157830       1.098120       1.050830       1.007190      0.9620200      0.9130900      0.8617500      0.8079600      0.7528200      0.6970100      0.6337200      0.5805400      0.5295500      0.4817900    
   1.501710       1.535520       1.535290       1.505730       1.526920       1.574980       1.601480       1.601870       1.591630       1.569760       1.535860       1.490230       1.443900       1.349340       1.269390       1.206900       1.146080       1.090780       1.040290      0.9915400      0.9419600      0.8904000      0.8366200      0.7765300      0.7111500      0.6594100      0.6029400      0.5474400      0.4937300      0.4340400    
   1.501610       1.519560       1.505730       1.505870       1.494970       1.537860       1.560030       1.557350       1.544270       1.521200       1.438200       1.402420       1.363420       1.284570       1.236060       1.181080       1.125450       1.070010       1.015930      0.9622500      0.9082200      0.8532600      0.7859300      0.7285100      0.6707500      0.6183000      0.5610500      0.5047300      0.4499100      0.3972600    
   1.498740       1.505730       1.500710       1.495410       1.495850       1.519730       1.520190       1.513230       1.427980       1.410690       1.385290       1.314570       1.280980       1.240530       1.197070       1.146280       1.092880       1.037930      0.9814900      0.9250400      0.8624900      0.8049600      0.7471700      0.6891100      0.6309500      0.5729900      0.5206000      0.4640600      0.4088200      0.3553000    
   1.505730       1.499480       1.495630       1.495850       1.500050       1.484560       1.390540       1.386630       1.376080       1.365540       1.339900       1.262990       1.231630       1.193920       1.150650       1.104190       1.049920      0.9936400      0.9372600      0.8780400      0.8219200      0.7652200      0.7095700      0.6520200      0.5942800      0.5367400      0.4840900      0.4279400      0.3730000       0.000000    
   1.499200       1.495740       1.495850       1.493490       1.484560       1.405870       1.342500       1.336260       1.324220       1.306020       1.229780       1.207040       1.177930       1.142710       1.101660       1.056350       1.003030      0.9432900      0.8844700      0.8353200      0.7817400      0.7272500      0.6714700      0.6149200      0.5581300      0.5015900      0.4457900      0.3947800       0.000000       0.000000    
   1.495800       1.495850       1.491300       1.484560       1.410980       1.342500       1.339380       1.334330       1.290800       1.196700       1.179950       1.157360       1.128920       1.094670       1.054790       1.009050      0.9656600      0.9049200      0.8470500      0.7957200      0.7444800      0.6897800      0.6351900      0.5798100      0.5242400      0.4690800      0.4149100      0.3622400       0.000000       0.000000    
   1.495850       1.490570       1.484560       1.412680       1.342500       1.340940       1.338740       1.290300       1.196700       1.188320       1.148900       1.109100       1.081280       1.047980       1.028040      0.9792300      0.9260800      0.8698100      0.8146100      0.7620100      0.7102500      0.6578000      0.6043700      0.5482200      0.4939200      0.4402700      0.3879500       0.000000       0.000000       0.000000    
   1.490330       1.484560       1.413250       1.342500       1.341720       1.340730       1.291670       1.196700       1.192510       1.148110       1.105240       1.101390       1.066840       1.029170      0.9864700      0.9400200      0.8892100      0.8364500      0.7835700      0.7314400      0.6796300      0.6274600      0.5746700      0.5214700      0.4666200      0.4144300      0.3639300       0.000000       0.000000       0.000000    
   1.484560       1.413440       1.342500       1.342110       1.341650       1.292700       1.196700       1.194610       1.148410       1.103320       1.101390       1.084120       1.046280      0.9877000      0.9468000      0.9027600      0.8562200      0.8043400      0.7536900      0.7027900      0.6516300      0.6000200      0.5479000      0.4955400      0.4434900      0.3925000       0.000000       0.000000       0.000000       0.000000    
   1.413500       1.342500       1.342300       1.342090       1.293290       1.196700       1.195650       1.148690       1.102350       1.101390       1.092750       1.054870      0.9877000      0.9672500      0.9457530      0.9019270      0.8544400      0.8047500      0.7171220      0.6755200      0.6255100      0.5747900      0.5235100      0.4719900      0.4208200      0.3708000       0.000000       0.000000       0.000000       0.000000    
   1.342500       1.342400       1.342300       1.293600       1.196700       1.196180       1.148860       1.101870       1.101390       1.097070       1.059180      0.9877000      0.9774750      0.9669010      0.9383100      0.9007070      0.8537060      0.7375950      0.6623950      0.6492700      0.6007200      0.5512100      0.5009500      0.4479800      0.3978900       0.000000       0.000000       0.000000       0.000000       0.000000    
   1.342450       1.342400       1.293750       1.196700       1.196440       1.148950       1.101630       1.101390       1.099230       1.061330      0.9877000      0.9825870      0.9773590      0.9608950      0.9353060      0.8975740      0.7594220      0.6558330      0.6492700      0.6077970      0.5734000      0.5258100      0.4771700      0.4278800      0.3721400       0.000000       0.000000       0.000000       0.000000       0.000000    
   1.342450       1.293820       1.196700       1.196570       1.149000       1.101510       1.101390       1.100310       1.062410      0.9877000      0.9851440      0.9825490      0.9736140      0.9578530      0.9312580      0.7634330      0.6525510      0.6492700      0.5823300      0.5536400      0.5229340      0.5041200      0.4509800      0.4029100       0.000000       0.000000       0.000000       0.000000       0.000000       0.000000    
   1.293860       1.196700       1.196630       1.149020       1.101450       1.101390       1.100850       1.062950      0.9877000      0.9864220      0.9851310      0.9804350      0.9713390      0.8302390      0.6972100      0.5721930      0.5723100      0.5509010      0.5262810      0.5186150      0.5338800      0.4774600      0.4326700      0.3852800       0.000000       0.000000       0.000000       0.000000       0.000000       0.000000    
   1.196700       1.196670       1.149030       1.101420       1.101390       1.101120       1.063220      0.9877000      0.9870610      0.9864180      0.9839960      0.9789680      0.7390570      0.4571890      0.4582300      0.5002940      0.4917190      0.4953500      0.5012750      0.5065870      0.5033500      0.4632600      0.4138300      0.3682200       0.000000       0.000000       0.000000       0.000000       0.000000       0.000000    
   1.196680       1.149040       1.101410       1.101390       1.101250       1.063360      0.9877000      0.9873800      0.9870590      0.9858250      0.7384720      0.3714900      0.4276240      0.4560860      0.4561470      0.4582300      0.4789190      0.4880880      0.4953500      0.4845500      0.4825300      0.4410500      0.3984700       0.000000       0.000000       0.000000       0.000000       0.000000       0.000000       0.000000    
   1.149040       1.101400       1.101390       1.101320       1.063430      0.9877000      0.9875400      0.9873800      0.9867550      0.6908670      0.3714900      0.3714900      0.3714900      0.4257300      0.4538800      0.4540650      0.4582300      0.4740070      0.4808250      0.4953500      0.4569700      0.4176100      0.3772500       0.000000       0.000000       0.000000       0.000000       0.000000       0.000000       0.000000    
   1.101390       1.101390       1.101360       1.063460      0.9877000      0.9876200      0.9875400      0.7404190      0.5472010      0.3712350      0.3714900      0.3714900      0.3714900      0.3714900      0.4214020      0.4493440      0.4499000      0.4582300      0.4616230      0.4663000      0.4297800      0.3924300       0.000000       0.000000       0.000000       0.000000       0.000000       0.000000       0.000000       0.000000    
   1.101390       1.101370       1.063480      0.9877000      0.9876600      0.5925720       0.000000       0.000000       0.000000      0.2469710      0.3707260      0.3714900      0.3714900      0.3714900      0.3714900      0.4107110      0.4399010      0.4415700      0.4582300      0.4266100      0.3942300      0.3607100       0.000000       0.000000       0.000000       0.000000       0.000000       0.000000       0.000000       0.000000    
   1.101380       1.063480      0.9877000      0.9876800      0.5135860       0.000000       0.000000       0.000000       0.000000       0.000000      0.2456690      0.3691970      0.3714900      0.3714900      0.3714900      0.3714900      0.3815510      0.4199030      0.4249100      0.3946200      0.3550900       0.000000       0.000000       0.000000       0.000000       0.000000       0.000000       0.000000       0.000000       0.000000    
