iMOD/TUTORIALS/TUT_MetaswapAnalyser/model_MetaSWAP/meteo/Precipitation/Precipitation_20050505_L1.ASC
NCOLS                30
NROWS                30
XLLCORNER     160000.00
YLLCORNER     340000.00
CELLSIZE        1000.00
NODATA_VALUE   -9999.00
   2.980800       2.958530       2.944960       2.953130       3.016410       3.198800       3.527870       3.945300       4.352320       4.510470       4.354480       4.117920       3.882570       3.678620       3.500230       3.354660       3.248620       3.168210       3.127230       3.115870       3.129760       3.164330       3.215150       3.277990       3.349580       3.426000       3.503060       3.574980       3.632570       3.663230    
   3.075700       3.079160       3.104350       3.161260       3.280300       3.493980       3.819520       4.246700       4.757700       4.943610       4.585340       4.267760       3.989090       3.753160       3.552700       3.394810       3.275890       3.196540       3.148600       3.139570       3.157890       3.198130       3.255410       3.325510       3.405500       3.492200       3.582560       3.672430       3.757190       3.811660    
   3.173890       3.199640       3.249260       3.337120       3.483160       3.697430       3.989730       4.343530       4.687780       4.784880       4.570690       4.283960       4.007080       3.763990       3.553720       3.386580       3.262740       3.184280       3.147980       3.147520       3.168100       3.217320       3.282830       3.361120       3.449000       3.544300       3.649010       3.753440       3.860700       3.956030    
   3.265230       3.306850       3.372630       3.473470       3.616180       3.808090       4.043520       4.297390       4.494450       4.542010       4.415900       4.195280       3.950280       3.716330       3.506250       3.335150       3.210640       3.137790       3.113010       3.126780       3.168700       3.223180       3.298700       3.388630       3.482370       3.582280       3.687190       3.796170       3.909480       4.019380    
   3.344500       3.395140       3.469500       3.568270       3.697560       3.856070       4.032340       4.201320       4.314840       4.329840       4.237190       4.063500       3.849780       3.630570       3.422060       3.246730       3.124470       3.062820       3.058560       3.094570       3.155690       3.231790       3.316080       3.401770       3.498820       3.599140       3.701070       3.803890       3.896910       3.963810    
   3.409480       3.466850       3.537850       3.628340       3.738180       3.862540       3.993020       4.100090       4.166240       4.157510       4.073160       3.925730       3.735250       3.528290       3.320700       3.135330       3.003310       2.958160       2.986940       3.053030       3.135730       3.225990       3.318810       3.415050       3.512000       3.603170       3.696870       3.785220       3.855530       3.894360    
   3.458700       3.517940       3.583630       3.662320       3.757070       3.851450       3.939890       4.012070       4.040110       4.016480       3.936230       3.805150       3.635350       3.436650       3.228790       3.024130       2.858950       2.843340       2.925640       3.025020       3.126420       3.227040       3.326050       3.421390       3.515250       3.604780       3.689780       3.760510       3.809540       3.833120    
   3.504310       3.554600       3.619260       3.685400       3.756280       3.829660       3.892280       3.931310       3.938950       3.906130       3.829610       3.712050       3.560280       3.377730       3.180620       2.976240       2.769460       2.796960       2.916970       3.031170       3.139400       3.242290       3.340300       3.431920       3.519560       3.603050       3.674360       3.732360       3.771780       3.786150    
   3.540060       3.580220       3.630880       3.691810       3.751270       3.801880       3.844570       3.865270       3.860280       3.823460       3.752590       3.649220       3.517950       3.354260       3.191910       3.032100       2.913170       2.906940       2.983680       3.081210       3.180080       3.275500       3.366100       3.449650       3.530930       3.601600       3.662060       3.709270       3.738960       3.747440    
   3.560020       3.597010       3.639950       3.691750       3.738800       3.775230       3.803500       3.813210       3.801510       3.764840       3.701940       3.614220       3.505700       3.379820       3.246330       3.134560       3.061680       3.051150       3.094810       3.165800       3.245840       3.325660       3.403630       3.477160       3.545540       3.605290       3.655370       3.692780       3.714850       3.718980    
   3.559030       3.598990       3.654140       3.687840       3.720660       3.751990       3.770930       3.773870       3.759660       3.726140       3.672880       3.601560       3.511410       3.414930       3.317610       3.244260       3.199280       3.192270       3.219300       3.268080       3.327320       3.390140       3.452720       3.514970       3.570740       3.615730       3.655470       3.684250       3.699870       3.699620    
   3.559890       3.625000       3.687840       3.703380       3.707950       3.727660       3.741240       3.745450       3.731540       3.703020       3.651810       3.597630       3.529210       3.464580       3.395470       3.350820       3.326500       3.325790       3.344460       3.376020       3.415500       3.459540       3.507820       3.553370       3.596030       3.631270       3.661540       3.682630       3.692710       3.690310    
   3.598780       3.687840       3.697700       3.702510       3.697060       3.714140       3.722250       3.721290       3.699020       3.680480       3.648960       3.602300       3.559560       3.516900       3.470560       3.448960       3.442990       3.451000       3.466250       3.482740       3.505220       3.531550       3.561710       3.593320       3.623920       3.651190       3.670400       3.684620       3.689840       3.684840    
   3.687840       3.695590       3.699780       3.697060       3.704450       3.702160       3.694220       3.694530       3.687180       3.672310       3.650590       3.618360       3.591160       3.566220       3.548200       3.534350       3.545560       3.568030       3.582070       3.583040       3.585860       3.596270       3.606790       3.625330       3.644630       3.662290       3.674080       3.682310       3.683550       3.676710    
   3.694730       3.698420       3.697060       3.701220       3.702160       3.693190       3.683180       3.684610       3.680450       3.671020       3.646350       3.631900       3.617500       3.606410       3.602320       3.601890       3.625160       3.663880       3.681630       3.656170       3.644660       3.642090       3.646710       3.655700       3.666490       3.676780       3.684600       3.686420       3.684520       3.679750    
   3.697740       3.697060       3.700150       3.702160       3.692840       3.683180       3.683900       3.682750       3.673790       3.659100       3.653650       3.647120       3.641570       3.639490       3.642750       3.653330       3.668840       3.699080       3.711900       3.700020       3.687680       3.682820       3.682440       3.685830       3.691030       3.696140       3.699420       3.699400       3.692910       3.682950    
   3.697060       3.699790       3.702160       3.692730       3.683180       3.683540       3.683270       3.674880       3.659100       3.656370       3.655650       3.659430       3.661950       3.662160       3.667750       3.680090       3.690680       3.710670       3.720820       3.718970       3.712590       3.707340       3.704880       3.706820       3.708340       3.709730       3.709640       3.706820       3.700230       3.676230    
   3.699670       3.702160       3.692690       3.683180       3.683360       3.683330       3.675200       3.659100       3.657740       3.657860       3.659190       3.658960       3.661200       3.674880       3.683080       3.694100       3.700620       3.715740       3.725040       3.727560       3.725910       3.723230       3.721180       3.720100       3.721460       3.720670       3.718440       3.713780       3.705820       3.683560    
   3.702160       3.692680       3.683180       3.683270       3.683290       3.675250       3.659100       3.658420       3.658550       3.659080       3.658960       3.660080       3.669400       3.682570       3.690830       3.700370       3.709860       3.716920       3.725980       3.730760       3.732240       3.732000       3.731200       3.730290       3.729100       3.727120       3.725620       3.719940       3.701370       3.679800    
   3.692670       3.683180       3.683220       3.683250       3.675230       3.659100       3.658760       3.658810       3.659020       3.658960       3.659520       3.667750       3.682570       3.686700       3.691260       3.700350       3.709050       3.717590       3.726320       3.730440       3.734050       3.735850       3.736520       3.736390       3.735420       3.733290       3.719210       3.698340       3.684140       3.681460    
   3.683180       3.683200       3.683220       3.675200       3.659100       3.658930       3.658920       3.658990       3.658960       3.659240       3.667200       3.682570       3.684630       3.686840       3.692770       3.700220       3.709000       3.721890       3.728980       3.727520       3.732690       3.736180       3.738310       3.729740       3.729370       3.727660       3.705120       3.699200       3.692180       3.683660    
   3.683190       3.683200       3.675180       3.659100       3.659010       3.658980       3.658970       3.658960       3.659100       3.666990       3.682570       3.683600       3.684680       3.688080       3.693280       3.700660       3.717380       3.728250       3.727520       3.726670       3.719800       3.724870       3.728430       3.730620       3.722210       3.721410       3.715570       3.709290       3.702140       3.691400    
   3.683190       3.675170       3.659100       3.659060       3.659000       3.658970       3.658960       3.659030       3.666910       3.682570       3.683090       3.683620       3.685460       3.688680       3.694010       3.714830       3.727890       3.727520       3.718830       3.713840       3.721170       3.728090       3.730410       3.730810       3.731020       3.725940       3.720680       3.714980       3.708480       3.700790    
   3.675160       3.659100       3.659080       3.659020       3.658960       3.658960       3.659000       3.666870       3.682570       3.682830       3.683090       3.684050       3.685920       3.706000       3.722080       3.734690       3.734960       3.725140       3.712830       3.707290       3.707870       3.725220       3.742120       3.737260       3.732810       3.728460       3.723940       3.718980       3.713310       3.717830    
   3.659100       3.659090       3.659020       3.658960       3.658960       3.658980       3.666850       3.682570       3.682700       3.682830       3.683320       3.684350       3.717220       3.755410       3.755850       3.744430       3.741210       3.742400       3.724140       3.717350       3.706720       3.730300       3.739780       3.735980       3.732540       3.729090       3.725370       3.721180       3.726240       3.718960    
   3.659090       3.659030       3.658960       3.658960       3.658970       3.666840       3.682570       3.682630       3.682700       3.682950       3.678790       3.671720       3.726940       3.754730       3.754960       3.755850       3.745690       3.740030       3.742400       3.729520       3.737470       3.728030       3.720580       3.732760       3.730450       3.727940       3.724970       3.729220       3.724760       3.718440    
   3.659030       3.658960       3.658960       3.658960       3.666830       3.682570       3.682600       3.682630       3.682760       3.677580       3.671720       3.671720       3.671720       3.725900       3.753370       3.754080       3.755850       3.744500       3.737650       3.742400       3.731490       3.723450       3.717770       3.713730       3.726700       3.725110       3.727650       3.725670       3.721730       3.716040    
   3.658960       3.658960       3.658960       3.666830       3.682570       3.682590       3.682600       3.688000       3.683520       3.671690       3.671720       3.671720       3.671720       3.671720       3.723570       3.750180       3.752300       3.755850       3.742110       3.732900       3.722830       3.716320       3.712740       3.710990       3.707570       3.722090       3.722650       3.720790       3.717110       3.711920    
   3.658960       3.658960       3.666830       3.682570       3.682580       3.749290       3.849280       3.776650       3.704020       3.682420       3.671640       3.671720       3.671720       3.671720       3.671720       3.718300       3.742380       3.748750       3.755850       3.737290       3.723840       3.715400       3.696810       3.698130       3.705230       3.708350       3.716520       3.714410       3.710930       3.706370    
   3.658960       3.666830       3.682570       3.682570       3.762690       3.849400       3.849400       3.849280       3.776650       3.704020       3.682290       3.671480       3.671720       3.671720       3.671720       3.671720       3.706800       3.722530       3.741650       3.722040       3.675750       3.678500       3.685750       3.695890       3.703850       3.704100       3.701360       3.703240       3.703150       3.699590    
