iMOD/TUTORIALS/TUT_MetaswapAnalyser/model_MetaSWAP/meteo/Precipitation/Precipitation_20060403_L1.ASC
NCOLS                30
NROWS                30
XLLCORNER     160000.00
YLLCORNER     340000.00
CELLSIZE        1000.00
NODATA_VALUE   -9999.00
   1.211890       1.208700       1.195940       1.173920       1.144190       1.108440       1.067280       1.019490      0.9714300      0.9520400      0.9671000      0.9909400       1.010930       1.036420       1.061640       1.092070       1.119980       1.159440       1.212070       1.274680       1.347260       1.420550       1.511020       1.605000       1.713380       1.829180       1.950030       2.070720       2.180560       2.264580    
   1.137860       1.129510       1.115470       1.090180       1.057190       1.016980      0.9691400      0.9121900      0.8449600      0.8149800      0.8468700      0.8701000      0.8905300      0.9122800      0.9334500      0.9536400      0.9882100       1.023220       1.076580       1.145910       1.227220       1.312260       1.414020       1.520560       1.642500       1.774100       1.914540       2.060950       2.209870       2.327620    
   1.074080       1.061900       1.042010       1.014310      0.9834500      0.9416300      0.8930100      0.8385000      0.7849500      0.7580600      0.7643700      0.7768200      0.7883000      0.8001800      0.8092200      0.8225800      0.8518000      0.8960300      0.9566000       1.032660       1.118020       1.212230       1.317260       1.437580       1.567900       1.708720       1.866160       2.029170       2.205920       2.375140    
   1.018850       1.003860      0.9820300      0.9526800      0.9178700      0.8773900      0.8323100      0.7881300      0.7460300      0.7191000      0.7071700      0.7040500      0.7036200      0.7011400      0.7012700      0.7065100      0.7289000      0.7713200      0.8348100      0.9166700       1.012960       1.111570       1.221530       1.350900       1.483910       1.626060       1.778300       1.941740       2.120020       2.302220    
  0.9715400      0.9546100      0.9301500      0.9014700      0.8675100      0.8291000      0.7877000      0.7473000      0.7110700      0.6822600      0.6713500      0.6522200      0.6356900      0.6195800      0.6044500      0.5977600      0.6125800      0.6530500      0.7213600      0.8105800      0.9089500       1.020960       1.132440       1.253450       1.383530       1.519610       1.661440       1.811180       1.953880       2.071370    
  0.9314600      0.9108400      0.8875800      0.8593800      0.8267900      0.7907000      0.7554300      0.7161500      0.7001500      0.6686500      0.6379000      0.6092500      0.5811500      0.5513600      0.5238400      0.4994600      0.4971200      0.5358900      0.6127500      0.7105700      0.8149200      0.9285600       1.039280       1.159020       1.281300       1.402800       1.527110       1.651000       1.757240       1.831490    
  0.9043500      0.8756200      0.8524900      0.8251400      0.7982400      0.7647300      0.7291300      0.7187200      0.6847400      0.6484000      0.6132200      0.5780700      0.5413700      0.5021000      0.4623100      0.4168600      0.3874900      0.4301200      0.5243700      0.6280400      0.7376700      0.8491700      0.9615400       1.066740       1.177620       1.286410       1.394550       1.488740       1.563960       1.612370    
  0.8895900      0.8641900      0.8301700      0.8042500      0.7750400      0.7641400      0.7418700      0.7094700      0.6724000      0.6352700      0.5978700      0.5594100      0.5187700      0.4744200      0.4313800      0.3758600      0.3179600      0.3716000      0.4732400      0.5772100      0.6817400      0.7860400      0.8893000      0.9836200       1.080770       1.177020       1.261210       1.333400       1.389150       1.419580    
  0.8766900      0.8463900      0.8232100      0.7859500      0.7849200      0.7520900      0.7328800      0.7024800      0.6663900      0.6295600      0.5918800      0.5529600      0.5123200      0.4784700      0.4323000      0.3886400      0.3650200      0.3952700      0.4684800      0.5558100      0.6474200      0.7397000      0.8306300      0.9118000      0.9978300       1.073320       1.139380       1.194050       1.230810       1.247880    
  0.8627300      0.8336600      0.8108100      0.8148000      0.7771100      0.7457500      0.7345900      0.7011600      0.6665600      0.6310000      0.5945700      0.5573200      0.5194500      0.4932500      0.4539800      0.4250100      0.4167100      0.4374500      0.4872000      0.5540200      0.6286500      0.7080500      0.7848500      0.8583700      0.9223500      0.9819400       1.032860       1.069940       1.092240       1.098090    
  0.8575000      0.8357330      0.8177730      0.8118200      0.7828200      0.7595300      0.7366200      0.7051100      0.6724300      0.6388700      0.6047200      0.5703600      0.5546200      0.5556200      0.5177600      0.4855600      0.4709400      0.4783200      0.5069600      0.5512100      0.6047200      0.6623300      0.7203100      0.7783600      0.8297100      0.8707100      0.9052900      0.9291200      0.9407000      0.9686500    
  0.8561070      0.8307060      0.8118200      0.7971070      0.7857200      0.7721500      0.7505000      0.7137800      0.6833600      0.6522600      0.6981100      0.6549000      0.6404900      0.6040400      0.5614900      0.5315100      0.5157700      0.5162700      0.5337200      0.5649900      0.6051900      0.6495000      0.6965900      0.7388500      0.7761600      0.8002100      0.8216000      0.8332600      0.8342100      0.8241200    
  0.8428270      0.8118200      0.8034730      0.7968950      0.8080700      0.7892400      0.7620800      0.7337900      0.8212000      0.7748000      0.7330300      0.7481300      0.6965400      0.6497600      0.6078900      0.5769800      0.5570500      0.5505500      0.5582800      0.5799100      0.6116200      0.6451300      0.6781800      0.7082000      0.7332300      0.7516800      0.7555900      0.7568900      0.7488500      0.7313300    
  0.8118200      0.8064610      0.8024820      0.8080700      0.7998830      0.8023400      0.9387300      0.8995300      0.8592200      0.8190500      0.7780600      0.7962700      0.7458700      0.6997200      0.6589500      0.6234200      0.5972500      0.5807800      0.5809400      0.5976200      0.6207200      0.6447900      0.6670800      0.6860000      0.6999200      0.7076400      0.7023900      0.6948500      0.6792600      0.6556100    
  0.8079070      0.8052760      0.8080700      0.8034310      0.8023400      0.9064400      0.9782500      0.9407600      0.9022200      0.8631300      0.9117500      0.8573600      0.8060700      0.7585700      0.7154700      0.6736400      0.6417700      0.6139600      0.6045600      0.6215500      0.6363500      0.6513100      0.6637200      0.6723500      0.6761300      0.6742200      0.6660100      0.6455200      0.6237600      0.5899400    
  0.8066730      0.8080700      0.8046140      0.8023400      0.8956770      0.9782500      0.9595050      0.9404100      0.9331720       1.026580      0.9710100      0.9175500      0.8667100      0.8190200      0.7751900      0.7350200      0.6952400      0.6672000      0.6531000      0.6543200      0.6592900      0.6625400      0.6641300      0.6622200      0.6560000      0.6449000      0.6286400      0.6071300      0.5757100      0.5445100    
  0.8080700      0.8050080      0.8023400      0.8920890      0.9782500      0.9688780      0.9593880      0.9649170       1.026580      0.9987950      0.9877860      0.9829100      0.9327100      0.8851200      0.8342900      0.7945400      0.7576300      0.7291700      0.7096200      0.6986600      0.6918100      0.6852800      0.6769500      0.6642500      0.6490200      0.6297400      0.6063700      0.5791200      0.5484100      0.5114900    
  0.8051390      0.8023400      0.8908930      0.9782500      0.9735640      0.9688390      0.9799410       1.026580       1.012690       1.013190       1.011890       1.040880      0.9935600      0.9471800      0.9037900      0.8631100      0.8249300      0.7939100      0.7685200      0.7482300      0.7308100      0.7138300      0.6955100      0.6747100      0.6495500      0.6223900      0.5922300      0.5595800      0.5251700      0.4905500    
  0.8023400      0.8904940      0.9782500      0.9759070      0.9735510      0.9872310       1.026580       1.019630       1.023940       1.026390       1.040880       1.017220       1.000990       1.022360      0.9784100      0.9364800      0.8971100      0.8616500      0.8304600      0.8021300      0.7753900      0.7487100      0.7207900      0.6908100      0.6583700      0.6234800      0.5853400      0.5472200      0.5096000      0.4749700    
  0.8903610      0.9782500      0.9770780      0.9759030      0.9908170       1.026580       1.023110       1.028930       1.033630       1.040880       1.029050       1.020360       1.022360       1.000390      0.9790830      0.9373330      0.8984130      0.8630730      0.8560320      0.8608000      0.8256000      0.7898800      0.7528200      0.7138900      0.6729200      0.6301300      0.5898500      0.5470500      0.4815000      0.4441300    
  0.9782500      0.9776640      0.9770770      0.9925950       1.026580       1.024840       1.031350       1.037260       1.040880       1.034970       1.028160       1.022360       1.011370       1.000610      0.9722670      0.9382770      0.8996070      0.8871200      0.8929600      0.9251200      0.8820500      0.8378200      0.7919800      0.7483900      0.6987100      0.6475800      0.5695600      0.5205500      0.4750000      0.4353200    
  0.9779570      0.9776640      0.9934790       1.026580       1.025710       1.032540       1.039070       1.040880       1.037920       1.031590       1.022360       1.016870       1.011450      0.9947500      0.9703840      0.9367170      0.9118330      0.9090400      0.9251200      0.9192800      0.9506700      0.8979600      0.8433400      0.7867700      0.6993900      0.6382800      0.5804000      0.5242200      0.4719600      0.4275700    
  0.9779570      0.9939200       1.026580       1.026150       1.033140       1.039970       1.040880       1.039400       1.033190       1.022360       1.019610       1.016890       1.007690      0.9921940      0.9672840      0.9857590      0.9170800      0.9251200      0.9985150       1.023850      0.9813500      0.9609200      0.8646500      0.7999800      0.7342200      0.6678200      0.6017500      0.5370300      0.4758300      0.4218000    
  0.9941400       1.026580       1.026360       1.033430       1.040430       1.040880       1.040140       1.033960       1.022360       1.020990       1.019620       1.014730       1.005590       1.198150       1.248520       1.196130       1.192780       1.151490       1.106360       1.125810       1.097040       1.000160      0.9278400      0.8562500      0.7832600      0.7094100      0.6352500      0.5615900      0.4899300      0.4233400    
   1.026580       1.026470       1.033580       1.040650       1.040880       1.040510       1.034330       1.022360       1.021670       1.020990       1.018450       1.013310       1.377380       1.831250       1.825440       1.524330       1.478530       1.460440       1.267030       1.169420       1.154570       1.076110       1.004870      0.9261100      0.8461400      0.7654800      0.6843700      0.6029200      0.5213200      0.4410100    
   1.026530       1.033660       1.040770       1.040880       1.040700       1.034520       1.022360       1.022020       1.021670       1.020370       1.611310       2.501890       2.059690       1.837160       1.837060       1.825440       1.600580       1.496610       1.460440       1.312440       1.256640       1.175090       1.090480       1.010580      0.9245400      0.8386600      0.7528900      0.6666900      0.5798700      0.4922200    
   1.033690       1.040820       1.040880       1.040790       1.034610       1.022360       1.022190       1.022020       1.021350       1.731430       2.501890       2.501890       2.501890       2.068440       1.848980       1.848670       1.825440       1.619830       1.532780       1.460440       1.378110       1.290150       1.198580       1.105900       1.019960      0.9308800      0.8435500      0.7573200      0.6719600      0.5892300    
   1.040850       1.040880       1.040830       1.034660       1.022360       1.022270       1.022190       1.689070       2.144710       2.502610       2.501890       2.501890       2.501890       2.501890       2.085840       1.872830       1.871910       1.825440       1.660660       1.605130       1.518080       1.423640       1.324520       1.224750       1.128770       1.043010      0.9578000      0.8757900      0.7971700      0.7255600    
   1.040880       1.040860       1.034680       1.022360       1.022320       2.120150       3.766830       3.728790       3.690740       2.900130       2.504050       2.501890       2.501890       2.501890       2.501890       2.119970       1.921150       1.918380       1.825440       1.751640       1.665730       1.569020       1.464910       1.362210       1.260640       1.172110       1.095940       1.021230      0.9513700      0.8905700    
   1.040870       1.034700       1.022360       1.022340       2.339900       3.767080       3.767080       3.766830       3.728810       3.690740       2.903830       2.508360       2.501890       2.501890       2.501890       2.501890       2.184920       2.019640       2.011310       1.939160       1.852690       1.750580       1.636490       1.516550       1.408130       1.328200       1.260340       1.191840       1.131030       1.078240    
