iMOD/TUTORIALS/TUT_MetaswapAnalyser/model_MetaSWAP/meteo/Precipitation/Precipitation_20050731_L1.ASC
NCOLS                30
NROWS                30
XLLCORNER     160000.00
YLLCORNER     340000.00
CELLSIZE        1000.00
NODATA_VALUE   -9999.00
   5.932870       5.833940       5.728710       5.617150       5.497840       5.364710       5.217670       5.064750       4.931230       4.911690       5.024210       5.175350       5.328270       5.486020       5.641190       5.814480       5.954470       6.129310       6.285110       6.439530       6.591600       6.743860       6.888530       7.051780       7.182550       7.306220       7.421060       7.523820       7.608250       7.667190    
   5.967740       5.874800       5.767580       5.658350       5.538530       5.405030       5.256320       5.092330       4.914690       4.878360       5.067730       5.246130       5.418590       5.599950       5.764060       5.912130       6.070120       6.258150       6.437890       6.597150       6.752060       6.903370       7.045620       7.203200       7.327590       7.444180       7.552680       7.651700       7.720710       7.784450    
   6.012710       5.926960       5.833140       5.729740       5.608390       5.485600       5.352790       5.215350       5.099000       5.096610       5.223580       5.386730       5.562650       5.729750       5.904840       6.061660       6.223670       6.385880       6.547570       6.706360       6.882490       7.031750       7.194340       7.320260       7.436820       7.545020       7.628440       7.726290       7.821460       7.899450    
   6.070970       5.994210       5.910280       5.816630       5.718170       5.613860       5.507770       5.403830       5.345380       5.359110       5.451070       5.583940       5.730640       5.891660       6.050740       6.203390       6.361150       6.522610       6.685990       6.846380       6.998720       7.188160       7.317830       7.414100       7.518980       7.614620       7.703040       7.786120       7.867810       7.939990    
   6.142040       6.075990       5.999930       5.923520       5.843560       5.762870       5.687120       5.628680       5.604990       5.628350       5.657900       5.783200       5.921610       6.065710       6.217380       6.360160       6.494980       6.651650       6.815210       6.975400       7.151630       7.284390       7.406470       7.526990       7.613180       7.687600       7.752360       7.812020       7.855710       7.875850    
   6.224640       6.163070       6.105850       6.046320       5.986550       5.929970       5.887430       5.854280       5.746970       5.804110       5.893100       6.008220       6.139180       6.272200       6.404400       6.525940       6.656120       6.811620       6.983010       7.146800       7.315380       7.436770       7.541250       7.619990       7.681940       7.745200       7.779400       7.804690       7.809120       7.787530    
   6.318100       6.264700       6.222590       6.180570       6.148340       6.115480       6.092750       5.914580       5.961440       6.032000       6.128030       6.243980       6.370950       6.500140       6.626910       6.726000       6.824580       6.986510       7.177290       7.362970       7.498880       7.601530       7.675100       7.731040       7.761500       7.776160       7.781160       7.767520       7.745390       7.691030    
   6.425640       6.399970       6.358040       6.334100       6.314460       6.012800       6.051550       6.099370       6.164610       6.251850       6.359960       6.484460       6.617960       6.751720       6.884240       6.978690       7.044440       7.223580       7.434650       7.594090       7.707880       7.781130       7.820730       7.840210       7.833090       7.814260       7.776870       7.726270       7.658010       7.576580    
   6.546890       6.524400       6.511110       6.486050       6.107070       6.141170       6.202130       6.271220       6.356200       6.461310       6.585480       6.725170       6.874390       7.045250       7.183680       7.307050       7.427650       7.581570       7.743650       7.868000       7.943540       7.974720       7.970210       7.945530       7.899940       7.835100       7.758760       7.668370       7.571870       7.463850    
   6.661990       6.652150       6.652180       6.178700       6.208860       6.260340       6.344540       6.429240       6.532940       6.656550       6.799460       6.959240       7.131500       7.333000       7.505170       7.670480       7.815150       7.972700       8.102520       8.183260       8.209220       8.176660       8.118030       8.035370       7.948900       7.840800       7.721400       7.600590       7.473960       7.341280    
   6.659830       6.655440       6.435170       6.257660       6.309950       6.378390       6.468530       6.569880       6.690800       6.832450       6.994990       7.177300       7.411380       7.642440       7.808600       8.022810       8.219300       8.378000       8.476380       8.501670       8.459960       8.368920       8.246810       8.111240       7.960050       7.801470       7.649060       7.496480       7.343560       7.207060    
   6.660340       6.502020       6.257660       6.356090       6.390060       6.480010       6.582820       6.689520       6.825280       6.983090       7.214580       7.412630       7.674160       7.843680       8.107100       8.370460       8.613010       8.793980       8.873320       8.838990       8.718110       8.548050       8.356750       8.157980       7.960330       7.773970       7.586980       7.405310       7.228160       7.054720    
   6.521320       6.257660       6.377210       6.428380       6.466710       6.562360       6.668450       6.793440       7.008250       7.167750       7.357170       7.523440       7.774980       8.053460       8.358520       8.676250       8.983150       9.216990       9.283040       9.164890       8.943590       8.684350       8.420860       8.165640       7.922880       7.693330       7.483200       7.277240       7.080380       6.891090    
   6.257660       6.387280       6.447550       6.466710       6.548960       6.617810       6.819090       6.946180       7.094180       7.259640       7.457440       7.631440       7.897310       8.196120       8.529580       8.897850       9.283770       9.626660       9.699540       9.436780       9.088260       8.742450       8.417540       8.116560       7.838400       7.580830       7.347660       7.123860       6.912980       6.712820    
   6.392200       6.457130       6.466710       6.544490       6.617810       6.763350       6.853140       6.983950       7.135190       7.309260       7.456230       7.691430       7.957710       8.258480       8.597470       8.977340       9.404730       9.882120       10.01010       9.529010       9.089450       8.694060       8.334750       8.007360       7.708060       7.433380       7.180110       6.950950       6.731930       6.518490    
   6.461920       6.466710       6.543000       6.617810       6.744770       6.853140       6.918540       6.990760       7.172300       7.260810       7.461280       7.687280       7.941130       8.224970       8.546450       8.893430       9.242180       9.567390       9.606880       9.291720       8.897680       8.507720       8.146950       7.814380       7.509030       7.228790       6.971220       6.733840       6.519840       6.315400    
   6.466710       6.542510       6.617810       6.738570       6.853140       6.885840       6.920810       7.085600       7.260810       7.361040       7.508950       7.627330       7.860390       8.115340       8.356840       8.636870       8.897090       9.071560       9.065900       8.864120       8.557150       8.219930       7.886170       7.562770       7.265960       6.991450       6.738600       6.506040       6.292060       6.103960    
   6.542340       6.617810       6.736510       6.853140       6.869490       6.886600       7.038270       7.260810       7.310930       7.441310       7.567690       7.508040       7.712280       7.896910       8.113280       8.318310       8.485920       8.572950       8.540490       8.383940       8.140300       7.854130       7.556270       7.263880       6.979680       6.718910       6.477640       6.255830       6.052770       5.871330    
   6.617810       6.735820       6.853140       6.861320       6.869740       7.013790       7.260810       7.285870       7.411790       7.537860       7.508040       7.610160       7.695520       7.664830       7.824770       7.963630       8.061130       8.092610       8.039280       7.900740       7.695400       7.449550       7.186240       6.921590       6.665540       6.423660       6.193270       5.986490       5.801910       5.628370    
   6.735590       6.853140       6.857230       6.861400       7.001420       7.260810       7.273340       7.397890       7.522950       7.508040       7.559100       7.619640       7.664830       7.744800       7.817740       7.949840       8.039120       8.064340       7.688540       7.430580       7.247090       7.029660       6.794900       6.556280       6.323260       6.101900       5.890800       5.705920       5.547650       5.389010    
   6.853140       6.855180       6.857260       6.995210       7.260810       7.267070       7.391120       7.515500       7.508040       7.533570       7.587900       7.664830       7.704810       7.742460       7.837460       7.935570       8.017770       7.595300       7.205030       6.979480       6.807410       6.608730       6.395760       6.174500       5.963210       5.762640       5.594120       5.423470       5.269370       5.132680    
   6.854160       6.855190       6.992120       7.260810       7.263940       7.387760       7.511770       7.508040       7.520810       7.573590       7.664830       7.684820       7.704030       7.761580       7.838500       7.930270       7.524080       7.092250       6.979480       6.721380       6.377250       6.190210       5.993090       5.794920       5.617360       5.442330       5.275130       5.123190       4.987270       4.866750    
   6.854170       6.990570       7.260810       7.262380       7.386090       7.509900       7.508040       7.514420       7.566820       7.664830       7.674830       7.684560       7.716810       7.768040       7.843450       7.242790       7.035870       6.979480       6.276120       5.984760       5.875750       5.792220       5.623840       5.438520       5.262370       5.098920       4.951280       4.818900       4.701630       4.599970    
   6.989800       7.260810       7.261590       7.385260       7.508970       7.508040       7.511230       7.563530       7.664830       7.669830       7.674740       7.692070       7.723140       6.950590       6.360550       5.893090       5.885230       5.736060       5.549710       5.418870       5.592270       5.426800       5.239890       5.065920       4.904690       4.759670       4.631660       4.519500       4.421210       4.324700    
   7.260810       7.261200       7.384840       7.508510       7.508040       7.509640       7.561910       7.664830       7.667330       7.669800       7.678880       7.696650       6.259700       4.468790       4.474050       4.941880       4.758160       4.790990       5.083980       5.245510       5.245460       5.054980       4.872730       4.704700       4.555160       4.427100       4.319850       4.230000       4.143370       4.076700    
   7.261010       7.384630       7.508270       7.508040       7.508840       7.561100       7.664830       7.666080       7.667320       7.672000       6.349520       4.351150       4.425580       4.463930       4.463540       4.474050       4.650060       4.725330       4.790990       4.880560       4.898790       4.706800       4.522710       4.354460       4.214380       4.103580       4.019510       3.948180       3.897590       3.854100    
   7.384530       7.508160       7.508040       7.508440       7.560700       7.664830       7.665450       7.666080       7.668470       6.078230       4.351150       4.351150       4.351150       4.418430       4.454200       4.453030       4.474050       4.609890       4.659670       4.790990       4.587010       4.381820       4.187480       4.017870       3.882910       3.790560       3.728730       3.695270       3.676340       3.664430    
   7.508100       7.508040       7.508240       7.560500       7.664830       7.665140       7.665450       6.845800       5.751470       4.351110       4.351150       4.351150       4.351150       4.351150       4.404830       4.435510       4.432000       4.474050       4.514830       4.528360       4.308280       4.085230       3.873240       3.691950       3.562910       3.487550       3.461920       3.465330       3.482140       3.504460    
   7.508040       7.508140       7.560400       7.664830       7.664990       6.384960       4.464730       4.423970       4.383210       4.361720       4.351020       4.351150       4.351150       4.351150       4.351150       4.379640       4.400490       4.389960       4.474050       4.265930       4.040660       3.805660       3.586570       3.388370       3.248230       3.201720       3.219660       3.265370       3.318480       3.372040    
   7.508090       7.560350       7.664830       7.664910       6.128780       4.464650       4.464650       4.464730       4.423970       4.383210       4.361510       4.350760       4.351150       4.351150       4.351150       4.351150       4.334920       4.337460       4.305860       4.090680       3.882810       3.620000       3.350580       3.098010       2.938030       2.944730       3.025590       3.108070       3.192110       3.269900    
