iMOD/TUTORIALS/TUT_MetaswapAnalyser/model_MetaSWAP/meteo/Precipitation/Precipitation_20050305_L1.ASC
NCOLS                30
NROWS                30
XLLCORNER     160000.00
YLLCORNER     340000.00
CELLSIZE        1000.00
NODATA_VALUE   -9999.00
  0.1270100      0.1270200      0.1270500      0.1273500      0.1357600      0.1363600      0.1347700      0.1265800      0.1231300       0.000000      0.1264700      0.1272300      0.1335000      0.1273100      0.1273100      0.1221500      0.1273100      0.1221500      0.1221500      0.1221500      0.1221500       0.000000       0.000000       0.000000       0.000000       0.000000       0.000000       0.000000       0.000000      0.1195000    
  0.1340900      0.1340900      0.1270200      0.1270500      0.1342100      0.1342400      0.1340800      0.1327700       0.000000       0.000000      0.1194800      0.1333600      0.1335000      0.1221500      0.1221500      0.1273100      0.1273100      0.1357100      0.1299100      0.1299100      0.1299100      0.1249800      0.1249800      0.1227000      0.1227000      0.1227000      0.1227000      0.1226900      0.1274900      0.1327100    
  0.1340900      0.1340900      0.1340900      0.1429800      0.1341000      0.1341000      0.1340500      0.1334900      0.1231300       0.000000      0.1261700      0.1334300      0.1273000      0.1221500      0.1299100      0.1357100      0.1357100      0.1357100      0.1357100      0.1357100      0.1299100      0.1249800      0.1227000      0.1227000      0.1227000      0.1227000      0.1276200      0.1275800      0.1327700      0.1255700    
  0.1340900      0.1340900      0.1340900      0.1429800      0.1429800      0.1429800      0.1429600      0.1340000      0.1267100      0.1336900      0.1269000      0.1272900      0.1357100      0.1299100      0.1299100      0.1357100      0.1357000      0.1357000      0.1357100      0.1357100      0.1357100      0.1276300      0.1227000      0.1276300      0.1276300      0.1276300      0.1276200      0.1275700      0.1325800      0.1206300    
  0.1340900      0.1340900      0.1429800      0.1429800      0.1429800      0.1429800      0.1429800      0.1429700      0.1429500      0.1429500      0.1444800      0.1365000      0.1426100      0.1357100      0.1299000      0.1356900      0.1425600      0.1425700      0.1426000      0.1426100      0.1405400      0.1405400      0.1334900      0.1276300      0.1276300      0.1276300      0.1276300      0.1334600      0.1332200      0.1318400    
  0.1340900      0.1429800      0.1429800      0.1429800      0.1429800      0.1429800      0.1543400      0.1429800      0.1543700      0.1445000      0.1445000      0.1445000      0.1509200      0.1357000      0.1425700      0.1423400      0.1418300      0.1420400      0.1424800      0.1426000      0.1405400      0.1405400      0.1334900      0.1334900      0.1334900      0.1276300      0.1276300      0.1334900      0.1334500      0.1333600    
  0.1348900      0.1429800      0.1429800      0.1429800      0.1543400      0.1543400      0.1543400      0.1543700      0.1445000      0.1445000      0.1445000      0.1445000      0.1445000      0.1426000      0.1424500      0.1407000      0.1310800      0.1364200      0.1419500      0.1404900      0.1405400      0.1405400      0.1405400      0.1334900      0.1334900      0.1334900      0.1405400      0.1405400      0.1334900      0.1334800    
  0.1456800      0.1456800      0.1543400      0.1543400      0.1543400      0.1667800      0.1543700      0.1445000      0.1445000      0.1445000      0.1445000      0.1445000      0.1445000      0.1364900      0.1506500      0.1468100       0.000000      0.1259300      0.1394900      0.1404800      0.1405400      0.1405400      0.1405400      0.1334900      0.1334900      0.1405400      0.1405400      0.1405400      0.1491300      0.1491300    
  0.1601600      0.1456800      0.1456800      0.1543400      0.1667800      0.1667800      0.1543700      0.1445000      0.1445000      0.1445000      0.1445000      0.1445000      0.1445000      0.1444900      0.1508000      0.1497100      0.1457200      0.1459700      0.1401500      0.1405100      0.1405400      0.1405400      0.1405400      0.1334900      0.1405400      0.1405400      0.1405400      0.1491300      0.1491300      0.1491300    
  0.1601600      0.1456800      0.1456800      0.1591700      0.1667800      0.1667800      0.1445000      0.1445000      0.1445000      0.1445000      0.1445000      0.1445000      0.1445000      0.1543700      0.1444800      0.1507800      0.1488000      0.1488800      0.1490700      0.1491200      0.1491300      0.1405400      0.1405400      0.1405400      0.1405400      0.1405400      0.1491300      0.1491300      0.1491300      0.1491300    
  0.1553330      0.1505070      0.1524250      0.1591700      0.1591700      0.1543700      0.1445000      0.1445000      0.1445000      0.1445000      0.1445000      0.1445000      0.1543700      0.1559900      0.1445000      0.1444900      0.1509000      0.1509000      0.1509200      0.1509200      0.1509200      0.1509200      0.1509200      0.1610500      0.1735700      0.1509200      0.1509200      0.1509200      0.1509200      0.1491300    
  0.1553330      0.1543590      0.1591700      0.1561350      0.1591700      0.1470300      0.1375500      0.1445000      0.1445000      0.1445000      0.1465100      0.1465100      0.1559900      0.1543700      0.1445000      0.1445000      0.1445100      0.1509500      0.1509500      0.1509300      0.1509200      0.1509200      0.1735700      0.1735700      0.1735700      0.1610500      0.1610500      0.1610500      0.1610500      0.1610500    
  0.1568530      0.1591700      0.1538590      0.1531000      0.1470300      0.1375500      0.1375500      0.1375500      0.1400400      0.1465100      0.1465100      0.1543700      0.1543700      0.1543700      0.1445000      0.1445100      0.1446000      0.1448800      0.1513700      0.1612000      0.1735900      0.1735700      0.1735700      0.1735700      0.1735700      0.1735700      0.1610500      0.1610500      0.1610500      0.1610500    
  0.1591700      0.1525310      0.1500650      0.1470300      0.1407100      0.1375500      0.1400400      0.1400400      0.1400400      0.1375500      0.1375500      0.1543700      0.1543700      0.1543700      0.1543800      0.1445600      0.1550600      0.1592100      0.1607900      0.1747300      0.1736700      0.1735700      0.1610500      0.1610500      0.1610500      0.1610500      0.1509200      0.1509200      0.1509200      0.1509200    
  0.1518200      0.1485480      0.1470300      0.1417630      0.1375500      0.1415400      0.1470300      0.1470300      0.1470300      0.1470300      0.1591700      0.1591700      0.1591700      0.1591700      0.1591700      0.1544800      0.1559700      0.1962300      0.2301800      0.1746900      0.1775400      0.1773500      0.1773400      0.1773400      0.1773400      0.1773400      0.1773400      0.1658300      0.1658300      0.1601100    
  0.1477890      0.1470300      0.1421140      0.1375500      0.1420400      0.1470300      0.1470300      0.1470300      0.1500650      0.1591700      0.1591700      0.1591700      0.1591700      0.1591700      0.1795400      0.1795900      0.1660300      0.1713100      0.1734700      0.1666100      0.1653600      0.1716100      0.1716000      0.1716000      0.1716000      0.1716000      0.1716000      0.1716000      0.1601100      0.1601100    
  0.1470300      0.1422310      0.1375500      0.1422070      0.1470300      0.1470300      0.1470300      0.1508240      0.1591700      0.1591700      0.1669040      0.1591700      0.1795300      0.1795300      0.1795300      0.1795500      0.1653700      0.1657300      0.1658200      0.1654300      0.1652700      0.1652400      0.1652400      0.1716000      0.1716000      0.1716000      0.1716000      0.1716000      0.1716000      0.1400900    
  0.1422700      0.1375500      0.1422620      0.1470300      0.1470300      0.1470300      0.1510130      0.1591700      0.1591700      0.1723180      0.1785050      0.1978400      0.1978400      0.1795300      0.1795300      0.1795300      0.1652500      0.1652700      0.1652800      0.1652600      0.1652400      0.1652400      0.1652400      0.1652400      0.1716000      0.1716000      0.1716000      0.1716000      0.1716000      0.1492600    
  0.1375500      0.1422810      0.1470300      0.1470300      0.1470300      0.1510610      0.1591700      0.1591700      0.1753340      0.1881730      0.1978400      0.1978400      0.1886850      0.1795300      0.1795300      0.1795300      0.1795300      0.1652400      0.1652400      0.1652400      0.1652400      0.1652400      0.1652400      0.1652400      0.1652400      0.1652400      0.1716000      0.1716000      0.1492600      0.1321000    
  0.1422870      0.1470300      0.1470300      0.1470300      0.1510730      0.1591700      0.1591700      0.1769040      0.1930060      0.1978400      0.1978400      0.1909740      0.1795300      0.1795300      0.1795300      0.1795300      0.1747670      0.1700030      0.1652400      0.1652400      0.1652400      0.1652400      0.1652400      0.1652400      0.1652400      0.1652400      0.1470300      0.1240800      0.1389400      0.1464000    
  0.1470300      0.1470300      0.1470300      0.1510760      0.1591700      0.1591700      0.1777010      0.1954230      0.1978400      0.1978400      0.1915460      0.1795300      0.1795300      0.1795300      0.1795300      0.1779420      0.1747670      0.1680980      0.1652400      0.1652400      0.1652400      0.1652400      0.1652400      0.1470300      0.1470300      0.1470300      0.1389400      0.1389400      0.1389400      0.1389400    
  0.1470300      0.1470300      0.1510760      0.1591700      0.1591700      0.1781030      0.1966320      0.1978400      0.1978400      0.1916890      0.1795300      0.1795300      0.1795300      0.1795300      0.1790010      0.1774130      0.1702570      0.1652400      0.1652400      0.1591700      0.1470300      0.1470300      0.1470300      0.1470300      0.1620400      0.1536100      0.1536100      0.1536100      0.1536100      0.1389400    
  0.1470300      0.1510770      0.1591700      0.1591700      0.1783040      0.1972360      0.1978400      0.1978400      0.1917250      0.1795300      0.1795300      0.1795300      0.1795300      0.1793540      0.1786480      0.1702670      0.1652400      0.1652400      0.1654610      0.1614000      0.1616340      0.1620400      0.1763000      0.1763000      0.1536100      0.1438400      0.1438400      0.1438400      0.1438400      0.1438300    
  0.1510770      0.1591700      0.1591700      0.1784040      0.1975380      0.1978400      0.1978400      0.1917340      0.1795300      0.1795300      0.1795300      0.1795300      0.1794710      0.1754530      0.1684370      0.1594250      0.1594250      0.1634700      0.1686650      0.1760350      0.1757700      0.1763000      0.1438400      0.1438400      0.1438400      0.1438400      0.1438400      0.1438400      0.1438300      0.1535300    
  0.1591700      0.1591700      0.1784550      0.1976890      0.1978400      0.1978400      0.1917360      0.1795300      0.1795300      0.1795300      0.1795300      0.1795100      0.1726140      0.1642800      0.1642800      0.1586480      0.1536100      0.1536100      0.1643720      0.1685600      0.1763000      0.1536100      0.1438400      0.1438400      0.1438400      0.1438400      0.1438400      0.1438400      0.1535900      0.1532400    
  0.1591700      0.1784800      0.1977640      0.1978400      0.1978400      0.1917360      0.1795300      0.1795300      0.1795300      0.1795300      0.1851980      0.1937100      0.1741390      0.1643340      0.1642800      0.1642800      0.1572780      0.1536100      0.1536100      0.1592830      0.1536100      0.1536100      0.1536100      0.1438400      0.1438400      0.1438400      0.1438400      0.1536100      0.1535800      0.1530600    
  0.1784920      0.1978020      0.1978400      0.1978400      0.1917370      0.1795300      0.1795300      0.1795300      0.1795300      0.1863360      0.1937100      0.1937100      0.1937100      0.1742320      0.1644410      0.1642800      0.1642800      0.1576110      0.1536100      0.1536100      0.1536100      0.1536100      0.1536100      0.1536100      0.1438400      0.1438400      0.1536100      0.1536100      0.1535900      0.1533800    
  0.1978210      0.1978400      0.1978400      0.1917370      0.1795300      0.1795300      0.1795300      0.1903130      0.1942000      0.1937300      0.1937100      0.1937100      0.1937100      0.1937100      0.1744970      0.1647630      0.1642800      0.1642800      0.1589450      0.1536100      0.1536100      0.1536100      0.1536200      0.1536300      0.1659100      0.1536300      0.1536200      0.1536100      0.1536100      0.1535700    
  0.1978400      0.1978400      0.1917370      0.1795300      0.1795300      0.2169820      0.2731600      0.2479100      0.2226600      0.2034140      0.1937700      0.1937100      0.1937100      0.1937100      0.1937100      0.1752340      0.1657290      0.1642800      0.1642800      0.1642800      0.1642800      0.1642900      0.1773700      0.1661100      0.1662700      0.1660800      0.1536500      0.1536200      0.1536100      0.1536100    
  0.1978400      0.1917370      0.1795300      0.1795300      0.2244720      0.2731600      0.2731600      0.2731600      0.2479100      0.2226600      0.2035150      0.1938890      0.1937100      0.1937100      0.1937100      0.1937100      0.1772180      0.1686270      0.1642800      0.1642800      0.1773200      0.1773400      0.1776000      0.1796800      0.1833200      0.1792500      0.1775400      0.1659000      0.1536100      0.1536100    
