iMOD/TUTORIALS/TUT_MetaswapAnalyser/model_MetaSWAP/meteo/Precipitation/Precipitation_20060530_L1.ASC
NCOLS                30
NROWS                30
XLLCORNER     160000.00
YLLCORNER     340000.00
CELLSIZE        1000.00
NODATA_VALUE   -9999.00
   2.897690       2.876900       2.855900       2.840650       2.847980       2.913910       3.046650       3.207730       3.359720       3.430670       3.405190       3.347710       3.277870       3.208700       3.131890       3.051740       2.980650       2.901400       2.815970       2.728670       2.639500       2.540820       2.447070       2.348610       2.252550       2.155780       2.060230       1.969750       1.891840       1.839270    
   2.948600       2.937270       2.924080       2.932960       2.966890       3.044000       3.166060       3.320710       3.491010       3.570920       3.499020       3.429890       3.357180       3.286010       3.209220       3.137900       3.052720       2.954830       2.864140       2.765390       2.663590       2.552860       2.445880       2.333990       2.223690       2.111210       1.997180       1.883710       1.774060       1.691460    
   2.994530       2.993170       3.001100       3.022200       3.060940       3.139170       3.247840       3.377560       3.504440       3.557810       3.530570       3.479510       3.415230       3.349730       3.275540       3.201690       3.114760       3.019090       2.915490       2.805830       2.697310       2.575250       2.452820       2.333220       2.211180       2.086110       1.954250       1.822300       1.687410       1.558660    
   3.037970       3.044470       3.061220       3.089480       3.139720       3.211110       3.301160       3.393150       3.481580       3.532080       3.522570       3.499890       3.457510       3.400340       3.335710       3.265310       3.180750       3.082080       2.971050       2.851620       2.727660       2.601490       2.469370       2.337830       2.208790       2.077290       1.942410       1.803260       1.659350       1.513630    
   3.075850       3.087650       3.105230       3.139360       3.187770       3.250450       3.323780       3.411690       3.473540       3.510440       3.538010       3.506850       3.482090       3.436660       3.385300       3.322870       3.242680       3.141770       3.022360       2.892730       2.752550       2.619620       2.482380       2.355440       2.223750       2.091480       1.958370       1.825250       1.696830       1.589160    
   3.106580       3.116270       3.139960       3.173560       3.217630       3.271100       3.346340       3.405440       3.494820       3.519920       3.526100       3.515320       3.501840       3.459020       3.416050       3.372660       3.305970       3.203060       3.072210       2.931570       2.784500       2.646710       2.507300       2.375580       2.246180       2.121610       1.996310       1.876150       1.767920       1.684650    
   3.097830       3.139720       3.163260       3.194510       3.255920       3.299290       3.345660       3.453310       3.483310       3.502920       3.509470       3.503900       3.488950       3.472430       3.430790       3.409150       3.367890       3.258340       3.108460       2.952500       2.807390       2.668990       2.536430       2.403460       2.279690       2.160160       2.045790       1.940090       1.849370       1.779210    
   3.134290       3.159230       3.206360       3.232890       3.264620       3.393300       3.421420       3.447480       3.469570       3.483350       3.487600       3.482780       3.470700       3.448730       3.425680       3.411350       3.394830       3.273150       3.110040       2.958330       2.816460       2.683200       2.557120       2.431660       2.316560       2.206750       2.104060       2.010760       1.933540       1.870000    
   3.186110       3.168290       3.188570       3.238670       3.381220       3.401980       3.421670       3.438980       3.453280       3.460810       3.460590       3.452730       3.438190       3.385910       3.381160       3.354940       3.307050       3.208990       3.074950       2.938970       2.809480       2.687610       2.572600       2.458030       2.353670       2.255430       2.164130       2.085510       2.013610       1.956170    
   3.195200       3.171000       3.188680       3.357440       3.391620       3.406030       3.416130       3.427920       3.434980       3.435850       3.429600       3.415920       3.394920       3.337440       3.303900       3.272800       3.218930       3.124500       3.012170       2.895970       2.783720       2.682650       2.582570       2.487220       2.390040       2.303750       2.227700       2.154270       2.090530       2.038210    
   3.185620       3.184960       3.270980       3.366810       3.377860       3.401520       3.410260       3.415410       3.415710       3.409830       3.396740       3.375690       3.303170       3.238760       3.226480       3.177070       3.115250       3.032640       2.942020       2.850580       2.762180       2.677290       2.595190       2.515210       2.442150       2.367330       2.296670       2.231830       2.174390       2.116420    
   3.187420       3.252090       3.366810       3.374230       3.380200       3.379400       3.384720       3.402730       3.396890       3.384580       3.295920       3.276410       3.198380       3.207180       3.149300       3.088910       3.017600       2.939810       2.861450       2.790610       2.725620       2.662890       2.603620       2.540420       2.476980       2.408060       2.347340       2.290610       2.239350       2.194740    
   3.248860       3.366810       3.372290       3.376110       3.372030       3.376000       3.376400       3.372660       3.269020       3.274440       3.257660       3.229860       3.194760       3.147660       3.079110       3.008040       2.926710       2.845420       2.776350       2.729300       2.691990       2.653170       2.610280       2.563260       2.513280       2.461960       2.404230       2.354860       2.309160       2.268290    
   3.366810       3.371300       3.374070       3.372030       3.373530       3.372560       3.248050       3.247790       3.242600       3.262430       3.239590       3.192560       3.152270       3.099190       3.031680       2.942510       2.846450       2.750430       2.691520       2.674350       2.665950       2.649640       2.623350       2.590340       2.551850       2.509970       2.460860       2.417540       2.376340       2.338530    
   3.370800       3.373050       3.372030       3.372710       3.372560       3.291390       3.253560       3.248760       3.238940       3.222830       3.156820       3.130360       3.092920       3.042770       2.978120       2.899260       2.800130       2.683280       2.618700       2.653280       2.662350       2.661480       2.648530       2.626010       2.596310       2.561680       2.524220       2.480120       2.442160       2.408910    
   3.372540       3.372030       3.372430       3.372560       3.305840       3.253560       3.251160       3.247090       3.215680       3.152210       3.134470       3.108000       3.071440       3.023400       2.967180       2.891560       2.794490       2.711270       2.669710       2.681740       2.698840       2.696370       2.689720       2.673580       2.649670       2.619910       2.586250       2.550570       2.509030       2.474170    
   3.372030       3.372340       3.372560       3.310650       3.253560       3.252360       3.250600       3.216540       3.152210       3.143340       3.113420       3.095530       3.070770       3.026220       2.958760       2.899900       2.831750       2.777920       2.747940       2.744600       2.751810       2.756810       2.754530       2.730190       2.708670       2.680910       2.648540       2.613350       2.577130       2.535350    
   3.372310       3.372560       3.312260       3.253560       3.252960       3.252170       3.217930       3.152210       3.147780       3.114410       3.086210       3.076880       3.050660       3.017290       2.977940       2.933960       2.883690       2.848480       2.827020       2.820030       2.820890       2.821850       2.817930       2.806840       2.775250       2.747190       2.713940       2.677170       2.638790       2.599420    
   3.372560       3.312790       3.253560       3.253260       3.252900       3.218820       3.152210       3.149990       3.114560       3.081540       3.076880       3.063770       3.044960       3.035000       3.007100       2.977030       2.947940       2.919410       2.905740       2.900030       2.898790       2.897250       2.891430       2.878880       2.858570       2.830600       2.782810       2.742380       2.698680       2.654340    
   3.312970       3.253560       3.253410       3.253240       3.219300       3.152210       3.151100       3.114570       3.079210       3.076880       3.070320       3.055150       3.035000       3.021050       3.006380       2.977360       2.948130       2.924360       2.954670       2.982250       2.982030       2.980090       2.973230       2.959100       2.936430       2.905060       2.864730       2.818000       2.752980       2.697870    
   3.253560       3.253490       3.253400       3.219540       3.152210       3.151660       3.114560       3.078050       3.076880       3.073600       3.059340       3.035000       3.028030       3.020810       3.001590       2.977290       2.949950       2.983430       3.024090       3.065920       3.069140       3.068900       3.062370       3.046820       3.021320       2.985400       2.921600       2.868010       2.811330       2.755720    
   3.253520       3.253480       3.219660       3.152210       3.151930       3.114550       3.077460       3.076880       3.075240       3.061210       3.035000       3.031510       3.027940       3.016810       2.999900       2.976280       3.004320       3.045000       3.065920       3.098460       3.160310       3.163580       3.158740       3.143250       3.100140       3.057720       3.002720       2.938990       2.870340       2.802600    
   3.253520       3.219720       3.152210       3.152070       3.114550       3.077170       3.076880       3.076060       3.062080       3.035000       3.033260       3.031490       3.025420       3.014880       2.997660       3.073510       3.055460       3.065920       3.206720       3.258180       3.262110       3.266630       3.253420       3.235680       3.206320       3.157350       3.093460       3.017400       2.933360       2.847940    
   3.219750       3.152210       3.152140       3.114550       3.077030       3.076880       3.076470       3.062510       3.035000       3.034130       3.033250       3.030050       3.023930       3.186210       3.282500       3.330600       3.331590       3.350100       3.373540       3.404330       3.356050       3.363960       3.373520       3.357260       3.322810       3.268760       3.195660       3.105970       3.003910       2.897900    
   3.152210       3.152180       3.114550       3.076950       3.076880       3.076680       3.062710       3.035000       3.034560       3.034130       3.032480       3.029080       3.330750       3.706860       3.706880       3.571460       3.604740       3.597260       3.507080       3.458120       3.452600       3.486490       3.494370       3.484870       3.452360       3.394740       3.312740       3.209420       3.090570       2.958280    
   3.152190       3.114550       3.076920       3.076880       3.076780       3.062820       3.035000       3.034780       3.034560       3.033720       3.245230       3.565240       3.659490       3.706670       3.706840       3.706880       3.642640       3.612230       3.597260       3.568600       3.565710       3.601220       3.622650       3.624530       3.597000       3.537220       3.446880       3.331960       3.197170       3.048360    
   3.114550       3.076900       3.076880       3.076830       3.062870       3.035000       3.034890       3.034780       3.034360       3.288800       3.565240       3.565240       3.565240       3.659190       3.706300       3.706790       3.706880       3.654190       3.627190       3.597260       3.658840       3.715660       3.758390       3.775180       3.757900       3.696860       3.597550       3.470490       3.325810       3.173590    
   3.076890       3.076880       3.076850       3.062890       3.035000       3.034950       3.034890       3.054300       3.241650       3.564960       3.565240       3.565240       3.565240       3.565240       3.658370       3.705220       3.706700       3.706880       3.685430       3.657120       3.740390       3.823760       3.896050       3.939460       3.931700       3.871250       3.759640       3.618460       3.465420       3.314390    
   3.076880       3.076870       3.062910       3.035000       3.034970       3.079830       3.147200       3.130190       3.113190       3.413790       3.564400       3.565240       3.565240       3.565240       3.565240       3.656230       3.702070       3.706530       3.706880       3.780440       3.867800       3.965000       4.058650       4.107430       4.127290       4.055560       3.921650       3.760880       3.598450       3.447540    
   3.076870       3.062910       3.035000       3.034990       3.088790       3.147130       3.147130       3.147200       3.130180       3.113190       3.412350       3.562720       3.565240       3.565240       3.565240       3.565240       3.650910       3.692820       3.706170       3.789740       3.888090       4.014090       4.155770       4.292840       4.347050       4.235510       4.053140       3.876160       3.706280       3.556750    
