iMOD/TUTORIALS/TUT_MetaswapAnalyser/model_MetaSWAP/meteo/Precipitation/Precipitation_20060509_L1.ASC
NCOLS                30
NROWS                30
XLLCORNER     160000.00
YLLCORNER     340000.00
CELLSIZE        1000.00
NODATA_VALUE   -9999.00
  0.5460500      0.5674800      0.5912600      0.6163700      0.6454700      0.6277700      0.5778200      0.5097000      0.4457700      0.4102400      0.4056900      0.4120100      0.4280200      0.4628100      0.4792500      0.5031100      0.4917500      0.4914700      0.4838800      0.4709000      0.4534800      0.4037200      0.3759500      0.3379200      0.3002600      0.2608000      0.2223400      0.1846000      0.1566400      0.1454100    
  0.5614700      0.5760300      0.5678800      0.5856100      0.6134700      0.5985100      0.5612800      0.5068400      0.4408500      0.4129500      0.4441200      0.4731900      0.5010500      0.5605500      0.5923300      0.5987900      0.6078700      0.6127400      0.6009800      0.5785000      0.5487900      0.4843500      0.4409300      0.3873100      0.3341800      0.2798900      0.2285900      0.1819400      0.1542300      0.1362700    
  0.5454200      0.5555400      0.5642000      0.6051300      0.5828200      0.5743400      0.5507300      0.5153000      0.4857700      0.4747300      0.5103900      0.5453700      0.5972400      0.6666900      0.7170900      0.7362400      0.7517700      0.7490400      0.7291200      0.6951600      0.6527700      0.5715200      0.5061500      0.4394000      0.3700600      0.3010400      0.2489600      0.1901500      0.1475000       0.000000    
  0.5255100      0.5315700      0.5379000      0.5818800      0.5797200      0.5725300      0.5595400      0.5317900      0.5375400      0.5600900      0.5884400      0.6385500      0.7029700      0.7901500      0.8536200      0.8870000      0.9102700      0.9067800      0.8781000      0.8299600      0.7691200      0.6954300      0.5852000      0.5200700      0.4313200      0.3462700      0.2693200      0.2036400      0.1574700       0.000000    
  0.5026500      0.5061900      0.5586300      0.5598500      0.5603100      0.5590600      0.5584200      0.6042400      0.6159600      0.6455000      0.7075600      0.7603900      0.8225700      0.9323900       1.001360       1.054760       1.109860       1.107490       1.068520       1.003760      0.9206400      0.8264100      0.6900400      0.5860200      0.4831700      0.3873900      0.3043500      0.2370900      0.1909500      0.1701400    
  0.4780200      0.5350200      0.5356500      0.5383100      0.5421400      0.5478900      0.5945500      0.6347500      0.6748500      0.7269900      0.7891800      0.8682900      0.9397600       1.057390       1.153330       1.247130       1.302780       1.297980       1.240020       1.152920       1.047130      0.9308500      0.7758700      0.6543900      0.5406800      0.4403200      0.3537600      0.2850400      0.2408400      0.2257700    
  0.5127100      0.5137600      0.5150600      0.5195300      0.5769800      0.5870800      0.6065500      0.6787600      0.7284900      0.7838300      0.8570500      0.9479400       1.054270       1.179700       1.286570       1.414730       1.508450       1.494560       1.404560       1.290570       1.163940       1.027790      0.8900200      0.7285400      0.6077400      0.5019000      0.4149500      0.3434400      0.2998300      0.2860900    
  0.5392400      0.5664900      0.5621500      0.5642900      0.5721500      0.6163400      0.6712300      0.7199600      0.7685900      0.8329300      0.9141500       1.012420       1.126840       1.285160       1.393370       1.540540       1.674810       1.643370       1.530280       1.403840       1.264120       1.117050      0.9721100      0.8050800      0.6793200      0.5729600      0.4823700      0.4099200      0.3729300      0.3568400    
  0.6335100      0.5560300      0.5547600      0.5563500      0.6002500      0.6220000      0.6875800      0.7458200      0.8019900      0.8733300      0.9607200       1.064240       1.182890       1.335930       1.451120       1.590120       1.688730       1.692830       1.608600       1.489070       1.347740       1.197410       1.049180      0.8787800      0.7533200      0.6437400      0.5525900      0.4929700      0.4414900      0.4221900    
  0.6278400      0.5478800      0.5470700      0.5901300      0.6003700      0.6266700      0.7186400      0.7665200      0.8281100      0.9043300      0.9957300       1.102030       1.221740       1.334090       1.502470       1.605650       1.692150       1.711920       1.662300       1.562490       1.431660       1.264490       1.116270      0.9745800      0.8208800      0.7120100      0.6376900      0.5646800      0.5108600      0.4870600    
  0.6035470      0.5742630      0.5682400      0.5878800      0.6053800      0.6617900      0.7302900      0.7818600      0.8468600      0.9259100       1.019210       1.126120       1.219490       1.349380       1.514740       1.624380       1.694440       1.723140       1.688380       1.600410       1.476510       1.336920       1.193160       1.061380      0.9638100      0.7924500      0.7040200      0.6339200      0.5816600      0.5534700    
  0.6039370      0.5834830      0.5878800      0.6110820      0.6058000      0.6728000      0.7467700      0.7920200      0.8586000      0.9385800       1.026610       1.133040       1.223150       1.350000       1.518200       1.623460       1.703080       1.728130       1.704030       1.623580       1.505000       1.369480       1.260270       1.133940       1.019460      0.8774300      0.7940500      0.7275700      0.6778500      0.6459400    
  0.6001470      0.5878800      0.6174420      0.6255350      0.6452700      0.7108500      0.7522500      0.8058200      0.8640400      0.9368600       1.029110       1.094860       1.213840       1.339720       1.509820       1.610310       1.689650       1.733370       1.709420       1.638720       1.532550       1.408910       1.285480       1.170070       1.066060      0.9752900      0.8540300      0.7939600      0.7495800      0.7209300    
  0.5878800      0.6214990      0.6354030      0.6452700      0.6901500      0.7143300      0.7459600      0.7989800      0.8639900      0.9389000       1.027620       1.081560       1.195260       1.313820       1.432220       1.579600       1.669090       1.719140       1.714230       1.628100       1.519340       1.405360       1.289140       1.186490       1.094380       1.014280      0.9020000      0.8500100      0.8125800      0.7900000    
  0.6237460      0.6403360      0.6452700      0.6832500      0.7143300      0.7528570      0.7982800      0.8472900      0.9072500      0.9776300       1.009230       1.101400       1.200020       1.302110       1.403900       1.542750       1.615220       1.674300       1.678070       1.600080       1.475630       1.376460       1.282100       1.194920       1.116700       1.048760      0.9920700      0.9013500      0.8718100      0.8584200    
  0.6428030      0.6452700      0.6809500      0.7143300      0.7551560      0.7982800      0.8227850      0.8509400      0.9101200      0.9083100      0.9837700       1.066350       1.153920       1.243730       1.331640       1.414990       1.543900       1.578240       1.573000       1.524070       1.463220       1.337410       1.263660       1.194490       1.131860       1.077230       1.031750      0.9964100      0.9239300      0.9153600    
  0.6452700      0.6801830      0.7143300      0.7559220      0.7982800      0.8105330      0.8240020      0.8730390      0.9083100      0.9460400      0.9979520       1.019760       1.094140       1.170400       1.269210       1.332040       1.445990       1.467200       1.462200       1.432600       1.390600       1.345400       1.298070       1.175860       1.129580       1.089100       1.055770       1.030710       1.014930      0.9579200    
  0.6799280      0.7143300      0.7561770      0.7982800      0.8044060      0.8109380      0.8539710      0.9083100      0.9271750      0.9759070       1.015670       1.011570       1.071780       1.122450       1.179720       1.229850       1.350500       1.365550       1.363490       1.345820       1.317960       1.286330       1.254110       1.223150       1.116510       1.090550       1.069850       1.055620       1.048930       1.044150    
  0.7143300      0.7562620      0.7982800      0.8013430      0.8045410      0.8444060      0.9083100      0.9177420      0.9673160       1.013620       1.011570       1.041670       1.063430       1.047920       1.094500       1.135150       1.165920       1.276030       1.277460       1.268170       1.250880       1.230460       1.209200       1.188810       1.170590       1.155490       1.074190       1.071140       1.067830       1.121280    
  0.7562910      0.7982800      0.7998120      0.8013880      0.8396500      0.9083100      0.9130260      0.9635060       1.012590       1.011570       1.026620       1.041150       1.047920       1.071210       1.092520       1.131860       1.192370       1.239800       1.233270       1.200800       1.191680       1.180270       1.168390       1.157320       1.148150       1.141770       1.213460       1.204430       1.220230       1.154630    
  0.7982800      0.7990460      0.7998270      0.8372900      0.9083100      0.9106680      0.9616990       1.012080       1.011570       1.019100       1.031820       1.047920       1.059560       1.070550       1.098530       1.138920       1.188010       1.196340       1.172350       1.143910       1.141440       1.137230       1.133240       1.218260       1.212030       1.207890       1.224690       1.220720       1.216790       1.212960    
  0.7986630      0.7990510      0.8361180      0.9083100      0.9094890      0.9608150       1.011830       1.011570       1.015330       1.027600       1.047920       1.053740       1.059350       1.076220       1.102670       1.141820       1.165060       1.158130       1.143910       1.163100       1.203940       1.200620       1.197640       1.195750       1.220520       1.258790       1.252700       1.246800       1.241260       1.209740    
  0.7986650      0.8355350      0.9083100      0.9089000      0.9603760       1.011700       1.011570       1.013450       1.025610       1.047920       1.050830       1.053670       1.063100       1.079410       1.106900       1.134240       1.151020       1.143910       1.149820       1.163000       1.201320       1.241460       1.256990       1.251540       1.244540       1.242710       1.238270       1.234230       1.230630       1.227740    
  0.8352450      0.9083100      0.9086050      0.9601580       1.011630       1.011570       1.012510       1.024640       1.047920       1.049380       1.050810       1.055870       1.065390       1.116550       1.130030       1.111940       1.110630       1.123070       1.137710       1.129270       1.122050       1.238520       1.234120       1.229030       1.224870       1.221700       1.219420       1.217780       1.216600       1.232120    
  0.9083100      0.9084570      0.9600490       1.011600       1.011570       1.012040       1.024160       1.047920       1.048650       1.049370       1.052020       1.057360       1.133710       1.215760       1.216790       1.130920       1.074190       1.077340       1.106550       1.120870       1.136480       1.131890       1.206810       1.202430       1.199780       1.198840       1.199190       1.200380       1.220450       1.216100    
  0.9083840      0.9599940       1.011590       1.011570       1.011810       1.023920       1.047920       1.048280       1.048650       1.050010       1.174280       1.356330       1.262000       1.214990       1.214730       1.216790       1.122060       1.071030       1.077340       1.098730       1.104080       1.105290       1.107430       1.171640       1.170640       1.172580       1.176840       1.203900       1.204190       1.204050    
  0.9599670       1.011580       1.011570       1.011690       1.023800       1.047920       1.048100       1.048280       1.048980       1.197120       1.356330       1.356330       1.356330       1.260920       1.213450       1.212670       1.216790       1.123070       1.064720       1.077340       1.077020       1.077600       1.079660       1.083930       1.137780       1.142930       1.174420       1.181610       1.189630       1.196980    
   1.011570       1.011570       1.011630       1.023750       1.047920       1.048010       1.048100       1.068910       1.176880       1.356140       1.356330       1.356330       1.356330       1.356330       1.259180       1.210870       1.208560       1.216790       1.133440       1.052110       1.050390       1.049760       1.050980       1.055210       1.086220       1.130320       1.141240       1.155910       1.171640       1.186670    
   1.011570       1.011600       1.023720       1.047920       1.047970       1.119750       1.227370       1.178830       1.130290       1.280470       1.355760       1.356330       1.356330       1.356330       1.356330       1.256830       1.207270       1.200330       1.216790       1.187530       1.158540       1.130850       1.139520       1.041140       1.042170       1.053190       1.096330       1.118640       1.141800       1.164450    
   1.011580       1.023700       1.047920       1.047940       1.134040       1.227330       1.227330       1.227370       1.178820       1.130290       1.279500       1.354620       1.356330       1.356330       1.356330       1.356330       1.255150       1.204690       1.183860       1.151010       1.165540       1.119410       1.073680       1.033230       1.012230       1.024620       1.053720       1.045310       1.098260       1.128440    
