iMOD/TUTORIALS/TUT_MetaswapAnalyser/model_MetaSWAP/meteo/Precipitation/Precipitation_20061103_L1.ASC
NCOLS                30
NROWS                30
XLLCORNER     160000.00
YLLCORNER     340000.00
CELLSIZE        1000.00
NODATA_VALUE   -9999.00
  0.2555000      0.2310900      0.2084600      0.1884500       0.000000       0.000000       0.000000      0.1853200      0.1919300      0.1997100      0.2103700      0.2201300      0.2285700      0.2330200      0.2377600      0.2392800      0.2548200      0.2610700      0.2668400      0.2732300      0.2798800      0.2883200      0.2943000      0.2990700      0.3026300      0.3046100      0.3048600      0.3032500      0.2995600      0.2927200    
  0.2831400      0.2594300      0.2380400      0.2204600      0.2079000      0.2024300      0.2024200      0.2038400      0.2028200      0.2048000      0.2148500      0.2228700      0.2280400      0.2276800      0.2293100      0.2406800      0.2436300      0.2476900      0.2550600      0.2624700      0.2705300      0.2803600      0.2879500      0.2943000      0.2993900      0.3028900      0.3047400      0.3049000      0.3056700      0.3005700    
  0.3102900      0.2874900      0.2674700      0.2505600      0.2384200      0.2307400      0.2263500      0.2230300      0.2200800      0.2192500      0.2227600      0.2257600      0.2253300      0.2230000      0.2211200      0.2271400      0.2284700      0.2324400      0.2391400      0.2478800      0.2592000      0.2707400      0.2799200      0.2879300      0.2943300      0.2990200      0.3045900      0.3056100      0.3044400      0.3027000    
  0.3366700      0.3145900      0.2951900      0.2785300      0.2656000      0.2557700      0.2482200      0.2419200      0.2376100      0.2342400      0.2315700      0.2285600      0.2239300      0.2170900      0.2106300      0.2105700      0.2098000      0.2134900      0.2215600      0.2325700      0.2447500      0.2580100      0.2705800      0.2825400      0.2898400      0.2950300      0.2982100      0.2995800      0.2988800      0.2978400    
  0.3617600      0.3401300      0.3206000      0.3040500      0.2900800      0.2783800      0.2683800      0.2626200      0.2544700      0.2470500      0.2406400      0.2322600      0.2228100      0.2110200      0.1985200      0.1910000      0.1881900      0.1920300      0.2028200      0.2173800      0.2327600      0.2471700      0.2617200      0.2730800      0.2809400      0.2862900      0.2892400      0.2892100      0.2881500      0.2848300    
  0.3853000      0.3636800      0.3444600      0.3273600      0.3122800      0.2989300      0.2893200      0.2794200      0.2739600      0.2606000      0.2488700      0.2360700      0.2218800      0.2048000      0.1848100       0.000000       0.000000       0.000000      0.1814400      0.2007500      0.2195200      0.2361000      0.2517300      0.2627000      0.2706400      0.2763600      0.2784900      0.2772400      0.2744300      0.2691700    
  0.4071200      0.3859500      0.3664700      0.3487400      0.3366000      0.3210900      0.3066200      0.3027000      0.2862000      0.2721300      0.2572500      0.2409300      0.2225000      0.2015500       0.000000       0.000000       0.000000       0.000000       0.000000      0.1877000      0.2091400      0.2270100      0.2412600      0.2539000      0.2613200      0.2654100      0.2654700      0.2635900      0.2594100      0.2524200    
  0.4332800      0.4129100      0.3924300      0.3732900      0.3554800      0.3388000      0.3348200      0.3156800      0.2999100      0.2836700      0.2664400      0.2476600      0.2267300      0.2031300       0.000000       0.000000       0.000000       0.000000       0.000000      0.1817100      0.2033400      0.2209000      0.2345500      0.2462900      0.2526300      0.2544700      0.2538900      0.2501700      0.2420700      0.2338200    
  0.4605900      0.4319800      0.4111800      0.3916400      0.3729200      0.3552200      0.3518300      0.3307600      0.3134700      0.2956400      0.2768400      0.2566600      0.2347500      0.1964900       0.000000       0.000000       0.000000       0.000000       0.000000      0.1836900      0.2024400      0.2179900      0.2300000      0.2401900      0.2441000      0.2452300      0.2428300      0.2353000      0.2272300      0.2168900    
  0.4786000      0.4497600      0.4287800      0.4081900      0.3892400      0.3707500      0.3636900      0.3455100      0.3271100      0.3082100      0.2885000      0.2677800      0.2459400      0.2055300      0.1887200       0.000000       0.000000       0.000000       0.000000      0.1909400      0.2055000      0.2176400      0.2273700      0.2337600      0.2377800      0.2370800      0.2308400      0.2234900      0.2132300      0.2006900    
  0.4765970      0.4523800      0.4277020      0.4240800      0.4045000      0.3849900      0.3790200      0.3600800      0.3409300      0.3213800      0.3012400      0.2804500      0.2310700      0.2156400      0.2020700      0.1903800      0.1839100      0.1837000      0.1896500      0.1993600      0.2101800      0.2200600      0.2276700      0.2314700      0.2304900      0.2294900      0.2234400      0.2139700      0.2014700      0.1858100    
  0.4769170      0.4451900      0.4240800      0.4201250      0.4192400      0.3990900      0.3938800      0.3745500      0.3549400      0.3350300      0.3090400      0.2893500      0.2393900      0.2270800      0.2152200      0.2049200      0.1979100      0.1963900      0.1992800      0.2059500      0.2142300      0.2219800      0.2254700      0.2281100      0.2273800      0.2252300      0.2173400      0.2059200      0.1913200       0.000000    
  0.4618790      0.4240800      0.4257110      0.4259600      0.4326800      0.4282800      0.4085600      0.3888400      0.3598900      0.3410900      0.3218900      0.2606800      0.2496100      0.2381000      0.2268500      0.2164300      0.2080400      0.2031300      0.2045900      0.2100500      0.2162400      0.2226500      0.2268900      0.2281400      0.2259200      0.2200300      0.2126800      0.1995200      0.1830500       0.000000    
  0.4240800      0.4279480      0.4293200      0.4326800      0.4346000      0.4428400      0.4098100      0.3912300      0.3725700      0.3519500      0.3332100      0.2704200      0.2598700      0.2487800      0.2374300      0.2261600      0.2149800      0.2061500      0.2044900      0.2119300      0.2200100      0.2262700      0.2357500      0.2367500      0.2338500      0.2268800      0.2177600      0.2027700      0.1840900       0.000000    
  0.4289270      0.4310000      0.4326800      0.4367070      0.4428400      0.4222270      0.4140300      0.3963500      0.3786400      0.3608200      0.2875600      0.2784700      0.2686700      0.2582400      0.2472100      0.2357100      0.2231300      0.2092200      0.2045100      0.2180100      0.2301400      0.2374100      0.2411000      0.2410000      0.2369300      0.2287900      0.2165900      0.2023300      0.1824500       0.000000    
  0.4318400      0.4326800      0.4374090      0.4428400      0.4263660      0.4140300      0.4051900      0.3963400      0.3602650      0.3052500      0.2973000      0.2887000      0.2794500      0.2695800      0.2590400      0.2479300      0.2420100      0.2295400      0.2256100      0.2318500      0.2388400      0.2474300      0.2497700      0.2484500      0.2432800      0.2341300      0.2210000      0.2040300      0.1851900       0.000000    
  0.4326800      0.4376430      0.4428400      0.4277450      0.4140300      0.4096100      0.4051870      0.3667610      0.3052500      0.3012750      0.3014560      0.2991600      0.2905500      0.2815200      0.2844700      0.2731000      0.2617500      0.2531200      0.2495800      0.2511700      0.2544600      0.2566700      0.2564800      0.2584100      0.2522000      0.2422500      0.2285200      0.2110900      0.1902800       0.000000    
  0.4377210      0.4428400      0.4282050      0.4140300      0.4118200      0.4096090      0.3717020      0.3052500      0.3032630      0.3065730      0.3080150      0.3168700      0.3078100      0.3109000      0.3010900      0.2916100      0.2822500      0.2756300      0.2720900      0.2713800      0.2719000      0.2718600      0.2700300      0.2656300      0.2634200      0.2529300      0.2389200      0.2214600      0.2008400       0.000000    
  0.4428400      0.4283580      0.4140300      0.4129250      0.4118200      0.3745950      0.3052500      0.3042560      0.3088800      0.3124420      0.3168700      0.3123400      0.3154300      0.3261400      0.3177600      0.3099300      0.3031700      0.2964200      0.2928500      0.2909000      0.2896500      0.2879400      0.2848100      0.2795300      0.2716300      0.2608200      0.2518500      0.2347600      0.2140100      0.1921900    
  0.4284090      0.4140300      0.4134770      0.4129250      0.3761470      0.3052500      0.3047530      0.3099820      0.3146560      0.3168700      0.3146050      0.3176950      0.3261400      0.3219500      0.3179430      0.3102870      0.3031730      0.2974800      0.3030020      0.3091200      0.3068100      0.3040400      0.3000600      0.2942800      0.2862300      0.2756000      0.2624100      0.2451600      0.2282400      0.2111200    
  0.4140300      0.4137540      0.4134770      0.3769500      0.3052500      0.3050020      0.3105240      0.3157630      0.3168700      0.3157370      0.3188280      0.3261400      0.3240450      0.3220110      0.3167270      0.3104680      0.3036470      0.3093590      0.3174200      0.3257200      0.3228200      0.3194500      0.3150600      0.3093800      0.3015300      0.2914600      0.2801300      0.2649800      0.2473900      0.2276700    
  0.4138920      0.4137540      0.3773580      0.3052500      0.3051260      0.3107920      0.3163170      0.3168700      0.3163040      0.3193940      0.3261400      0.3250920      0.3240650      0.3209280      0.3164020      0.3102800      0.3141530      0.3215700      0.3257200      0.3286970      0.3375500      0.3338800      0.3293800      0.3236600      0.3186700      0.3092900      0.2977600      0.2840200      0.2679800      0.2495600    
  0.4138920      0.3775630      0.3052500      0.3051880      0.3109260      0.3165930      0.3168700      0.3165870      0.3196770      0.3261400      0.3256160      0.3250990      0.3233620      0.3204650      0.3158700      0.3245050      0.3236450      0.3257200      0.3437640      0.3507050      0.3483380      0.3458400      0.3455300      0.3399700      0.3328400      0.3243400      0.3142900      0.3023800      0.2883900      0.2721600    
  0.3776670      0.3052500      0.3052190      0.3109930      0.3167320      0.3168700      0.3167280      0.3198180      0.3261400      0.3258780      0.3256190      0.3246920      0.3229750      0.3344290      0.3457170      0.3573390      0.3580450      0.3608360      0.3649170      0.3699350      0.3638600      0.3605600      0.3565300      0.3509400      0.3446600      0.3374300      0.3289900      0.3191000      0.3074800      0.2943400    
  0.3052500      0.3052340      0.3110270      0.3168010      0.3168700      0.3167990      0.3198890      0.3261400      0.3260090      0.3258790      0.3253960      0.3244290      0.3475370      0.3778760      0.3780200      0.3781010      0.3903280      0.3903700      0.3794090      0.3741100      0.3760100      0.3728800      0.3643200      0.3590300      0.3534100      0.3472700      0.3403300      0.3323200      0.3235100      0.3126200    
  0.3052420      0.3110430      0.3168350      0.3168700      0.3168350      0.3199250      0.3261400      0.3260750      0.3260090      0.3257610      0.3424650      0.3683100      0.3745510      0.3777110      0.3777320      0.3780200      0.3860130      0.3902850      0.3903700      0.3832230      0.3824600      0.3771100      0.3718500      0.3633500      0.3581400      0.3527800      0.3469600      0.3407300      0.3329300      0.3238400    
  0.3110520      0.3168530      0.3168700      0.3168520      0.3199420      0.3261400      0.3261070      0.3260750      0.3259480      0.3461710      0.3683100      0.3683100      0.3683100      0.3743050      0.3773820      0.3774450      0.3780200      0.3853760      0.3902000      0.3903700      0.3840500      0.3778200      0.3717900      0.3661100      0.3580900      0.3531100      0.3482300      0.3422300      0.3348300      0.3255500    
  0.3168610      0.3168700      0.3168610      0.3199510      0.3261400      0.3261240      0.3261070      0.3248180      0.3400190      0.3682790      0.3683100      0.3683100      0.3683100      0.3683100      0.3737940      0.3766800      0.3768700      0.3780200      0.3829130      0.3900300      0.3825200      0.3749700      0.3675800      0.3607500      0.3548900      0.3479200      0.3430800      0.3371900      0.3294700      0.3192800    
  0.3168700      0.3168660      0.3199560      0.3261400      0.3261320      0.3218990      0.3155700      0.3183550      0.3211400      0.3525030      0.3682180      0.3683100      0.3683100      0.3683100      0.3683100      0.3727430      0.3751510      0.3757200      0.3780200      0.3732300      0.3677200      0.3614300      0.3536900      0.3502000      0.3432400      0.3382000      0.3322200      0.3263300      0.3182200      0.3074700    
  0.3168680      0.3199580      0.3261400      0.3261360      0.3210480      0.3155530      0.3155530      0.3155700      0.3183540      0.3211400      0.3523440      0.3680330      0.3683100      0.3683100      0.3683100      0.3683100      0.3706400      0.3717130      0.3734200      0.3676800      0.3588900      0.3515100      0.3427200      0.3330500      0.3254300      0.3226700      0.3202000      0.3114600      0.3026700      0.2918700    
