iMOD/TUTORIALS/TUT_MetaswapAnalyser/model_MetaSWAP/meteo/Precipitation/Precipitation_20060827_L1.ASC
NCOLS                30
NROWS                30
XLLCORNER     160000.00
YLLCORNER     340000.00
CELLSIZE        1000.00
NODATA_VALUE   -9999.00
   10.54320       10.99240       11.48150       12.01610       12.58710       13.22960       13.91030       14.58790       15.04180       14.54790       13.01590       11.35860       9.872190       8.622140       7.605520       6.815460       6.238730       5.878230       5.689760       5.657050       5.758480       5.983620       6.299280       6.697260       7.167280       7.692380       8.253010       8.817780       9.331000       9.698560    
   10.46950       10.91960       11.50530       12.03790       12.60380       13.26030       13.98670       14.79310       15.70550       15.33820       13.15300       11.26000       9.657740       8.329440       7.263840       6.441210       5.862650       5.480100       5.315180       5.310220       5.445270       5.707150       6.062770       6.504800       7.026410       7.615900       8.262100       8.945550       9.652490       10.19080    
   10.40120       10.82330       11.28220       11.73840       12.38620       12.96140       13.56630       14.15710       14.52180       13.97340       12.38580       10.65490       9.105450       7.789300       6.715450       5.885860       5.311810       4.971980       4.839270       4.880140       5.069900       5.376930       5.772850       6.257700       6.820670       7.457330       8.195910       8.967720       9.795610       10.62080    
   10.25890       10.63480       11.03470       11.40240       11.84480       12.28630       12.68850       13.03960       12.95450       12.33100       11.15670       9.711240       8.334610       7.070930       6.016590       5.200210       4.645300       4.347410       4.275470       4.383180       4.627820       4.982390       5.431180       5.977710       6.566130       7.222270       7.945980       8.738640       9.599910       10.51360    
   10.05430       10.37090       10.62570       10.95620       11.27290       11.54850       11.73410       11.73420       11.46830       10.82000       9.938090       8.736800       7.444170       6.257900       5.228800       4.418890       3.891260       3.652470       3.668990       3.866320       4.181200       4.588300       5.075620       5.621120       6.217320       6.865960       7.562390       8.294700       9.033020       9.663610    
   9.802660       9.966880       10.21570       10.44620       10.63920       10.76460       10.81630       10.60390       10.47310       9.769340       8.825490       7.725320       6.556020       5.455760       4.450860       3.614440       3.066540       2.899870       3.039220       3.342830       3.732600       4.186660       4.699140       5.247060       5.833370       6.454860       7.093400       7.729190       8.316700       8.760810    
   9.367970       9.606230       9.776690       9.914130       10.05210       10.05220       9.936380       9.964460       9.464600       8.766110       7.887920       6.884640       5.823910       4.752250       3.783980       2.891230       2.242440       2.185060       2.500300       2.903460       3.351230       3.832570       4.344160       4.892610       5.453620       6.026740       6.595350       7.136200       7.605640       7.942660    
   8.857250       9.256670       9.401920       9.455440       9.447890       9.822280       9.538500       9.162040       8.636730       7.954010       7.133840       6.214720       5.244600       4.258980       3.331870       2.462360       1.697720       1.773550       2.185590       2.619140       3.074470       3.552420       4.051110       4.575710       5.100170       5.619920       6.120880       6.577280       6.956310       7.222930    
   8.585530       8.894230       8.932530       8.969610       9.461410       9.260260       8.916340       8.503310       7.971030       7.315050       6.553130       5.715650       4.841130       3.980520       3.149120       2.434560       1.949430       1.892000       2.139540       2.498610       2.910090       3.355010       3.822260       4.311200       4.790890       5.258290       5.694850       6.079110       6.389000       6.601470    
   8.263240       8.548600       8.536880       9.167420       9.028690       8.782600       8.392070       7.972660       7.449160       6.827870       6.125310       5.367630       4.588650       3.859270       3.139910       2.564530       2.206220       2.103670       2.226910       2.491560       2.839480       3.232010       3.658040       4.095680       4.539340       4.954310       5.331710       5.655250       5.906890       6.072680    
   8.329190       8.449570       8.771800       8.834280       8.635840       8.345680       7.975810       7.556590       7.052200       6.470240       5.826110       5.142970       4.500270       3.813870       3.210630       2.725480       2.404910       2.280450       2.334860       2.529320       2.821310       3.174980       3.562120       3.959500       4.350050       4.716890       5.042220       5.311690       5.512170       5.632180    
   8.316130       8.596210       8.834280       8.458270       8.333690       7.998700       7.622330       7.241150       6.762290       6.221440       5.621900       5.007240       4.439580       3.864360       3.300150       2.861530       2.555690       2.405670       2.419060       2.574270       2.833400       3.156530       3.510760       3.872920       4.222800       4.554390       4.833390       5.055890       5.211360       5.293150    
   8.483700       8.834280       8.375820       8.181480       8.029270       7.702870       7.375370       6.986930       6.527430       6.049400       5.513990       5.079930       4.494720       3.936370       3.409910       2.987560       2.666740       2.479600       2.464520       2.613840       2.869640       3.180890       3.513870       3.845920       4.159510       4.439870       4.685690       4.864610       4.978060       5.020800    
   8.834280       8.336190       8.105380       8.029270       7.748920       7.514610       7.180910       6.815870       6.402940       5.973630       5.485020       5.104440       4.569510       4.053700       3.573760       3.129480       2.771910       2.513220       2.468570       2.663900       2.947880       3.260250       3.557810       3.858990       4.135620       4.375800       4.578950       4.717820       4.793960       4.803010    
   8.316760       8.067320       8.029270       7.764270       7.514610       7.263020       7.093550       6.750490       6.367420       5.950340       5.651680       5.167050       4.682230       4.209490       3.759720       3.328810       2.947730       2.595670       2.501110       2.791480       3.095450       3.396220       3.687740       3.960060       4.203050       4.407110       4.563650       4.675120       4.718070       4.701320    
   8.048300       8.029270       7.769380       7.514610       7.290390       7.093550       6.922020       6.737150       6.309310       6.169000       5.741240       5.303100       4.864070       4.433730       4.014980       3.629840       3.271270       2.993850       2.929150       3.110740       3.364640       3.634490       3.893490       4.132030       4.340030       4.508700       4.630730       4.700420       4.722700       4.678420    
   8.029270       7.771090       7.514610       7.299520       7.093550       7.007780       6.917570       6.534370       6.169000       5.955120       5.686260       5.487950       5.084740       4.704830       4.363850       4.021210       3.708750       3.513250       3.462240       3.559990       3.742710       3.955820       4.169600       4.373420       4.543670       4.676010       4.763820       4.802770       4.790760       4.734660    
   7.771660       7.514610       7.302560       7.093550       7.050670       7.006300       6.657180       6.169000       6.062060       5.829870       5.608980       5.730010       5.386250       5.063080       4.742350       4.455770       4.197730       4.052230       4.008600       4.065400       4.192690       4.354480       4.522860       4.678510       4.814360       4.909940       4.963650       4.972470       4.936250       4.857440    
   7.514610       7.303570       7.093550       7.072110       7.050170       6.720790       6.169000       6.115530       5.892090       5.669500       5.730010       5.558130       5.401030       5.424770       5.156760       4.923340       4.739180       4.599540       4.564400       4.600830       4.691210       4.811400       4.938600       5.054530       5.145680       5.202830       5.227650       5.205430       5.143850       5.043840    
   7.303910       7.093550       7.082830       7.071940       6.753020       6.169000       6.142270       5.921280       5.699750       5.730010       5.644070       5.528480       5.424770       5.290760       5.168290       4.939760       4.754020       4.634370       4.932370       5.158950       5.227180       5.317280       5.410770       5.491350       5.546250       5.566830       5.542730       5.484470       5.367540       5.267090    
   7.093550       7.088190       7.082770       6.769200       6.169000       6.155630       5.935490       5.714880       5.730010       5.687040       5.581830       5.424770       5.357770       5.294610       5.132940       4.954020       4.776050       5.101480       5.448530       5.738120       5.796370       5.867660       5.936240       5.991700       6.010070       5.991770       5.904730       5.807750       5.683880       5.546240    
   7.090870       7.088170       6.777290       6.169000       6.162320       5.942510       5.722450       5.730010       5.708530       5.605910       5.424770       5.391270       5.359050       5.261770       5.127190       4.954340       5.232600       5.593330       5.738120       5.984770       6.419830       6.478160       6.526400       6.550670       6.516170       6.468530       6.363970       6.221380       6.051320       5.867380    
   7.090860       6.781330       6.169000       6.165660       5.946010       5.726230       5.730010       5.719270       5.617300       5.424770       5.408020       5.391700       5.337360       5.249340       5.114430       5.746010       5.665720       5.738120       6.737190       7.102550       7.132430       7.147500       7.170200       7.168160       7.130620       7.018210       6.872590       6.680720       6.455010       6.217070    
   6.783350       6.169000       6.167330       5.947760       5.728120       5.730010       5.724640       5.622840       5.424770       5.416390       5.408160       5.379030       5.326130       6.611530       7.372820       7.753270       7.750220       7.815090       7.905390       8.123300       7.785270       7.831370       7.854860       7.847760       7.785490       7.660050       7.470320       7.222210       6.928520       6.636270    
   6.169000       6.168160       5.948630       5.729060       5.730010       5.727320       5.625560       5.424770       5.420580       5.416440       5.401190       5.371110       7.769460       10.75930       10.74500       9.628880       9.843850       9.762320       8.932440       8.490330       8.461330       8.568480       8.610080       8.611130       8.540520       8.388830       8.156120       7.850610       7.505220       7.096680    
   6.168580       5.949070       5.729540       5.730010       5.728670       5.626920       5.424770       5.422680       5.420600       5.412740       7.570550       10.83200       10.79340       10.77140       10.77350       10.74500       10.17640       9.925390       9.762320       9.353820       9.224380       9.348690       9.432570       9.452020       9.385220       9.213070       8.939270       8.586570       8.164460       7.688540    
   5.949290       5.729770       5.730010       5.729340       5.627590       5.424770       5.423720       5.422680       5.418670       8.013580       10.83200       10.83200       10.83200       10.81100       10.79560       10.80200       10.74500       10.27300       10.08850       9.762320       9.967240       10.16010       10.30920       10.37440       10.32600       10.13750       9.811460       9.408810       8.938450       8.435680    
   5.729890       5.730010       5.729670       5.627930       5.424770       5.424250       5.423720       6.753020       8.539700       10.83220       10.83200       10.83200       10.83200       10.83200       10.84290       10.83970       10.85900       10.74500       10.49630       10.41460       10.69840       10.98280       11.22970       11.37920       11.30690       11.13160       10.77550       10.30870       9.792870       9.276760    
   5.730010       5.729840       5.628100       5.424770       5.424510       7.576240       10.80430       10.77570       10.74700       10.80410       10.83250       10.83200       10.83200       10.83200       10.83200       10.89800       10.91500       10.97310       10.74500       11.06320       11.42270       11.80830       12.04080       12.35560       12.46170       12.23900       11.78770       11.23490       10.66730       10.13230    
   5.729930       5.628180       5.424770       5.424640       8.006720       10.80420       10.80420       10.80430       10.77570       10.74700       10.80490       10.83350       10.83200       10.83200       10.83200       10.83200       10.98610       11.02690       11.20120       11.57610       11.73670       12.30390       12.90900       13.47950       13.73600       13.38190       12.75600       12.10990       11.49230       10.94080    
