iMOD/TUTORIALS/TUT_MetaswapAnalyser/model_MetaSWAP/meteo/Precipitation/Precipitation_20061127_L1.ASC
NCOLS                30
NROWS                30
XLLCORNER     160000.00
YLLCORNER     340000.00
CELLSIZE        1000.00
NODATA_VALUE   -9999.00
   0.000000       0.000000       0.000000       0.000000       0.000000       0.000000       0.000000       0.000000       0.000000       0.000000       0.000000       0.000000       0.000000       0.000000       0.000000       0.000000       0.000000       0.000000       0.000000       0.000000       0.000000      0.4747000E-01  0.4747000E-01  0.5018000E-01  0.5018000E-01  0.5018000E-01  0.5018000E-01  0.4933000E-01  0.4553000E-01  0.4397000E-01
   0.000000       0.000000       0.000000       0.000000       0.000000       0.000000       0.000000       0.000000       0.000000       0.000000       0.000000       0.000000       0.000000       0.000000       0.000000       0.000000       0.000000      0.4266000E-01   0.000000       0.000000       0.000000      0.5230000E-01  0.5230000E-01  0.5541000E-01  0.5541000E-01  0.5541000E-01  0.5524000E-01  0.5001000E-01  0.4248000E-01   0.000000    
   0.000000       0.000000       0.000000       0.000000       0.000000       0.000000       0.000000       0.000000       0.000000       0.000000       0.000000       0.000000       0.000000       0.000000       0.000000      0.4266000E-01  0.4266000E-01  0.4266000E-01  0.4266000E-01  0.4266000E-01   0.000000      0.5230000E-01  0.5541000E-01  0.5541000E-01  0.5541000E-01  0.5541000E-01  0.5781000E-01  0.4842000E-01   0.000000       0.000000    
   0.000000       0.000000       0.000000       0.000000       0.000000       0.000000       0.000000       0.000000       0.000000       0.000000       0.000000       0.000000       0.000000       0.000000       0.000000      0.4254000E-01  0.4219000E-01  0.4232000E-01  0.4266000E-01  0.4266000E-01  0.4266000E-01  0.4266000E-01  0.5541000E-01  0.5908000E-01  0.5908000E-01  0.5908000E-01  0.5759000E-01  0.4768000E-01   0.000000       0.000000    
   0.000000       0.000000       0.000000       0.000000       0.000000       0.000000       0.000000       0.000000       0.000000       0.000000       0.000000       0.000000       0.000000      0.4266000E-01   0.000000       0.000000       0.000000       0.000000      0.4218000E-01  0.4460000E-01  0.4764000E-01  0.4764000E-01  0.6346000E-01  0.5908000E-01  0.5908000E-01  0.5908000E-01  0.5858000E-01  0.5490000E-01   0.000000       0.000000    
   0.000000       0.000000       0.000000       0.000000       0.000000       0.000000       0.000000       0.000000       0.000000       0.000000       0.000000       0.000000       0.000000      0.4198000E-01   0.000000       0.000000       0.000000       0.000000       0.000000      0.4199000E-01  0.4761000E-01  0.4764000E-01  0.6346000E-01  0.6346000E-01  0.6346000E-01  0.5908000E-01  0.5908000E-01  0.6081000E-01  0.5330000E-01  0.4636000E-01
   0.000000       0.000000       0.000000       0.000000       0.000000       0.000000       0.000000       0.000000       0.000000       0.000000       0.000000       0.000000       0.000000      0.4258000E-01   0.000000       0.000000       0.000000       0.000000       0.000000       0.000000      0.4697000E-01  0.4764000E-01  0.4764000E-01  0.6346000E-01  0.6346000E-01  0.6346000E-01  0.6873000E-01  0.6873000E-01  0.6202000E-01  0.5945000E-01
   0.000000       0.000000       0.000000       0.000000       0.000000       0.000000       0.000000       0.000000       0.000000       0.000000       0.000000       0.000000       0.000000      0.4438000E-01   0.000000       0.000000       0.000000       0.000000       0.000000       0.000000      0.4667000E-01  0.4764000E-01  0.4764000E-01  0.6346000E-01  0.6346000E-01  0.6873000E-01  0.6873000E-01  0.6873000E-01  0.7517000E-01  0.7517000E-01
   0.000000       0.000000       0.000000       0.000000       0.000000       0.000000       0.000000       0.000000       0.000000       0.000000       0.000000       0.000000       0.000000      0.4859000E-01   0.000000       0.000000       0.000000       0.000000       0.000000       0.000000      0.4722000E-01  0.4764000E-01  0.4764000E-01  0.6346000E-01  0.6873000E-01  0.6873000E-01  0.6873000E-01  0.7517000E-01  0.7517000E-01  0.7517000E-01
   0.000000       0.000000       0.000000       0.000000       0.000000       0.000000       0.000000       0.000000       0.000000       0.000000       0.000000       0.000000       0.000000      0.4426000E-01  0.4617000E-01   0.000000       0.000000       0.000000      0.4258000E-01  0.4859000E-01  0.5096000E-01  0.4764000E-01  0.4764000E-01  0.4764000E-01  0.6873000E-01  0.6873000E-01  0.7517000E-01  0.7517000E-01  0.7517000E-01  0.7517000E-01
   0.000000       0.000000       0.000000       0.000000       0.000000       0.000000       0.000000       0.000000       0.000000       0.000000       0.000000       0.000000      0.4456000E-01   0.000000      0.5049000E-01  0.4820000E-01  0.4369000E-01  0.4410000E-01  0.4608000E-01  0.4763000E-01  0.4764000E-01  0.4764000E-01  0.4764000E-01  0.5096000E-01  0.5505000E-01  0.6873000E-01  0.6873000E-01  0.6873000E-01  0.6873000E-01  0.7517000E-01
   0.000000       0.000000       0.000000       0.000000       0.000000       0.000000      0.4456000E-01   0.000000       0.000000       0.000000       0.000000       0.000000       0.000000      0.4456000E-01  0.5096000E-01  0.5075000E-01  0.4839000E-01  0.4315000E-01  0.4285000E-01  0.4478000E-01  0.4713000E-01  0.4764000E-01  0.5505000E-01  0.5505000E-01  0.5505000E-01  0.7517000E-01  0.7517000E-01  0.7517000E-01  0.7517000E-01  0.7517000E-01
   0.000000       0.000000       0.000000       0.000000       0.000000      0.4456000E-01  0.4456000E-01  0.4456000E-01   0.000000       0.000000       0.000000      0.4456000E-01  0.4456000E-01  0.4456000E-01  0.5093000E-01  0.4755000E-01   0.000000       0.000000       0.000000       0.000000      0.4949000E-01  0.5465000E-01  0.5505000E-01  0.5505000E-01  0.5505000E-01  0.5505000E-01  0.7517000E-01  0.7517000E-01  0.7517000E-01  0.7517000E-01
   0.000000       0.000000       0.000000       0.000000      0.2970670E-01  0.4456000E-01   0.000000       0.000000       0.000000      0.4456000E-01  0.4456000E-01  0.4456000E-01  0.4456000E-01  0.4456000E-01  0.4386000E-01  0.4312000E-01   0.000000       0.000000       0.000000       0.000000      0.4336000E-01  0.5271000E-01  0.5096000E-01  0.5096000E-01  0.5096000E-01  0.5096000E-01  0.6873000E-01  0.6873000E-01  0.6873000E-01  0.6873000E-01
   0.000000       0.000000       0.000000      0.2475560E-01  0.4456000E-01  0.3082000E-01  0.4790000E-01  0.4790000E-01  0.4790000E-01  0.4790000E-01  0.5216000E-01  0.5216000E-01  0.5216000E-01  0.5216000E-01  0.5049000E-01  0.4361000E-01   0.000000       0.000000       0.000000       0.000000       0.000000      0.5357000E-01  0.5730000E-01  0.5730000E-01  0.5730000E-01  0.5730000E-01  0.5730000E-01  0.7507000E-01  0.7507000E-01  0.8194000E-01
   0.000000       0.000000      0.2310520E-01  0.4456000E-01  0.4109330E-01  0.4790000E-01  0.4790000E-01  0.4790000E-01  0.4896500E-01  0.5216000E-01  0.5216000E-01  0.5216000E-01  0.5216000E-01  0.5216000E-01  0.5882000E-01  0.4935000E-01   0.000000       0.000000       0.000000       0.000000      0.5102000E-01  0.5895000E-01  0.6204000E-01  0.6204000E-01  0.6204000E-01  0.6204000E-01  0.6204000E-01  0.6204000E-01  0.8194000E-01  0.8194000E-01
   0.000000      0.2255510E-01  0.4456000E-01  0.4451780E-01  0.4790000E-01  0.4790000E-01  0.4790000E-01  0.4923120E-01  0.5216000E-01  0.5216000E-01  0.5509000E-01  0.5216000E-01  0.6021000E-01  0.6021000E-01  0.6012000E-01  0.5508000E-01  0.5054000E-01   0.000000       0.000000      0.4785000E-01  0.5924000E-01  0.6713000E-01  0.6791000E-01  0.6204000E-01  0.6204000E-01  0.6204000E-01  0.6204000E-01  0.6204000E-01  0.6204000E-01  0.9033000E-01
  0.2237170E-01  0.4456000E-01  0.4565930E-01  0.4790000E-01  0.4790000E-01  0.4790000E-01  0.4929780E-01  0.5216000E-01  0.5216000E-01  0.5714100E-01  0.5948500E-01  0.6681000E-01  0.6681000E-01  0.6021000E-01  0.6021000E-01  0.5972000E-01  0.6286000E-01  0.5836000E-01  0.5778000E-01  0.6159000E-01  0.6653000E-01  0.6791000E-01  0.6791000E-01  0.6791000E-01  0.6204000E-01  0.6204000E-01  0.6204000E-01  0.6204000E-01  0.6204000E-01  0.6791000E-01
  0.4456000E-01  0.4603980E-01  0.4790000E-01  0.4790000E-01  0.4790000E-01  0.4931450E-01  0.5216000E-01  0.5216000E-01  0.5828370E-01  0.6314750E-01  0.6681000E-01  0.6681000E-01  0.6351000E-01  0.6021000E-01  0.6021000E-01  0.6021000E-01  0.6021000E-01  0.6751000E-01  0.6741000E-01  0.6789000E-01  0.6791000E-01  0.6791000E-01  0.6791000E-01  0.6791000E-01  0.6791000E-01  0.6791000E-01  0.6204000E-01  0.6204000E-01  0.6791000E-01  0.6434000E-01
  0.4616660E-01  0.4790000E-01  0.4790000E-01  0.4790000E-01  0.4931860E-01  0.5216000E-01  0.5216000E-01  0.5887850E-01  0.6497870E-01  0.6681000E-01  0.6681000E-01  0.6433500E-01  0.6021000E-01  0.6021000E-01  0.6021000E-01  0.6021000E-01  0.6264330E-01  0.6504330E-01  0.6772600E-01  0.6791000E-01  0.6791000E-01  0.6791000E-01  0.6791000E-01  0.6791000E-01  0.6791000E-01  0.6791000E-01  0.6434000E-01  0.7173000E-01  0.6434000E-01  0.5857000E-01
  0.4790000E-01  0.4790000E-01  0.4790000E-01  0.4931970E-01  0.5216000E-01  0.5216000E-01  0.5918060E-01  0.6589440E-01  0.6681000E-01  0.6681000E-01  0.6454130E-01  0.6021000E-01  0.6021000E-01  0.6021000E-01  0.6021000E-01  0.6102110E-01  0.6263220E-01  0.6624650E-01  0.6791000E-01  0.6791000E-01  0.6791000E-01  0.6791000E-01  0.6791000E-01  0.6434000E-01  0.6434000E-01  0.6434000E-01  0.6434000E-01  0.6434000E-01  0.6434000E-01  0.6434000E-01
  0.4790000E-01  0.4790000E-01  0.4931990E-01  0.5216000E-01  0.5216000E-01  0.5933250E-01  0.6635220E-01  0.6681000E-01  0.6681000E-01  0.6459280E-01  0.6021000E-01  0.6021000E-01  0.6021000E-01  0.6021000E-01  0.6048040E-01  0.6128780E-01  0.6514400E-01  0.6791000E-01  0.6791000E-01  0.6672000E-01  0.6434000E-01  0.6434000E-01  0.6434000E-01  0.6434000E-01  0.5857000E-01  0.5857000E-01  0.5857000E-01  0.5857000E-01  0.5857000E-01  0.6434000E-01
  0.4790000E-01  0.4932000E-01  0.5216000E-01  0.5216000E-01  0.5940870E-01  0.6658110E-01  0.6681000E-01  0.6681000E-01  0.6460570E-01  0.6021000E-01  0.6021000E-01  0.6021000E-01  0.6021000E-01  0.6030010E-01  0.6065940E-01  0.6249440E-01  0.6791000E-01  0.6791000E-01  0.6004880E-01  0.5778000E-01  0.5849200E-01  0.5857000E-01  0.5399000E-01  0.5399000E-01  0.5857000E-01  0.5399000E-01  0.5399000E-01  0.5399000E-01  0.5412000E-01  0.6017000E-01
  0.4932000E-01  0.5216000E-01  0.5216000E-01  0.5944690E-01  0.6669550E-01  0.6681000E-01  0.6681000E-01  0.6460890E-01  0.6021000E-01  0.6021000E-01  0.6021000E-01  0.6021000E-01  0.6024000E-01  0.5637990E-01  0.5573130E-01  0.5765000E-01  0.5765000E-01  0.5475720E-01  0.5107280E-01  0.4778500E-01  0.5122000E-01  0.5399000E-01  0.5399000E-01  0.5399000E-01  0.5399000E-01  0.5399000E-01  0.5399000E-01  0.5399000E-01  0.5918000E-01  0.8391000E-01
  0.5216000E-01  0.5216000E-01  0.5946590E-01  0.6675280E-01  0.6681000E-01  0.6681000E-01  0.6460970E-01  0.6021000E-01  0.6021000E-01  0.6021000E-01  0.6021000E-01  0.6022000E-01  0.5310850E-01  0.4435000E-01  0.4435000E-01  0.4893370E-01  0.4739000E-01  0.4739000E-01  0.4736460E-01  0.4765330E-01  0.4435000E-01  0.4739000E-01  0.5399000E-01  0.5399000E-01  0.5399000E-01  0.5399000E-01  0.5399000E-01  0.5417000E-01  0.7157000E-01  0.1066700    
  0.5216000E-01  0.5947550E-01  0.6678140E-01  0.6681000E-01  0.6681000E-01  0.6460990E-01  0.6021000E-01  0.6021000E-01  0.6021000E-01  0.6021000E-01  0.5661600E-01  0.5122000E-01  0.4665140E-01  0.4436250E-01  0.4435000E-01  0.4435000E-01  0.4634500E-01  0.4739000E-01  0.4739000E-01  0.4663000E-01  0.4739000E-01  0.4739000E-01  0.4739000E-01  0.5399000E-01  0.5399000E-01  0.5399000E-01  0.5399000E-01  0.5902000E-01  0.7403000E-01  0.1142600    
  0.5948020E-01  0.6679570E-01  0.6681000E-01  0.6681000E-01  0.6461000E-01  0.6021000E-01  0.6021000E-01  0.6021000E-01  0.6021000E-01  0.5589520E-01  0.5122000E-01  0.5122000E-01  0.5122000E-01  0.4667310E-01  0.4438750E-01  0.4435000E-01  0.4435000E-01  0.4625000E-01  0.4739000E-01  0.4739000E-01  0.4739000E-01  0.4739000E-01  0.4739000E-01  0.4739000E-01  0.5407000E-01  0.5399000E-01  0.5857000E-01  0.5859000E-01  0.6874000E-01  0.9817000E-01
  0.6680280E-01  0.6681000E-01  0.6681000E-01  0.6461000E-01  0.6021000E-01  0.6021000E-01  0.6021000E-01  0.5624500E-01  0.5346630E-01  0.5121530E-01  0.5122000E-01  0.5122000E-01  0.5122000E-01  0.5122000E-01  0.4673490E-01  0.4446260E-01  0.4435000E-01  0.4435000E-01  0.4587000E-01  0.4739000E-01  0.4739000E-01  0.4739000E-01  0.4945000E-01  0.5377000E-01  0.5983000E-01  0.6498000E-01  0.6036000E-01  0.5857000E-01  0.6115000E-01  0.7515000E-01
  0.6681000E-01  0.6681000E-01  0.6461000E-01  0.6021000E-01  0.6021000E-01  0.3612600E-01   0.000000      0.2217630E-01  0.4435000E-01  0.4891730E-01  0.5120590E-01  0.5122000E-01  0.5122000E-01  0.5122000E-01  0.5122000E-01  0.4690680E-01  0.4468780E-01  0.4435000E-01  0.4435000E-01  0.4435000E-01  0.4435000E-01  0.4673000E-01  0.6009000E-01  0.7774000E-01  0.8394000E-01  0.7637000E-01  0.7057000E-01  0.6051000E-01  0.5857000E-01  0.6069000E-01
  0.6681000E-01  0.6461000E-01  0.6021000E-01  0.6021000E-01  0.3130920E-01   0.000000       0.000000       0.000000      0.2217880E-01  0.4435000E-01  0.4889320E-01  0.5117760E-01  0.5122000E-01  0.5122000E-01  0.5122000E-01  0.5122000E-01  0.4736960E-01  0.4536330E-01  0.4435000E-01  0.4435000E-01  0.4751000E-01  0.5545000E-01  0.7606000E-01  0.1063600      0.1238000      0.1029100      0.7312000E-01  0.5796000E-01  0.5858000E-01  0.5857000E-01
