iMOD/TUTORIALS/TUT_MetaswapAnalyser/model_MetaSWAP/meteo/Precipitation/Precipitation_20060121_L1.ASC
NCOLS                30
NROWS                30
XLLCORNER     160000.00
YLLCORNER     340000.00
CELLSIZE        1000.00
NODATA_VALUE   -9999.00
  0.9452600      0.9327900      0.9213600      0.9117800      0.9040500      0.9094600      0.9236400      0.9406600      0.9595100      0.9891600       1.031820       1.077130       1.117230       1.159030       1.187160       1.204910       1.232440       1.226910       1.207730       1.177970       1.139770       1.074000       1.024240      0.9617500      0.9109300      0.8608000      0.8127100      0.7685800      0.7318000      0.7089500    
  0.9966000      0.9835400      0.9723300      0.9655100      0.9602800      0.9651600      0.9748500      0.9862300      0.9960500       1.021680       1.073870       1.120190       1.162710       1.204590       1.232610       1.268690       1.272860       1.268180       1.246530       1.211520       1.167100       1.096290       1.039220      0.9696300      0.9100500      0.8501200      0.7906900      0.7330400      0.6932700      0.6509500    
   1.038770       1.027490       1.018530       1.008980       1.013270       1.018230       1.026870       1.038110       1.052530       1.081000       1.124030       1.169220       1.211810       1.253150       1.284720       1.318070       1.322350       1.309980       1.281800       1.240400       1.190780       1.114440       1.039740      0.9748000      0.9084800      0.8413900      0.7893100      0.7181500      0.6484200      0.5814000    
   1.077510       1.068230       1.061530       1.055160       1.056650       1.062380       1.072450       1.092300       1.111280       1.139450       1.178150       1.220380       1.261360       1.303990       1.335760       1.366520       1.371480       1.356260       1.322120       1.273270       1.214390       1.139240       1.053800       1.002800      0.9298700      0.8560400      0.7814600      0.7061500      0.6312900      0.5557300    
   1.112210       1.104960       1.098070       1.097400       1.100440       1.107630       1.119430       1.134240       1.157870       1.189560       1.223770       1.267490       1.312570       1.358370       1.387120       1.417450       1.438840       1.422510       1.382200       1.325540       1.247590       1.176660       1.083980       1.011310      0.9362200      0.8614000      0.7872300      0.7160800      0.6466000      0.5887400    
   1.142470       1.136770       1.134370       1.135140       1.139530       1.148010       1.159320       1.176850       1.192190       1.222510       1.261310       1.304920       1.350380       1.396430       1.434610       1.475160       1.492220       1.471540       1.419010       1.351040       1.266580       1.190500       1.096040       1.019940      0.9453400      0.8741000      0.8035900      0.7386200      0.6787800      0.6323700    
   1.171500       1.167230       1.166060       1.167940       1.170490       1.180260       1.194410       1.198620       1.221180       1.252290       1.288940       1.330350       1.375450       1.422860       1.458400       1.512800       1.548780       1.518890       1.446170       1.358300       1.277920       1.199480       1.123220       1.030710      0.9587400      0.8899300      0.8271000      0.7673300      0.7164400      0.6764800    
   1.177750       1.189560       1.189330       1.192430       1.198730       1.200120       1.203670       1.219380       1.243230       1.272010       1.305560       1.343500       1.385250       1.430180       1.458050       1.517790       1.576620       1.531940       1.441630       1.357330       1.277110       1.200670       1.127680       1.039370      0.9720800      0.9111000      0.8521800      0.7992100      0.7463700      0.7135100    
   1.193030       1.211650       1.212300       1.215090       1.210060       1.220340       1.221390       1.234960       1.256380       1.281820       1.311100       1.343860       1.379550       1.377500       1.429000       1.474180       1.499250       1.473560       1.407580       1.334410       1.262030       1.192490       1.126160       1.044330      0.9860000      0.9291200      0.8769900      0.8208300      0.7837000      0.7543300    
   1.210050       1.229440       1.230240       1.218480       1.224960       1.234250       1.227990       1.243070       1.261290       1.282530       1.306480       1.332620       1.360130       1.340970       1.379350       1.408140       1.420830       1.398430       1.352870       1.296520       1.237470       1.175150       1.118240       1.063880      0.9942400      0.9449100      0.8890100      0.8509400      0.8188200      0.7931100    
   1.218130       1.223240       1.226780       1.228960       1.234470       1.228300       1.232300       1.244520       1.259000       1.275460       1.293430       1.312170       1.262160       1.316800       1.349300       1.356180       1.346240       1.321300       1.283140       1.237810       1.190100       1.142450       1.095970       1.053620      0.9998500      0.9362000      0.9000000      0.8685300      0.8422200      0.8295100    
   1.218940       1.224280       1.228960       1.231620       1.239130       1.230180       1.231340       1.240320       1.250790       1.262250       1.309320       1.315900       1.253290       1.288140       1.292030       1.287820       1.273800       1.245630       1.214510       1.181130       1.146900       1.112160       1.070030       1.035250       1.002080      0.9490200      0.9198000      0.8944400      0.8734000      0.8569000    
   1.222660       1.228960       1.229000       1.231510       1.223900       1.221190       1.225940       1.231680       1.287630       1.290020       1.291110       1.233890       1.240590       1.241990       1.236080       1.222300       1.200480       1.174440       1.144100       1.120850       1.097600       1.074690       1.050400       1.025530       1.001080      0.9779800      0.9331600      0.9138500      0.8981400      0.8863200    
   1.228960       1.227390       1.227710       1.223900       1.219980       1.214850       1.281840       1.280180       1.278190       1.266270       1.262800       1.204830       1.204670       1.198660       1.185340       1.163270       1.130800       1.097580       1.076930       1.063290       1.055730       1.044600       1.032030       1.016250      0.9998600      0.9839400      0.9471600      0.9336000      0.9229700      0.9156200    
   1.226510       1.225800       1.223900       1.219580       1.214850       1.244380       1.236440       1.234740       1.232380       1.228790       1.164940       1.165680       1.161910       1.152390       1.135830       1.111650       1.077550       1.033510       1.009990       1.026400       1.021970       1.019420       1.012950       1.004120      0.9942400      0.9844200      0.9755100      0.9456900      0.9399400      0.9289100    
   1.224850       1.223900       1.219440       1.214850       1.231890       1.236440       1.235590       1.234520       1.210200       1.144880       1.145020       1.141700       1.134030       1.121120       1.099940       1.074580       1.048710       1.014040      0.9961500       1.000330       1.006980      0.9952900      0.9921500      0.9872800      0.9816800      0.9762500      0.9717400      0.9687100      0.9460800      0.9475100    
   1.223900       1.219400       1.214850       1.227730       1.236440       1.236010       1.235520       1.206300       1.144880       1.144950       1.133360       1.120910       1.107890       1.093090       1.085980       1.060190       1.032700       1.007920      0.9931800      0.9899900      0.9922200      0.9951400      0.9971400      0.9778800      0.9758500      0.9742800      0.9736900      0.9744600      0.9768400      0.9596900    
   1.219380       1.214850       1.226340       1.236440       1.236230       1.235990       1.205680       1.144880       1.144920       1.131010       1.117590       1.114280       1.099510       1.089400       1.068250       1.045010       1.022490       1.002730      0.9893400      0.9830900      0.9817900      0.9828400      0.9847100      0.9868400      0.9690400      0.9703500      0.9728900      0.9768200      0.9821900      0.9872200    
   1.214850       1.225880       1.236440       1.236330       1.236220       1.205690       1.144880       1.144900       1.130210       1.115940       1.114280       1.106890       1.094550       1.075020       1.054760       1.033530       1.012880      0.9968400      0.9839500      0.9760500      0.9723400      0.9715400      0.9726400      0.9750900      0.9786700      0.9833400      0.9692700      0.9758700      0.9822300      0.9895900    
   1.225720       1.236440       1.236390       1.236330       1.205780       1.144880       1.144890       1.129870       1.115110       1.114280       1.110590       1.097690       1.075020       1.064890       1.054440       1.033720       1.014420      0.9978900      0.9764400      0.9677000      0.9621300      0.9596600      0.9597500      0.9620300      0.9662700      0.9723100      0.9816400      0.9888600       1.000400      0.9929600    
   1.236440       1.236410       1.236390       1.205840       1.144880       1.144880       1.129720       1.114690       1.114280       1.112430       1.099390       1.075020       1.069950       1.064780       1.051020       1.034190       1.015340      0.9818170      0.9626800      0.9576600      0.9503500      0.9462300      0.9451500      0.9487300      0.9531800      0.9601800      0.9699300      0.9808600      0.9929200       1.005230    
   1.236430       1.236410       1.205880       1.144880       1.144880       1.129650       1.114490       1.114280       1.113360       1.100280       1.075020       1.072490       1.069920       1.061920       1.050000       1.033520      0.9898370      0.9601700      0.9576600      0.9489730      0.9389100      0.9327700      0.9301000      0.9309900      0.9370900      0.9468200      0.9568800      0.9695300      0.9837800      0.9973600    
   1.236430       1.205900       1.144880       1.144880       1.129620       1.114380       1.114280       1.113820       1.100730       1.075020       1.073750       1.072480       1.068110       1.060610       1.048480      0.9916140      0.9589150      0.9576600      0.9316910      0.9206550      0.9185660      0.9137300      0.9185000      0.9169300      0.9195400      0.9263300      0.9377500      0.9525800      0.9697200      0.9876800    
   1.205910       1.144880       1.144880       1.129600       1.114330       1.114280       1.114050       1.100960       1.075020       1.074390       1.073750       1.071450       1.067060       1.030930      0.9819580      0.9257800      0.9258050      0.9160230      0.9044010      0.8994750      0.9024000      0.9050200      0.8968600      0.8929000      0.8947100      0.9022600      0.9150800      0.9322600      0.9525600      0.9716400    
   1.144880       1.144880       1.129590       1.114310       1.114280       1.114160       1.101080       1.075020       1.074700       1.074390       1.073190       1.070750       1.012620      0.9467030      0.9465100      0.9187520      0.8926200      0.8939500      0.8924120      0.8930730      0.8965500      0.8805700      0.8718700      0.8655000      0.8661200      0.8738500      0.8881100      0.9077600      0.9289600      0.9552600    
   1.144880       1.129580       1.114290       1.114280       1.114220       1.101140       1.075020       1.074860       1.074700       1.074090       1.065320       1.054130      0.9827430      0.9469840      0.9468960      0.9465100      0.9100740      0.8912900      0.8939500      0.8831500      0.8802700      0.8574500      0.8402700      0.8342700      0.8331800      0.8410100      0.8568900      0.8772000      0.9039400      0.9334800    
   1.129580       1.114290       1.114280       1.114250       1.101160       1.075020       1.074940       1.074860       1.074550       1.064480       1.054130       1.054130       1.054130      0.9831570      0.9475460      0.9472810      0.9465100      0.9085480      0.8886300      0.8939500      0.8618300      0.8333100      0.8105700      0.7962700      0.7959000      0.8039300      0.8206400      0.8457300      0.8752700      0.9066200    
   1.114280       1.114280       1.114270       1.101180       1.075020       1.074980       1.074940       1.143390       1.128360       1.054250       1.054130       1.054130       1.054130       1.054130      0.9840550      0.9488460      0.9480530      0.9465100      0.9051000      0.8833100      0.8452400      0.8097700      0.7796200      0.7588800      0.7519700      0.7625800      0.7837400      0.8128500      0.8454500      0.8782900    
   1.114280       1.114270       1.101190       1.075020       1.075000       1.229550       1.461330       1.405260       1.349190       1.152810       1.054490       1.054130       1.054130       1.054130       1.054130      0.9859630      0.9519760      0.9495950      0.9465100      0.8966300      0.8471900      0.7994800      0.7590000      0.7205400      0.7074200      0.7181400      0.7472800      0.7819200      0.8179800      0.8524400    
   1.114280       1.101190       1.075020       1.075010       1.260560       1.461480       1.461480       1.461330       1.405260       1.349190       1.153440       1.055200       1.054130       1.054130       1.054130       1.054130      0.9896920      0.9598230      0.9526800      0.8981800      0.8502800      0.7920900      0.7354900      0.6853600      0.6595900      0.6763200      0.7126400      0.7570600      0.7966500      0.8320800    
