iMOD/TUTORIALS/TUT_MetaswapAnalyser/model_MetaSWAP/meteo/Precipitation/Precipitation_20051126_L1.ASC
NCOLS                30
NROWS                30
XLLCORNER     160000.00
YLLCORNER     340000.00
CELLSIZE        1000.00
NODATA_VALUE   -9999.00
   2.446720       2.485640       2.527500       2.569600       2.608670       2.630540       2.632380       2.615990       2.595010       2.593520       2.625010       2.659410       2.689760       2.718320       2.734910       2.758930       2.781530       2.773870       2.771400       2.766580       2.760120       2.759120       2.751060       2.729730       2.720400       2.709510       2.697160       2.684360       2.674010       2.660220    
   2.467790       2.498050       2.526760       2.557100       2.583510       2.594880       2.590360       2.568820       2.530120       2.523790       2.576140       2.621490       2.656340       2.698880       2.721840       2.752300       2.763960       2.754180       2.746220       2.744290       2.740510       2.741480       2.735490       2.716370       2.707990       2.697070       2.683160       2.666400       2.645280       2.625420    
   2.481530       2.504980       2.528250       2.552360       2.565480       2.571050       2.565090       2.547990       2.523810       2.525360       2.560890       2.600940       2.642070       2.677300       2.695630       2.722300       2.735650       2.744500       2.749780       2.752330       2.742030       2.745480       2.729920       2.725640       2.718890       2.708780       2.690290       2.671130       2.634980       2.613160    
   2.493980       2.511780       2.528910       2.546660       2.555920       2.558870       2.555000       2.546670       2.534170       2.543850       2.563320       2.596360       2.630710       2.661060       2.684360       2.709710       2.725530       2.737130       2.745330       2.751000       2.754830       2.734640       2.741230       2.736450       2.733990       2.728390       2.718460       2.702940       2.671090       2.647740    
   2.505960       2.519250       2.535010       2.544990       2.551730       2.554560       2.553980       2.552570       2.550730       2.558060       2.585930       2.602260       2.628110       2.654660       2.676930       2.699830       2.717510       2.731280       2.741980       2.750700       2.744290       2.750980       2.760980       2.757680       2.761720       2.763570       2.762470       2.744310       2.742390       2.745770    
   2.517940       2.530250       2.539140       2.546590       2.552010       2.555290       2.569370       2.559960       2.562720       2.582870       2.595510       2.613380       2.633390       2.650330       2.668690       2.691030       2.710250       2.725660       2.738310       2.749980       2.749450       2.761090       2.777030       2.789850       2.802230       2.807460       2.818720       2.816060       2.832940       2.857730    
   2.521270       2.538260       2.544820       2.550510       2.573680       2.574600       2.575510       2.570140       2.589280       2.593850       2.603100       2.616330       2.632280       2.649960       2.658280       2.681100       2.702380       2.718700       2.732470       2.737780       2.752920       2.770490       2.790200       2.815410       2.838260       2.861980       2.870010       2.899600       2.930480       2.972310    
   2.516510       2.562020       2.576050       2.577770       2.579000       2.628590       2.579430       2.600180       2.599870       2.602520       2.608450       2.617420       2.628860       2.642670       2.647010       2.668200       2.690000       2.706320       2.716140       2.732300       2.752790       2.777420       2.805710       2.840970       2.875460       2.894050       2.935780       2.981540       3.044430       3.097860    
   2.554010       2.570120       2.571580       2.584160       2.648140       2.643860       2.587840       2.611050       2.609250       2.609460       2.611900       2.616540       2.623190       2.612690       2.628410       2.646470       2.665860       2.684800       2.698930       2.720210       2.747420       2.780350       2.818330       2.864600       2.892570       2.944190       3.000490       3.076540       3.140380       3.210310    
   2.562970       2.578320       2.578550       2.656350       2.665080       2.659930       2.626510       2.621830       2.618020       2.615400       2.614120       2.614200       2.615630       2.595860       2.607370       2.619800       2.639100       2.655530       2.677770       2.707570       2.745270       2.778330       2.826960       2.880870       2.926130       2.990860       3.076800       3.150980       3.231350       3.317870    
   2.568230       2.573280       2.621930       2.674490       2.669090       2.703620       2.639360       2.632970       2.626880       2.621240       2.616100       2.611430       2.573220       2.549580       2.574540       2.585200       2.598650       2.619970       2.650770       2.692400       2.743950       2.803320       2.868550       2.923210       3.016410       3.077290       3.159730       3.248100       3.343000       3.417480    
   2.568330       2.609480       2.674490       2.692520       2.687300       2.710360       2.641110       2.645030       2.636620       2.627980       2.563290       2.561910       2.519450       2.544680       2.547240       2.550570       2.558690       2.574810       2.607640       2.657380       2.720540       2.792410       2.871220       2.953200       3.038970       3.129380       3.224870       3.326830       3.436200       3.553300    
   2.604410       2.674490       2.704870       2.713250       2.739210       2.664710       2.655900       2.646560       2.554260       2.563240       2.559420       2.532000       2.529880       2.526180       2.522010       2.516380       2.514040       2.523640       2.555720       2.618960       2.693950       2.779610       2.869120       2.961380       3.056730       3.156230       3.261640       3.373940       3.494850       3.625380    
   2.674490       2.711200       2.726230       2.739210       2.695500       2.682590       2.561900       2.559240       2.556070       2.536580       2.533540       2.526630       2.521220       2.513200       2.502140       2.488990       2.479580       2.467820       2.498470       2.575810       2.671400       2.769680       2.820760       2.911270       3.005450       3.105080       3.214450       3.331350       3.459990       3.602310    
   2.714410       2.732720       2.739210       2.705770       2.682590       2.621410       2.619740       2.612400       2.604160       2.594790       2.563300       2.553710       2.541730       2.526800       2.508270       2.489140       2.459980       2.421350       2.440970       2.537630       2.628790       2.720970       2.812960       2.906360       3.002980       3.104880       3.214360       3.336350       3.468680       3.610740    
   2.735970       2.739210       2.709190       2.682590       2.641250       2.619740       2.616070       2.612100       2.596720       2.575540       2.567950       2.558570       2.546990       2.532820       2.491030       2.473890       2.449990       2.440510       2.468930       2.544340       2.632400       2.717930       2.807760       2.899270       2.993940       3.093730       3.200980       3.318320       3.451370       3.597510    
   2.739210       2.710330       2.682590       2.647860       2.619740       2.617910       2.615970       2.600110       2.575540       2.571740       2.567200       2.568870       2.525100       2.514210       2.486940       2.476710       2.476450       2.483390       2.515230       2.574260       2.649190       2.730900       2.815760       2.896570       2.986050       3.080260       3.181330       3.291840       3.414660       3.556380    
   2.710710       2.682590       2.650060       2.619740       2.618820       2.617870       2.602380       2.575540       2.573640       2.569310       2.566980       2.565080       2.553330       2.508860       2.502080       2.498580       2.509920       2.525560       2.558380       2.609080       2.673100       2.744940       2.821100       2.900090       2.975320       3.060410       3.151300       3.250400       3.360560       3.485660    
   2.682590       2.650800       2.619740       2.619280       2.618810       2.603650       2.575540       2.574590       2.569920       2.566030       2.565080       2.559210       2.537680       2.523470       2.521540       2.524000       2.533160       2.564730       2.597760       2.643380       2.699200       2.761860       2.828560       2.897660       2.968700       3.042220       3.113150       3.196870       3.290960       3.399210    
   2.651040       2.619740       2.619510       2.619280       2.604320       2.575540       2.575070       2.570140       2.565550       2.565080       2.562140       2.546360       2.523470       2.522500       2.523000       2.526230       2.540630       2.565220       2.637760       2.675960       2.725590       2.780290       2.837780       2.896370       2.955280       3.014680       3.080800       3.148160       3.202280       3.279300    
   2.619740       2.619630       2.619510       2.604660       2.575540       2.575300       2.570230       2.565320       2.565080       2.563610       2.549260       2.523470       2.522990       2.522990       2.523910       2.529960       2.544030       2.628410       2.691470       2.706980       2.752030       2.800180       2.849320       2.903320       2.949310       2.993110       3.018010       3.062060       3.111290       3.171090    
   2.619680       2.619620       2.604830       2.575540       2.575420       2.570270       2.565200       2.565080       2.564350       2.550360       2.523470       2.523230       2.523150       2.523300       2.525620       2.532630       2.621720       2.699220       2.706980       2.748610       2.786830       2.829240       2.870750       2.909200       2.923370       2.952250       2.975970       2.996850       3.019210       3.050490    
   2.619680       2.604920       2.575540       2.575480       2.570290       2.565140       2.565080       2.564710       2.550810       2.523470       2.523350       2.523280       2.523230       2.524020       2.527180       2.632710       2.703100       2.706980       2.772700       2.804460       2.831440       2.854860       2.870860       2.901650       2.925540       2.938980       2.943630       2.940330       2.933180       2.930790    
   2.604960       2.575540       2.575510       2.570300       2.565110       2.565080       2.564900       2.551020       2.523470       2.523410       2.523370       2.523290       2.523510       2.624260       2.707850       2.780240       2.780460       2.802030       2.826730       2.830730       2.822090       2.864190       2.898330       2.924670       2.940150       2.942540       2.930680       2.904860       2.867650       2.826450    
   2.575540       2.575530       2.570310       2.565090       2.565080       2.564990       2.551120       2.523470       2.523440       2.523420       2.523350       2.523390       2.703320       2.922730       2.922610       2.860350       2.857160       2.853930       2.849830       2.845000       2.839370       2.877270       2.934890       2.960480       2.972210       2.967030       2.943120       2.899810       2.837700       2.759150    
   2.575530       2.570310       2.565090       2.565080       2.565030       2.551160       2.523470       2.523450       2.523440       2.523400       2.649500       2.838660       2.894780       2.922830       2.922850       2.922610       2.881170       2.860380       2.853930       2.869670       2.873540       2.920560       2.961200       3.011120       3.023970       3.016440       2.986700       2.934550       2.860410       2.765070    
   2.570310       2.565080       2.565080       2.565060       2.551190       2.523470       2.523460       2.523460       2.523430       2.674730       2.838660       2.838660       2.838660       2.894910       2.923020       2.923100       2.922610       2.887770       2.866840       2.853930       2.911840       2.969210       3.020780       3.059870       3.096930       3.092510       3.063380       3.011710       2.941450       2.859250    
   2.565080       2.565080       2.565070       2.551200       2.523470       2.523470       2.523460       2.567140       2.674990       2.838550       2.838660       2.838660       2.838660       2.838660       2.895100       2.923370       2.923580       2.922610       2.907730       2.879740       2.948980       3.020670       3.088880       3.144660       3.177610       3.194190       3.169910       3.125220       3.068740       3.012110    
   2.565080       2.565070       2.551200       2.523470       2.523470       2.648360       2.835660       2.766940       2.698220       2.791550       2.838330       2.838660       2.838660       2.838660       2.838660       2.895280       2.923910       2.924560       2.922610       2.974620       3.038490       3.111790       3.190690       3.242450       3.295590       3.308650       3.298160       3.262560       3.222590       3.190060    
   2.565080       2.551210       2.523470       2.523470       2.673400       2.835750       2.835750       2.835660       2.766930       2.698220       2.790990       2.837670       2.838660       2.838660       2.838660       2.838660       2.894990       2.924550       2.926510       2.984720       3.063870       3.153060       3.255270       3.360500       3.434580       3.440100       3.412810       3.405430       3.385420       3.373830    
