iMOD/TUTORIALS/TUT_MetaswapAnalyser/model_MetaSWAP/meteo/Precipitation/Precipitation_20061121_L1.ASC
NCOLS                30
NROWS                30
XLLCORNER     160000.00
YLLCORNER     340000.00
CELLSIZE        1000.00
NODATA_VALUE   -9999.00
   1.887370       1.925290       1.971510       2.027500       2.097340       2.177560       2.269720       2.365070       2.444640       2.448660       2.366300       2.269260       2.182360       2.115940       2.063830       2.040880       2.029050       2.043120       2.075650       2.129510       2.204220       2.288870       2.401990       2.541200       2.688680       2.850320       3.021550       3.193750       3.350630       3.461000    
   1.957940       2.002100       2.056780       2.120380       2.197570       2.285320       2.386070       2.498140       2.620720       2.642930       2.512710       2.400780       2.307020       2.244150       2.191170       2.157420       2.145530       2.164640       2.200190       2.254360       2.329820       2.416500       2.532360       2.675960       2.830700       3.003710       3.192610       3.391930       3.601370       3.751860    
   2.017950       2.065640       2.121790       2.188730       2.267100       2.353200       2.448600       2.548350       2.635010       2.644650       2.566530       2.472090       2.391510       2.326200       2.279990       2.249850       2.239770       2.250660       2.283010       2.336880       2.416030       2.503810       2.629040       2.766820       2.925810       3.106080       3.321860       3.541370       3.774150       4.006900    
   2.066660       2.114960       2.170630       2.232770       2.303450       2.380970       2.461780       2.540420       2.594100       2.600320       2.556950       2.491690       2.423460       2.369510       2.326860       2.300430       2.292490       2.304660       2.337760       2.391920       2.467030       2.575380       2.682220       2.833680       2.991180       3.169650       3.369280       3.590060       3.828790       4.083880    
   2.104290       2.150680       2.198670       2.256200       2.318710       2.384060       2.447910       2.503000       2.538580       2.543780       2.502880       2.464090       2.418390       2.376580       2.338860       2.317010       2.317580       2.332600       2.367930       2.423360       2.509050       2.603830       2.707300       2.842920       2.993910       3.163040       3.348690       3.543560       3.743420       3.907490    
   2.131710       2.165510       2.212390       2.262850       2.315610       2.368250       2.416840       2.455600       2.437040       2.450210       2.440090       2.414670       2.381760       2.349010       2.321620       2.304530       2.302180       2.319140       2.356230       2.412010       2.494990       2.586790       2.685860       2.810430       2.950690       3.107290       3.270450       3.431980       3.582290       3.686470    
   2.143530       2.173330       2.214140       2.256650       2.299640       2.340120       2.375370       2.338580       2.364850       2.373080       2.366640       2.348670       2.324090       2.297580       2.274800       2.259600       2.256480       2.275690       2.315470       2.378260       2.450760       2.538500       2.641020       2.746860       2.874040       3.009950       3.145430       3.279140       3.393760       3.465250    
   2.193480       2.181800       2.206810       2.241030       2.274040       2.205680       2.240320       2.269970       2.286260       2.291350       2.285560       2.270990       2.250960       2.227610       2.208310       2.194340       2.188410       2.209940       2.254510       2.310320       2.379750       2.462690       2.558230       2.654510       2.768360       2.882980       3.000600       3.108690       3.195980       3.249010    
   2.192130       2.174900       2.201530       2.218400       2.118170       2.147220       2.172980       2.194970       2.205010       2.206270       2.199110       2.185060       2.166560       2.143350       2.126670       2.114730       2.113530       2.130790       2.168280       2.220240       2.285730       2.363710       2.452500       2.539750       2.637680       2.741070       2.840760       2.929950       2.999860       3.042210    
   2.183810       2.163180       2.183350       2.045360       2.063970       2.084960       2.107170       2.118100       2.122240       2.119180       2.109270       2.093670       2.074300       2.053690       2.032190       2.020400       2.015030       2.030750       2.062670       2.110220       2.171870       2.246190       2.329240       2.418720       2.496700       2.587610       2.673610       2.748780       2.807330       2.843570    
   2.166910       2.176780       2.096970       1.995970       2.012290       2.028090       2.036140       2.040600       2.039120       2.031440       2.017870       1.999290       1.977370       1.982940       1.939560       1.919500       1.908670       1.912050       1.933120       1.972400       2.027600       2.095060       2.171010       2.248970       2.331670       2.403760       2.478860       2.544590       2.596670       2.652890    
   2.165860       2.109160       1.995970       1.966580       1.954310       1.968860       1.970040       1.963580       1.956790       1.944440       1.979680       1.949820       1.921300       1.867990       1.832600       1.804510       1.784740       1.779200       1.794930       1.832910       1.888500       1.955440       2.026140       2.102080       2.178050       2.240830       2.307550       2.365800       2.412590       2.445240    
   2.104850       1.995970       1.948830       1.929030       1.903740       1.903410       1.900470       1.892950       1.953240       1.926810       1.897310       1.842230       1.807250       1.768710       1.725140       1.686400       1.653150       1.634990       1.644280       1.685350       1.743560       1.811940       1.883540       1.955440       2.025580       2.092080       2.141940       2.194360       2.237230       2.268760    
   1.995970       1.941230       1.916380       1.903740       1.882590       1.840620       1.926420       1.907880       1.884130       1.855760       1.821270       1.758760       1.718950       1.674640       1.626530       1.573570       1.523850       1.483410       1.485700       1.537130       1.605510       1.676170       1.781320       1.855460       1.925220       1.989440       2.035610       2.083890       2.122700       2.150820    
   1.937750       1.910060       1.903740       1.875650       1.840620       1.879280       1.870810       1.847870       1.819940       1.786880       1.724970       1.685510       1.641040       1.591780       1.537930       1.476650       1.415130       1.349880       1.338400       1.428490       1.509500       1.587010       1.659830       1.727910       1.790890       1.848190       1.899050       1.931490       1.966370       1.987720    
   1.906900       1.903740       1.873340       1.840620       1.863570       1.870810       1.859340       1.846210       1.787490       1.695270       1.658070       1.616010       1.569250       1.518090       1.469930       1.412060       1.360520       1.307280       1.301390       1.353870       1.420370       1.484920       1.547550       1.606160       1.660270       1.709420       1.753090       1.790700       1.811510       1.835420    
   1.903740       1.872570       1.840620       1.858330       1.870810       1.865070       1.858790       1.797080       1.695270       1.676670       1.608580       1.554100       1.513740       1.465140       1.432380       1.377220       1.325050       1.289170       1.282960       1.309010       1.352820       1.402420       1.452330       1.497900       1.542270       1.582850       1.619140       1.650670       1.677000       1.688750    
   1.872310       1.840620       1.856590       1.870810       1.867940       1.864890       1.804050       1.695270       1.685970       1.607340       1.536770       1.519430       1.473220       1.441450       1.390980       1.341850       1.298350       1.269410       1.259880       1.270630       1.295930       1.328830       1.364500       1.400180       1.432100       1.463590       1.492120       1.517240       1.538600       1.555680    
   1.840620       1.856010       1.870810       1.869380       1.867880       1.808040       1.695270       1.690620       1.607220       1.528100       1.519430       1.496330       1.459420       1.403580       1.356490       1.311750       1.272870       1.245730       1.231860       1.231750       1.242770       1.261060       1.283200       1.306820       1.330350       1.352810       1.371380       1.389920       1.405860       1.407190    
   1.855810       1.870810       1.870090       1.869360       1.810140       1.695270       1.692950       1.607260       1.523760       1.519430       1.507880       1.469690       1.403580       1.380030       1.357270       1.313700       1.276780       1.250150       1.209560       1.190780       1.190260       1.196060       1.206000       1.218290       1.231630       1.245090       1.242880       1.252030       1.242920       1.260440    
   1.870810       1.870450       1.870090       1.811220       1.695270       1.694110       1.607300       1.521600       1.519430       1.513650       1.475140       1.403580       1.391810       1.380300       1.350340       1.315920       1.280210       1.210680       1.169220       1.147670       1.137280       1.132250       1.131290       1.118760       1.122890       1.128210       1.109510       1.116330       1.124520       1.134510    
   1.870630       1.870450       1.811760       1.695270       1.694690       1.607320       1.520510       1.519430       1.516540       1.477950       1.403580       1.397690       1.391890       1.374150       1.348850       1.315490       1.222590       1.158450       1.147670       1.117570       1.067760       1.054100       1.044120       1.037300       1.012490       1.010780       1.009250       1.009780       1.012340       1.016530    
   1.870630       1.812030       1.695270       1.694980       1.607340       1.519970       1.519430       1.517990       1.479380       1.403580       1.400640       1.397720       1.387910       1.371630       1.346160       1.210940       1.153060       1.147670       1.051940       1.013200      0.9993340      0.9935200      0.9612100      0.9438200      0.9299600      0.9196300      0.9122300      0.9073100      0.9045500      0.9044600    
   1.812160       1.695270       1.695120       1.607340       1.519700       1.519430       1.518710       1.480090       1.403580       1.402110       1.400650       1.395420       1.385760       1.259980       1.134800       1.015290       1.014730      0.9851780      0.9493890      0.9293200      0.9586300      0.9226600      0.8949600      0.8689700      0.8481900      0.8321900      0.8200900      0.8107800      0.8032700      0.7994800    
   1.695270       1.695200       1.607350       1.519570       1.519430       1.519070       1.480450       1.403580       1.402840       1.402110       1.399390       1.393940       1.181850      0.9341020      0.9342200      0.9305540      0.8780890      0.8817900      0.8951000      0.9056530      0.9000100      0.8594800      0.8282600      0.7952000      0.7687400      0.7485300      0.7333800      0.7215100      0.7126800      0.7017000    
   1.695230       1.607350       1.519500       1.519430       1.519250       1.480630       1.403580       1.403210       1.402850       1.401450       1.261290       1.055490      0.9744810      0.9340040      0.9339840      0.9342200      0.8951770      0.8743880      0.8817900      0.8636380      0.8583200      0.8039300      0.7555000      0.7228100      0.6914000      0.6684500      0.6523500      0.6418500      0.6315200      0.6201600    
   1.607350       1.519460       1.519430       1.519340       1.480720       1.403580       1.403400       1.403210       1.402500       1.235310       1.055490       1.055490       1.055490      0.9743290      0.9338070      0.9337480      0.9342200      0.8903120      0.8669850      0.8817900      0.8144300      0.7507300      0.6933600      0.6453800      0.6155400      0.5914500      0.5777100      0.5690900      0.5627900      0.5569600    
   1.519450       1.519430       1.519380       1.480770       1.403580       1.403490       1.403400       1.399060       1.275030       1.055630       1.055490       1.055490       1.055490       1.055490      0.9740360      0.9334550      0.9332750      0.9342200      0.8782530      0.8521800      0.7755100      0.7014200      0.6334700      0.5766400      0.5357800      0.5172500      0.5073100      0.5044700      0.5046400      0.5065600    
   1.519430       1.519410       1.480790       1.403580       1.403530       1.433290       1.477970       1.432540       1.387120       1.166410       1.055900       1.055490       1.055490       1.055490       1.055490      0.9734530      0.9328700      0.9323300      0.9342200      0.8448200      0.7546300      0.6658300      0.5809900      0.5080800      0.4618700      0.4422300      0.4429700      0.4479700      0.4551500      0.4638600    
   1.519420       1.480800       1.403580       1.403560       1.439320       1.478040       1.478040       1.477970       1.432540       1.387120       1.167120       1.056720       1.055490       1.055490       1.055490       1.055490      0.9721760      0.9320600      0.9304400      0.8340100      0.7314100      0.6324900      0.5351700      0.4463400      0.3869400       0.000000      0.3850000      0.4001600      0.4138800      0.4270600    
