iMOD/TUTORIALS/TUT_MetaswapAnalyser/model_MetaSWAP/meteo/Precipitation/Precipitation_20050309_L1.ASC
NCOLS                30
NROWS                30
XLLCORNER     160000.00
YLLCORNER     340000.00
CELLSIZE        1000.00
NODATA_VALUE   -9999.00
  0.2712800      0.2892700      0.3073000      0.3241100      0.3321200      0.3322300      0.3149400      0.2856100      0.2509900      0.2188500      0.1963400      0.1771200      0.1613700      0.1469200       0.000000       0.000000       0.000000       0.000000       0.000000       0.000000       0.000000       0.000000       0.000000       0.000000       0.000000       0.000000       0.000000       0.000000       0.000000       0.000000    
  0.2625400      0.2773200      0.2882300      0.2997100      0.3006700      0.2983600      0.2842900      0.2592600      0.2247000      0.1936700      0.1770100      0.1634600      0.1480100       0.000000       0.000000       0.000000       0.000000       0.000000       0.000000       0.000000       0.000000       0.000000       0.000000       0.000000       0.000000       0.000000       0.000000       0.000000       0.000000       0.000000    
  0.2504700      0.2622300      0.2723300      0.2719900      0.2728100      0.2689300      0.2564200      0.2353700      0.2072100      0.1818000      0.1646900      0.1507400       0.000000       0.000000       0.000000       0.000000       0.000000       0.000000       0.000000       0.000000       0.000000       0.000000       0.000000       0.000000       0.000000       0.000000       0.000000       0.000000       0.000000       0.000000    
  0.2389000      0.2479700      0.2551100      0.2510800      0.2516600      0.2466100      0.2351500      0.2162500      0.1937200      0.1748200      0.1551900      0.1419000       0.000000       0.000000       0.000000       0.000000       0.000000       0.000000       0.000000       0.000000       0.000000       0.000000       0.000000       0.000000       0.000000       0.000000       0.000000       0.000000       0.000000       0.000000    
  0.2283300      0.2351700      0.2306400      0.2333900      0.2325400      0.2272900      0.2172300      0.2046500      0.1868300      0.1679100      0.1580300       0.000000       0.000000       0.000000       0.000000       0.000000       0.000000       0.000000       0.000000       0.000000       0.000000       0.000000       0.000000       0.000000       0.000000       0.000000       0.000000       0.000000       0.000000       0.000000    
  0.2190000      0.2138000      0.2174700      0.2188200      0.2172100      0.2121100      0.2102000      0.1932600      0.1939600      0.1741900      0.1538100       0.000000       0.000000       0.000000       0.000000       0.000000       0.000000       0.000000       0.000000       0.000000       0.000000       0.000000       0.000000       0.000000       0.000000       0.000000       0.000000       0.000000       0.000000       0.000000    
  0.2066700      0.2041200      0.2065900      0.2070600      0.2143600      0.2087800      0.2002000      0.2058600      0.1894300      0.1712200      0.1515100       0.000000       0.000000       0.000000       0.000000       0.000000       0.000000       0.000000       0.000000       0.000000       0.000000       0.000000       0.000000       0.000000       0.000000       0.000000       0.000000       0.000000       0.000000       0.000000    
  0.2093700      0.2156700      0.2086800      0.2081000      0.2053900      0.2323000      0.2140500      0.2016000      0.1869900      0.1702700      0.1516500       0.000000       0.000000       0.000000       0.000000       0.000000       0.000000       0.000000       0.000000       0.000000       0.000000       0.000000       0.000000       0.000000       0.000000       0.000000       0.000000       0.000000       0.000000       0.000000    
  0.2211700      0.2096700      0.2100500      0.2011200      0.2354600      0.2282800      0.2105800      0.1995500      0.1865600      0.1714900      0.1544300       0.000000       0.000000       0.000000       0.000000       0.000000       0.000000       0.000000       0.000000       0.000000       0.000000       0.000000       0.000000       0.000000       0.000000       0.000000       0.000000       0.000000       0.000000       0.000000    
  0.2173200      0.2049000      0.2049800      0.2471100      0.2324700      0.2260800      0.2086700      0.1993200      0.1880000      0.1747800      0.1597000      0.1428700       0.000000       0.000000       0.000000       0.000000       0.000000       0.000000       0.000000       0.000000       0.000000       0.000000       0.000000       0.000000       0.000000       0.000000       0.000000       0.000000       0.000000       0.000000    
  0.2126170      0.2090670      0.2256350      0.2455500      0.2410100      0.2222100      0.2085400      0.2006400      0.1910700      0.1798400      0.1670500      0.1528200      0.1449800       0.000000       0.000000       0.000000       0.000000       0.000000       0.000000       0.000000       0.000000       0.000000       0.000000       0.000000       0.000000       0.000000       0.000000       0.000000       0.000000       0.000000    
  0.2123430      0.2232170      0.2455500      0.2413450      0.2412200      0.2316200      0.2170300      0.2032300      0.1954300      0.1862900      0.1822200      0.1698600      0.1656800      0.1490300       0.000000       0.000000       0.000000       0.000000       0.000000       0.000000       0.000000       0.000000       0.000000       0.000000       0.000000       0.000000       0.000000       0.000000       0.000000       0.000000    
  0.2236800      0.2455500      0.2409760      0.2394100      0.2376000      0.2240700      0.2196000      0.2140000      0.2161600      0.2017600      0.1929600      0.1936700      0.1819000      0.1703400      0.1606400      0.1513800      0.1445000      0.1403400       0.000000      0.1404800      0.1413600      0.1421000      0.1416400      0.1396300       0.000000       0.000000       0.000000       0.000000       0.000000       0.000000    
  0.2455500      0.2406580      0.2385050      0.2376000      0.2292970      0.2262200      0.2340200      0.2292300      0.2235600      0.2135100      0.2067800      0.2088700      0.2001200      0.1917200      0.1841400      0.1787200      0.1752900      0.1707300      0.1676500      0.1661700      0.1648000      0.1629000      0.1605800      0.1564000      0.1507800      0.1437600       0.000000       0.000000       0.000000       0.000000    
  0.2404650      0.2380530      0.2376000      0.2310390      0.2262200      0.2355700      0.2464700      0.2426500      0.2381800      0.2331700      0.2510200      0.2425000      0.2341000      0.2261200      0.2188300      0.2083100      0.2041900      0.2007500      0.1969200      0.1930500      0.1901500      0.1858200      0.1805500      0.1741300      0.1664600      0.1574900      0.1472800       0.000000       0.000000       0.000000    
  0.2378260      0.2376000      0.2316200      0.2262200      0.2360870      0.2464700      0.2445600      0.2424330      0.2464380      0.2717500      0.2655800      0.2594400      0.2535300      0.2480400      0.2431900      0.2389100      0.2354100      0.2315100      0.2272100      0.2224300      0.2170300      0.2125200      0.2053900      0.1970300      0.1873400      0.1763200      0.1640100      0.1504800       0.000000       0.000000    
  0.2376000      0.2318130      0.2262200      0.2362590      0.2464700      0.2455150      0.2444880      0.2512950      0.2717500      0.2686650      0.2720860      0.2757300      0.2720800      0.2687600      0.2657300      0.2632100      0.2613800      0.2584300      0.2544600      0.2491900      0.2427200      0.2350900      0.2262700      0.2183700      0.2068800      0.1940600      0.1799800      0.1647500      0.1485400       0.000000    
  0.2318780      0.2262200      0.2363160      0.2464700      0.2459930      0.2454910      0.2532620      0.2717500      0.2702080      0.2764520      0.2818300      0.2879300      0.2864300      0.2878800      0.2867200      0.2857000      0.2851900      0.2831000      0.2796900      0.2746500      0.2679500      0.2596700      0.2498500      0.2385200      0.2281100      0.2136800      0.1979600      0.1811700      0.1635800      0.1443400    
  0.2262200      0.2363350      0.2464700      0.2462310      0.2459840      0.2541240      0.2717500      0.2709790      0.2782440      0.2848800      0.2879300      0.2871800      0.2920350      0.3059000      0.3063000      0.3066600      0.3065800      0.3063400      0.3037800      0.2994000      0.2930600      0.2847500      0.2744900      0.2623500      0.2483900      0.2327900      0.2180500      0.1997100      0.1792400      0.1610900    
  0.2363420      0.2464700      0.2463510      0.2462290      0.2545220      0.2717500      0.2713640      0.2790620      0.2864050      0.2879300      0.2875550      0.2932610      0.3059000      0.3061000      0.3062870      0.3065130      0.3065270      0.3055670      0.3166480      0.3241500      0.3186400      0.3108100      0.3006100      0.2880500      0.2732400      0.2563900      0.2390200      0.2166800      0.2013100      0.1825700    
  0.2464700      0.2464100      0.2463500      0.2547130      0.2717500      0.2715570      0.2794550      0.2871680      0.2879300      0.2877420      0.2936620      0.3059000      0.3060000      0.3060960      0.3063000      0.3064420      0.3062020      0.3230340      0.3368600      0.3495700      0.3453500      0.3384800      0.3287800      0.3178500      0.3022600      0.2840600      0.2670100      0.2447100      0.2219100      0.1998000    
  0.2464400      0.2464100      0.2548060      0.2717500      0.2716540      0.2796480      0.2875490      0.2879300      0.2878360      0.2938090      0.3059000      0.3059500      0.3059990      0.3061320      0.3062790      0.3063150      0.3256930      0.3432150      0.3495700      0.3570370      0.3761900      0.3706200      0.3617200      0.3492600      0.3411600      0.3226900      0.2991500      0.2736000      0.2472500      0.2189300    
  0.2464400      0.2548510      0.2717500      0.2717020      0.2797440      0.2877390      0.2879300      0.2878830      0.2938690      0.3059000      0.3059250      0.3059500      0.3060270      0.3061370      0.3062420      0.3496450      0.3463930      0.3495700      0.4015850      0.4154200      0.4156380      0.4150300      0.4142000      0.4005200      0.3790600      0.3618100      0.3350600      0.3053600      0.2741300      0.2433800    
  0.2548740      0.2717500      0.2717260      0.2797920      0.2878350      0.2879300      0.2879070      0.2938950      0.3059000      0.3059120      0.3059250      0.3059670      0.3060380      0.3953890      0.4448710      0.4640160      0.4635450      0.4657800      0.4686040      0.4843150      0.4546500      0.4617000      0.4574200      0.4445200      0.4258300      0.4013700      0.3716600      0.3377100      0.3009000      0.2624900    
  0.2717500      0.2717380      0.2798160      0.2878820      0.2879300      0.2879180      0.2939080      0.3059000      0.3059060      0.3059120      0.3059350      0.3059770      0.4671780      0.6638940      0.6631500      0.5800390      0.5821100      0.5775200      0.5316230      0.5060770      0.5139800      0.5086600      0.5027800      0.4918100      0.4734500      0.4475100      0.4146500      0.3760600      0.3322200      0.2866100    
  0.2717440      0.2798280      0.2879060      0.2879300      0.2879240      0.2939140      0.3059000      0.3059030      0.3059060      0.3059180      0.4676250      0.7101500      0.6799010      0.6646040      0.6646390      0.6631500      0.6113500      0.5867000      0.5775200      0.5585800      0.5496000      0.5552300      0.5551900      0.5462600      0.5289800      0.5016800      0.4654200      0.4209400      0.3729300      0.3212700    
  0.2798340      0.2879180      0.2879300      0.2879270      0.2939170      0.3059000      0.3059020      0.3059030      0.3059090      0.4999500      0.7101500      0.7101500      0.7101500      0.6809560      0.6660240      0.6661280      0.6631500      0.6180280      0.5958800      0.5775200      0.5932200      0.6058900      0.6127000      0.6100400      0.5939100      0.5651200      0.5232100      0.4752000      0.4228900      0.3692800    
  0.2879240      0.2879300      0.2879290      0.2939190      0.3059000      0.3059010      0.3059020      0.4067410      0.5401740      0.7101600      0.7101500      0.7101500      0.7101500      0.7101500      0.6830110      0.6687940      0.6691050      0.6631500      0.6355630      0.6142400      0.6376200      0.6594700      0.6762200      0.6820700      0.6684100      0.6368900      0.5904400      0.5358200      0.4791000      0.4245800    
  0.2879300      0.2879290      0.2939190      0.3059000      0.3059000      0.5073020      0.8094100      0.7593290      0.7092500      0.7098750      0.7101790      0.7101500      0.7101500      0.7101500      0.7101500      0.6869720      0.6741260      0.6750600      0.6631500      0.6873400      0.7136600      0.7408700      0.7646900      0.7612100      0.7571700      0.7206300      0.6625100      0.5984300      0.5361300      0.4796400    
  0.2879300      0.2939200      0.3059000      0.3059000      0.5475740      0.8093970      0.8093970      0.8094100      0.7593270      0.7092500      0.7099220      0.7102360      0.7101500      0.7101500      0.7101500      0.7101500      0.6945070      0.6841670      0.6869700      0.7160000      0.7477600      0.7854400      0.8261200      0.8631800      0.8693000      0.8163600      0.7403600      0.6562600      0.5878200      0.5290700    
