iMOD/TUTORIALS/TUT_MetaswapAnalyser/model_MetaSWAP/meteo/Precipitation/Precipitation_20060521_L1.ASC
NCOLS                30
NROWS                30
XLLCORNER     160000.00
YLLCORNER     340000.00
CELLSIZE        1000.00
NODATA_VALUE   -9999.00
   9.291990       9.439160       9.562080       9.666980       9.772400       9.934080       10.15590       10.38770       10.56180       10.54050       10.30180       9.997810       9.682720       9.379400       9.097480       8.834440       8.609960       8.436630       8.294180       8.184960       8.103810       8.047340       8.005370       7.895090       7.881920       7.874750       7.872530       7.876270       7.890110       7.926400    
   9.272860       9.416840       9.543010       9.672440       9.809080       9.984390       10.19560       10.42740       10.66220       10.66480       10.32700       9.990220       9.665090       9.349000       9.063870       8.804200       8.586990       8.353050       8.215830       8.106840       8.026560       7.971860       7.930810       7.826130       7.812460       7.803890       7.798530       7.796020       7.816540       7.835800    
   9.248980       9.392830       9.530020       9.660710       9.812300       9.980670       10.16500       10.35000       10.48920       10.45210       10.21000       9.906200       9.589670       9.287070       8.978740       8.710070       8.488770       8.310160       8.172920       8.071470       8.005950       7.957080       7.840070       7.818990       7.804030       7.792040       7.799710       7.783660       7.769000       7.752190    
   9.228550       9.369610       9.506490       9.637420       9.779420       9.926250       10.07130       10.19930       10.25670       10.19820       10.01960       9.764230       9.485220       9.185430       8.899120       8.634230       8.415620       8.245460       8.121880       8.035950       7.977010       7.861070       7.840780       7.844960       7.830780       7.817180       7.801960       7.783400       7.763430       7.735510    
   9.207460       9.342710       9.468500       9.597940       9.724920       9.846480       9.953670       10.02450       10.04130       9.976390       9.887890       9.654410       9.382430       9.096890       8.800920       8.536610       8.338250       8.183430       8.085000       8.025660       7.899190       7.875080       7.865930       7.860860       7.851760       7.842260       7.831250       7.823190       7.810600       7.810840    
   9.183880       9.307670       9.430150       9.547040       9.656430       9.753680       9.828330       9.867060       9.986620       9.904720       9.742590       9.526130       9.269840       8.993730       8.711400       8.437820       8.214120       8.077230       8.014950       7.989180       7.898960       7.890500       7.892120       7.889850       7.887680       7.888880       7.885040       7.886690       7.888680       7.906370    
   9.158940       9.275440       9.386720       9.490020       9.579800       9.656790       9.710480       9.922630       9.890340       9.786080       9.629400       9.425500       9.183430       8.912680       8.631590       8.335220       8.075550       7.970370       7.966330       7.917660       7.921710       7.927080       7.932580       7.943820       7.948300       7.952020       7.961300       7.967090       7.981910       8.007580    
   9.126360       9.239280       9.337660       9.428370       9.506300       9.840010       9.873490       9.873900       9.810190       9.703120       9.551970       9.359740       9.132090       8.875870       8.606250       8.307140       8.002360       7.943590       7.946500       7.962640       7.977060       7.990110       8.001840       8.018530       8.028210       8.043040       8.052080       8.064020       8.101290       8.123770    
   9.097490       9.204100       9.293870       9.371450       9.792220       9.813130       9.836830       9.830430       9.761160       9.654780       9.510960       9.331990       9.122360       8.906930       8.650780       8.395070       8.181540       8.080520       8.056080       8.058230       8.068580       8.081550       8.094960       8.114210       8.132860       8.144750       8.157220       8.195520       8.210500       8.233620    
   9.071920       9.169600       9.249930       9.764970       9.791800       9.802820       9.852830       9.812440       9.741760       9.639160       9.504830       9.341030       9.152250       8.967040       8.747040       8.537740       8.395350       8.270720       8.210680       8.188890       8.186270       8.199440       8.211000       8.223650       8.249290       8.262180       8.300570       8.312150       8.327310       8.348330    
   9.072860       9.163820       9.492600       9.785910       9.809450       9.881340       9.861130       9.818860       9.749990       9.653660       9.530500       9.382940       9.248920       9.087600       8.984600       8.768170       8.588200       8.459320       8.380630       8.340610       8.325520       8.324520       8.330510       8.344210       8.379390       8.403450       8.413260       8.424030       8.437450       8.468600    
   9.070670       9.378800       9.785910       9.848490       9.837340       9.915200       9.892800       9.848150       9.783560       9.695320       9.638780       9.499640       9.384760       9.360920       9.143940       8.944320       8.774390       8.642820       8.556240       8.508470       8.487920       8.483100       8.510430       8.518090       8.525400       8.540290       8.546760       8.553590       8.562160       8.573820    
   9.302510       9.785910       9.873740       9.899300       9.961260       9.957810       9.939650       9.901850       9.924930       9.832970       9.726390       9.934190       9.727430       9.519350       9.316260       9.125730       8.957070       8.821880       8.729890       8.685200       8.679260       8.677770       8.681270       8.685550       8.688710       8.690290       8.700110       8.700900       8.702590       8.706390    
   9.785910       9.887800       9.930280       9.961260       9.979390       10.01910       10.11240       10.07210       10.01330       9.857660       9.773140       10.08320       9.890420       9.695900       9.503770       9.318620       9.150070       8.998230       8.903620       8.876800       8.870810       8.871120       8.894660       8.898220       8.898480       8.895370       8.897470       8.890320       8.882550       8.875400    
   9.895180       9.945770       9.961260       9.986580       10.01910       10.09670       10.15870       10.12880       10.08270       10.02040       10.46090       10.28220       10.09870       9.912860       9.727430       9.540810       9.364090       9.193770       9.090820       9.102120       9.106410       9.111200       9.112430       9.109260       9.101390       9.089160       9.073380       9.063480       9.044660       9.037030    
   9.953520       9.961260       9.988980       10.01910       10.09150       10.15870       10.14380       10.12340       10.25580       10.79120       10.63260       10.46820       10.29980       10.12910       9.966170       9.796760       9.628360       9.484380       9.398520       9.381200       9.381580       9.368820       9.362200       9.350270       9.332560       9.309400       9.281740       9.251000       9.226340       9.194350    
   9.961260       9.989780       10.01910       10.08980       10.15870       10.15120       10.14190       10.32850       10.79120       10.71190       10.67710       10.67070       10.52930       10.37570       10.20660       10.06440       9.928450       9.813450       9.735160       9.695180       9.675410       9.660780       9.643910       9.603190       9.571950       9.534520       9.491940       9.445860       9.398420       9.351920    
   9.990050       10.01910       10.08920       10.15870       10.15500       10.15060       10.35320       10.79120       10.75150       10.75000       10.74690       10.82300       10.70350       10.60500       10.48120       10.36080       10.24620       10.15020       10.07740       10.02760       9.992460       9.962400       9.930530       9.892950       9.829260       9.775310       9.715310       9.651310       9.586060       9.516250    
   10.01910       10.08900       10.15870       10.15680       10.15480       10.36250       10.79120       10.77140       10.78010       10.78490       10.82300       10.76330       10.75100       10.87260       10.76920       10.66950       10.57740       10.49160       10.42450       10.37080       10.32570       10.28280       10.23660       10.18340       10.12110       10.04970       9.951860       9.867070       9.774620       9.679220    
   10.08890       10.15870       10.15780       10.15680       10.36630       10.79120       10.78130       10.79390       10.80400       10.82300       10.79310       10.80250       10.87260       10.82090       10.77040       10.67200       10.57950       10.49780       10.61860       10.72280       10.67200       10.61950       10.56060       10.49220       10.41210       10.32040       10.20540       10.08540       9.924700       9.817400    
   10.15870       10.15820       10.15770       10.36800       10.79120       10.78620       10.80060       10.81350       10.82300       10.80810       10.82280       10.87260       10.84680       10.82130       10.75450       10.67400       10.58310       10.73640       10.90300       11.08320       11.03030       10.97130       10.90220       10.80460       10.70770       10.59520       10.39960       10.26680       10.13330       10.00760    
   10.15850       10.15820       10.36880       10.79120       10.78870       10.80390       10.81820       10.82300       10.81550       10.83160       10.87260       10.85970       10.84690       10.80750       10.74990       10.67050       10.81400       10.99310       11.08320       11.16460       11.38020       11.32020       11.24520       11.15180       10.97560       10.83570       10.68300       10.51900       10.35130       10.19050    
   10.15850       10.36920       10.79120       10.79000       10.80550       10.82060       10.82300       10.81930       10.83570       10.87260       10.86610       10.85970       10.83800       10.80140       10.74260       11.09740       11.03820       11.08320       11.58950       11.77230       11.72230       11.69970       11.56650       11.46140       11.32730       11.16950       10.98860       10.79000       10.58210       10.37830    
   10.36940       10.79120       10.79060       10.80630       10.82180       10.82300       10.82110       10.83760       10.87260       10.86940       10.86620       10.85460       10.83310       11.60280       12.03350       12.21550       12.21460       12.21010       12.21640       12.33780       12.16440       12.04690       11.97040       11.85640       11.71050       11.53170       11.32210       11.08680       10.83410       10.59680    
   10.79120       10.79090       10.80670       10.82240       10.82300       10.82210       10.83860       10.87260       10.87100       10.86940       10.86340       10.85130       12.27530       14.03850       14.02900       13.31520       13.39370       13.34600       12.81570       12.53920       12.51120       12.47590       12.39420       12.27960       12.12440       11.92710       11.68990       11.41880       11.13960       10.82280    
   10.79100       10.80690       10.82270       10.82300       10.82250       10.83910       10.87260       10.87180       10.87100       10.86790       12.35090       14.58530       14.22810       14.04740       14.04800       14.02900       13.62370       13.44140       13.34600       13.03970       12.94190       12.90830       12.84250       12.73180       12.57220       12.35890       12.09610       11.80870       11.47420       11.11780    
   10.80700       10.82290       10.82300       10.82280       10.83930       10.87260       10.87220       10.87180       10.87020       12.65210       14.58530       14.58530       14.58530       14.24120       14.06530       14.06690       14.02900       13.67820       13.53680       13.34600       13.35960       13.35150       13.30860       13.21490       13.05490       12.82760       12.55160       12.22070       11.86210       11.49420    
   10.82290       10.82300       10.82290       10.83940       10.87260       10.87240       10.87220       11.92920       13.14020       14.58570       14.58530       14.58530       14.58530       14.58530       14.26630       14.09990       14.10480       14.02900       13.80120       13.72760       13.77100       13.79670       13.78860       13.72290       13.57470       13.33570       13.02140       12.66050       12.28240       11.91280    
   10.82300       10.82290       10.83950       10.87260       10.87250       12.56310       15.09920       15.10090       15.10250       14.75870       14.58640       14.58530       14.58530       14.58530       14.58530       14.31310       14.16580       14.18070       14.02900       14.10200       14.17340       14.23580       14.25240       14.24090       14.12250       13.86180       13.50020       13.10150       12.70220       12.32740    
   10.82300       10.83950       10.87260       10.87250       12.90140       15.09930       15.09930       15.09920       15.10090       15.10250       14.76060       14.58860       14.58530       14.58530       14.58530       14.58530       14.39660       14.28780       14.33230       14.42610       14.47050       14.58840       14.69820       14.77150       14.70170       14.38020       13.94620       13.50820       13.08780       12.70660    
