iMOD/TUTORIALS/TUT_MetaswapAnalyser/model_MetaSWAP/meteo/Precipitation/Precipitation_20050104_L1.ASC
NCOLS                30
NROWS                30
XLLCORNER     160000.00
YLLCORNER     340000.00
CELLSIZE        1000.00
NODATA_VALUE   -9999.00
  0.2096300      0.2246100      0.2369800      0.2431500      0.2349500      0.1997800       0.000000       0.000000       0.000000       0.000000       0.000000       0.000000       0.000000       0.000000      0.1648000      0.1970700      0.2247600      0.2529000      0.2781900      0.3002700      0.3188800      0.3349300      0.3465200      0.3516800      0.3568400      0.3589400      0.3582400      0.3551600      0.3504400      0.3448500    
  0.1914100      0.1986900      0.2012800      0.1953200      0.1761800       0.000000       0.000000       0.000000       0.000000       0.000000       0.000000       0.000000       0.000000       0.000000       0.000000      0.1642800      0.1933400      0.2201500      0.2461700      0.2697500      0.2904800      0.3089200      0.3231300      0.3311100      0.3385300      0.3424800      0.3430700      0.3405100      0.3354500      0.3290200    
  0.1750500      0.1765800      0.1726700      0.1610500       0.000000       0.000000       0.000000       0.000000       0.000000       0.000000       0.000000       0.000000       0.000000       0.000000       0.000000       0.000000      0.1678400      0.1944900      0.2205000      0.2450800      0.2676100      0.2879800      0.3016000      0.3146300      0.3240100      0.3296600      0.3315700      0.3295700      0.3233700      0.3148000    
  0.1618600       0.000000       0.000000       0.000000       0.000000       0.000000       0.000000       0.000000       0.000000       0.000000       0.000000       0.000000       0.000000       0.000000       0.000000       0.000000       0.000000      0.1735500      0.1993900      0.2247900      0.2485900      0.2672500      0.2864200      0.3013800      0.3126200      0.3200500      0.3235700      0.3230400      0.3180400      0.3096000    
   0.000000       0.000000       0.000000       0.000000       0.000000       0.000000       0.000000       0.000000       0.000000       0.000000       0.000000       0.000000       0.000000       0.000000       0.000000       0.000000       0.000000       0.000000      0.1823700      0.2088400      0.2311600      0.2538700      0.2746700      0.2913300      0.3043500      0.3137100      0.3193500      0.3208600      0.3197300      0.3168600    
   0.000000       0.000000       0.000000       0.000000       0.000000       0.000000       0.000000       0.000000       0.000000       0.000000       0.000000       0.000000       0.000000       0.000000       0.000000       0.000000       0.000000       0.000000      0.1684200      0.1963900      0.2204900      0.2444200      0.2664200      0.2844100      0.2990800      0.3104600      0.3184300      0.3228500      0.3253500      0.3265800    
   0.000000       0.000000       0.000000       0.000000       0.000000       0.000000       0.000000       0.000000       0.000000       0.000000       0.000000       0.000000       0.000000       0.000000       0.000000       0.000000       0.000000       0.000000       0.000000      0.1867900      0.2140100      0.2387100      0.2606100      0.2806000      0.2966700      0.3097400      0.3193600      0.3270300      0.3326300      0.3367300    
   0.000000       0.000000       0.000000       0.000000       0.000000       0.000000       0.000000       0.000000       0.000000       0.000000       0.000000       0.000000       0.000000       0.000000       0.000000       0.000000       0.000000       0.000000       0.000000      0.1848600      0.2118900      0.2365800      0.2587900      0.2794400      0.2965800      0.3105200      0.3226700      0.3325800      0.3391600      0.3459900    
   0.000000       0.000000       0.000000       0.000000       0.000000       0.000000       0.000000       0.000000       0.000000       0.000000       0.000000       0.000000       0.000000       0.000000       0.000000       0.000000       0.000000       0.000000      0.1618600      0.1882400      0.2137100      0.2375900      0.2595500      0.2804500      0.2977000      0.3134100      0.3270700      0.3371200      0.3474900      0.3562100    
   0.000000       0.000000       0.000000       0.000000       0.000000       0.000000       0.000000       0.000000       0.000000       0.000000       0.000000       0.000000       0.000000       0.000000       0.000000       0.000000       0.000000       0.000000      0.1719300      0.1948200      0.2180300      0.2409200      0.2622600      0.2820400      0.3007400      0.3172400      0.3302500      0.3437200      0.3557100      0.3661800    
   0.000000       0.000000       0.000000       0.000000       0.000000       0.000000       0.000000       0.000000       0.000000       0.000000       0.000000       0.000000       0.000000       0.000000       0.000000       0.000000       0.000000      0.1645900      0.1809600      0.1998100      0.2198300      0.2399900      0.2596100      0.2777100      0.2933100      0.3122600      0.3279000      0.3425100      0.3561000      0.3755300    
   0.000000       0.000000       0.000000       0.000000       0.000000       0.000000       0.000000       0.000000       0.000000       0.000000       0.000000       0.000000       0.000000       0.000000       0.000000       0.000000      0.1652400      0.1760400      0.1902900      0.2072800      0.2258600      0.2449500      0.2618100      0.2798100      0.2970800      0.3154200      0.3313900      0.3466700      0.3613200      0.3752800    
   0.000000       0.000000       0.000000       0.000000       0.000000       0.000000       0.000000       0.000000       0.000000       0.000000       0.000000      0.1696600      0.1676200      0.1671800      0.1672800      0.1707700      0.1765300      0.1853000      0.1976000      0.2135100      0.2304700      0.2485800      0.2665000      0.2839100      0.3007500      0.3170300      0.3349000      0.3505500      0.3659300      0.3810800    
   0.000000       0.000000       0.000000       0.000000       0.000000       0.000000      0.1737200      0.1704100      0.1677500      0.1661000      0.1651300      0.1864100      0.1839300      0.1827900      0.1829500      0.1834600      0.1865600      0.1919200      0.2028200      0.2185600      0.2363600      0.2540600      0.2678500      0.2838300      0.2994100      0.3147000      0.3318700      0.3473000      0.3629600      0.3790200    
   0.000000       0.000000       0.000000       0.000000       0.000000      0.1199270      0.1860600      0.1833500      0.1812000      0.1797400      0.2087200      0.2044200      0.2013300      0.1993600      0.1983800      0.1967400      0.1977400      0.1988700      0.2069100      0.2246000      0.2408300      0.2568100      0.2721800      0.2870500      0.3015900      0.3159800      0.3304400      0.3472600      0.3627400      0.3767500    
   0.000000       0.000000       0.000000       0.000000      0.1019960      0.1860600      0.1847050      0.1835370      0.1940430      0.2318800      0.2263300      0.2218700      0.2184400      0.2159700      0.2141600      0.2132300      0.2125900      0.2140600      0.2209600      0.2340000      0.2482600      0.2617700      0.2752200      0.2883100      0.3012000      0.3140900      0.3272500      0.3409700      0.3576600      0.3734400    
   0.000000       0.000000       0.000000      0.9601850E-01  0.1860600      0.1853820      0.1847670      0.1985410      0.2318800      0.2291050      0.2369300      0.2395400      0.2357300      0.2328300      0.2325700      0.2305400      0.2289700      0.2311600      0.2368900      0.2461500      0.2571700      0.2686400      0.2800700      0.2906400      0.3017300      0.3129500      0.3245500      0.3368100      0.3500900      0.3697700    
   0.000000       0.000000      0.9402620E-01  0.1860600      0.1857210      0.1854030      0.2001430      0.2318800      0.2304930      0.2430460      0.2522850      0.2650300      0.2597800      0.2529400      0.2495400      0.2472000      0.2455900      0.2474500      0.2517100      0.2582600      0.2663000      0.2750500      0.2840200      0.2930300      0.3013800      0.3105600      0.3201700      0.3305100      0.3419400      0.3576500    
   0.000000      0.9336210E-01  0.1860600      0.1858910      0.1857280      0.2007870      0.2318800      0.2311860      0.2458210      0.2586580      0.2650300      0.2624050      0.2620330      0.2703800      0.2665800      0.2637900      0.2621800      0.2627200      0.2654000      0.2696500      0.2750500      0.2811400      0.2875500      0.2941100      0.3007900      0.3076900      0.3142800      0.3222700      0.3340100      0.3480500    
  0.9314070E-01  0.1860600      0.1859750      0.1858930      0.2010710      0.2318800      0.2315330      0.2471520      0.2618440      0.2650300      0.2637170      0.2649620      0.2703800      0.2684800      0.2669170      0.2641830      0.2628970      0.2634330      0.2736140      0.2802200      0.2832000      0.2867300      0.2905800      0.2946100      0.2987600      0.3030900      0.3115600      0.3210400      0.3197800      0.3260400    
  0.1860600      0.1860180      0.1859760      0.2012050      0.2318800      0.2317070      0.2478060      0.2634370      0.2650300      0.2643740      0.2660220      0.2703800      0.2694300      0.2685920      0.2665270      0.2646660      0.2635040      0.2750350      0.2851500      0.2900800      0.2907500      0.2918300      0.2931700      0.2982800      0.2998200      0.3014400      0.2987500      0.3012600      0.3047100      0.3099200    
  0.1860390      0.1860180      0.2012700      0.2318800      0.2317930      0.2481310      0.2642330      0.2650300      0.2647020      0.2664520      0.2703800      0.2699050      0.2694670      0.2681830      0.2665950      0.2648990      0.2761800      0.2876150      0.2900800      0.2942030      0.3017800      0.3003000      0.2990500      0.2979500      0.2901400      0.2907000      0.2899200      0.2892500      0.2892200      0.2907100    
  0.1860390      0.2013020      0.2318800      0.2318370      0.2482930      0.2646320      0.2650300      0.2648660      0.2666410      0.2703800      0.2701420      0.2699170      0.2691850      0.2680820      0.2665590      0.2821960      0.2888480      0.2900800      0.3014870      0.3072700      0.3049440      0.3051600      0.2958100      0.2917400      0.2881800      0.2851700      0.2817400      0.2779700      0.2742000      0.2715100    
  0.2013170      0.2318800      0.2318580      0.2483740      0.2648310      0.2650300      0.2649480      0.2667290      0.2703800      0.2702610      0.2701470      0.2697480      0.2690610      0.2946360      0.3086290      0.3146380      0.3144600      0.3132170      0.3123420      0.3143950      0.3127600      0.3047200      0.2955500      0.2907200      0.2858900      0.2808600      0.2753000      0.2688900      0.2615100      0.2510800    
  0.2318800      0.2318690      0.2484150      0.2649300      0.2650300      0.2649890      0.2667720      0.2703800      0.2703210      0.2702630      0.2700520      0.2696520      0.3170100      0.3754110      0.3747200      0.3455790      0.3406060      0.3388400      0.3233350      0.3153600      0.3160300      0.3015200      0.2978200      0.2911300      0.2847600      0.2784600      0.2717200      0.2637800      0.2514600      0.2397100    
  0.2318750      0.2484350      0.2649800      0.2650300      0.2650090      0.2667930      0.2703800      0.2703500      0.2703210      0.2702120      0.3560930      0.4852500      0.4126740      0.3761940      0.3761020      0.3747200      0.3525280      0.3423730      0.3388400      0.3247450      0.3172900      0.3073200      0.2976500      0.2925200      0.2850800      0.2784300      0.2718300      0.2621700      0.2524600      0.2398300    
  0.2484450      0.2650050      0.2650300      0.2650200      0.2668030      0.2703800      0.2703650      0.2703500      0.2702940      0.3734250      0.4852500      0.4852500      0.4852500      0.4138420      0.3777600      0.3774840      0.3747200      0.3541810      0.3459050      0.3388400      0.3268200      0.3144500      0.3025000      0.2919500      0.2868500      0.2808500      0.2746100      0.2692300      0.2626200      0.2544000    
  0.2650180      0.2650300      0.2650250      0.2668080      0.2703800      0.2703730      0.2703650      0.3697100      0.4356080      0.4853540      0.4852500      0.4852500      0.4852500      0.4852500      0.4162570      0.3810770      0.3802480      0.3747200      0.3572580      0.3529700      0.3386600      0.3235900      0.3088400      0.2961100      0.2876200      0.2850100      0.2830700      0.2821700      0.2808900      0.2794600    
  0.2650300      0.2650270      0.2668110      0.2703800      0.2703760      0.4409700      0.6968400      0.6823360      0.6678300      0.5463940      0.4855620      0.4852500      0.4852500      0.4852500      0.4852500      0.4212170      0.3882650      0.3857750      0.3747200      0.3625000      0.3480800      0.3318300      0.3187800      0.3035100      0.2920800      0.2899500      0.2955700      0.3007500      0.3057000      0.3108800    
  0.2650290      0.2668120      0.2703800      0.2703780      0.4751210      0.6968910      0.6968910      0.6968400      0.6823390      0.6678300      0.5469320      0.4861870      0.4852500      0.4852500      0.4852500      0.4852500      0.4311040      0.4043000      0.3968300      0.3839700      0.3780700      0.3562000      0.3325000      0.3093900      0.2959100      0.3011800      0.3139700      0.3248500      0.3365300      0.3472200    
