iMOD/TUTORIALS/TUT_MetaswapAnalyser/model_MetaSWAP/meteo/Precipitation/Precipitation_20050211_L1.ASC
NCOLS                30
NROWS                30
XLLCORNER     160000.00
YLLCORNER     340000.00
CELLSIZE        1000.00
NODATA_VALUE   -9999.00
   5.019430       4.999200       4.965890       4.904160       4.779560       4.511060       4.101580       3.650940       3.275220       3.210980       3.506180       3.927000       4.387200       4.855240       5.317480       5.741100       6.123870       6.473160       6.759160       6.986330       7.158620       7.267310       7.348530       7.404660       7.422520       7.417150       7.392600       7.351880       7.296610       7.229830    
   4.887300       4.842780       4.774310       4.665190       4.492860       4.216770       3.846670       3.418050       2.969330       2.895760       3.398940       3.919740       4.451090       4.969660       5.479770       5.941640       6.356130       6.684320       6.953960       7.144770       7.272760       7.336970       7.375010       7.392520       7.379450       7.350290       7.309030       7.258410       7.213770       7.144100    
   4.763560       4.701210       4.612000       4.490940       4.304890       4.055510       3.750870       3.423890       3.158850       3.182260       3.560640       4.069520       4.617150       5.179570       5.723440       6.217400       6.644960       6.975760       7.204850       7.344120       7.421160       7.429940       7.425890       7.391130       7.342760       7.285910       7.239770       7.172510       7.107180       7.034740    
   4.657050       4.585840       4.490410       4.370590       4.204710       4.003500       3.782840       3.581330       3.478860       3.564940       3.875800       4.336090       4.881450       5.462240       6.045530       6.577160       7.019200       7.329330       7.504210       7.571160       7.566450       7.535540       7.453590       7.390080       7.303960       7.216910       7.131010       7.047580       6.970380       6.892290    
   4.571340       4.499400       4.416240       4.303190       4.169680       4.023310       3.882970       3.790140       3.782590       3.916460       4.225320       4.660750       5.194860       5.794500       6.415050       7.000140       7.474340       7.751360       7.841210       7.807040       7.721960       7.599950       7.459150       7.338520       7.217900       7.104270       6.997510       6.900920       6.803740       6.706990    
   4.506120       4.445170       4.365520       4.274450       4.176250       4.080960       4.006950       3.989020       4.086520       4.247490       4.539530       4.957050       5.487970       6.110000       6.790070       7.460570       7.989550       8.209990       8.156830       7.984920       7.794020       7.597630       7.404710       7.239930       7.091440       6.960990       6.837090       6.725570       6.614630       6.505170    
   4.491280       4.402960       4.338340       4.270290       4.205270       4.152420       4.127980       4.223320       4.312590       4.499200       4.793640       5.200550       5.718000       6.343180       7.073290       7.859110       8.561200       8.663630       8.371010       8.055530       7.764830       7.512520       7.295120       7.094850       6.929060       6.781380       6.651870       6.526580       6.409360       6.292930    
   4.473450       4.412940       4.326910       4.279750       4.241340       4.258600       4.323640       4.372340       4.489060       4.685180       4.972330       5.357480       5.844240       6.435350       7.146280       7.951400       8.854440       8.765680       8.307810       7.918610       7.594390       7.324390       7.097710       6.892790       6.723930       6.578750       6.441210       6.312680       6.180990       6.064970    
   4.456730       4.396680       4.358950       4.293050       4.324890       4.323820       4.420100       4.486560       4.612580       4.804550       5.071200       5.418130       5.847900       6.380760       6.961490       7.577840       8.075610       8.131820       7.870670       7.557830       7.274140       7.031510       6.825590       6.636910       6.485200       6.343200       6.211320       6.075120       5.956370       5.840150    
   4.437290       4.385530       4.359230       4.408980       4.360590       4.374070       4.485340       4.563210       4.686420       4.862360       5.096280       5.390410       5.742930       6.170550       6.595170       7.000990       7.281560       7.348130       7.227330       7.030430       6.827790       6.653820       6.493100       6.350100       6.211650       6.088070       5.957710       5.842860       5.728800       5.615030    
   4.430610       4.394020       4.395590       4.428610       4.429720       4.435040       4.530510       4.606080       4.717450       4.868700       5.061650       5.294820       5.598320       5.892200       6.159190       6.397890       6.553020       6.590790       6.533750       6.429960       6.315520       6.205040       6.100920       6.005190       5.893470       5.799770       5.700440       5.598230       5.492680       5.394940    
   4.431190       4.412210       4.428610       4.448610       4.448640       4.497500       4.591360       4.621150       4.714910       4.836690       5.011190       5.179280       5.400830       5.560360       5.716650       5.829280       5.881960       5.883880       5.855590       5.824780       5.795940       5.763720       5.716130       5.666010       5.606370       5.527130       5.448070       5.360360       5.264610       5.161950    
   4.434640       4.428610       4.458180       4.468050       4.487450       4.563130       4.599180       4.652750       4.764720       4.813180       4.915680       5.056810       5.160600       5.249520       5.307570       5.319370       5.283400       5.227160       5.210960       5.245610       5.297700       5.339590       5.359660       5.357220       5.334290       5.293190       5.225110       5.152790       5.067730       4.971550    
   4.428610       4.463000       4.477750       4.487450       4.539090       4.566700       4.647140       4.683530       4.731180       4.799990       4.860040       4.907810       4.952980       4.974570       4.958580       4.893210       4.771450       4.634970       4.607440       4.732960       4.870350       4.976330       5.030130       5.063990       5.069910       5.051860       5.003850       4.946360       4.872920       4.785360    
   4.465410       4.482600       4.487450       4.531080       4.566700       4.621640       4.651090       4.672950       4.700650       4.731300       4.783630       4.800310       4.800170       4.772680       4.706480       4.572800       4.407110       4.181010       4.117190       4.349400       4.540210       4.678320       4.774400       4.834020       4.862250       4.863360       4.840810       4.788140       4.725960       4.676790    
   4.485020       4.487450       4.528410       4.566700       4.613140       4.651090       4.662020       4.674900       4.701980       4.703040       4.703680       4.693410       4.665250       4.611530       4.517820       4.394810       4.229850       4.073310       4.048420       4.193930       4.361030       4.499650       4.606810       4.680990       4.724660       4.740690       4.731800       4.700390       4.637850       4.567770    
   4.487450       4.527520       4.566700       4.610310       4.651090       4.656560       4.662670       4.685490       4.703040       4.703360       4.652380       4.615060       4.561610       4.497720       4.396360       4.290980       4.175140       4.086980       4.076790       4.154270       4.271130       4.387330       4.485280       4.555220       4.602820       4.625630       4.625140       4.603140       4.561450       4.515610    
   4.527220       4.566700       4.609370       4.651090       4.653820       4.656770       4.676940       4.703040       4.703200       4.637280       4.580890       4.546730       4.498200       4.419270       4.343630       4.259570       4.176790       4.123250       4.118160       4.164850       4.244180       4.332610       4.414010       4.479760       4.522310       4.547590       4.552500       4.538090       4.505870       4.479080    
   4.566700       4.609050       4.651090       4.652460       4.653890       4.672640       4.703040       4.703120       4.630810       4.563810       4.546730       4.522460       4.464450       4.393600       4.329820       4.264920       4.208940       4.169810       4.167180       4.198040       4.253260       4.319280       4.384210       4.439860       4.481480       4.506740       4.511350       4.502950       4.499930       4.464020    
   4.608950       4.651090       4.651770       4.652480       4.670510       4.703040       4.703080       4.627790       4.555270       4.546730       4.534600       4.481810       4.393600       4.361710       4.329450       4.267890       4.214560       4.181980       4.216010       4.244540       4.284510       4.334270       4.385510       4.431530       4.467740       4.491430       4.498150       4.522740       4.480000       4.449080    
   4.651090       4.651430       4.651780       4.669450       4.703040       4.703060       4.626330       4.551000       4.546730       4.540660       4.489180       4.393600       4.377660       4.361590       4.319680       4.270630       4.221480       4.237110       4.272510       4.300480       4.330840       4.369360       4.410220       4.444470       4.475920       4.497910       4.503830       4.505570       4.496950       4.480140    
   4.651260       4.651430       4.668930       4.703040       4.703050       4.625610       4.548870       4.546730       4.543700       4.492540       4.393600       4.385630       4.377610       4.352970       4.317300       4.270600       4.263240       4.286500       4.300480       4.338130       4.383080       4.414710       4.448670       4.481030       4.480470       4.518550       4.532630       4.537350       4.533720       4.523040    
   4.651260       4.668670       4.703040       4.703040       4.625240       4.547800       4.546730       4.545210       4.494140       4.393600       4.389610       4.385610       4.372070       4.349300       4.313620       4.327080       4.293490       4.300480       4.413260       4.456400       4.465130       4.473210       4.481730       4.508650       4.540800       4.563480       4.578400       4.585550       4.585790       4.580900    
   4.668540       4.703040       4.703040       4.625060       4.547260       4.546730       4.545970       4.494920       4.393600       4.391610       4.389610       4.382430       4.368990       4.461500       4.495860       4.491930       4.490760       4.509320       4.532570       4.558050       4.529710       4.524960       4.540730       4.573290       4.601500       4.623870       4.639580       4.648590       4.651600       4.601510    
   4.703040       4.703040       4.624970       4.547000       4.546730       4.546350       4.495310       4.393600       4.392600       4.391610       4.387880       4.380350       4.568690       4.813550       4.810990       4.682210       4.691560       4.681040       4.619270       4.583250       4.586390       4.588600       4.614810       4.646830       4.674810       4.697420       4.714010       4.724550       4.685910       4.695070    
   4.703040       4.624930       4.546860       4.546730       4.546540       4.495500       4.393600       4.393100       4.392600       4.390700       4.744530       5.281400       4.972350       4.816970       4.816100       4.810990       4.735540       4.702070       4.681040       4.654730       4.633650       4.669460       4.704760       4.730070       4.758760       4.782130       4.799700       4.773720       4.783960       4.794840    
   4.624910       4.546800       4.546730       4.546640       4.495590       4.393600       4.393350       4.393100       4.392130       4.818130       5.281400       5.281400       5.281400       4.977500       4.823820       4.821210       4.810990       4.748050       4.723100       4.681040       4.717830       4.755730       4.793060       4.827780       4.851680       4.876190       4.866100       4.876190       4.886890       4.898580    
   4.546760       4.546730       4.546680       4.495640       4.393600       4.393480       4.393350       4.692090       4.976560       5.281560       5.281400       5.281400       5.281400       5.281400       4.988690       4.839250       4.831430       4.810990       4.777060       4.765170       4.804880       4.845910       4.886550       4.924450       4.954090       4.962880       4.972460       4.982200       4.992830       5.004810    
   4.546730       4.546710       4.495660       4.393600       4.393540       4.843310       5.517990       5.553890       5.589790       5.384640       5.281890       5.281400       5.281400       5.281400       5.281400       5.012890       4.875320       4.851870       4.810990       4.851050       4.893880       4.938620       5.031640       5.049040       5.062710       5.073230       5.080880       5.089700       5.100050       5.112320    
   4.546720       4.495670       4.393600       4.393570       4.933390       5.518120       5.518120       5.517990       5.553890       5.589790       5.385480       5.282860       5.281400       5.281400       5.281400       5.281400       5.063410       4.963090       4.892750       4.935600       5.103200       5.112940       5.130260       5.152740       5.173210       5.183840       5.191030       5.196630       5.206800       5.219900    
