iMOD/TUTORIALS/TUT_MetaswapAnalyser/model_MetaSWAP/meteo/Precipitation/Precipitation_20060429_L1.ASC
NCOLS                30
NROWS                30
XLLCORNER     160000.00
YLLCORNER     340000.00
CELLSIZE        1000.00
NODATA_VALUE   -9999.00
   4.735020       4.693590       4.636000       4.566470       4.491000       4.441410       4.411710       4.378590       4.311980       4.154780       3.903840       3.632460       3.370590       3.108950       2.875670       2.664800       2.461950       2.282570       2.142370       2.023070       1.921800       1.779710       1.702420       1.628960       1.572920       1.525210       1.485290       1.453200       1.429660       1.420670    
   4.569460       4.531570       4.481070       4.426130       4.366780       4.324910       4.292600       4.262270       4.226260       4.081280       3.790830       3.514050       3.249470       2.991760       2.762410       2.541730       2.360500       2.210750       2.061870       1.949460       1.854690       1.724640       1.652630       1.584210       1.531480       1.486190       1.447800       1.416290       1.393900       1.383390    
   4.410690       4.375270       4.331320       4.274180       4.226840       4.182280       4.138570       4.088340       4.013510       3.856860       3.618270       3.358850       3.104700       2.856350       2.635560       2.425090       2.250100       2.101960       1.978920       1.877270       1.775390       1.658210       1.586250       1.530650       1.482470       1.440770       1.406660       1.376420       1.356470       1.337810    
   4.259150       4.223820       4.180850       4.125010       4.074710       4.020770       3.959940       3.883730       3.778250       3.624680       3.415470       3.181650       2.943240       2.707660       2.491680       2.289790       2.120800       1.981610       1.870010       1.780460       1.706950       1.622840       1.525760       1.478190       1.434840       1.396880       1.363970       1.336040       1.316840       1.298210    
   4.113510       4.076150       4.023770       3.973260       3.916140       3.851090       3.774290       3.696210       3.569860       3.409050       3.210130       2.998150       2.777210       2.553450       2.339810       2.144310       1.984020       1.855800       1.759790       1.686190       1.619910       1.568780       1.474530       1.424010       1.385750       1.351920       1.322450       1.302580       1.281790       1.269070    
   3.973490       3.927060       3.878820       3.822600       3.757730       3.682400       3.614570       3.505870       3.362240       3.201800       3.020450       2.821150       2.612010       2.397950       2.192740       1.996230       1.831910       1.716440       1.641610       1.587290       1.536770       1.496580       1.414690       1.377570       1.343770       1.308300       1.282220       1.265360       1.248210       1.239090    
   3.834390       3.792190       3.738750       3.676480       3.637100       3.548280       3.445820       3.315170       3.176660       3.021960       2.848300       2.659440       2.460290       2.255060       2.055980       1.851660       1.673150       1.576660       1.532700       1.494300       1.462010       1.431110       1.401290       1.327170       1.297550       1.270590       1.252650       1.231910       1.214110       1.206500    
   3.688550       3.709050       3.648270       3.575340       3.492240       3.362750       3.270610       3.147150       3.012570       2.861490       2.695120       2.516040       2.327640       2.132920       1.946170       1.743920       1.546730       1.475030       1.449870       1.424960       1.399650       1.374440       1.349610       1.280950       1.254500       1.236580       1.214360       1.195670       1.189430       1.179310    
   3.624510       3.586350       3.518740       3.444380       3.311370       3.217330       3.123780       2.998890       2.865950       2.719510       2.560740       2.391790       2.215510       2.055080       1.868790       1.690440       1.539840       1.450910       1.406560       1.376160       1.350430       1.326890       1.304660       1.239260       1.221340       1.198490       1.177840       1.169340       1.153530       1.143150    
   3.513080       3.471620       3.400540       3.262240       3.179590       3.083570       2.984070       2.865630       2.735640       2.594620       2.443810       2.285250       2.121790       1.979690       1.812270       1.658550       1.532240       1.439890       1.380410       1.340420       1.310630       1.286920       1.265680       1.246130       1.184940       1.163290       1.153110       1.134050       1.118090       1.106400    
   3.517600       3.461750       3.319200       3.142410       3.055120       2.956820       2.862880       2.746420       2.620250       2.485100       2.342280       2.193820       2.077610       1.886630       1.749600       1.617300       1.507220       1.422240       1.362160       1.320890       1.291730       1.269500       1.250840       1.239630       1.234630       1.164230       1.143210       1.123220       1.105020       1.070280    
   3.514960       3.360240       3.142410       2.994860       2.944080       2.842880       2.751410       2.640130       2.518290       2.389140       2.194690       2.065510       1.964310       1.836790       1.702660       1.580720       1.475500       1.392800       1.331060       1.288630       1.259680       1.238530       1.235580       1.220630       1.205410       1.134240       1.113520       1.093120       1.073540       1.055460    
   3.395750       3.142410       2.966520       2.890960       2.837850       2.756710       2.653660       2.543290       2.336410       2.226490       2.109520       2.049160       1.914490       1.783070       1.657020       1.540920       1.437640       1.352080       1.291840       1.253470       1.237110       1.221140       1.207550       1.194250       1.180180       1.164900       1.089190       1.068250       1.047210       1.026450    
   3.142410       2.952800       2.864410       2.837850       2.753810       2.666880       2.443260       2.347630       2.246590       2.135920       2.027290       1.984250       1.857910       1.734280       1.615130       1.501300       1.398440       1.305830       1.243100       1.220880       1.206430       1.195030       1.158770       1.142970       1.126760       1.109810       1.039520       1.018270      0.9970000      0.9757800    
   2.946050       2.851130       2.837850       2.752850       2.666880       2.494310       2.372780       2.279440       2.181630       2.080080       2.058520       1.936650       1.816000       1.697730       1.582890       1.470630       1.364790       1.262650       1.197610       1.178420       1.166450       1.152520       1.138460       1.123870       1.108420       1.091860       1.074030       1.002020      0.9805000      0.9594000    
   2.844490       2.837850       2.752530       2.666880       2.511320       2.372780       2.326110       2.277950       2.163880       2.114370       1.999410       1.884960       1.771920       1.661210       1.551690       1.448420       1.321700       1.242980       1.188790       1.162950       1.145670       1.135510       1.121840       1.107740       1.092800       1.076730       1.059310       1.040350      0.9688500      0.9477900    
   2.837850       2.752420       2.666880       2.516990       2.372780       2.349440       2.325610       2.220580       2.114370       2.056890       1.916510       1.838870       1.730550       1.627850       1.469040       1.386680       1.305790       1.239570       1.190130       1.157960       1.136040       1.118620       1.102950       1.094240       1.079400       1.063720       1.046920       1.028820       1.009290      0.9455900    
   2.752380       2.666880       2.518880       2.372780       2.361110       2.349280       2.252500       2.114370       2.085630       1.924920       1.791900       1.744930       1.657230       1.517920       1.439800       1.366330       1.292600       1.234630       1.188780       1.154960       1.130050       1.110450       1.093600       1.077970       1.069110       1.053930       1.038030       1.021280       1.003700      0.9878600    
   2.666880       2.519510       2.372780       2.366950       2.361060       2.269320       2.114370       2.100000       1.927650       1.768410       1.744930       1.701080       1.600870       1.483380       1.412750       1.347080       1.288160       1.226920       1.184290       1.150780       1.124700       1.103820       1.086170       1.070320       1.055310       1.040540       1.031880       1.016820       1.004000      0.9886900    
   2.519720       2.372780       2.369860       2.366930       2.277920       2.114370       2.107180       1.928730       1.756670       1.744930       1.723010       1.632560       1.483380       1.448070       1.414400       1.349330       1.287390       1.233120       1.168350       1.144380       1.118380       1.097210       1.079400       1.063760       1.049370       1.035620       1.019690       1.009420       1.018960       1.010110    
   2.372780       2.371320       2.369860       2.282270       2.114370       2.110780       1.929200       1.750800       1.744930       1.733970       1.645970       1.483380       1.465720       1.448620       1.403930       1.350370       1.289950       1.192820       1.139870       1.135360       1.110240       1.089590       1.072310       1.054480       1.041330       1.029100       1.045210       1.032910       1.020520       1.008720    
   2.372050       2.371320       2.284450       2.114370       2.112570       1.929430       1.747870       1.744930       1.739450       1.652060       1.483380       1.474550       1.465910       1.439420       1.400970       1.348080       1.221220       1.137610       1.135360       1.113780       1.095740       1.076700       1.060940       1.047650       1.062250       1.056070       1.045340       1.034460       1.023540       1.012270    
   2.372050       2.285550       2.114370       2.113470       1.929540       1.746400       1.744930       1.742190       1.654960       1.483380       1.478970       1.474610       1.459960       1.435430       1.396160       1.241330       1.136490       1.135360       1.108310       1.090290       1.081120       1.063290       1.083010       1.070640       1.061010       1.051680       1.042890       1.033870       1.024510       1.015490    
   2.286100       2.114370       2.113920       1.929600       1.745660       1.744930       1.743560       1.656360       1.483380       1.481170       1.478990       1.471180       1.456670       1.330930       1.210750       1.098930       1.099860       1.095670       1.090620       1.093810       1.084850       1.085040       1.070890       1.061000       1.053250       1.046770       1.040610       1.033900       1.026100       1.031360    
   2.114370       2.114150       1.929620       1.745300       1.744930       1.744240       1.657060       1.483380       1.482280       1.481180       1.477110       1.468940       1.263900       1.031040       1.032170       1.060500       1.060450       1.064370       1.079670       1.087740       1.102780       1.085470       1.056030       1.048520       1.043700       1.040580       1.037950       1.034500       1.041550       1.031010    
   2.114260       1.929640       1.745110       1.744930       1.744590       1.657400       1.483380       1.482830       1.482280       1.480190       1.239330      0.8847000      0.9811240       1.029670       1.029900       1.032170       1.049520       1.056530       1.064370       1.072740       1.075600       1.062980       1.054570       1.032880       1.031570       1.032730       1.034850       1.046870       1.044830       1.037620    
   1.929640       1.745020       1.744930       1.744760       1.657580       1.483380       1.483100       1.482830       1.481770       1.194240      0.8847000      0.8847000      0.8847000      0.9790860       1.026950       1.027630       1.032170       1.045000       1.048690       1.064370       1.048200       1.036620       1.029740       1.027700       1.016220       1.022710       1.038990       1.047730       1.052710       1.053160    
   1.744980       1.744930       1.744840       1.657660       1.483380       1.483240       1.483100       1.292670       1.099490      0.8845870      0.8847000      0.8847000      0.8847000      0.8847000      0.9747930       1.021050       1.023090       1.032170       1.034790       1.033000       1.017470       1.006620       1.000840       1.000930       1.008450       1.013980       1.032770       1.050080       1.063870       1.073810    
   1.744930       1.744890       1.657700       1.483380       1.483310       1.185890      0.7398800      0.7314380      0.7230000      0.8304940      0.8843620      0.8847000      0.8847000      0.8847000      0.8847000      0.9657900       1.007890       1.014010       1.032170       1.009620      0.9920700      0.9794700      0.9593100      0.9632500      0.9799500       1.004880       1.026160       1.053440       1.076790       1.095990    
   1.744910       1.657730       1.483380       1.483350       1.126450      0.7398620      0.7398620      0.7398800      0.7314340      0.7230000      0.8299150      0.8836850      0.8847000      0.8847000      0.8847000      0.8847000      0.9474790      0.9774830      0.9958600      0.9738000      0.9255200      0.9236000      0.9248500      0.9303800      0.9471400      0.9815700       1.020900       1.060950       1.091130       1.118750    
