iMOD/TUTORIALS/TUT_MetaswapAnalyser/model_MetaSWAP/meteo/Precipitation/Precipitation_20050705_L1.ASC
NCOLS                30
NROWS                30
XLLCORNER     160000.00
YLLCORNER     340000.00
CELLSIZE        1000.00
NODATA_VALUE   -9999.00
   10.55550       10.73360       10.87740       10.92220       10.71030       9.968540       8.678410       7.210730       5.935630       5.388020       5.612540       6.058230       6.538030       7.002960       7.431380       7.825220       8.166970       8.401310       8.564380       8.658610       8.692690       8.689830       8.636270       8.542370       8.438700       8.318830       8.187250       8.046780       7.898390       7.735940    
   10.35730       10.41760       10.37300       10.20790       9.783860       8.993820       7.851780       6.506100       5.113550       4.578770       5.251870       5.891290       6.496210       7.069780       7.578200       8.043330       8.399200       8.671820       8.841900       8.931110       8.950480       8.926120       8.850600       8.735830       8.612200       8.475030       8.329400       8.178610       8.004920       7.843320    
   10.10790       10.07220       9.939970       9.658710       9.135880       8.394520       7.432480       6.360970       5.400380       5.070090       5.456710       6.046150       6.674770       7.278530       7.838290       8.343380       8.733230       9.010510       9.175450       9.241920       9.227280       9.169070       9.050100       8.917900       8.769120       8.610940       8.427380       8.268450       8.106740       7.953640    
   9.867560       9.766620       9.571580       9.250610       8.769720       8.127900       7.368390       6.579660       5.980680       5.777220       5.990480       6.450310       7.025360       7.632640       8.217360       8.748290       9.161020       9.434590       9.569120       9.589330       9.527490       9.394580       9.257090       9.064260       8.886810       8.705850       8.525930       8.350240       8.176740       8.016400    
   9.658310       9.521750       9.307790       8.990760       8.565960       8.046320       7.477780       6.942180       6.567180       6.448300       6.572890       6.965670       7.490710       8.086070       8.695470       9.254970       9.680230       9.930480       10.00140       9.944110       9.791790       9.614960       9.428490       9.217080       9.005330       8.795770       8.591600       8.388770       8.200820       8.015630    
   9.489010       9.344660       9.131040       8.845950       8.491990       8.088240       7.692910       7.311600       6.985580       6.964770       7.143560       7.504020       7.995300       8.587680       9.207110       9.831150       10.31350       10.52140       10.48120       10.31340       10.07480       9.829510       9.589120       9.337430       9.090570       8.849780       8.620280       8.394960       8.185210       7.980000    
   9.403780       9.219440       9.025250       8.782690       8.526320       8.220110       7.925950       7.512300       7.413690       7.452530       7.648990       7.997630       8.477890       9.057420       9.695160       10.41280       11.03240       11.14780       10.91570       10.60550       10.29590       9.988290       9.687560       9.409490       9.130690       8.864370       8.604010       8.364320       8.134700       7.914380    
   9.325270       9.221410       9.008000       8.807680       8.586220       8.073080       7.905120       7.794540       7.769170       7.856160       8.069700       8.410760       8.870190       9.432890       10.03990       10.78490       11.57190       11.53610       11.15050       10.77820       10.41770       10.06950       9.734390       9.426710       9.122120       8.825370       8.552950       8.295390       8.054370       7.821150    
   9.324930       9.185980       9.040920       8.836620       8.298090       8.167800       8.069780       8.025970       8.054310       8.174430       8.397270       8.725080       9.151920       9.591450       10.18240       10.79710       11.28210       11.36320       11.12000       10.78280       10.42320       10.06270       9.710510       9.384470       9.053820       8.748690       8.460720       8.193200       7.936620       7.694960    
   9.298380       9.174160       9.056010       8.454180       8.330730       8.250120       8.204230       8.206100       8.270290       8.409740       8.632060       8.938170       9.321240       9.677840       10.17480       10.63460       10.97970       11.06360       10.92450       10.65510       10.32540       9.972680       9.617360       9.269800       8.942550       8.626430       8.332040       8.050440       7.786140       7.538650    
   9.287970       9.176180       8.783060       8.447900       8.384310       8.309420       8.301700       8.334990       8.420770       8.567860       8.780860       9.058700       9.266720       9.671930       10.11550       10.46010       10.69290       10.76680       10.67270       10.45080       10.15120       9.813070       9.461940       9.105940       8.771870       8.463020       8.158190       7.871420       7.602820       7.353460    
   9.283280       8.923780       8.447900       8.402890       8.398870       8.372340       8.386550       8.415100       8.511280       8.656840       8.852070       9.098500       9.255380       9.653730       9.968230       10.24130       10.42630       10.48720       10.40980       10.21020       9.927500       9.599830       9.251320       8.904600       8.566460       8.257330       7.950940       7.662550       7.392600       7.141080    
   9.008370       8.447900       8.405240       8.389680       8.380500       8.385140       8.414570       8.474330       8.562700       8.683070       8.860430       9.006640       9.260750       9.527840       9.785660       10.01040       10.16800       10.22310       10.15040       9.951740       9.665050       9.340180       8.999020       8.656580       8.321850       8.000170       7.710180       7.423320       7.154860       6.904920    
   8.447900       8.404680       8.385090       8.380500       8.379560       8.373030       8.400420       8.463290       8.554940       8.717270       8.865180       8.926200       9.139030       9.359340       9.572320       9.759180       9.901030       9.970070       9.893990       9.667640       9.370080       9.044210       8.697970       8.360560       8.031080       7.714350       7.427180       7.144850       6.881080       6.636160    
   8.403970       8.382800       8.380500       8.377700       8.373030       8.394910       8.411270       8.467570       8.546410       8.648510       8.650920       8.811190       8.983370       9.158980       9.327540       9.470950       9.595240       9.683530       9.616680       9.326910       9.023800       8.700210       8.370750       8.042830       7.722300       7.413630       7.120030       6.856820       6.599630       6.359000    
   8.381650       8.380500       8.377080       8.373030       8.393070       8.411270       8.439420       8.475080       8.517660       8.408160       8.525210       8.653740       8.788550       8.922700       9.049890       9.155280       9.242190       9.259730       9.156560       8.918010       8.627020       8.329000       8.013850       7.698490       7.388980       7.089990       6.805180       6.537310       6.300380       6.071270    
   8.380500       8.376870       8.373030       8.392460       8.411270       8.425350       8.441930       8.460080       8.408160       8.466690       8.479180       8.470460       8.573550       8.666190       8.779080       8.829110       8.841480       8.802470       8.680920       8.475310       8.215230       7.927050       7.626340       7.339190       7.042230       6.754090       6.479000       6.220410       5.981020       5.798170    
   8.376800       8.373030       8.392250       8.411270       8.418310       8.426180       8.433880       8.408160       8.437420       8.419350       8.404400       8.338340       8.392550       8.436730       8.467250       8.473930       8.442330       8.366910       8.231820       8.037840       7.798520       7.530490       7.247170       6.958420       6.686650       6.409180       6.143610       5.894090       5.664260       5.478930    
   8.373030       8.392180       8.411270       8.414790       8.418590       8.421630       8.408160       8.422790       8.394930       8.371370       8.338340       8.365450       8.332050       8.160580       8.154840       8.124850       8.062380       7.957520       7.810580       7.619420       7.391710       7.138140       6.869020       6.593070       6.317400       6.047960       5.804000       5.562370       5.360550       5.166480    
   8.392160       8.411270       8.413030       8.414880       8.415790       8.408160       8.415480       8.383810       8.354850       8.338340       8.351890       8.299100       8.160580       8.157710       8.146760       8.114020       8.048250       7.943490       7.493070       7.224220       7.002240       6.758030       6.499440       6.233710       5.967240       5.705660       5.453360       5.241760       5.057030       4.865700    
   8.411270       8.412150       8.413060       8.412970       8.408160       8.411820       8.378480       8.346600       8.338340       8.345120       8.287480       8.160580       8.159150       8.155020       8.139500       8.103010       8.035260       7.475470       7.038910       6.853610       6.633740       6.395170       6.143950       5.885380       5.626140       5.370660       5.174740       4.942960       4.726640       4.533040    
   8.411710       8.412160       8.411580       8.408160       8.409990       8.375850       8.342470       8.338340       8.341730       8.282880       8.160580       8.159860       8.158250       8.151220       8.132510       8.092590       7.482720       6.946260       6.853610       6.591710       6.287780       6.052220       5.806010       5.554030       5.336810       5.082560       4.846500       4.617020       4.400500       4.208050    
   8.411710       8.410900       8.408160       8.409070       8.374550       8.340400       8.338340       8.340030       8.280880       8.160580       8.160220       8.159560       8.156440       8.147320       8.125440       7.305620       6.899940       6.853610       6.230610       5.965990       5.827430       5.715580       5.503280       5.263750       5.006300       4.771530       4.539700       4.310910       4.090490       3.888130    
   8.410570       8.408160       8.408620       8.373900       8.339370       8.338340       8.339190       8.279960       8.160580       8.160400       8.160120       8.158740       8.154440       7.310680       6.578360       5.927920       5.920360       5.780680       5.608550       5.511100       5.644210       5.437370       5.150910       4.934830       4.713360       4.488780       4.262360       4.035130       3.809480       3.577840    
   8.408160       8.408390       8.373570       8.338860       8.338340       8.338760       8.279520       8.160580       8.160490       8.160370       8.159750       8.157770       6.647970       4.809620       4.813510       5.150330       4.963470       4.987110       5.223500       5.348560       5.378000       5.080990       4.874870       4.663880       4.450240       4.235370       4.018750       3.798620       3.560780       3.332540    
   8.408270       8.373410       8.338600       8.338340       8.338550       8.279300       8.160580       8.160530       8.160480       8.160200       6.822200       4.816560       4.809260       4.806360       4.805730       4.813510       4.903990       4.939820       4.987110       5.047230       5.023460       4.828290       4.625500       4.417970       4.213870       4.012900       3.812940       3.601150       3.390330       3.170100    
   8.373330       8.338470       8.338340       8.338450       8.279190       8.160580       8.160560       8.160530       8.160410       6.555200       4.816560       4.816560       4.816560       4.804500       4.799850       4.797960       4.813510       4.875510       4.892540       4.987110       4.800350       4.602000       4.398420       4.197180       4.002420       3.820190       3.641250       3.464440       3.285400       3.104040    
   8.338400       8.338340       8.338390       8.279140       8.160580       8.160570       8.160560       7.312790       6.210490       4.816460       4.816560       4.816560       4.816560       4.816560       4.795870       4.788080       4.782410       4.813510       4.808890       4.797960       4.606590       4.403310       4.195720       3.995150       3.822530       3.655630       3.509210       3.370800       3.234040       3.102180    
   8.338340       8.338370       8.279110       8.160580       8.160570       6.796640       4.750770       4.760220       4.769680       4.800670       4.816270       4.816560       4.816560       4.816560       4.816560       4.780900       4.768330       4.751300       4.813510       4.636980       4.442730       4.234130       4.051960       3.832220       3.646430       3.511600       3.408090       3.314190       3.221280       3.133480    
   8.338350       8.279100       8.160580       8.160580       6.523850       4.750750       4.750750       4.750770       4.760210       4.769680       4.800180       4.815680       4.816560       4.816560       4.816560       4.816560       4.756290       4.740170       4.689100       4.513380       4.391800       4.156540       3.910620       3.667970       3.478510       3.391460       3.343950       3.294080       3.239530       3.185640    
