iMOD/TUTORIALS/TUT_MetaswapAnalyser/model_MetaSWAP/meteo/Precipitation/Precipitation_20050707_L1.ASC
NCOLS                30
NROWS                30
XLLCORNER     160000.00
YLLCORNER     340000.00
CELLSIZE        1000.00
NODATA_VALUE   -9999.00
   0.000000      0.2119200      0.2184100      0.2207000      0.2115800       0.000000       0.000000       0.000000       0.000000       0.000000       0.000000       0.000000       0.000000       0.000000       0.000000       0.000000       0.000000       0.000000      0.2203300      0.2400800      0.2585700      0.2751900      0.2907500      0.3047900      0.3174100      0.3286100      0.3384800      0.3471300      0.3548200      0.3603500    
   0.000000       0.000000       0.000000       0.000000       0.000000       0.000000       0.000000       0.000000       0.000000       0.000000       0.000000       0.000000       0.000000       0.000000       0.000000       0.000000       0.000000       0.000000      0.2158200      0.2352700      0.2532400      0.2692600      0.2838300      0.2965000      0.3076300      0.3170700      0.3248800      0.3311300      0.3361000      0.3386500    
   0.000000       0.000000       0.000000       0.000000       0.000000       0.000000       0.000000       0.000000       0.000000       0.000000       0.000000       0.000000       0.000000       0.000000       0.000000       0.000000       0.000000       0.000000      0.2146800      0.2335100      0.2547000      0.2700100      0.2832700      0.2945400      0.3036700      0.3106900      0.3157400      0.3185700      0.3179000      0.3175800    
   0.000000       0.000000       0.000000       0.000000       0.000000       0.000000       0.000000       0.000000       0.000000       0.000000       0.000000       0.000000       0.000000       0.000000       0.000000       0.000000       0.000000       0.000000      0.2171600      0.2356500      0.2520900      0.2700800      0.2818200      0.2914500      0.2984800      0.3030600      0.3052300      0.3050100      0.3012300      0.2970300    
   0.000000       0.000000       0.000000       0.000000       0.000000       0.000000       0.000000       0.000000       0.000000       0.000000       0.000000       0.000000       0.000000       0.000000       0.000000       0.000000       0.000000       0.000000      0.2195800      0.2373300      0.2524200      0.2651800      0.2759800      0.2871100      0.2919700      0.2942100      0.2939000      0.2895800      0.2852300      0.2796100    
  0.2092000       0.000000       0.000000       0.000000       0.000000       0.000000       0.000000       0.000000       0.000000       0.000000       0.000000       0.000000       0.000000       0.000000       0.000000       0.000000       0.000000       0.000000      0.2228600      0.2396200      0.2533500      0.2644300      0.2733000      0.2787900      0.2815900      0.2844300      0.2818800      0.2755700      0.2693400      0.2621500    
  0.2137500      0.2082300       0.000000       0.000000       0.000000       0.000000       0.000000       0.000000       0.000000       0.000000       0.000000       0.000000       0.000000       0.000000       0.000000       0.000000       0.000000      0.2087700      0.2267900      0.2418400      0.2539100      0.2629200      0.2690000      0.2729800      0.2736100      0.2716800      0.2655900      0.2595100      0.2530900      0.2441900    
  0.2238700      0.2148100       0.000000       0.000000       0.000000       0.000000       0.000000       0.000000       0.000000       0.000000       0.000000       0.000000       0.000000       0.000000       0.000000       0.000000       0.000000      0.2159700      0.2318200      0.2444200      0.2539400      0.2605400      0.2643500      0.2661400      0.2646800      0.2588200      0.2527700      0.2447700      0.2339500      0.2238700    
  0.2323000      0.2228700      0.2157300      0.2080500       0.000000       0.000000       0.000000       0.000000       0.000000       0.000000       0.000000       0.000000       0.000000       0.000000       0.000000       0.000000      0.2160500      0.2268300      0.2375400      0.2464600      0.2530100      0.2570900      0.2586700      0.2583900      0.2530900      0.2474000      0.2395400      0.2283000      0.2174700       0.000000    
  0.2410300      0.2318400      0.2254100      0.2274900      0.2200300      0.2112300      0.2187100      0.2110000       0.000000       0.000000       0.000000       0.000000       0.000000      0.2121700      0.2166400      0.2216800      0.2281100      0.2349900      0.2416200      0.2471400      0.2510100      0.2523500      0.2519600      0.2492100      0.2430200      0.2356700      0.2246600      0.2136500       0.000000       0.000000    
  0.2392500      0.2327600      0.2311770      0.2399700      0.2325600      0.2405500      0.2372000      0.2305600      0.2251500      0.2212800      0.2191300      0.2186900      0.2277800      0.2269600      0.2293700      0.2324400      0.2351900      0.2388300      0.2423800      0.2454500      0.2474800      0.2479000      0.2462200      0.2406600      0.2325800      0.2240700      0.2133300       0.000000       0.000000       0.000000    
  0.2388320      0.2357890      0.2399700      0.2491120      0.2461900      0.2557800      0.2540400      0.2492200      0.2442000      0.2402700      0.2353800      0.2340900      0.2421600      0.2409900      0.2400300      0.2393900      0.2390200      0.2378700      0.2385000      0.2398700      0.2409600      0.2406100      0.2354000      0.2303000      0.2227600      0.2135800       0.000000       0.000000       0.000000       0.000000    
  0.2395580      0.2399700      0.2571930      0.2619600      0.2777300      0.2770400      0.2713400      0.2659800      0.2575500      0.2551000      0.2520300      0.2617900      0.2573000      0.2530400      0.2485500      0.2435100      0.2380000      0.2333400      0.2302200      0.2313300      0.2312300      0.2307600      0.2277400      0.2219700      0.2135300       0.000000       0.000000       0.000000       0.000000       0.000000    
  0.2399700      0.2611850      0.2698450      0.2777300      0.2827030      0.2933400      0.2828700      0.2783100      0.2740500      0.2703900      0.2667000      0.2776500      0.2712400      0.2643700      0.2564500      0.2468100      0.2351200      0.2232300      0.2188600      0.2205900      0.2239700      0.2242700      0.2169000      0.2100100       0.000000       0.000000       0.000000       0.000000       0.000000       0.000000    
  0.2631680      0.2737870      0.2777300      0.2845910      0.2933400      0.2907200      0.2959500      0.2918400      0.2878100      0.2838400      0.2978200      0.2905100      0.2828100      0.2741800      0.2639500      0.2521700      0.2359100      0.2154000       0.000000      0.2154300      0.2173600      0.2167400      0.2122900       0.000000       0.000000       0.000000       0.000000       0.000000       0.000000       0.000000    
  0.2757590      0.2777300      0.2852200      0.2933400      0.2933370      0.2959500      0.2938950      0.2918670      0.2963420      0.3218800      0.3140600      0.3059500      0.2971800      0.2872600      0.2760000      0.2620700      0.2432700      0.2262200      0.2172600      0.2186400      0.2197400      0.2144100      0.2080900       0.000000       0.000000       0.000000       0.000000       0.000000       0.000000       0.000000    
  0.2777300      0.2854300      0.2933400      0.2942090      0.2959500      0.2949230      0.2939040      0.3009960      0.3218800      0.3179700      0.3226160      0.3217600      0.3129900      0.3025800      0.2871300      0.2732500      0.2583400      0.2445100      0.2349700      0.2300500      0.2261000      0.2204200      0.2120600       0.000000       0.000000       0.000000       0.000000       0.000000       0.000000       0.000000    
  0.2855000      0.2933400      0.2945000      0.2959500      0.2954360      0.2949250      0.3029260      0.3218800      0.3199250      0.3294980      0.3355950      0.3494300      0.3380800      0.3148200      0.3025000      0.2893600      0.2757500      0.2631300      0.2525500      0.2439400      0.2357800      0.2264600      0.2151200       0.000000       0.000000       0.000000       0.000000       0.000000       0.000000       0.000000    
  0.2933400      0.2945970      0.2959500      0.2956930      0.2954370      0.3037920      0.3218800      0.3209030      0.3326490      0.3425120      0.3494300      0.3437550      0.3332920      0.3308400      0.3190100      0.3066300      0.2940300      0.2814500      0.2698300      0.2587200      0.2473400      0.2347700      0.2204600       0.000000       0.000000       0.000000       0.000000       0.000000       0.000000       0.000000    
  0.2946290      0.2959500      0.2958220      0.2956930      0.3042010      0.3218800      0.3213910      0.3341670      0.3459710      0.3494300      0.3465920      0.3393290      0.3308400      0.3249250      0.3188270      0.3065570      0.2940370      0.2817700      0.2747840      0.2740300      0.2601700      0.2448600      0.2277600      0.2088800       0.000000       0.000000       0.000000       0.000000       0.000000       0.000000    
  0.2959500      0.2958860      0.2958220      0.3043990      0.3218800      0.3216360      0.3349140      0.3477010      0.3494300      0.3480110      0.3415480      0.3308400      0.3278820      0.3248640      0.3167690      0.3064730      0.2941210      0.2844880      0.2819600      0.2898900      0.2741300      0.2565400      0.2369400      0.2147300       0.000000       0.000000       0.000000       0.000000       0.000000       0.000000    
  0.2959180      0.2958860      0.3044970      0.3218800      0.3217580      0.3352850      0.3485650      0.3494300      0.3487210      0.3424570      0.3308400      0.3293610      0.3278620      0.3231720      0.3160360      0.3057880      0.2921800      0.2859250      0.2898900      0.2840730      0.2882000      0.2689600      0.2473200      0.2234000       0.000000       0.000000       0.000000       0.000000       0.000000       0.000000    
  0.2959180      0.3045450      0.3218800      0.3218190      0.3354700      0.3489980      0.3494300      0.3490750      0.3428620      0.3308400      0.3301010      0.3293540      0.3267980      0.3223570      0.3149980      0.3077000      0.2879070      0.2898900      0.3018980      0.3057600      0.2910420      0.2834300      0.2505200      0.2247000       0.000000       0.000000       0.000000       0.000000       0.000000       0.000000    
  0.3045690      0.3218800      0.3218490      0.3355630      0.3492140      0.3494300      0.3492530      0.3430520      0.3308400      0.3304700      0.3300980      0.3287510      0.3261700      0.3463630      0.3481350      0.3368210      0.3365900      0.3298160      0.3227780      0.3278700      0.3233200      0.2913000      0.2653900      0.2389300      0.2094600       0.000000       0.000000       0.000000       0.000000       0.000000    
  0.3218800      0.3218650      0.3356090      0.3493220      0.3494300      0.3493410      0.3431440      0.3308400      0.3306550      0.3304700      0.3297730      0.3283400      0.3690550      0.4217390      0.4213000      0.3856350      0.3859660      0.3832900      0.3512240      0.3347030      0.3324200      0.3077100      0.2847500      0.2572800      0.2259100       0.000000       0.000000       0.000000       0.000000       0.000000    
  0.3218720      0.3356320      0.3493760      0.3494300      0.3493860      0.3431890      0.3308400      0.3307480      0.3306550      0.3302990      0.3893490      0.4790800      0.4412790      0.4222530      0.4221770      0.4213000      0.3986850      0.3886420      0.3832900      0.3590320      0.3483700      0.3306600      0.3083100      0.2810700      0.2485700      0.2119500       0.000000       0.000000       0.000000       0.000000    
  0.3356430      0.3494030      0.3494300      0.3494080      0.3432110      0.3308400      0.3307940      0.3307470      0.3305670      0.4016930      0.4790800      0.4790800      0.4790800      0.4420460      0.4232820      0.4230550      0.4213000      0.4015070      0.3939950      0.3832900      0.3720500      0.3570000      0.3370000      0.3109800      0.2787000      0.2406100       0.000000       0.000000       0.000000       0.000000    
  0.3494160      0.3494300      0.3494190      0.3432220      0.3308400      0.3308170      0.3307940      0.3592870      0.4091310      0.4790600      0.4790800      0.4790800      0.4790800      0.4790800      0.4436430      0.4254920      0.4248100      0.4213000      0.4074450      0.4047000      0.3970900      0.3862400      0.3705700      0.3480700      0.3168600      0.2772100      0.2330900       0.000000       0.000000       0.000000    
  0.3494300      0.3494240      0.3432280      0.3308400      0.3308280      0.3751430      0.4416400      0.4433390      0.4450400      0.4676790      0.4790200      0.4790800      0.4790800      0.4790800      0.4790800      0.4469440      0.4303660      0.4283200      0.4213000      0.4204900      0.4184800      0.4143100      0.4112400      0.3944900      0.3649800      0.3239600      0.2775400      0.2314900       0.000000       0.000000    
  0.3494270      0.3432310      0.3308400      0.3308340      0.3840050      0.4416230      0.4416230      0.4416400      0.4433380      0.4450400      0.4675740      0.4789000      0.4790800      0.4790800      0.4790800      0.4790800      0.4535190      0.4414770      0.4353400      0.4379900      0.4536600      0.4519400      0.4493300      0.4428000      0.4220900      0.3785600      0.3278600      0.2789900      0.2376900       0.000000    
