iMOD/TUTORIALS/TUT_MetaswapAnalyser/model_MetaSWAP/meteo/Precipitation/Precipitation_20050729_L1.ASC
NCOLS                30
NROWS                30
XLLCORNER     160000.00
YLLCORNER     340000.00
CELLSIZE        1000.00
NODATA_VALUE   -9999.00
   28.69470       28.90690       29.11730       29.30270       29.39500       29.33650       29.06180       28.65300       28.14240       27.45950       26.60590       25.77770       25.02640       24.32380       23.87580       23.63690       23.74880       24.04190       24.55180       25.32450       26.35400       27.61680       29.13110       30.76120       32.73310       34.91050       37.26640       39.74660       42.24200       44.51080    
   28.46670       28.59110       28.69370       28.76470       28.73920       28.61590       28.35530       27.98990       27.56640       26.90750       25.96180       25.06990       24.30420       23.59120       23.12850       22.99050       23.00570       23.33650       23.97240       24.84700       25.99290       27.38220       29.02900       30.80860       32.93370       35.28770       37.85990       40.62070       43.53280       46.19670    
   28.14570       28.18710       28.20130       28.14400       28.04780       27.85390       27.55380       27.15430       26.65740       25.96620       25.09580       24.22850       23.44680       22.72040       22.24750       22.07490       22.10740       22.45220       23.11820       24.09130       25.40510       26.91490       28.57250       30.57910       32.82270       35.30690       38.08960       41.06360       44.23130       47.56980    
   27.77090       27.73470       27.66410       27.52240       27.33810       27.06890       26.70480       26.24380       25.67850       24.94490       24.13960       23.29650       22.49770       21.75600       21.21940       20.97650       21.00100       21.38940       22.14720       23.23790       24.61510       26.19300       28.04720       30.18480       32.49440       35.03210       37.80760       40.83240       44.07930       47.60260    
   27.36200       27.25610       27.09190       26.89850       26.63880       26.30000       25.87220       25.31250       24.70290       23.98690       23.14870       22.33930       21.52970       20.75280       20.11880       19.75980       19.76600       20.20120       21.08140       22.31740       23.71620       25.44250       27.37310       29.54780       31.86740       34.38170       37.08930       39.92660       42.93840       45.82480    
   26.93600       26.75750       26.55070       26.29100       25.96730       25.56920       25.01110       24.47830       23.76650       23.03600       22.25100       21.42240       20.58090       19.76780       19.01660       18.49930       18.36560       18.85460       19.91300       21.32020       22.85670       24.65560       26.61850       28.73860       31.01460       33.47940       36.03480       38.63250       41.27610       43.70380    
   26.49340       26.29030       26.02870       25.71480       25.22050       24.79560       24.29250       23.61870       22.95610       22.23930       21.45760       20.62920       19.77520       18.91080       18.03080       17.30310       16.87760       17.48860       18.84210       20.35450       22.05760       23.88490       25.83430       27.90580       30.09210       32.38180       34.69290       37.08970       39.44200       41.56630    
   27.10220       25.64190       25.38220       25.04520       24.64970       23.93140       23.51200       22.91140       22.26750       21.55770       20.79130       19.98110       19.14180       18.29260       17.36100       16.55410       15.79220       16.60880       18.10390       19.70580       21.39980       23.18950       25.07550       27.05540       29.11730       31.18720       33.35150       35.50090       37.65720       39.52150    
   26.56510       25.24300       24.91760       24.56820       23.80580       23.35150       22.92860       22.32150       21.68570       20.99530       20.25930       19.48990       18.70270       17.77870       17.07830       16.47540       16.20850       16.73550       17.90870       19.34050       20.91630       22.60050       24.37610       26.23040       28.08920       30.04170       32.00130       34.03190       35.84420       37.51390    
   26.25530       24.88220       24.52810       23.66810       23.30880       22.84360       22.39280       21.82410       21.20680       20.54710       19.85490       19.14410       18.43520       17.56380       17.05020       16.67460       16.65350       17.07250       17.95630       19.15120       20.54260       22.11590       23.75030       25.45630       27.15890       28.93230       30.80470       32.50680       34.11940       35.60830    
   25.87120       25.22190       24.08030       23.24300       22.81670       22.39150       21.96600       21.41330       20.82270       20.20170       19.56140       18.91800       17.99720       17.75350       17.39610       17.06850       17.02910       17.34420       18.01730       18.98390       20.16660       21.50330       22.94860       24.42240       26.08010       27.73760       29.30450       30.82160       32.25810       33.82340    
   25.85290       24.60410       23.24300       22.65400       22.44180       21.96900       21.56760       21.08070       20.52220       19.94420       19.81890       19.17230       18.29260       17.96410       17.55910       17.30240       17.27670       17.54180       18.09910       18.92560       19.96450       21.15690       22.48620       23.85730       25.26400       26.69330       28.08600       29.42820       30.69360       31.86100    
   25.00780       23.24300       22.57240       22.27810       22.11450       21.76330       21.28110       20.77460       20.91090       20.36920       19.76090       19.08360       18.54810       18.08030       17.72810       17.49980       17.45740       17.64690       18.12110       18.86310       19.79940       20.87650       22.04720       23.27670       24.53520       25.79540       27.04870       28.23530       29.34760       30.36570    
   23.24300       22.53160       22.19630       22.11450       21.79740       21.51440       21.95040       21.39950       20.83510       20.16640       19.61900       19.13380       18.64890       18.22690       17.89310       17.67930       17.61600       17.70220       18.07720       18.77740       19.64510       20.62190       21.92370       23.07370       24.23890       25.39380       26.51910       27.57900       28.55570       29.42880    
   22.51110       22.15540       22.11450       21.80880       21.51440       21.79640       21.92430       21.39560       20.85850       20.32200       19.78430       19.28630       18.82970       18.43200       18.11130       17.90980       17.77670       17.77770       18.06250       18.84940       19.74310       20.69350       21.69530       22.72800       23.77000       24.79900       25.79270       26.73300       27.58980       28.25860    
   22.13500       22.11450       21.81260       21.51440       21.74500       21.92430       21.66000       21.39280       20.73670       20.37060       19.88480       19.42590       19.00730       18.64320       18.50270       18.27680       18.14860       18.13750       18.40400       18.98540       19.71020       20.59130       21.46710       22.37320       23.28990       24.19760       25.07620       25.90580       26.67590       27.35080    
   22.11450       21.81380       21.51440       21.72790       21.92430       21.79210       21.65900       21.04000       20.37060       20.12770       19.87260       19.60060       19.42850       19.10130       18.87390       18.67840       18.54300       18.57860       18.81470       19.25840       19.84870       20.53090       21.27220       22.15820       22.96790       23.77430       24.55900       25.30410       25.99230       26.65180    
   21.81420       21.51440       21.72220       21.92430       21.85820       21.79180       21.21540       20.37060       20.24910       20.05850       19.84080       20.08100       19.74020       19.48130       19.24380       19.08440       18.95300       18.99970       19.19800       19.54930       20.02680       20.59640       21.23000       21.90580       22.71600       23.43260       24.13730       24.81390       25.44750       26.05820    
   21.51440       21.72030       21.92430       21.89130       21.85810       21.30900       20.37060       20.30990       20.14400       19.96090       20.08100       19.91060       19.78420       19.83440       19.62760       19.49460       19.45490       19.39280       19.55200       19.83110       20.21640       20.68730       21.22340       21.80640       22.42060       23.05110       23.79440       24.41650       25.04180       25.54270    
   21.71970       21.92430       21.90780       21.89120       21.35720       20.37060       20.34020       20.18530       20.02100       20.08100       19.99580       19.90260       19.83440       19.73100       19.65220       19.52570       19.44740       19.46660       19.84280       20.09590       20.40280       20.78750       21.23650       21.73630       22.27420       22.83800       23.31140       23.91250       24.30980       25.02080    
   21.92430       21.91600       21.90780       21.38170       20.37060       20.35540       20.20560       20.05100       20.08100       20.03840       19.95340       19.83440       19.78270       19.73920       19.63630       19.54180       19.47990       19.86350       20.21890       20.34200       20.57860       20.88620       21.25650       21.56890       22.04370       22.55410       22.91040       23.46920       24.04040       24.61550    
   21.92020       21.91600       21.39400       20.37060       20.36300       20.21570       20.06600       20.08100       20.05970       19.97680       19.83440       19.80850       19.78540       19.71940       19.63910       19.55270       19.90150       20.28050       20.34200       20.50550       20.59600       20.84510       21.15300       21.51660       21.74250       22.20260       22.70600       23.24370       23.80690       24.38860    
   21.92020       21.40020       20.37060       20.36680       20.22080       20.07350       20.08100       20.07040       19.98800       19.83440       19.82150       19.80950       19.77110       19.71460       19.63710       20.05130       20.31120       20.34200       20.70090       20.87120       20.85980       20.92040       20.96730       21.26260       21.62350       22.03880       22.51130       23.03200       23.59240       24.18150    
   21.40330       20.37060       20.36870       20.22330       20.07720       20.08100       20.07570       19.99340       19.83440       19.82790       19.82180       19.80070       19.76510       20.55300       20.86170       20.85150       20.85210       20.91960       21.01530       21.08500       21.14630       20.79130       20.95180       21.18720       21.49240       21.86880       22.31400       22.82180       23.38330       24.04390    
   20.37060       20.36970       20.22450       20.07910       20.08100       20.07830       19.99610       19.83440       19.83120       19.82800       19.81680       19.79580       21.26840       23.10440       23.08930       21.82640       21.39100       21.36220       21.17760       21.08980       21.02370       21.05730       20.92460       21.09240       21.34150       21.67690       22.09670       22.59350       23.20720       23.81760    
   20.37010       20.22520       20.08010       20.08100       20.07970       19.99750       19.83440       19.83280       19.83120       19.82530       22.09750       25.52330       23.92270       23.11900       23.11940       23.08930       21.97320       21.41990       21.36220       21.17330       21.09930       21.06890       21.09350       20.97140       21.15930       21.45290       21.84900       22.37780       22.93700       23.55310    
   20.22550       20.08050       20.08100       20.08030       19.99810       19.83440       19.83360       19.83280       19.82980       22.56010       25.52330       25.52330       25.52330       23.94430       23.14820       23.14960       23.08930       22.02130       21.47760       21.36220       21.20790       21.07800       20.99860       21.00270       20.93820       21.18970       21.59750       22.08080       22.63610       23.24260    
   20.08080       20.08100       20.08070       19.99850       19.83440       19.83400       19.83360       22.44820       24.19440       25.52570       25.52330       25.52330       25.52330       25.52330       23.98650       23.20560       23.20990       23.08930       22.15600       21.59290       21.34480       21.10120       20.89550       20.77940       20.81430       20.90050       21.28100       21.76700       22.31930       22.91110    
   20.08100       20.08080       19.99860       19.83440       19.83420       24.51670       31.54030       30.91850       30.29670       27.12100       25.53060       25.52330       25.52330       25.52330       25.52330       24.06730       23.31760       23.33050       23.08930       22.57970       22.05560       21.53300       21.00130       20.50420       20.44920       20.65240       20.95950       21.46140       22.01250       22.58860    
   20.08090       19.99870       19.83440       19.83430       25.45400       31.54140       31.54140       31.54030       30.91850       30.29670       27.13360       25.54510       25.52330       25.52330       25.52330       25.52330       24.21850       23.53310       23.57170       22.98230       22.23830       21.61550       20.97700       20.38710       20.05750       20.20520       20.58980       21.24040       21.74560       22.29700    
