iMOD/TUTORIALS/TUT_MetaswapAnalyser/model_MetaSWAP/meteo/Precipitation/Precipitation_20050706_L1.ASC
NCOLS                30
NROWS                30
XLLCORNER     160000.00
YLLCORNER     340000.00
CELLSIZE        1000.00
NODATA_VALUE   -9999.00
   9.020450       9.061500       9.104040       9.163350       9.283200       9.528740       9.921290       10.37570       10.78020       10.94520       10.81960       10.60870       10.39370       10.18190       9.999220       9.855320       9.735610       9.681410       9.668300       9.701320       9.777730       9.897200       10.04980       10.23520       10.44800       10.68300       10.93060       11.17350       11.37860       11.49080    
   9.196680       9.272860       9.369920       9.492320       9.683510       9.962090       10.34200       10.79570       11.29330       11.48130       11.19730       10.92940       10.68190       10.45790       10.26570       10.10170       9.995140       9.954000       9.958630       10.00680       10.09950       10.23420       10.40260       10.60460       10.83660       11.09740       11.38310       11.68370       11.98020       12.18000    
   9.380700       9.486440       9.612980       9.786380       10.00690       10.28740       10.63340       11.01950       11.36770       11.50450       11.34770       11.11220       10.87760       10.65320       10.46340       10.30390       10.20150       10.15710       10.17060       10.23630       10.35350       10.50380       10.68580       10.89770       11.14040       11.41530       11.73290       12.07550       12.45070       12.81530    
   9.557170       9.684170       9.832880       10.02850       10.24720       10.50910       10.80420       11.10640       11.32960       11.41670       11.36200       11.18700       10.97940       10.77440       10.58540       10.42740       10.32720       10.29510       10.32990       10.41940       10.54990       10.71900       10.90910       11.13100       11.36890       11.63540       11.93420       12.26960       12.64600       13.04940    
   9.720040       9.859960       10.04110       10.22340       10.43280       10.66620       10.90980       11.07270       11.25840       11.34410       11.28620       11.19600       11.02550       10.84050       10.65140       10.48830       10.38890       10.37390       10.44100       10.56320       10.71790       10.88990       11.07960       11.28580       11.50200       11.73640       11.99000       12.26090       12.52550       12.71220    
   9.866660       10.04150       10.20170       10.37940       10.57350       10.77810       10.93720       11.07580       11.15370       11.23970       11.24360       11.17300       11.03580       10.87860       10.69160       10.50310       10.38080       10.38910       10.50820       10.67300       10.84960       11.02490       11.20220       11.37700       11.55490       11.74110       11.92390       12.09820       12.23080       12.26380    
   10.18670       10.17910       10.33650       10.50550       10.62270       10.80620       10.98100       10.97410       11.11350       11.19660       11.21560       11.17130       11.06980       10.91350       10.73800       10.50850       10.31670       10.37170       10.57970       10.78990       10.97700       11.14200       11.28930       11.42760       11.55280       11.66870       11.77210       11.84570       11.86940       11.80300    
   10.28830       10.37990       10.37080       10.53330       10.70000       10.61210       10.79170       10.95530       11.08560       11.17180       11.20720       11.18970       11.12010       11.00290       10.83580       10.60970       10.34020       10.46940       10.73570       10.95180       11.12280       11.25630       11.36040       11.44520       11.50720       11.55190       11.56980       11.55250       11.48830       11.34640    
   10.29980       10.48870       10.62700       10.60840       10.44610       10.61750       10.78390       10.93880       11.06730       11.16210       11.21770       11.23140       11.20250       11.15940       11.03130       10.89140       10.78850       10.85150       11.01950       11.17880       11.29810       11.37670       11.42080       11.44040       11.43410       11.40080       11.33870       11.24640       11.09970       10.89750    
   10.38980       10.58490       10.71680       10.41740       10.45170       10.61350       10.77140       10.92270       11.05480       11.16220       11.24150       11.29060       11.30950       11.32790       11.29230       11.24100       11.22890       11.28230       11.37620       11.46000       11.50730       11.50230       11.47280       11.41470       11.33780       11.22960       11.09950       10.92760       10.71590       10.46040    
   10.40910       10.56380       10.53780       10.43190       10.57770       10.59730       10.75280       10.90440       11.04290       11.16530       11.26960       11.35550       11.46570       11.35190       11.43090       11.50990       11.59440       11.68740       11.76050       11.78920       11.76580       11.69720       11.59370       11.46600       11.32110       11.12360       10.91620       10.67770       10.40430       10.03880    
   10.40930       10.48570       10.43190       10.53330       10.57430       10.70620       10.84410       10.88000       11.02590       11.16320       11.01210       11.16780       11.33780       11.47540       11.64110       11.79950       11.95200       12.07150       12.12020       12.07860       11.96390       11.80300       11.62480       11.41780       11.19350       10.94930       10.68370       10.39170       10.06970       9.716670    
   10.39740       10.43190       10.51920       10.56190       10.54950       10.67400       10.81940       10.96270       10.69230       10.79290       10.97560       11.16610       11.35910       11.56460       11.79620       12.02950       12.25930       12.43220       12.46930       12.34490       12.13000       11.87420       11.60500       11.32850       11.04380       10.74700       10.43210       10.09640       9.735060       9.346150    
   10.43190       10.51410       10.55570       10.54950       10.62130       10.64030       10.26220       10.43350       10.60900       10.78300       10.97160       11.12200       11.34440       11.58770       11.85740       12.16420       12.47910       12.76050       12.79910       12.54750       12.20850       11.86510       11.53230       11.20210       10.87170       10.53500       10.18470       9.817570       9.428050       9.013200    
   10.51200       10.55260       10.54950       10.60370       10.64030       10.34970       10.14650       10.31660       10.49340       10.67870       10.91720       11.12070       11.34320       11.59020       11.86760       12.15280       12.51890       12.92730       13.02210       12.56520       12.15280       11.76140       11.38880       11.02730       10.66940       10.30830       9.937860       9.551210       9.146350       8.699130    
   10.55110       10.54950       10.59780       10.64030       10.37880       10.14650       10.23160       10.31880       10.52110       10.59590       10.78380       10.98690       11.20860       11.45210       11.70870       12.00670       12.30900       12.58410       12.59970       12.29220       11.90550       11.53440       11.15800       10.78810       10.42020       10.04970       9.671370       9.280950       8.874360       8.449140    
   10.54950       10.59590       10.64030       10.38850       10.14650       10.18900       10.23230       10.41690       10.59590       10.68980       10.73570       10.80470       10.99080       11.22060       11.43490       11.68550       11.92010       12.06980       12.05400       11.85580       11.55350       11.21100       10.85550       10.51990       10.16150       9.797890       9.426370       9.044170       8.648940       8.235330    
   10.59520       10.64030       10.39180       10.14650       10.16780       10.18930       10.35850       10.59590       10.64290       10.63690       10.65580       10.50700       10.70580       10.90870       11.11390       11.30760       11.47040       11.55230       11.52250       11.37420       11.13700       10.84780       10.53130       10.20020       9.882120       9.536910       9.182810       8.819000       8.444870       8.057680    
   10.64030       10.39290       10.14650       10.15710       10.16780       10.32790       10.59590       10.61940       10.59280       10.58140       10.50700       10.60640       10.67730       10.58770       10.75150       10.89580       11.00200       11.05020       11.01260       10.89100       10.69860       10.45550       10.17940       9.882420       9.571300       9.249600       8.940280       8.602130       8.253220       7.891820    
   10.39320       10.14650       10.15180       10.15720       10.31220       10.59590       10.60760       10.57190       10.54420       10.50700       10.55670       10.59460       10.58770       10.66960       10.74500       10.88310       10.98270       11.02160       10.66720       10.41940       10.25860       10.05300       9.814420       9.552440       9.273640       8.982290       8.667040       8.352560       8.064550       7.765400    
   10.14650       10.14920       10.15180       10.30430       10.59590       10.60180       10.56160       10.52560       10.50700       10.53180       10.56150       10.58770       10.62860       10.66740       10.76590       10.87030       10.96250       10.56510       10.19110       9.962780       9.825650       9.650620       9.445390       9.207630       8.960230       8.699870       8.454170       8.175940       7.893080       7.609260    
   10.14780       10.14920       10.30030       10.59590       10.59880       10.55650       10.51630       10.50700       10.51940       10.54700       10.58770       10.60820       10.62790       10.68730       10.76790       10.86620       10.48750       10.07690       9.962780       9.729860       9.401160       9.249430       9.071530       8.872560       8.680030       8.474020       8.231370       7.982080       7.729090       7.466680    
   10.14780       10.29830       10.59590       10.59740       10.55400       10.51170       10.50700       10.51320       10.54030       10.58770       10.59790       10.60790       10.64110       10.69440       10.77380       10.18240       10.01990       9.962780       9.287740       9.017590       8.942080       8.891630       8.760810       8.587480       8.404350       8.197000       7.985380       7.767020       7.544540       7.321410    
   10.29730       10.59590       10.59660       10.55270       10.50930       10.50700       10.51010       10.53700       10.58770       10.59280       10.59790       10.61570       10.64780       9.682250       9.095780       8.773210       8.770560       8.683970       8.571490       8.440750       8.634010       8.534190       8.409130       8.257230       8.093300       7.919170       7.736500       7.546970       7.352500       7.164050    
   10.59590       10.59630       10.55210       10.50820       10.50700       10.50860       10.53550       10.58770       10.59030       10.59280       10.60210       10.62040       8.829650       6.607500       6.619680       7.531200       7.529210       7.578340       8.019520       8.256130       8.247490       8.169690       8.051070       7.921900       7.783110       7.635610       7.480290       7.318060       7.156850       6.983180    
   10.59610       10.55180       10.50760       10.50700       10.50780       10.53470       10.58770       10.58900       10.59030       10.59510       8.515950       5.382200       6.188750       6.595020       6.595320       6.619680       7.205370       7.480070       7.578340       7.802860       7.886880       7.793220       7.692040       7.583230       7.467640       7.345080       7.215620       7.084020       6.941730       6.792410    
   10.55160       10.50730       10.50700       10.50740       10.53430       10.58770       10.58830       10.58900       10.59140       8.093130       5.382200       5.382200       5.382200       6.170260       6.570050       6.570960       6.619680       7.143390       7.381800       7.578340       7.498740       7.415780       7.329520       7.239690       7.145260       7.046120       6.942870       6.833280       6.716350       6.593050    
   10.50710       10.50700       10.50720       10.53410       10.58770       10.58800       10.58830       8.884900       7.211340       5.381230       5.382200       5.382200       5.382200       5.382200       6.133490       6.519510       6.522240       6.619680       6.993750       7.185270       7.109780       7.035360       6.961860       6.888620       6.808700       6.735560       6.656880       6.571410       6.479490       6.382510    
   10.50700       10.50710       10.53400       10.58770       10.58790       7.815970       3.658110       3.714470       3.770850       4.842440       5.379290       5.382200       5.382200       5.382200       5.382200       6.061280       6.416600       6.424800       6.619680       6.591710       6.564210       6.537010       6.485150       6.516940       6.467700       6.416290       6.359520       6.297620       6.230280       6.158890    
   10.50700       10.53390       10.58770       10.58780       7.261220       3.657690       3.657690       3.658110       3.714450       3.770850       4.837440       5.373460       5.382200       5.382200       5.382200       5.382200       5.924090       6.205330       6.229920       6.200480       6.126210       6.119100       6.113700       6.108460       6.101330       6.088640       6.066520       6.012300       5.969300       5.922870    
