iMOD/TUTORIALS/TUT_MetaswapAnalyser/model_MetaSWAP/meteo/Precipitation/Precipitation_20061112_L1.ASC
NCOLS                30
NROWS                30
XLLCORNER     160000.00
YLLCORNER     340000.00
CELLSIZE        1000.00
NODATA_VALUE   -9999.00
   4.448230       4.597390       4.746090       4.883300       4.978510       4.971440       4.844010       4.654530       4.453660       4.281390       4.148960       4.034430       3.928900       3.822730       3.717730       3.613320       3.479530       3.344190       3.211810       3.072930       2.929950       2.789040       2.645410       2.508430       2.370520       2.238240       2.113930       2.001660       1.909100       1.849970    
   4.397690       4.531820       4.656580       4.760630       4.821570       4.811270       4.724470       4.582140       4.410150       4.266590       4.181130       4.096420       4.011390       3.926090       3.833620       3.714380       3.597340       3.461970       3.302800       3.143720       2.978800       2.815710       2.651230       2.494360       2.337900       2.187150       2.043050       1.907840       1.786680       1.699640    
   4.325930       4.443050       4.547180       4.629800       4.671390       4.664220       4.605000       4.504820       4.385010       4.281060       4.207030       4.143450       4.081740       4.013750       3.936210       3.830490       3.713740       3.571850       3.407490       3.227740       3.028470       2.843620       2.664330       2.486070       2.314600       2.149730       1.989720       1.836740       1.690850       1.559370    
   4.241080       4.342180       4.428970       4.497110       4.531520       4.529750       4.492110       4.425960       4.348690       4.275250       4.218330       4.173700       4.132670       4.086850       4.031770       3.946810       3.834940       3.684240       3.499810       3.295120       3.083890       2.869290       2.671060       2.478550       2.297490       2.125380       1.960890       1.802700       1.650440       1.505270    
   4.148820       4.235840       4.313860       4.367820       4.397970       4.401730       4.380530       4.337770       4.288790       4.242120       4.206770       4.178540       4.159640       4.139410       4.112770       4.058990       3.958950       3.798230       3.586750       3.351450       3.120810       2.893170       2.680360       2.471740       2.287160       2.115110       1.954460       1.806040       1.671950       1.568950    
   4.052980       4.134520       4.196440       4.242370       4.269640       4.277380       4.261020       4.240420       4.210690       4.185260       4.163640       4.151430       4.153580       4.158530       4.173090       4.158630       4.087200       3.912050       3.658430       3.385280       3.128780       2.886940       2.667520       2.467360       2.285100       2.112480       1.962950       1.831240       1.721360       1.646830    
   3.935200       4.028640       4.081150       4.120300       4.135640       4.145470       4.142360       4.132430       4.117560       4.100530       4.089170       4.087220       4.097570       4.127410       4.178660       4.217710       4.216140       4.008300       3.684680       3.378440       3.100180       2.853770       2.635660       2.442780       2.270180       2.116550       1.982500       1.867370       1.773840       1.716550    
   3.835150       3.878750       3.956290       3.989330       4.010430       4.029020       4.024060       4.017960       4.004990       3.992330       3.983980       3.983730       3.995200       4.026060       4.093300       4.151900       4.232050       3.972550       3.611020       3.295370       3.022650       2.786720       2.581680       2.403360       2.246420       2.110710       1.993040       1.896130       1.818310       1.774830    
   3.723610       3.769750       3.808780       3.870100       3.898160       3.904290       3.898000       3.891990       3.878560       3.864080       3.851600       3.844030       3.844050       3.895190       3.904290       3.910460       3.869010       3.681550       3.405560       3.134450       2.893540       2.684410       2.503420       2.347260       2.212390       2.095020       1.996110       1.910570       1.853840       1.820410    
   3.628080       3.663290       3.695060       3.741470       3.777820       3.779710       3.773180       3.760110       3.742050       3.720910       3.698570       3.676600       3.655960       3.676710       3.646350       3.595430       3.495230       3.334790       3.127920       2.915970       2.721750       2.552340       2.403870       2.274840       2.165190       2.069480       1.983180       1.921460       1.877900       1.853710    
   3.626150       3.662140       3.681770       3.627250       3.634660       3.660390       3.644550       3.625490       3.600050       3.569140       3.533500       3.493360       3.507270       3.546460       3.434470       3.313660       3.167930       2.996370       2.815220       2.643320       2.490500       2.357660       2.242360       2.142700       2.048200       1.981250       1.922600       1.878530       1.850070       1.875660    
   3.624460       3.649330       3.627250       3.547230       3.518220       3.514700       3.495230       3.491610       3.457460       3.415520       3.562800       3.475760       3.455810       3.310900       3.174640       3.016630       2.845830       2.673530       2.518730       2.391320       2.287470       2.199250       2.115520       2.045900       1.984720       1.935900       1.894300       1.864210       1.846870       1.843250    
   3.621070       3.627250       3.511690       3.463500       3.408780       3.392910       3.370850       3.339920       3.585030       3.518210       3.425520       3.397900       3.260180       3.106640       2.939870       2.750280       2.552160       2.368390       2.230170       2.145940       2.089790       2.044270       2.001140       1.959630       1.921100       1.887470       1.864140       1.846330       1.838770       1.842640    
   3.627250       3.495970       3.436140       3.408780       3.360950       3.281170       3.623950       3.560310       3.484330       3.387620       3.285250       3.262310       3.106890       2.933350       2.740020       2.530210       2.302270       2.084780       1.955890       1.928030       1.924430       1.916550       1.917550       1.900910       1.882300       1.864680       1.853250       1.845380       1.845260       1.854280    
   3.488610       3.422460       3.408780       3.350300       3.281170       3.482310       3.541800       3.472220       3.389610       3.293000       3.288190       3.140890       2.976780       2.794220       2.591900       2.376090       2.131700       1.871950       1.732930       1.789910       1.822370       1.840430       1.846220       1.843930       1.837370       1.829870       1.824310       1.825450       1.830700       1.846800    
   3.415620       3.408780       3.346750       3.281170       3.435090       3.541800       3.507010       3.467880       3.375290       3.346350       3.208710       3.056210       2.887910       2.703230       2.500960       2.288480       2.073380       1.864410       1.752590       1.755280       1.779980       1.793250       1.802720       1.805640       1.804610       1.802380       1.801480       1.804180       1.814490       1.829750    
   3.408780       3.345570       3.281170       3.419350       3.541800       3.524410       3.505560       3.424130       3.346350       3.277530       3.116160       2.998920       2.825920       2.650500       2.470020       2.275530       2.089730       1.927230       1.825500       1.787620       1.782540       1.786520       1.790310       1.783360       1.781520       1.779540       1.779290       1.782650       1.791340       1.813270    
   3.345170       3.281170       3.414110       3.541800       3.533100       3.523920       3.450110       3.346350       3.311940       3.139090       2.984770       2.970620       2.812430       2.645440       2.471310       2.297500       2.138240       1.999480       1.900880       1.843280       1.814160       1.799530       1.790680       1.783720       1.769530       1.763890       1.760970       1.762180       1.768980       1.786890    
   3.281170       3.412360       3.541800       3.537450       3.532940       3.463370       3.346350       3.329140       3.149140       2.977690       2.970620       2.891520       2.771880       2.659030       2.499010       2.342330       2.197400       2.074660       1.976450       1.906920       1.860290       1.828710       1.805870       1.788030       1.773550       1.762140       1.746330       1.742980       1.749700       1.754810    
   3.411780       3.541800       3.539630       3.537400       3.470030       3.346350       3.337750       3.153880       2.974160       2.970620       2.931070       2.823260       2.659030       2.579020       2.500120       2.346250       2.204800       2.082840       1.995200       1.974110       1.913930       1.867620       1.831060       1.801340       1.776810       1.756900       1.735360       1.729920       1.738490       1.735830    
   3.541800       3.540710       3.539610       3.473350       3.346350       3.342050       3.156200       2.972390       2.970620       2.950850       2.846000       2.659030       2.619020       2.579390       2.475130       2.350390       2.211290       2.067130       2.008980       2.043840       1.972160       1.912730       1.863090       1.815470       1.779970       1.750360       1.742650       1.724980       1.713550       1.709700    
   3.541260       3.540710       3.475010       3.346350       3.344200       3.157340       2.971500       2.970620       2.960730       2.856620       2.659030       2.639030       2.619150       2.557850       2.468300       2.345600       2.139810       2.026410       2.043840       2.014940       2.028820       1.957160       1.894850       1.840820       1.807040       1.774130       1.740640       1.713220       1.692450       1.677430    
   3.541250       3.475830       3.346350       3.345270       3.157920       2.971060       2.970620       2.965680       2.861750       2.659030       2.649030       2.639070       2.605340       2.548430       2.457250       2.261370       2.035120       2.043840       2.098020       2.104700       2.055810       2.017810       1.958530       1.891350       1.831900       1.782900       1.739550       1.702500       1.671830       1.648870    
   3.476240       3.346350       3.345810       3.158200       2.970840       2.970620       2.968150       2.864270       2.659030       2.654030       2.649040       2.631150       2.597610       2.656810       2.546190       2.320640       2.318020       2.262370       2.200910       2.228590       2.180580       2.094680       2.002290       1.924210       1.855260       1.795040       1.742580       1.696580       1.656060       1.623180    
   3.346350       3.346080       3.158340       2.970730       2.970620       2.969380       2.865520       2.659030       2.656530       2.654030       2.644740       2.625930       2.787330       3.022410       3.016200       2.673240       2.608780       2.592200       2.376880       2.269420       2.276610       2.157420       2.052810       1.961630       1.881400       1.812010       1.752000       1.699050       1.652200       1.606190    
   3.346220       3.158410       2.970670       2.970620       2.970000       2.866140       2.659030       2.657780       2.656530       2.651770       3.121680       3.841840       3.300740       3.028690       3.028620       3.016200       2.749980       2.625360       2.592200       2.417280       2.351080       2.227930       2.112350       2.002980       1.911410       1.834150       1.769180       1.714090       1.662430       1.611910    
   3.158450       2.970650       2.970620       2.970310       2.866450       2.659030       2.658400       2.657780       2.655360       3.222730       3.841840       3.841840       3.841840       3.310030       3.041240       3.041030       3.016200       2.766170       2.658510       2.592200       2.449250       2.307870       2.173430       2.052150       1.944840       1.861420       1.795720       1.740790       1.691840       1.646210    
   2.970630       2.970620       2.970470       2.866600       2.659030       2.658720       2.658410       3.379640       3.723090       3.842810       3.841840       3.841840       3.841840       3.841840       3.328400       3.066500       3.065870       3.016200       2.797780       2.724820       2.564380       2.401500       2.243550       2.100850       1.983370       1.893600       1.830690       1.781590       1.739470       1.702350    
   2.970620       2.970540       2.866680       2.659030       2.658870       3.828240       5.582340       5.564690       5.547010       4.412870       3.844750       3.841840       3.841840       3.841840       3.841840       3.364240       3.117440       3.115530       3.016200       2.857910       2.685570       2.503520       2.315730       2.153360       2.019360       1.933430       1.877750       1.838390       1.804100       1.773720    
   2.970580       2.866720       2.659030       2.658950       4.062450       5.582710       5.582710       5.582340       5.564710       5.547010       4.417890       3.850570       3.841840       3.841840       3.841840       3.841840       3.431830       3.220590       3.214860       3.047510       2.848170       2.644810       2.429180       2.217000       2.053910       1.982380       1.949590       1.917610       1.887300       1.858930    
