iMOD/TUTORIALS/TUT_MetaswapAnalyser/model_MetaSWAP/meteo/Precipitation/Precipitation_20051205_L1.ASC
NCOLS                30
NROWS                30
XLLCORNER     160000.00
YLLCORNER     340000.00
CELLSIZE        1000.00
NODATA_VALUE   -9999.00
   1.345490       1.242010       1.142380       1.062690       1.046480       1.166650       1.476350       1.921620       2.393710       2.626790       2.521770       2.320870       2.105830       1.906860       1.719570       1.542200       1.418220       1.301170       1.199770       1.116340       1.047240      0.9838300      0.9329600      0.8807800      0.8400000      0.8020100      0.7666500      0.7349400      0.7098000      0.7054600    
   1.322630       1.243790       1.180090       1.149660       1.188050       1.328510       1.604460       2.012720       2.536290       2.756890       2.428630       2.130730       1.865970       1.627680       1.423020       1.267110       1.126090       1.014970      0.9354900      0.8723700      0.8242000      0.7817700      0.7487400      0.7129100      0.6839900      0.6544600      0.6237400      0.5921800      0.5629700      0.5484300    
   1.312270       1.254420       1.216940       1.219880       1.272130       1.402580       1.623140       1.922730       2.233740       2.322300       2.116940       1.842230       1.572570       1.337280       1.132450      0.9758900      0.8466200      0.7533200      0.6901100      0.6489600      0.6260300      0.6038300      0.5824700      0.5667800      0.5490600      0.5279400      0.5033200      0.4729000      0.4440000      0.4052200    
   1.303570       1.259960       1.236840       1.248470       1.297030       1.396560       1.545350       1.719580       1.857300       1.865490       1.725820       1.504690       1.266890       1.045950      0.8520300      0.7028100      0.5901100      0.5179900      0.4785500      0.4607100      0.4545900      0.4518000      0.4485700      0.4460200      0.4385000      0.4257300      0.4069800      0.3817200      0.3542700      0.3140700    
   1.290350       1.254080       1.238680       1.242460       1.274520       1.335570       1.417380       1.494750       1.535020       1.496240       1.373300       1.188250      0.9799400      0.7792900      0.6005100      0.4617800      0.3675900      0.3186700      0.3044300      0.3092900      0.3177600      0.3311700      0.3406100      0.3496500      0.3509100      0.3462000      0.3353700      0.3246700      0.3027200      0.2843400    
   1.270150       1.237010       1.215550       1.210000       1.221170       1.246050       1.272030       1.289640       1.289300       1.211850       1.086040      0.9205900      0.7365500      0.5577700      0.3939400      0.2675900       0.000000       0.000000       0.000000       0.000000       0.000000      0.2445000      0.2623400      0.2759900      0.2839900      0.2877900      0.2845600      0.2822100      0.2724800      0.2675200    
   1.241210       1.204890       1.177960       1.160640       1.146950       1.143090       1.135530       1.135580       1.075800      0.9874200      0.8638200      0.7142000      0.5526800      0.3937100      0.2476900       0.000000       0.000000       0.000000       0.000000       0.000000       0.000000       0.000000       0.000000       0.000000      0.2382900      0.2455800      0.2536500      0.2528900      0.2523400      0.2541600    
   1.198330       1.158890       1.125680       1.097710       1.072620       1.074580       1.042600      0.9843800      0.9130400      0.8172500      0.6986900      0.5642300      0.4240700      0.2894000       0.000000       0.000000       0.000000       0.000000       0.000000       0.000000       0.000000       0.000000       0.000000       0.000000       0.000000       0.000000       0.000000       0.000000      0.2352000      0.2407900    
   1.151240       1.116360       1.076670       1.038360       1.034810      0.9898400      0.9414000      0.8682700      0.7879300      0.6911200      0.5802400      0.4610800      0.3417800       0.000000       0.000000       0.000000       0.000000       0.000000       0.000000       0.000000       0.000000       0.000000       0.000000       0.000000       0.000000       0.000000       0.000000       0.000000       0.000000       0.000000    
   1.111770       1.072880       1.027400       1.022610      0.9718500      0.9162800      0.8492600      0.7770100      0.6936700      0.5997000      0.4978700      0.3932400      0.2925200       0.000000       0.000000       0.000000       0.000000       0.000000       0.000000       0.000000       0.000000       0.000000       0.000000       0.000000       0.000000       0.000000       0.000000       0.000000       0.000000       0.000000    
   1.114800       1.070680       1.024260      0.9741500      0.9165400      0.8417200      0.7821100      0.7068900      0.6241200      0.5349500      0.4421900      0.3501700      0.2487800       0.000000       0.000000       0.000000       0.000000       0.000000       0.000000       0.000000       0.000000       0.000000       0.000000       0.000000       0.000000       0.000000       0.000000       0.000000       0.000000       0.000000    
   1.115230       1.045970      0.9741500      0.8948000      0.8701400      0.7913100      0.7296000      0.6543000      0.5740300      0.4903300      0.4051100      0.3234000       0.000000       0.000000       0.000000       0.000000       0.000000       0.000000       0.000000       0.000000       0.000000       0.000000       0.000000       0.000000       0.000000       0.000000       0.000000       0.000000       0.000000       0.000000    
   1.074220      0.9741500      0.8828940      0.8442550      0.8183700      0.7604000      0.6899900      0.6159700      0.5374000      0.4597400      0.3823600      0.2957000       0.000000       0.000000       0.000000       0.000000       0.000000       0.000000       0.000000       0.000000       0.000000       0.000000       0.000000       0.000000       0.000000       0.000000       0.000000       0.000000       0.000000       0.000000    
  0.9741500      0.8766820      0.8313120      0.8183700      0.7697570      0.7305000      0.6582800      0.5869900      0.5141700      0.4372800      0.3666600      0.2893200       0.000000       0.000000       0.000000       0.000000       0.000000       0.000000       0.000000       0.000000       0.000000       0.000000       0.000000       0.000000       0.000000       0.000000       0.000000       0.000000       0.000000       0.000000    
  0.8735110      0.8248410      0.8183700      0.7728760      0.7305000      0.6653370      0.6072300      0.5432700      0.4786400      0.4143600      0.3404900      0.2839700       0.000000       0.000000       0.000000       0.000000       0.000000       0.000000       0.000000       0.000000       0.000000       0.000000       0.000000       0.000000       0.000000       0.000000       0.000000       0.000000       0.000000       0.000000    
  0.8216060      0.8183700      0.7739150      0.7305000      0.6676890      0.6072300      0.5752500      0.5430470      0.4586630      0.3983800      0.3431200      0.2901400      0.2402700       0.000000       0.000000       0.000000       0.000000       0.000000       0.000000       0.000000       0.000000       0.000000       0.000000       0.000000       0.000000       0.000000       0.000000       0.000000       0.000000       0.000000    
  0.8183700      0.7742620      0.7305000      0.6684730      0.6072300      0.5912400      0.5751760      0.4938350      0.3983800      0.3707500      0.3279260      0.3011100      0.2550300       0.000000       0.000000       0.000000       0.000000       0.000000       0.000000       0.000000       0.000000       0.000000       0.000000       0.000000       0.000000       0.000000       0.000000       0.000000       0.000000       0.000000    
  0.7743770      0.7305000      0.6687340      0.6072300      0.5992350      0.5912150      0.5146580      0.3983800      0.3845650      0.3415860      0.3039950      0.3068800      0.2659200       0.000000       0.000000       0.000000       0.000000       0.000000       0.000000       0.000000       0.000000       0.000000       0.000000       0.000000       0.000000       0.000000       0.000000      0.2411500      0.2491700      0.2491000    
  0.7305000      0.6688210      0.6072300      0.6032330      0.5992270      0.5258720      0.3983800      0.3914730      0.3473700      0.3054380      0.3068800      0.2864000      0.2053600      0.2486400       0.000000       0.000000       0.000000       0.000000       0.000000       0.000000       0.000000       0.000000       0.000000       0.000000       0.000000      0.2411500      0.2500100      0.2620600      0.2669300      0.2776100    
  0.6688500      0.6072300      0.6052310      0.6032300      0.5316780      0.3983800      0.3949260      0.3500520      0.3061590      0.3068800      0.2966400      0.2618200      0.2486400      0.1243200      0.8288000E-01   0.000000       0.000000       0.000000       0.000000       0.000000       0.000000       0.000000       0.000000       0.000000      0.2477700      0.2635700      0.2859500      0.2941100      0.3063100      0.3083600    
  0.6072300      0.6062310      0.6052300      0.5346300      0.3983800      0.3966530      0.3513520      0.3065190      0.3068800      0.3017600      0.2784950      0.2486400      0.1864800      0.1519470      0.6906670E-01  0.2762670E-01   0.000000       0.000000       0.000000       0.000000       0.000000       0.000000      0.2430700      0.2642900      0.2799300      0.2962500      0.3074200      0.3226800      0.3370800      0.3502100    
  0.6067300      0.6062300      0.5361180      0.3983800      0.3975170      0.3519930      0.3067000      0.3068800      0.3043200      0.2839440      0.2486400      0.2175600      0.1956890      0.1358310      0.8288000E-01  0.3223110E-01  0.5525330E-02   0.000000       0.000000      0.8684330E-01  0.2605300      0.2675400      0.2781000      0.2914700      0.3064000      0.3203100      0.3371000      0.3542400      0.3711200      0.3870500    
  0.6067300      0.5368650      0.3983800      0.3979480      0.3523120      0.3067900      0.3068800      0.3056000      0.2859460      0.2486400      0.2331000      0.2206300      0.1830270      0.1381330      0.8364740E-01  0.6470830E-01   0.000000       0.000000      0.1772150      0.2897900      0.2932740      0.2957600      0.3060300      0.3188100      0.3327700      0.3493800      0.3678400      0.3873400      0.4071500      0.4265400    
  0.5372390      0.3983800      0.3981640      0.3524710      0.3068350      0.3068800      0.3062400      0.2867660      0.2486400      0.2408700      0.2341230      0.2122520      0.1805970      0.2131870      0.2180980      0.2037620      0.2029050      0.2545730      0.3230930      0.3322250      0.3190500      0.3234900      0.3346200      0.3454100      0.3600900      0.3781300      0.3987800      0.4211600      0.4443800      0.4832100    
  0.3983800      0.3982720      0.3525510      0.3068570      0.3068800      0.3065600      0.2871320      0.2486400      0.2447550      0.2412110      0.2290820      0.2089910      0.3006820      0.4485180      0.4479400      0.3703940      0.4083810      0.4058100      0.3667460      0.3472630      0.3454000      0.3541800      0.3592600      0.3697900      0.3851700      0.4049300      0.4282200      0.4539700      0.4951800      0.5206000    
  0.3983260      0.3525900      0.3068690      0.3068800      0.3067200      0.2873030      0.2486400      0.2466980      0.2448690      0.2383490      0.3159530      0.4502400      0.4493650      0.4488580      0.4490970      0.4479400      0.4223500      0.4109530      0.4058100      0.3816870      0.3773400      0.3764600      0.3807800      0.3903000      0.4063600      0.4280900      0.4544200      0.4957400      0.5264100      0.5557500    
  0.3526100      0.3068740      0.3068800      0.3068000      0.2873860      0.2486400      0.2476690      0.2467350      0.2433050      0.3399300      0.4502400      0.4502400      0.4502400      0.4498420      0.4495370      0.4502540      0.4479400      0.4246960      0.4160950      0.4058100      0.3982000      0.3950400      0.3972700      0.4061300      0.4220900      0.4459800      0.4843600      0.5191400      0.5536600      0.5862200    
  0.3068770      0.3068800      0.3068400      0.2874260      0.2486400      0.2481540      0.2476810      0.3101870      0.3752020      0.4502720      0.4502400      0.4502400      0.4502400      0.4502400      0.4504930      0.4504190      0.4525670      0.4479400      0.4289370      0.4263800      0.4163100      0.4100600      0.4089300      0.4151900      0.4318600      0.4615300      0.4986900      0.5379700      0.5762200      0.6113700    
  0.3068800      0.3068600      0.2874470      0.2486400      0.2483970      0.3533050      0.5110200      0.5070300      0.5030400      0.4679270      0.4503360      0.4502400      0.4502400      0.4502400      0.4502400      0.4510590      0.4507480      0.4571950      0.4479400      0.4356200      0.4252900      0.4172900      0.3990600      0.4106700      0.4314100      0.4662400      0.5083700      0.5528600      0.5947600      0.6321800    
  0.3068700      0.2874570      0.2486400      0.2485190      0.3744860      0.5110320      0.5110320      0.5110200      0.5070300      0.5030400      0.4680910      0.4505270      0.4502400      0.4502400      0.4502400      0.4502400      0.4506820      0.4471100      0.4664500      0.4531700      0.4073200      0.4060600      0.4048000      0.4062000      0.4223900      0.4655100      0.5182500      0.5664500      0.6109900      0.6501700    
