iMOD/TUTORIALS/TUT_MetaswapAnalyser/model_MetaSWAP/meteo/Precipitation/Precipitation_20050813_L1.ASC
NCOLS                30
NROWS                30
XLLCORNER     160000.00
YLLCORNER     340000.00
CELLSIZE        1000.00
NODATA_VALUE   -9999.00
   13.36150       13.55500       13.73990       13.91820       14.08990       14.27600       14.46990       14.65990       14.81530       14.85710       14.77240       14.66640       14.57910       14.50890       14.49810       14.51910       14.57080       14.72150       14.93530       15.20690       15.53400       15.90070       16.32650       16.79230       17.30250       17.84500       18.41030       18.98130       19.52610       19.98680    
   13.35340       13.54650       13.74100       13.92770       14.10860       14.30760       14.51610       14.73320       14.96050       15.04120       14.90950       14.80360       14.73090       14.66530       14.66510       14.67460       14.77120       14.90150       15.09910       15.35580       15.66810       16.02470       16.44350       16.90950       17.42970       17.99530       18.60180       19.23910       19.87050       20.44120    
   13.35070       13.53940       13.72630       13.89870       14.09820       14.29560       14.49860       14.70220       14.88110       14.96120       14.92040       14.85400       14.80430       14.77570       14.78540       14.80930       14.90140       15.04100       15.23030       15.47240       15.76480       16.10810       16.51050       16.97610       17.49670       18.07190       18.69150       19.37800       20.11240       20.86410    
   13.34530       13.52610       13.70610       13.86700       14.05110       14.23690       14.42140       14.60040       14.73630       14.82600       14.84430       14.83900       14.83830       14.83200       14.85740       14.90330       14.99390       15.12480       15.29970       15.52430       15.80370       16.12880       16.51520       16.95750       17.46870       18.03710       18.66340       19.34940       20.09450       20.89410    
   13.33620       13.50590       13.64840       13.81860       13.98820       14.15560       14.31670       14.47790       14.59630       14.67520       14.82340       14.82080       14.81200       14.83150       14.87270       14.94320       15.02970       15.14890       15.30440       15.50740       15.75620       16.07520       16.44280       16.87520       17.36570       17.90840       18.49930       19.12810       19.78050       20.37970    
   13.32300       13.44560       13.60240       13.75730       13.90940       14.05660       14.23420       14.33820       14.66990       14.70890       14.72430       14.73030       14.73440       14.77870       14.86470       14.92820       15.01890       15.12300       15.25190       15.42930       15.65820       15.95860       16.30810       16.72230       17.18540       17.68820       18.22510       18.77490       19.31160       19.77040    
   13.18770       13.40800       13.54920       13.68720       13.87660       13.99950       14.11230       14.52550       14.57480       14.59900       14.60950       14.61490       14.62740       14.66960       14.78370       14.85420       14.95860       15.03740       15.12630       15.26990       15.48960       15.77560       16.12070       16.50440       16.93900       17.40280       17.87850       18.35360       18.79470       19.16440    
   13.00340       13.36290       13.56450       13.68120       13.79180       14.36960       14.40400       14.45530       14.47820       14.48620       14.48330       14.47700       14.47740       14.52580       14.63020       14.68930       14.80820       14.84920       14.90310       15.03900       15.25170       15.53260       15.87010       16.23970       16.65000       17.07320       17.50060       17.90970       18.28360       18.58520    
   13.02340       13.32170       13.43150       13.61360       14.29820       14.34050       14.35170       14.38370       14.38610       14.37420       14.35140       14.32390       14.30000       14.46430       14.41230       14.42190       14.46470       14.51300       14.58560       14.73020       14.95190       15.24100       15.58200       15.94660       16.33720       16.73480       17.11970       17.48230       17.78960       18.03800    
   12.97320       13.28020       13.37360       14.20360       14.29620       14.31950       14.32400       14.32170       14.30300       14.26880       14.22160       14.16590       14.10820       14.21250       14.16740       14.09650       14.09180       14.11120       14.19450       14.35970       14.60620       14.91750       15.27540       15.65820       16.03090       16.40850       16.76810       17.07870       17.33790       17.53790    
   13.03150       13.20900       13.76990       14.22240       14.24760       14.32890       14.29500       14.27360       14.23420       14.17700       14.10330       14.01580       14.14720       14.06050       13.97180       13.81550       13.70250       13.67580       13.75010       13.93570       14.21800       14.56790       14.95510       15.35200       15.75170       16.10290       16.42990       16.70700       16.92560       17.09850    
   13.02710       13.55820       14.22240       14.26420       14.26260       14.28230       14.23060       14.24390       14.18570       14.10690       14.14690       14.00900       14.09770       13.92710       13.72330       13.48640       13.29810       13.20920       13.27540       13.50050       13.84450       14.25340       14.68880       15.11540       15.51720       15.86600       16.17590       16.42520       16.60710       16.71830    
   13.41700       14.22240       14.27600       14.29340       14.32420       14.26070       14.23310       14.18590       14.32290       14.24460       14.10440       14.35780       14.08400       13.79020       13.52260       13.19730       12.90470       12.72350       12.77420       13.07290       13.51200       13.99850       14.48310       14.94070       15.35590       15.71760       16.00170       16.22820       16.37820       16.44840    
   14.22240       14.28290       14.30880       14.32420       14.29330       14.29490       14.52310       14.44970       14.35240       14.25530       14.10020       14.36530       14.06270       13.72990       13.36590       13.00550       12.58500       12.24260       12.25560       12.71120       13.28080       13.84780       14.40630       14.89450       15.32420       15.68790       15.96510       16.17390       16.29720       16.33100    
   14.28650       14.31650       14.32420       14.30410       14.29490       14.46730       14.58390       14.50630       14.40460       14.27600       14.63340       14.36180       14.05880       13.72090       13.34400       12.97990       12.49160       11.95400       11.87780       12.59100       13.26640       13.88250       14.44230       14.94100       15.37330       15.73330       16.01460       16.19790       16.30240       16.32170    
   14.32030       14.32420       14.30770       14.29490       14.44870       14.58390       14.54510       14.49830       14.54700       15.00090       14.76130       14.49490       14.19890       13.87110       13.50290       13.11500       12.74570       12.38960       12.41000       12.89710       13.49310       14.08810       14.63370       15.12340       15.54850       15.90140       16.17490       16.36250       16.44520       16.44330    
   14.32420       14.30890       14.29490       14.44250       14.58390       14.56450       14.54240       14.64780       15.00090       14.88110       14.77910       14.69740       14.41160       14.12090       13.80790       13.50000       13.26520       13.08620       13.14970       13.47770       13.94890       14.45930       14.95660       15.43030       15.83750       16.17830       16.44390       16.62650       16.71980       16.70720    
   14.30930       14.29490       14.44040       14.58390       14.57420       14.56360       14.68890       15.00090       14.94100       14.88420       14.81910       14.94080       14.71070       14.46590       14.22770       14.00710       13.88960       13.81280       13.90060       14.15970       14.53940       14.97570       15.42080       15.84390       16.23940       16.56690       16.82630       17.00880       17.10780       17.11790    
   14.29490       14.43970       14.58390       14.57910       14.57390       14.70690       15.00090       14.97100       14.92940       14.87990       14.94080       14.82580       14.75130       14.88760       14.71770       14.57740       14.49480       14.54270       14.65120       14.88040       15.20440       15.58410       15.98300       16.37240       16.73120       17.04370       17.31340       17.50080       17.61070       17.63110    
   14.43950       14.58390       14.58150       14.57900       14.71520       15.00090       14.98590       14.95050       14.91040       14.94080       14.88330       14.85130       14.88760       14.80270       14.72760       14.59660       14.53830       14.56290       15.21100       15.61800       15.91140       16.25370       16.61820       16.98080       17.32190       17.62600       17.86730       18.05870       18.20800       18.27800    
   14.58390       14.58270       14.58140       14.71910       15.00090       14.99340       14.96070       14.92560       14.94080       14.91200       14.89080       14.88760       14.84510       14.80590       14.70900       14.62080       14.56590       15.33310       15.99040       16.36290       16.64280       16.96390       17.30630       17.64990       17.97490       18.27160       18.55180       18.75910       18.90760       18.98870    
   14.58330       14.58270       14.72100       15.00090       14.99720       14.96580       14.93320       14.94080       14.92640       14.90780       14.88760       14.86640       14.84620       14.78670       14.71190       14.63190       15.41190       16.17670       16.36290       16.80430       17.40720       17.71370       18.03900       18.36770       18.70290       19.00950       19.27400       19.49830       19.67320       19.78540    
   14.58330       14.72200       15.00090       14.99900       14.96830       14.93700       14.94080       14.93360       14.91570       14.88760       14.87700       14.86670       14.83310       14.78160       14.71020       15.91150       16.26980       16.36290       17.64460       18.15280       18.34470       18.46780       18.80230       19.13110       19.45990       19.74830       20.02200       20.26550       20.47160       20.62610    
   14.72240       15.00090       15.00000       14.96960       14.93890       14.94080       14.93720       14.91940       14.88760       14.88230       14.87710       14.85890       14.82710       16.45450       17.64800       18.52780       18.53220       18.74640       19.01420       19.25840       18.89840       19.23620       19.57330       19.89820       20.21260       20.50980       20.78680       21.04320       21.27800       21.47630    
   15.00090       15.00040       14.97020       14.93980       14.94080       14.93900       14.92130       14.88760       14.88490       14.88230       14.87280       14.85440       17.83490       21.50900       21.49310       20.46410       20.78120       20.70160       20.00870       19.63130       19.61840       19.99600       20.34070       20.66750       20.97790       21.26690       21.53520       21.78860       22.03110       22.27790    
   15.00070       14.97050       14.94030       14.94080       14.93990       14.92220       14.88760       14.88630       14.88500       14.88000       17.87750       22.38910       21.81540       21.52480       21.52480       21.49310       21.04980       20.86080       20.70160       20.44370       20.37710       20.73890       21.09870       21.43210       21.73450       22.00370       22.24380       22.46420       22.68390       22.91760    
   14.97070       14.94060       14.94080       14.94040       14.92260       14.88760       14.88690       14.88630       14.88370       18.48410       22.38910       22.38910       22.38910       21.83870       21.55640       21.55650       21.49310       21.14360       21.02010       20.70160       21.07770       21.46320       21.84090       22.18940       22.47570       22.71010       22.89750       23.05280       23.19730       23.33720    
   14.94070       14.94080       14.94060       14.92280       14.88760       14.88730       14.88690       16.93200       19.38880       22.38980       22.38910       22.38910       22.38910       22.38910       21.88460       21.61960       21.61990       21.49310       21.35960       21.33860       21.74320       22.15770       22.56180       22.92380       23.21400       23.38510       23.48670       23.54410       23.57850       23.58960    
   14.94080       14.94070       14.92300       14.88760       14.88740       18.03640       22.76010       22.91560       23.07100       22.61820       22.39110       22.38910       22.38910       22.38910       22.38910       21.97340       21.74560       21.74670       21.49310       21.90530       22.34120       22.79190       23.25390       23.65110       23.91860       24.02360       24.00220       23.93650       23.84800       23.73560    
   14.94070       14.92300       14.88760       14.88750       18.66640       22.76020       22.76020       22.76010       22.91560       23.07100       22.62150       22.39500       22.38910       22.38910       22.38910       22.38910       22.13900       21.99700       22.00040       22.42980       22.91760       23.38530       23.86550       24.32110       24.61290       24.59140       24.42040       24.21550       24.01350       23.79780    
