iMOD/TUTORIALS/TUT_MetaswapAnalyser/model_MetaSWAP/meteo/Precipitation/Precipitation_20060918_L1.ASC
NCOLS                30
NROWS                30
XLLCORNER     160000.00
YLLCORNER     340000.00
CELLSIZE        1000.00
NODATA_VALUE   -9999.00
   1.646890       1.486640       1.315680       1.140930      0.9748300      0.8379400      0.7311700      0.6374500      0.5526600      0.4997300      0.4855600      0.4814000      0.4797700      0.4843100      0.4903200      0.5124400      0.5490400      0.5688300      0.6082500      0.6576700      0.7164300      0.7899300      0.8644900      0.9306500       1.014390       1.099380       1.183110       1.262290       1.332140       1.399790    
   1.522230       1.370300       1.210900       1.054710      0.9077400      0.7785800      0.6660600      0.5626800      0.4614400      0.4039700      0.4105200      0.4137400      0.4151900      0.4268500      0.4340300      0.4589300      0.4807000      0.5090300      0.5408000      0.5923500      0.6539600      0.7301500      0.8088600      0.8812700      0.9709500       1.063370       1.156520       1.247760       1.320470       1.403930    
   1.420150       1.277490       1.132880      0.9909100      0.8547100      0.7333700      0.6239700      0.5246800      0.4381600      0.3865900      0.3723800      0.3678200      0.3689900      0.3708300      0.3734100      0.3909300      0.4104400      0.4414200      0.4850300      0.5409100      0.5955900      0.6750800      0.7461200      0.8358400      0.9307500       1.029460       1.118130       1.221490       1.335860       1.426270    
   1.336450       1.203040       1.069580      0.9403500      0.8176000      0.7043000      0.6017200      0.5093000      0.4349600      0.3839900      0.3553200      0.3392400      0.3296200      0.3233000      0.3199200      0.3285400      0.3442100      0.3739800      0.4189900      0.4779700      0.5486000      0.6056800      0.6975000      0.7799300      0.8789800      0.9828700       1.090430       1.200300       1.320720       1.423060    
   1.267470       1.142850       1.021060      0.9012700      0.7878400      0.6828800      0.5880900      0.5051600      0.4360900      0.3835400      0.3448400      0.3194100      0.2991200      0.2831900      0.2719400      0.2693100      0.2770800      0.3047900      0.3518000      0.4144700      0.4772900      0.5595600      0.6531900      0.7388800      0.8407400      0.9474000       1.057530       1.182400       1.287820       1.381370    
   1.210450       1.097610      0.9825400      0.8713500      0.7661100      0.6686400      0.5805200      0.5031300      0.4230000      0.3779400      0.3377400      0.3052400      0.2771500      0.2522700      0.2277800      0.2135200      0.2135100      0.2402100      0.2928000      0.3615000      0.4307000      0.5157900      0.6110200      0.7093000      0.8126700      0.9107900       1.021300       1.144830       1.247990       1.337920    
   1.161120       1.059940      0.9524300      0.8487700      0.7506600      0.6596200      0.5768900      0.4812600      0.4281000      0.3768100      0.3335700      0.2963200      0.2627600      0.2304100      0.1950500       0.000000       0.000000      0.1802800      0.2442500      0.3129600      0.3929200      0.4790100      0.5709900      0.6723300      0.7754200      0.8824100       1.006490       1.113340       1.208550       1.299450    
   1.141810       1.021640      0.9292400      0.8322100      0.7402700      0.6283600      0.5452300      0.4876300      0.4288100      0.3774800      0.3326000      0.2926500      0.2558900      0.2196600      0.1783300       0.000000       0.000000       0.000000      0.2146200      0.2877600      0.3662300      0.4503900      0.5403400      0.6396000      0.7409200      0.8613300      0.9686700       1.075460       1.178140       1.272300    
   1.110400      0.9971300      0.9036600      0.8206700      0.6980900      0.6219300      0.5418600      0.4882800      0.4311700      0.3803300      0.3349900      0.2940800      0.2564800      0.2067100      0.1787900       0.000000       0.000000       0.000000      0.2143000      0.2781000      0.3502600      0.4295000      0.5153100      0.6108900      0.7229400      0.8261300      0.9320800       1.038700       1.143280       1.242070    
   1.084470      0.9780700      0.8901300      0.7613200      0.6897000      0.6179000      0.5516600      0.4906000      0.4352700      0.3853900      0.3404600      0.2998400      0.2629800      0.2144500      0.1894000      0.1729000      0.1721700      0.1882000      0.2254800      0.2783000      0.3422800      0.4142900      0.4945700      0.5816900      0.6922100      0.7921600      0.8959500       1.002180       1.108640       1.212430    
   1.078350      0.9842230      0.8449850      0.7504200      0.6791500      0.6309800      0.5530500      0.4945100      0.4410300      0.3924300      0.3484300      0.3087300      0.2486300      0.2244100      0.2115800      0.1967100      0.1938600      0.2066800      0.2361500      0.2804500      0.3369100      0.4032500      0.4779000      0.5700500      0.6596300      0.7570300      0.8578300      0.9628200       1.070630       1.180560    
   1.078330      0.9144940      0.7504200      0.6982180      0.6748900      0.6268900      0.5521900      0.4998700      0.4482500      0.4010900      0.3558400      0.3176800      0.2578100      0.2495400      0.2256600      0.2118200      0.2080400      0.2172600      0.2412800      0.2798300      0.3307100      0.3914700      0.4685600      0.5459400      0.6298200      0.7238800      0.8207700      0.9235300       1.031610       1.144010    
  0.9783600      0.7504200      0.7046740      0.6816500      0.6884100      0.6129200      0.5559600      0.5029100      0.4509300      0.4075200      0.3664300      0.3199000      0.2889200      0.2620500      0.2378500      0.2226300      0.2153900      0.2194100      0.2389700      0.2739800      0.3271000      0.3851000      0.4500700      0.5213800      0.5989200      0.6829000      0.7780500      0.8766700      0.9828900       1.096840    
  0.7504200      0.7071340      0.6850300      0.6884100      0.6388600      0.6152500      0.5563700      0.5060500      0.4593300      0.4158300      0.3763700      0.3315900      0.3011700      0.2743200      0.2513300      0.2310400      0.2179500      0.2136500      0.2283700      0.2683700      0.3169900      0.3715000      0.4290600      0.4933300      0.5632000      0.6393400      0.7265500      0.8185700      0.9200000       1.032070    
  0.7081710      0.6867200      0.6884100      0.6475070      0.6152500      0.5758770      0.5560100      0.5083400      0.4639700      0.4229200      0.3731100      0.3408800      0.3116000      0.2852900      0.2619500      0.2399800      0.2229000      0.2082100      0.2167100      0.2608500      0.3076300      0.3572100      0.4101900      0.4672000      0.5289700      0.5964600      0.6708900      0.7577600      0.8513000      0.9622800    
  0.6875650      0.6884100      0.6503890      0.6152500      0.5823790      0.5560100      0.5321750      0.5094400      0.4536900      0.4195300      0.3853100      0.3538200      0.3250300      0.2989100      0.2759600      0.2552900      0.2294200      0.2219500      0.2326700      0.2650800      0.3050400      0.3472500      0.3930900      0.4421900      0.4952200      0.5532000      0.6174600      0.6896800      0.7756700      0.8706000    
  0.6884100      0.6513500      0.6152500      0.5845460      0.5560100      0.5440930      0.5325420      0.4787090      0.4195300      0.4024200      0.3743220      0.3672600      0.3396500      0.3143200      0.2737100      0.2584900      0.2464900      0.2432500      0.2521600      0.2739600      0.3039000      0.3382500      0.3755600      0.4140400      0.4569200      0.5038100      0.5559600      0.6150900      0.6833300      0.7700400    
  0.6516700      0.6152500      0.5852690      0.5560100      0.5500510      0.5442150      0.4937180      0.4195300      0.4109750      0.3796870      0.3564750      0.3456900      0.3254800      0.3039400      0.2874400      0.2737400      0.2638400      0.2616600      0.2678200      0.2824600      0.3035600      0.3288500      0.3568800      0.3871000      0.4180400      0.4532200      0.4923900      0.5371500      0.5895200      0.6549200    
  0.6152500      0.5855100      0.5560100      0.5530310      0.5500920      0.5018790      0.4195300      0.4152530      0.3813930      0.3510830      0.3456900      0.3355850      0.3229150      0.3165500      0.3010900      0.2884100      0.2794800      0.2766600      0.2798100      0.2887700      0.3024200      0.3193500      0.3384000      0.3589200      0.3807800      0.4043400      0.4288700      0.4588200      0.4971900      0.5422700    
  0.5855900      0.5560100      0.5545200      0.5530440      0.5061330      0.4195300      0.4173910      0.3820500      0.3483860      0.3456900      0.3406380      0.3301850      0.3165500      0.3088200      0.3020170      0.2896600      0.2815170      0.2786500      0.2865740      0.2927700      0.3000400      0.3095200      0.3202700      0.3316600      0.3433900      0.3556000      0.3696200      0.3883100      0.3845000      0.4118700    
  0.5560100      0.5552650      0.5545250      0.5083070      0.4195300      0.4184610      0.3823400      0.3470380      0.3456900      0.3431640      0.3332660      0.3165500      0.3126850      0.3091290      0.3001660      0.2910640      0.2832760      0.2870830      0.2938150      0.2948600      0.2965900      0.2995200      0.3028700      0.3066300      0.3091400      0.3109900      0.2928200      0.2956600      0.3018100      0.3142600    
  0.5556380      0.5552670      0.5094070      0.4195300      0.4189950      0.3824770      0.3463640      0.3456900      0.3444270      0.3346670      0.3165500      0.3146180      0.3127880      0.3073260      0.3001200      0.2915020      0.2901240      0.2943380      0.2948600      0.2948800      0.2931900      0.2904200      0.2873100      0.2832400      0.2589900      0.2534800      0.2451900      0.2368000      0.2300500      0.2276500    
  0.5556380      0.5099600      0.4195300      0.4192630      0.3825440      0.3460270      0.3456900      0.3450580      0.3353340      0.3165500      0.3155840      0.3146520      0.3115770      0.3067450      0.2996490      0.2933710      0.2945990      0.2948600      0.2885660      0.2882200      0.2822600      0.2823600      0.2589500      0.2476500      0.2351500      0.2212100      0.2052600      0.1880300       0.000000       0.000000    
  0.5102380      0.4195300      0.4193960      0.3825770      0.3458590      0.3456900      0.3453740      0.3356580      0.3165500      0.3160670      0.3155950      0.3139380      0.3109910      0.3090700      0.3011360      0.2905700      0.2905100      0.2850950      0.2790990      0.2763050      0.2832500      0.2620800      0.2467600      0.2316700      0.2147200      0.1956300      0.1743000       0.000000       0.000000       0.000000    
  0.4195300      0.4194630      0.3825940      0.3457740      0.3456900      0.3455320      0.3358180      0.3165500      0.3163080      0.3160710      0.3152000      0.3135080      0.3142440      0.3185110      0.3183100      0.2981700      0.2866000      0.2861600      0.2767880      0.2727730      0.2693600      0.2499600      0.2378100      0.2194700      0.1993100      0.1770900       0.000000       0.000000       0.000000       0.000000    
  0.4194970      0.3826020      0.3457320      0.3456900      0.3456110      0.3358980      0.3165500      0.3164290      0.3163100      0.3158600      0.3335800      0.3615600      0.3330240      0.3187100      0.3187120      0.3183100      0.2972580      0.2870400      0.2861600      0.2719150      0.2657100      0.2469200      0.2271900      0.2110600      0.1889900       0.000000       0.000000       0.000000       0.000000       0.000000    
  0.3826060      0.3457110      0.3456900      0.3456510      0.3359370      0.3165500      0.3164900      0.3164300      0.3162000      0.3377740      0.3615600      0.3615600      0.3615600      0.3333130      0.3191090      0.3191150      0.3183100      0.2975230      0.2879200      0.2861600      0.2664300      0.2459800      0.2246500      0.2024600      0.1834100       0.000000       0.000000       0.000000       0.000000       0.000000    
  0.3457010      0.3456900      0.3456700      0.3359570      0.3165500      0.3165200      0.3164900      0.3444220      0.3574180      0.3615800      0.3615600      0.3615600      0.3615600      0.3615600      0.3338710      0.3199010      0.3199200      0.3183100      0.2977020      0.2896800      0.2688300      0.2472400      0.2248600      0.2019600      0.1791000       0.000000       0.000000       0.000000       0.000000       0.000000    
  0.3456900      0.3456800      0.3359670      0.3165500      0.3165350      0.3840060      0.4852200      0.4568950      0.4285700      0.3839520      0.3616200      0.3615600      0.3615600      0.3615600      0.3615600      0.3349090      0.3214740      0.3215300      0.3183100      0.2966600      0.2746100      0.2519400      0.2283300      0.2044700      0.1823400       0.000000       0.000000       0.000000       0.000000       0.000000    
  0.3456850      0.3359720      0.3165500      0.3165420      0.3975300      0.4852500      0.4852500      0.4852200      0.4568940      0.4285700      0.3840590      0.3617410      0.3615600      0.3615600      0.3615600      0.3615600      0.3366830      0.3245830      0.3247500      0.3027700      0.2799100      0.2574100      0.2342200      0.2106200      0.1888600       0.000000       0.000000       0.000000       0.000000       0.000000    
