iMOD/TUTORIALS/TUT_MetaswapAnalyser/model_MetaSWAP/meteo/Precipitation/Precipitation_20051203_L1.ASC
NCOLS                30
NROWS                30
XLLCORNER     160000.00
YLLCORNER     340000.00
CELLSIZE        1000.00
NODATA_VALUE   -9999.00
   1.830580       1.866540       1.902010       1.941620       1.999760       2.089540       2.223690       2.381760       2.534530       2.617380       2.613260       2.584550       2.553870       2.523170       2.499300       2.477030       2.440980       2.436280       2.438470       2.446210       2.458240       2.476580       2.493720       2.513020       2.530900       2.548390       2.565290       2.581750       2.598360       2.624850    
   1.876330       1.922770       1.974690       2.032240       2.110850       2.211950       2.345080       2.505140       2.684770       2.774400       2.715390       2.663020       2.616340       2.570390       2.535950       2.487960       2.470040       2.447030       2.446030       2.453010       2.465740       2.485510       2.504770       2.526100       2.546470       2.566420       2.585620       2.604030       2.616890       2.643910    
   1.928000       1.982630       2.042480       2.117290       2.201460       2.304340       2.428630       2.568470       2.702960       2.768180       2.746480       2.699640       2.648170       2.599790       2.551620       2.499150       2.474380       2.462140       2.461640       2.470620       2.485800       2.508370       2.531490       2.554070       2.576280       2.597530       2.611920       2.631400       2.657720       2.671800    
   1.979270       2.039640       2.105640       2.185280       2.270200       2.368300       2.477540       2.589720       2.683980       2.736030       2.735250       2.703440       2.660400       2.608610       2.561250       2.508950       2.479980       2.467130       2.469400       2.483020       2.503680       2.528600       2.557010       2.576510       2.601300       2.624710       2.646520       2.666660       2.691950       2.705350    
   2.028450       2.092080       2.166040       2.240610       2.322920       2.412490       2.505760       2.596490       2.667260       2.707620       2.730600       2.703490       2.660380       2.608760       2.559650       2.507510       2.470980       2.459150       2.467430       2.488650       2.516730       2.546530       2.579520       2.608040       2.635100       2.660130       2.683150       2.714030       2.730820       2.747770    
   2.074710       2.143840       2.212370       2.285480       2.363100       2.443680       2.527170       2.598280       2.690940       2.721000       2.721550       2.699280       2.659610       2.608270       2.556990       2.497320       2.456050       2.448280       2.468910       2.501990       2.538790       2.574680       2.611610       2.643280       2.672210       2.698250       2.722200       2.753760       2.772120       2.790800    
   2.125580       2.184650       2.252170       2.322500       2.400470       2.472290       2.540940       2.656030       2.700220       2.720790       2.720770       2.701090       2.664540       2.614010       2.566110       2.493130       2.433230       2.435620       2.478140       2.525150       2.569430       2.610040       2.646830       2.683140       2.713070       2.739880       2.775720       2.795800       2.814400       2.833090    
   2.181820       2.236220       2.294160       2.360570       2.427340       2.564170       2.629640       2.680830       2.713360       2.730410       2.730390       2.713410       2.680830       2.634160       2.595730       2.518390       2.436270       2.455590       2.513710       2.566310       2.613430       2.655450       2.692800       2.729150       2.758800       2.797950       2.819960       2.839530       2.843560       2.865900    
   2.228690       2.270050       2.332620       2.388520       2.544300       2.597880       2.659100       2.705750       2.734320       2.749810       2.751050       2.737960       2.711470       2.712250       2.652440       2.591100       2.545440       2.547810       2.585300       2.629870       2.672860       2.712170       2.747390       2.781920       2.823040       2.846790       2.867310       2.868160       2.888540       2.907590    
   2.262500       2.301120       2.361510       2.538310       2.583620       2.633170       2.700060       2.736200       2.762830       2.778460       2.782280       2.774380       2.755760       2.776180       2.729090       2.686390       2.658740       2.657500       2.679010       2.711290       2.746090       2.779520       2.810360       2.837980       2.878820       2.899900       2.899560       2.917980       2.934590       2.949710    
   2.255360       2.308380       2.445760       2.582080       2.632250       2.693310       2.737650       2.772070       2.798310       2.815370       2.822820       2.820950       2.884850       2.876740       2.834330       2.798400       2.774560       2.766960       2.774590       2.792130       2.814310       2.837690       2.860380       2.892220       2.890900       2.915050       2.931500       2.946360       2.959800       2.992710    
   2.255520       2.397890       2.582080       2.658810       2.674940       2.743890       2.786340       2.812960       2.839930       2.859330       2.925800       2.922420       2.997130       2.963210       2.930150       2.902960       2.884360       2.876720       2.878980       2.888680       2.902780       2.918800       2.928630       2.943420       2.957210       2.975430       2.987040       2.997150       3.005840       3.013270    
   2.359040       2.582080       2.674330       2.710460       2.745980       2.792610       2.831730       2.865640       2.974150       2.981540       2.989410       3.106930       3.081200       3.054520       3.028260       3.007270       2.992460       2.984780       2.983840       2.985660       2.992260       3.000600       3.009680       3.018660       3.026950       3.034200       3.046580       3.051680       3.055380       3.057780    
   2.582080       2.682650       2.728220       2.745980       2.793160       2.840890       2.987870       3.015490       3.037600       3.061120       3.071210       3.190720       3.169920       3.148660       3.128690       3.110900       3.091580       3.088610       3.087220       3.086630       3.087570       3.090120       3.099770       3.104270       3.108000       3.110580       3.117540       3.117620       3.116110       3.113050    
   2.686950       2.737100       2.745980       2.793340       2.840890       2.932690       2.969300       3.004340       3.035020       3.061230       3.243170       3.235100       3.225630       3.215760       3.206660       3.200270       3.195610       3.195690       3.193590       3.190030       3.189310       3.189070       3.189010       3.188510       3.187080       3.184410       3.180330       3.180780       3.173990       3.163540    
   2.741540       2.745980       2.793400       2.840890       2.914290       2.969300       2.986820       3.002890       3.108270       3.332480       3.329240       3.324300       3.318220       3.311730       3.315530       3.309320       3.299860       3.297240       3.293900       3.288960       3.283890       3.281610       3.276900       3.271390       3.264760       3.256820       3.247520       3.236920       3.231230       3.218380    
   2.745980       2.793420       2.840890       2.908160       2.969300       2.978060       2.986340       3.107610       3.332480       3.330860       3.385920       3.415870       3.426770       3.422830       3.412120       3.408560       3.402870       3.399490       3.395100       3.389290       3.382300       3.374310       3.365220       3.358610       3.347240       3.334340       3.319990       3.304410       3.287940       3.266920    
   2.793430       2.840890       2.906120       2.969300       2.973680       2.977900       3.101120       3.332480       3.331670       3.409750       3.471790       3.527710       3.527240       3.516170       3.514690       3.512690       3.506600       3.502950       3.497840       3.490950       3.482210       3.471640       3.459200       3.444860       3.432450       3.414650       3.395230       3.374620       3.353380       3.323400    
   2.840890       2.905440       2.969300       2.971490       2.973630       3.096300       3.332480       3.332080       3.420270       3.499750       3.527710       3.527470       3.547270       3.617970       3.618520       3.617980       3.616280       3.608060       3.602480       3.594590       3.584240       3.571320       3.555790       3.537660       3.517040       3.494170       3.473260       3.447400       3.412520       3.382580    
   2.905210       2.969300       2.970400       2.971470       3.093470       3.332480       3.332280       3.425250       3.513730       3.527710       3.527590       3.555110       3.617970       3.618250       3.618160       3.617590       3.614110       3.608940       3.663050       3.700660       3.688880       3.673820       3.655410       3.633650       3.608690       3.580890       3.545860       3.501330       3.514960       3.485790    
   2.969300       2.969850       2.970390       3.091950       3.332480       3.332380       3.427690       3.520720       3.527710       3.527650       3.557090       3.617970       3.618110       3.618120       3.618000       3.616620       3.613550       3.690130       3.755060       3.809470       3.796540       3.779620       3.758540       3.727270       3.698510       3.666070       3.671610       3.631440       3.589380       3.546650    
   2.969570       2.969850       3.091170       3.332480       3.332430       3.428890       3.524210       3.527710       3.527680       3.557610       3.617970       3.618040       3.618070       3.618080       3.617580       3.616050       3.702410       3.782270       3.809470       3.834940       3.898800       3.881400       3.858840       3.831080       3.853050       3.804830       3.761250       3.714040       3.664340       3.614650    
   2.969570       3.090770       3.332480       3.332450       3.429500       3.525960       3.527710       3.527700       3.557740       3.617970       3.618000       3.618030       3.618060       3.617910       3.617240       3.787460       3.795870       3.809470       3.973010       4.020430       4.016710       3.999590       4.020750       3.991590       3.951210       3.906530       3.856290       3.801300       3.742800       3.682770    
   3.090560       3.332480       3.332470       3.429800       3.526840       3.527710       3.527700       3.557780       3.617970       3.617990       3.618000       3.618030       3.618000       3.926320       4.112510       4.206240       4.205400       4.194630       4.183860       4.227210       4.142060       4.161680       4.142300       4.106100       4.062850       4.012580       3.955600       3.892550       3.824560       3.755690    
   3.332480       3.332470       3.429950       3.527270       3.527710       3.527710       3.557790       3.617970       3.617980       3.617990       3.618010       3.618010       4.175620       4.855970       4.852080       4.594140       4.617450       4.601330       4.405480       4.303930       4.312360       4.306840       4.265290       4.226410       4.179260       4.123770       4.060280       3.989420       3.914030       3.831090    
   3.332480       3.430020       3.527490       3.527710       3.527710       3.557790       3.617970       3.617970       3.617980       3.617990       4.244540       5.184350       4.968590       4.859800       4.859850       4.852080       4.701640       4.633580       4.601330       4.489460       4.457370       4.433890       4.402040       4.351390       4.300790       4.240490       4.170930       4.094680       4.009230       3.917330    
   3.430060       3.527600       3.527710       3.527710       3.557800       3.617970       3.617970       3.617970       3.617980       4.369840       5.184350       5.184350       5.184350       4.974240       4.867450       4.867630       4.852080       4.719580       4.665830       4.601330       4.586770       4.563940       4.531770       4.489170       4.427490       4.362700       4.288730       4.204610       4.113090       4.016430    
   3.527660       3.527710       3.527710       3.557800       3.617970       3.617970       3.617970       4.109550       4.615520       5.184630       5.184350       5.184350       5.184350       5.184350       4.985310       4.882660       4.883170       4.852080       4.759080       4.730330       4.717830       4.696410       4.664810       4.621550       4.565310       4.490520       4.409850       4.319690       4.222940       4.122810    
   3.527710       3.527710       3.557800       3.617970       3.617970       4.396660       5.564680       5.574480       5.584270       5.318410       5.185180       5.184350       5.184350       5.184350       5.184350       5.006600       4.912710       4.914270       4.852080       4.852560       4.844380       4.826520       4.795060       4.756240       4.699250       4.625230       4.533840       4.437070       4.334720       4.230180    
   3.527710       3.557800       3.617970       3.617970       4.552410       5.564700       5.564700       5.564680       5.574490       5.584270       5.319830       5.186850       5.184350       5.184350       5.184350       5.184350       5.046150       4.971790       4.976460       4.980580       4.968550       4.955270       4.930590       4.892880       4.836560       4.756190       4.660360       4.554360       4.444690       4.334620    
