iMOD/TUTORIALS/TUT_MetaswapAnalyser/model_MetaSWAP/meteo/Precipitation/Precipitation_20050427_L1.ASC
NCOLS                30
NROWS                30
XLLCORNER     160000.00
YLLCORNER     340000.00
CELLSIZE        1000.00
NODATA_VALUE   -9999.00
   1.565870       1.794230       2.039070       2.288620       2.510310       2.639040       2.648120       2.589950       2.532480       2.578500       2.747630       2.958120       3.170620       3.369740       3.550930       3.724790       3.797590       3.886750       3.939710       3.963340       3.964680       4.003220       3.987730       3.953270       3.942990       3.941660       3.953890       3.985770       4.047520       4.140260    
   1.692510       1.908820       2.118300       2.335460       2.517960       2.632770       2.666510       2.634410       2.558600       2.611230       2.884260       3.142590       3.394140       3.640090       3.851060       3.983050       4.115090       4.216960       4.264320       4.271410       4.249380       4.255610       4.206860       4.136420       4.085160       4.038350       3.999330       3.972290       3.999730       4.018450    
   1.786800       1.992960       2.198720       2.392120       2.549530       2.666710       2.729180       2.747880       2.762170       2.869470       3.108000       3.377750       3.662430       3.924680       4.168000       4.333330       4.477300       4.563400       4.592880       4.574670       4.524340       4.493580       4.390060       4.300510       4.210070       4.121960       4.075380       3.989900       3.897290       3.843430    
   1.874520       2.072300       2.267480       2.451160       2.610620       2.738450       2.834350       2.911930       3.008470       3.160550       3.384450       3.654450       3.946870       4.236390       4.505240       4.705200       4.860850       4.940280       4.945530       4.892130       4.799370       4.666730       4.586930       4.502580       4.372390       4.244060       4.119050       3.997960       3.869900       3.768060    
   1.958960       2.151000       2.341440       2.521860       2.686830       2.832980       2.963280       3.099420       3.245830       3.435560       3.663070       3.943050       4.251570       4.571720       4.860550       5.106850       5.306130       5.377570       5.348310       5.249170       5.092020       4.933230       4.816750       4.646150       4.483950       4.327240       4.178380       4.024060       3.909980       3.837550    
   2.041890       2.231190       2.418860       2.601270       2.775100       2.939770       3.105010       3.274830       3.409990       3.642720       3.909720       4.215010       4.531790       4.877050       5.235670       5.540470       5.753470       5.804160       5.711910       5.547530       5.337510       5.133400       4.976840       4.780360       4.591260       4.408660       4.244470       4.083510       3.973150       3.911780    
   2.107690       2.311110       2.499070       2.685370       2.877080       3.056930       3.238350       3.360740       3.589660       3.838610       4.121700       4.439300       4.787580       5.145200       5.556950       5.930400       6.231800       6.236100       6.038000       5.787540       5.541560       5.298470       5.062770       4.887110       4.677300       4.482670       4.286960       4.140410       4.026290       3.960360    
   2.162110       2.380760       2.590430       2.780120       2.970690       3.041430       3.261840       3.492850       3.732430       3.997290       4.291600       4.616590       4.970750       5.347650       5.782350       6.185900       6.593470       6.520390       6.236920       5.957600       5.682880       5.415530       5.158490       4.964450       4.739810       4.510680       4.329700       4.176580       4.046000       3.972470    
   2.245360       2.457390       2.647230       2.862860       2.902860       3.112550       3.346430       3.591850       3.843220       4.116910       4.415740       4.740400       5.089110       5.530460       5.878110       6.221560       6.471500       6.474320       6.278880       6.023710       5.751510       5.477850       5.210960       5.006910       4.749000       4.536450       4.347840       4.172760       4.048200       3.959810    
   2.318130       2.531070       2.721460       2.722110       2.954240       3.169240       3.425160       3.665090       3.921670       4.197530       4.494100       4.810840       5.144370       5.574520       5.886430       6.147990       6.328110       6.345150       6.220740       6.011420       5.761160       5.487040       5.219360       4.960660       4.750660       4.532490       4.321980       4.156710       4.021240       3.917790    
   2.330270       2.523550       2.683320       2.758620       2.965730       3.242370       3.471090       3.712480       3.968660       4.241000       4.529630       4.832780       5.274780       5.525380       5.815600       6.045620       6.177730       6.210960       6.130430       5.962020       5.738710       5.487780       5.228300       4.952580       4.692660       4.517760       4.319250       4.145000       3.997100       3.849080    
   2.332590       2.573940       2.758620       2.938460       2.989990       3.242050       3.471230       3.734950       3.986170       4.250440       4.480020       4.771530       5.195960       5.483990       5.719220       5.920020       6.055220       6.077720       6.016110       5.866140       5.655820       5.413280       5.127100       4.873660       4.631790       4.467150       4.265850       4.086120       3.929450       3.796660    
   2.453700       2.758620       2.937830       3.014740       3.039490       3.253970       3.475930       3.708300       3.884980       4.170020       4.436780       4.917650       5.155290       5.387340       5.595860       5.779340       5.910890       5.967850       5.899330       5.752230       5.522130       5.279150       5.027330       4.778540       4.540130       4.316780       4.175530       3.992680       3.829810       3.687300    
   2.758620       2.940760       3.027110       3.039490       3.180510       3.248080       3.379390       3.606180       3.842290       4.079750       4.331920       4.838220       5.053230       5.261660       5.455340       5.617660       5.752150       5.831080       5.801560       5.604660       5.381660       5.140300       4.889410       4.646870       4.414140       4.195060       4.050980       3.867870       3.702230       3.554100    
   2.943040       3.033300       3.039490       3.156030       3.248080       3.309600       3.301340       3.518990       3.744330       3.976210       4.493280       4.691660       4.888610       5.079080       5.257110       5.424040       5.556340       5.658230       5.642440       5.451990       5.192780       4.957160       4.720570       4.488410       4.265000       4.053570       3.856410       3.732930       3.567910       3.378850    
   3.036400       3.039490       3.147870       3.248080       3.286340       3.301340       3.410170       3.521550       3.861790       4.207620       4.384900       4.562490       4.736910       4.903860       5.039880       5.178280       5.307730       5.368270       5.328780       5.176000       4.981610       4.720690       4.495960       4.274440       4.060550       3.857570       3.667860       3.493020       3.390400       3.244900    
   3.039490       3.145150       3.248080       3.278590       3.301340       3.355750       3.411020       3.750280       4.207620       4.296260       4.381500       4.415470       4.543060       4.685810       4.881150       4.976250       5.021090       5.042580       4.995850       4.879210       4.717950       4.534320       4.340920       4.080570       3.882140       3.692080       3.513100       3.347100       3.195380       3.112150    
   3.144240       3.248080       3.276000       3.301340       3.328550       3.356040       3.681170       4.207620       4.251940       4.319720       4.376240       4.337000       4.445700       4.565710       4.653040       4.721780       4.729500       4.728360       4.678200       4.579360       4.443100       4.283200       4.110510       3.932620       3.692860       3.516880       3.349900       3.194210       3.051600       2.927700    
   3.248080       3.275140       3.301340       3.314940       3.328640       3.643340       4.207620       4.229780       4.294580       4.356620       4.337000       4.391350       4.426070       4.355860       4.420430       4.466740       4.488850       4.430080       4.377600       4.288860       4.169960       4.029450       3.875460       3.714660       3.552190       3.392090       3.181320       3.036590       2.908080       2.772240    
   3.274850       3.301340       3.308140       3.314970       3.623640       4.207620       4.218700       4.283160       4.346810       4.337000       4.364170       4.377570       4.355860       4.388150       4.414340       4.458670       4.461890       4.432180       4.171390       4.011600       3.905040       3.779800       3.641810       3.496470       3.348360       3.201290       3.041190       2.909020       2.748020       2.604250    
   3.301340       3.304740       3.308150       3.613590       4.207620       4.213160       4.277680       4.341900       4.337000       4.350590       4.358650       4.355860       4.372000       4.386120       4.420390       4.444970       4.450910       4.138890       3.880210       3.748810       3.651420       3.538290       3.413750       3.261160       3.128000       2.994750       2.823540       2.702370       2.591810       2.495510    
   3.303040       3.304740       3.608530       4.207620       4.210390       4.274980       4.339450       4.337000       4.343790       4.350520       4.355860       4.363930       4.371330       4.392840       4.417160       4.438760       4.119620       3.814510       3.748810       3.593730       3.380960       3.281390       3.171320       3.054180       2.889280       2.764690       2.647880       2.536640       2.434600       2.347830    
   3.303040       3.605980       4.207620       4.209010       4.273640       4.338230       4.337000       4.340400       4.346790       4.355860       4.359900       4.363710       4.376030       4.393770       4.416250       3.968100       3.781660       3.748810       3.354040       3.198110       3.108810       3.066640       2.908300       2.804730       2.698130       2.589940       2.483010       2.379870       2.283800       2.199560    
   3.604710       4.207620       4.208310       4.272980       4.337610       4.337000       4.338700       4.345010       4.355860       4.357880       4.359820       4.366540       4.377840       3.829680       3.412720       3.087200       3.083280       3.021880       2.945880       2.875530       3.015260       2.799820       2.711660       2.619300       2.523490       2.426110       2.328890       2.233560       2.142350       2.037000    
   4.207620       4.207970       4.272640       4.337310       4.337000       4.337850       4.344140       4.355860       4.356870       4.357850       4.361410       4.368070       3.365210       2.128090       2.132680       2.478300       2.396650       2.417760       2.642890       2.763990       2.735800       2.662260       2.528520       2.446210       2.361180       2.274770       2.187980       2.101620       1.996990       1.918620    
   4.207790       4.272480       4.337150       4.337000       4.337420       4.343710       4.355860       4.356360       4.356860       4.358710       3.357230       1.849410       2.031740       2.123890       2.123500       2.132680       2.300590       2.375540       2.417760       2.514260       2.540920       2.476200       2.406730       2.285640       2.211460       2.136700       2.061860       1.970470       1.897580       1.826820    
   4.272390       4.337080       4.337000       4.337210       4.343500       4.355860       4.356110       4.356360       4.357310       3.154320       1.849410       1.849410       1.849410       2.025570       2.115500       2.114320       2.132680       2.276400       2.333310       2.417760       2.362550       2.302900       2.240140       2.175810       2.073760       2.011520       1.938100       1.876930       1.819160       1.765940    
   4.337040       4.337000       4.337110       4.343390       4.355860       4.355990       4.356110       3.620600       2.805470       1.849120       1.849410       1.849410       1.849410       1.849410       2.013890       2.099490       2.095960       2.132680       2.221830       2.248860       2.196910       2.141890       2.085200       2.028760       1.973430       1.891560       1.841860       1.797000       1.757170       1.724730    
   4.337000       4.337050       4.343340       4.355860       4.355920       3.169320       1.389370       1.401000       1.412630       1.703040       1.848550       1.849410       1.849410       1.849410       1.849410       1.992330       2.069810       2.059250       2.132680       2.088040       2.040480       1.990720       1.959530       1.900870       1.847590       1.804720       1.755230       1.727500       1.705620       1.692070    
   4.337030       4.343310       4.355860       4.355890       2.931880       1.389260       1.389260       1.389370       1.400990       1.412630       1.701570       1.846830       1.849410       1.849410       1.849410       1.849410       1.954120       2.017510       1.985820       1.943540       1.948380       1.886890       1.827480       1.772040       1.727860       1.702340       1.686160       1.671220       1.660610       1.662950    
