iMOD/TUTORIALS/TUT_MetaswapAnalyser/model_MetaSWAP/meteo/Precipitation/Precipitation_20050510_L1.ASC
NCOLS                30
NROWS                30
XLLCORNER     160000.00
YLLCORNER     340000.00
CELLSIZE        1000.00
NODATA_VALUE   -9999.00
   3.421050       3.569080       3.716950       3.859390       3.983040       4.056540       4.067950       4.038570       3.996400       3.962900       3.948990       3.936330       3.914530       3.895270       3.864040       3.830580       3.750420       3.683870       3.622100       3.552510       3.475140       3.393900       3.301950       3.207210       3.102010       2.992140       2.879290       2.766160       2.657260       2.556350    
   3.400610       3.539460       3.683510       3.806600       3.910010       3.974410       3.995870       3.980210       3.934600       3.907820       3.918100       3.915600       3.904210       3.892950       3.865850       3.800060       3.755180       3.704050       3.629610       3.559330       3.481280       3.398930       3.306300       3.210460       3.103930       2.991730       2.874850       2.755020       2.647250       2.533770    
   3.380600       3.508950       3.630430       3.743990       3.843660       3.903410       3.931570       3.930980       3.912070       3.894420       3.900610       3.902620       3.898070       3.886650       3.863380       3.808170       3.763760       3.711050       3.650110       3.581080       3.489580       3.407100       3.318900       3.219030       3.112570       2.999800       2.893830       2.766870       2.632120       2.502040    
   3.357360       3.475670       3.586180       3.691150       3.772060       3.831440       3.867670       3.892100       3.893520       3.896200       3.890290       3.893050       3.889800       3.880790       3.861020       3.816590       3.772760       3.720480       3.659900       3.591280       3.514890       3.422160       3.333150       3.249880       3.143970       3.031440       2.912430       2.787010       2.653020       2.518380    
   3.333200       3.442520       3.553460       3.643610       3.719430       3.778450       3.820120       3.858310       3.871920       3.880540       3.880470       3.878530       3.882260       3.877780       3.858630       3.825990       3.792180       3.742540       3.684390       3.617970       3.550600       3.468440       3.378810       3.269700       3.167570       3.059840       2.947080       2.826980       2.710480       2.602480    
   3.309590       3.423770       3.517440       3.601490       3.673760       3.732780       3.792730       3.827650       3.829790       3.850770       3.864900       3.874050       3.874420       3.867210       3.869860       3.839010       3.799520       3.751380       3.694860       3.630190       3.564010       3.484530       3.398250       3.306050       3.208550       3.097660       2.994030       2.886320       2.786290       2.697350    
   3.286120       3.397810       3.485140       3.564280       3.653970       3.711990       3.759020       3.770260       3.803380       3.827670       3.846220       3.859090       3.865600       3.860150       3.872980       3.844150       3.806580       3.760570       3.706280       3.648750       3.579360       3.503120       3.420980       3.333830       3.242900       3.149320       3.050790       2.958490       2.866730       2.790590    
   3.268490       3.383930       3.483060       3.557350       3.623420       3.648600       3.695380       3.739510       3.774270       3.802530       3.824870       3.841340       3.851480       3.848610       3.880900       3.851450       3.812760       3.769530       3.720580       3.661680       3.595240       3.522540       3.444850       3.363300       3.279400       3.190020       3.106420       3.025850       2.952630       2.885750    
   3.289870       3.367320       3.444650       3.533510       3.556420       3.615020       3.661670       3.707550       3.744690       3.775810       3.801200       3.820850       3.834370       3.903280       3.880990       3.854110       3.819420       3.775870       3.729440       3.673360       3.610000       3.540960       3.467820       3.391960       3.310400       3.234270       3.160290       3.092270       3.027450       2.969910    
   3.283450       3.353110       3.425730       3.449060       3.526670       3.583680       3.631970       3.676190       3.714680       3.747690       3.775370       3.797630       3.814120       3.910630       3.878230       3.852560       3.817040       3.779140       3.731740       3.675920       3.613430       3.556470       3.487760       3.417530       3.342760       3.274430       3.211520       3.150580       3.095470       3.046950    
   3.281410       3.354100       3.412650       3.422700       3.483960       3.555730       3.601170       3.645180       3.684160       3.718230       3.747440       3.771670       3.919220       3.947240       3.893250       3.862170       3.824310       3.779450       3.726640       3.666950       3.602310       3.534790       3.466290       3.393890       3.328840       3.282530       3.225790       3.174780       3.130380       3.115080    
   3.280800       3.367710       3.422700       3.448230       3.456190       3.511900       3.557560       3.614280       3.653020       3.687380       3.808680       3.822280       3.972000       3.926290       3.885150       3.854960       3.818530       3.775230       3.724170       3.666100       3.603320       3.538310       3.469640       3.405950       3.345410       3.292100       3.241860       3.198270       3.162100       3.133640    
   3.319250       3.422700       3.436030       3.443130       3.430060       3.479550       3.526590       3.569820       3.740100       3.771800       3.789930       3.964480       3.941550       3.915510       3.872640       3.842900       3.807660       3.765430       3.716120       3.659650       3.595050       3.531720       3.469260       3.409300       3.353240       3.302390       3.260880       3.224010       3.195340       3.175290    
   3.422700       3.431340       3.436590       3.430060       3.453560       3.451070       3.663160       3.695100       3.722470       3.733670       3.753040       3.952440       3.928150       3.900870       3.870200       3.825670       3.790810       3.750550       3.701310       3.643180       3.581980       3.520490       3.491840       3.439700       3.390810       3.346480       3.309560       3.278030       3.254310       3.239100    
   3.429360       3.433330       3.430060       3.444900       3.451070       3.581610       3.630600       3.661850       3.688690       3.711020       3.944400       3.923620       3.899920       3.873110       3.842920       3.802510       3.767370       3.728030       3.679340       3.632870       3.582290       3.529520       3.477430       3.427510       3.381150       3.339690       3.304380       3.278270       3.258670       3.254080    
   3.431690       3.430060       3.442010       3.451070       3.554430       3.630600       3.646220       3.660380       3.752440       3.948190       3.928340       3.905560       3.879700       3.850570       3.817930       3.781610       3.752080       3.707960       3.661020       3.612450       3.562070       3.511630       3.461410       3.413330       3.368800       3.329130       3.295570       3.269290       3.252840       3.244020    
   3.430060       3.441050       3.451070       3.545370       3.630600       3.638410       3.645740       3.751810       3.948190       3.938260       3.914310       3.886550       3.858090       3.826240       3.826220       3.783850       3.729450       3.684290       3.636430       3.586730       3.535730       3.484340       3.433770       3.386260       3.341520       3.301570       3.267620       3.240830       3.222160       3.215520    
   3.440730       3.451070       3.542350       3.630600       3.634510       3.638250       3.746040       3.948190       3.943230       3.919680       3.894730       3.902910       3.866300       3.849170       3.808420       3.763580       3.706410       3.659450       3.609800       3.558220       3.505490       3.452540       3.400490       3.350590       3.304940       3.263160       3.227140       3.197970       3.176550       3.165130    
   3.451070       3.541340       3.630600       3.632550       3.634450       3.741750       3.948190       3.945710       3.922570       3.898820       3.902910       3.884600       3.863260       3.834650       3.791310       3.743820       3.692370       3.633890       3.581650       3.527380       3.471930       3.416270       3.361510       3.308800       3.259320       3.214200       3.175360       3.142170       3.117750       3.101810    
   3.541000       3.630600       3.631580       3.632530       3.739240       3.948190       3.946950       3.924050       3.900870       3.902910       3.893760       3.871360       3.834650       3.812980       3.789930       3.742500       3.690030       3.635970       3.539830       3.494840       3.435730       3.376340       3.317740       3.261070       3.207410       3.157800       3.115500       3.079170       3.060160       3.032740    
   3.630600       3.631090       3.631570       3.737880       3.948190       3.947570       3.924800       3.901890       3.902910       3.898330       3.875670       3.834650       3.823820       3.812520       3.781800       3.740820       3.689500       3.561070       3.478120       3.461400       3.397750       3.333640       3.270220       3.210530       3.151790       3.096760       3.062400       3.016940       2.976700       2.942520    
   3.630840       3.631090       3.737180       3.948190       3.947880       3.925170       3.902400       3.902910       3.900620       3.877890       3.834650       3.829230       3.823660       3.806050       3.778380       3.737370       3.584510       3.469760       3.461400       3.406550       3.360490       3.290830       3.221760       3.154420       3.103400       3.056910       2.997720       2.943000       2.893350       2.843530    
   3.630840       3.736830       3.948190       3.948030       3.925360       3.902650       3.902910       3.901770       3.879020       3.834650       3.831940       3.829180       3.819650       3.802700       3.773930       3.596800       3.465580       3.461400       3.377390       3.334550       3.294210       3.264910       3.208750       3.130830       3.055750       2.987900       2.921090       2.858260       2.799660       2.746350    
   3.736650       3.948190       3.948110       3.925460       3.902780       3.902910       3.902340       3.879590       3.834650       3.833300       3.831920       3.826920       3.817170       3.708600       3.572900       3.419470       3.418150       3.369200       3.312510       3.307060       3.308600       3.246230       3.159490       3.073900       2.991990       2.914260       2.840580       2.770420       2.703290       2.640850    
   3.948190       3.948150       3.925500       3.902850       3.902910       3.902620       3.879870       3.834650       3.833970       3.833290       3.830710       3.825340       3.646410       3.439160       3.438130       3.406380       3.374680       3.374900       3.319820       3.295930       3.305520       3.198620       3.107810       3.013590       2.924080       2.839840       2.760390       2.684460       2.611550       2.538110    
   3.948170       3.925530       3.902880       3.902910       3.902770       3.880010       3.834650       3.834310       3.833970       3.832660       3.777050       3.697940       3.526290       3.440220       3.440190       3.438130       3.394560       3.374450       3.374900       3.301390       3.273680       3.160510       3.049290       2.952990       2.855680       2.765730       2.682280       2.604050       2.527000       2.449550    
   3.925540       3.902890       3.902910       3.902840       3.880090       3.834650       3.834480       3.834310       3.833650       3.767910       3.697940       3.697940       3.697940       3.527850       3.442330       3.442250       3.438130       3.390770       3.374010       3.374900       3.251460       3.126100       3.002560       2.885260       2.787070       2.692420       2.607670       2.528890       2.453280       2.379450    
   3.902900       3.902910       3.902870       3.880120       3.834650       3.834570       3.834480       3.958960       3.896350       3.698250       3.697940       3.697940       3.697940       3.697940       3.530940       3.446620       3.446360       3.438130       3.376040       3.373110       3.237450       3.097950       2.959320       2.828200       2.711400       2.619990       2.536080       2.460300       2.388950       2.321500    
   3.902910       3.902890       3.880140       3.834650       3.834610       4.075470       4.436730       4.385060       4.333390       3.910610       3.698880       3.697940       3.697940       3.697940       3.697940       3.536940       3.455370       3.454600       3.438130       3.318040       3.186230       3.045170       2.896850       2.772130       2.643850       2.544290       2.469560       2.398820       2.332100       2.269550    
   3.902900       3.880150       3.834650       3.834630       4.123800       4.436930       4.436930       4.436730       4.385070       4.333390       3.912230       3.700750       3.697940       3.697940       3.697940       3.697940       3.548090       3.473370       3.471070       3.343840       3.194800       3.040990       2.876790       2.711090       2.570970       2.482960       2.417280       2.345680       2.282700       2.221740    
