iMOD/TUTORIALS/TUT_MetaswapAnalyser/model_MetaSWAP/meteo/Precipitation/Precipitation_20050624_L1.ASC
NCOLS                30
NROWS                30
XLLCORNER     160000.00
YLLCORNER     340000.00
CELLSIZE        1000.00
NODATA_VALUE   -9999.00
   7.557980       8.928240       10.40760       11.81300       12.62270       11.88840       9.505380       6.676800       4.341130       3.153790       2.936280       2.980390       3.094280       3.172260       3.262480       3.339090       3.332270       3.346330       3.328550       3.285990       3.225190       3.143360       3.065520       2.984960       2.911560       2.845060       2.788120       2.743700       2.716100       2.688420    
   7.163850       8.218150       9.203550       9.935880       10.04630       9.172060       7.363130       5.129630       2.994250       2.037010       2.334430       2.591590       2.809500       2.975340       3.122520       3.191590       3.258600       3.268650       3.257740       3.214040       3.149990       3.066780       2.987680       2.907830       2.836980       2.774360       2.721900       2.681740       2.652260       2.633580    
   6.598020       7.354230       7.972630       8.296170       8.091950       7.276720       5.910550       4.297500       2.869480       2.190270       2.221800       2.428680       2.656100       2.845920       3.012600       3.111610       3.190030       3.217250       3.197940       3.143830       3.072100       2.981170       2.893860       2.815240       2.744910       2.684520       2.629310       2.592590       2.548630       2.552960    
   5.976400       6.495310       6.854610       6.960900       6.685550       6.007530       5.013200       3.902770       2.981930       2.461790       2.338870       2.429450       2.604730       2.780260       2.954030       3.073260       3.155090       3.174340       3.136720       3.060950       2.967290       2.870340       2.772510       2.685180       2.616370       2.559930       2.515890       2.484390       2.449310       2.456100    
   5.369420       5.716130       5.935250       5.919800       5.646030       5.117850       4.409850       3.642960       3.016400       2.620490       2.478060       2.486760       2.597460       2.748580       2.917100       3.054220       3.132910       3.132210       3.058970       2.947670       2.823870       2.712080       2.608120       2.529980       2.464220       2.413280       2.376450       2.331120       2.332380       2.357590    
   4.813410       5.071000       5.171870       5.110950       4.871460       4.470020       3.937570       3.415920       2.997160       2.695130       2.539080       2.512430       2.578250       2.706400       2.881350       3.031290       3.123890       3.090680       2.957470       2.797960       2.646900       2.522740       2.416970       2.338950       2.280060       2.240120       2.212920       2.180000       2.192380       2.229080    
   4.370300       4.507280       4.551330       4.475080       4.237220       3.932580       3.565320       3.226640       2.904920       2.661630       2.520120       2.474060       2.508120       2.612130       2.788780       2.962210       3.110520       3.017300       2.787890       2.577720       2.412700       2.287040       2.193760       2.120380       2.072960       2.042380       2.002050       2.005700       2.028390       2.070610    
   3.966000       3.987240       3.993420       3.914270       3.749430       3.558810       3.286330       3.011650       2.757080       2.558450       2.427880       2.366000       2.367530       2.440390       2.588990       2.739740       2.946260       2.769780       2.484840       2.271390       2.116480       2.007200       1.932270       1.877380       1.846490       1.805130       1.804560       1.817040       1.821530       1.872600    
   3.533810       3.573280       3.563030       3.484320       3.400000       3.208660       2.997210       2.783660       2.576990       2.405290       2.277950       2.197480       2.162110       2.259940       2.272360       2.320540       2.343470       2.231770       2.046250       1.886050       1.771230       1.695950       1.650350       1.620750       1.586580       1.588320       1.599440       1.594720       1.630540       1.678370    
   3.206670       3.223920       3.201260       3.188860       3.064160       2.905180       2.744070       2.557420       2.379390       2.221520       2.090510       1.988460       1.914160       1.938600       1.902670       1.848370       1.784230       1.680950       1.563010       1.466140       1.403480       1.375320       1.365310       1.369150       1.356080       1.373830       1.371910       1.401670       1.437150       1.479840    
   3.186690       3.210620       3.125820       2.889230       2.779660       2.659720       2.503100       2.339480       2.177680       2.025300       1.886730       1.763130       1.755430       1.594800       1.507850       1.398170       1.290920       1.192950       1.117690       1.076560       1.067990       1.082340       1.109500       1.126410       1.138070       1.175550       1.208430       1.240780       1.273500       1.285940    
   3.171610       3.103090       2.889230       2.635530       2.533760       2.428350       2.287130       2.136060       1.983280       1.832260       1.632170       1.499740       1.458720       1.311290       1.175600       1.023080      0.8843500      0.7798900      0.7260100      0.7250200      0.7609100      0.8146500      0.8474100      0.9015700      0.9512800      0.9935500       1.031770       1.064930       1.093990       1.120250    
   3.066950       2.889230       2.575210       2.436610       2.339460       2.224390       2.094400       1.953500       1.727830       1.587380       1.445470       1.421710       1.245030       1.068320      0.9051400      0.7259400       0.000000       0.000000       0.000000       0.000000       0.000000       0.000000       0.000000      0.7353600      0.7956700      0.8459900      0.8850700      0.9170600      0.9413000      0.9587500    
   2.889230       2.547980       2.388030       2.339460       2.204520       2.049720       1.822550       1.699100       1.567470       1.429110       1.286060       1.251920       1.068290      0.8825800       0.000000       0.000000       0.000000       0.000000       0.000000       0.000000       0.000000       0.000000       0.000000       0.000000       0.000000      0.7338700      0.7726900      0.8017700      0.8204200      0.8291800    
   2.535100       2.363750       2.339460       2.197900       2.049720       1.847730       1.670930       1.554120       1.428580       1.295690       1.303550       1.123300      0.9415400      0.7586000       0.000000       0.000000       0.000000       0.000000       0.000000       0.000000       0.000000       0.000000       0.000000       0.000000       0.000000       0.000000       0.000000       0.000000       0.000000       0.000000    
   2.351600       2.339460       2.195690       2.049720       1.856130       1.670930       1.612520       1.551210       1.412490       1.371580       1.201000       1.029330      0.8575400       0.000000       0.000000       0.000000       0.000000       0.000000       0.000000       0.000000       0.000000       0.000000       0.000000       0.000000       0.000000       0.000000       0.000000       0.000000       0.000000       0.000000    
   2.339460       2.194960       2.049720       1.858930       1.670930       1.641730       1.611550       1.486950       1.371580       1.286290       1.121880      0.9677500      0.8105000       0.000000       0.000000       0.000000       0.000000       0.000000       0.000000       0.000000       0.000000       0.000000       0.000000       0.000000       0.000000       0.000000       0.000000       0.000000       0.000000       0.000000    
   2.194710       2.049720       1.859860       1.670930       1.656330       1.641400       1.527950       1.371580       1.328930       1.164650       1.003750       1.039760      0.8695700       0.000000       0.000000       0.000000       0.000000       0.000000       0.000000       0.000000       0.000000       0.000000       0.000000       0.000000       0.000000       0.000000       0.000000       0.000000       0.000000       0.000000    
   2.049720       1.860170       1.670930       1.663630       1.656220       1.549320       1.371580       1.350260       1.185340       1.021760       1.039760      0.9546650      0.6607530      0.7336800       0.000000       0.000000       0.000000       0.000000       0.000000       0.000000       0.000000       0.000000       0.000000       0.000000       0.000000       0.000000       0.000000       0.000000       0.000000       0.000000    
   1.860270       1.670930       1.667280       1.663590       1.560190       1.371580       1.360920       1.195540       1.030760       1.039760      0.9972130      0.8472140      0.7336800      0.3668400      0.2445600       0.000000       0.000000       0.000000       0.000000       0.000000       0.000000       0.000000       0.000000       0.000000       0.000000       0.000000       0.000000       0.000000       0.000000       0.000000    
   1.670930       1.669100       1.667270       1.565660       1.371580       1.366250       1.200610       1.035260       1.039760       1.018490      0.9044670      0.7336800      0.5502600      0.4483600      0.2038000      0.8152000E-01   0.000000       0.000000       0.000000       0.000000       0.000000       0.000000       0.000000       0.000000       0.000000       0.000000       0.000000       0.000000       0.000000       0.000000    
   1.670020       1.669100       1.568400       1.371580       1.368910       1.203140       1.037510       1.039760       1.029120      0.9240980      0.7336800      0.6419700      0.5774330      0.4008070      0.2445600      0.9510670E-01  0.1630400E-01   0.000000       0.000000       0.000000       0.000000       0.000000       0.000000       0.000000       0.000000       0.000000       0.000000       0.000000       0.000000       0.000000    
   1.670020       1.569780       1.371580       1.370250       1.204410       1.038630       1.039760       1.034440      0.9316650      0.7336800      0.6878250      0.6510280      0.5400700      0.4076000      0.2468240      0.7119410E-01   0.000000       0.000000       0.000000       0.000000       0.000000       0.000000       0.000000       0.000000       0.000000       0.000000       0.000000       0.000000       0.000000       0.000000    
   1.570460       1.371580       1.370910       1.205040       1.039200       1.039760       1.037100      0.9348870      0.7336800      0.7107520      0.6908440      0.6263080      0.5328990      0.2986240      0.1209360       0.000000       0.000000       0.000000       0.000000       0.000000       0.000000       0.000000       0.000000       0.000000       0.000000       0.000000       0.000000       0.000000       0.000000       0.000000    
   1.371580       1.371250       1.205350       1.039480       1.039760       1.038430      0.9363570      0.7336800      0.7222160      0.7117590      0.6759680      0.6166840      0.2915660       0.000000       0.000000       0.000000       0.000000       0.000000       0.000000       0.000000       0.000000       0.000000       0.000000       0.000000       0.000000       0.000000       0.000000       0.000000       0.000000       0.000000    
   1.371410       1.205510       1.039620       1.039760       1.039100      0.9370570      0.7336800      0.7279480      0.7225520      0.7033140      0.4008820       0.000000       0.000000       0.000000       0.000000       0.000000       0.000000       0.000000       0.000000       0.000000       0.000000       0.000000       0.000000       0.000000       0.000000       0.000000       0.000000       0.000000       0.000000       0.000000    
   1.205590       1.039690       1.039760       1.039430      0.9373980      0.7336800      0.7308140      0.7280600      0.7179380      0.3653500       0.000000       0.000000       0.000000       0.000000       0.000000       0.000000       0.000000       0.000000       0.000000       0.000000       0.000000       0.000000       0.000000       0.000000       0.000000       0.000000       0.000000       0.000000       0.000000       0.000000    
   1.039720       1.039760       1.039590      0.9375660      0.7336800      0.7322470      0.7308510      0.5442030      0.3018910       0.000000       0.000000       0.000000       0.000000       0.000000       0.000000       0.000000       0.000000       0.000000       0.000000       0.000000       0.000000       0.000000       0.000000       0.000000       0.000000       0.000000       0.000000       0.000000       0.000000       0.000000    
   1.039760       1.039680      0.9376500      0.7336800      0.7329640      0.4393560       0.000000       0.000000       0.000000       0.000000       0.000000       0.000000       0.000000       0.000000       0.000000       0.000000       0.000000       0.000000       0.000000       0.000000       0.000000       0.000000       0.000000       0.000000       0.000000       0.000000       0.000000       0.000000       0.000000       0.000000    
   1.039720      0.9376920      0.7336800      0.7333220      0.3812000       0.000000       0.000000       0.000000       0.000000       0.000000       0.000000       0.000000       0.000000       0.000000       0.000000       0.000000       0.000000       0.000000       0.000000       0.000000       0.000000       0.000000       0.000000       0.000000       0.000000       0.000000       0.000000       0.000000       0.000000       0.000000    
