iMOD/TUTORIALS/TUT_MetaswapAnalyser/model_MetaSWAP/meteo/Precipitation/Precipitation_20051226_L1.ASC
NCOLS                30
NROWS                30
XLLCORNER     160000.00
YLLCORNER     340000.00
CELLSIZE        1000.00
NODATA_VALUE   -9999.00
   1.389300       1.392650       1.395530       1.398260       1.402930       1.409930       1.419240       1.424620       1.416690       1.371670       1.289790       1.202450       1.120180       1.051460      0.9941600      0.9527300      0.9302600      0.9224100      0.9311300      0.9552200      0.9927000       1.040510       1.098000       1.158220       1.227970       1.300970       1.375270       1.448300       1.516200       1.570960    
   1.387900       1.388660       1.390080       1.391130       1.393900       1.397170       1.401130       1.403470       1.402370       1.355700       1.249370       1.150020       1.060840      0.9860400      0.9239400      0.8812400      0.8552100      0.8495300      0.8626900      0.8928500      0.9374900      0.9930500       1.058320       1.126660       1.204150       1.285150       1.368130       1.451190       1.537170       1.603500    
   1.383500       1.381550       1.379150       1.377360       1.376230       1.372620       1.367050       1.356490       1.333330       1.275260       1.182410       1.084320      0.9923400      0.9121000      0.8455200      0.7988000      0.7720300      0.7684400      0.7871400      0.8251400      0.8787600      0.9431900       1.012980       1.093100       1.177830       1.265880       1.362600       1.453280       1.541970       1.628500    
   1.377180       1.372040       1.365880       1.358910       1.349570       1.337580       1.320810       1.297280       1.256020       1.191320       1.106210       1.012330      0.9190900      0.8344300      0.7619600      0.7096300      0.6812200      0.6809600      0.7075300      0.7558100      0.8198400      0.8912100      0.9729500       1.066470       1.157190       1.250080       1.344300       1.439150       1.532540       1.626120    
   1.369460       1.360870       1.350520       1.337780       1.321980       1.301710       1.274720       1.236840       1.186090       1.118540       1.034930      0.9437400      0.8501100      0.7606300      0.6788300      0.6176300      0.5878400      0.5923100      0.6307400      0.6931600      0.7667600      0.8522700      0.9421900       1.035770       1.130950       1.226780       1.322300       1.414430       1.504970       1.584480    
   1.361070       1.348160       1.333720       1.316190       1.294550       1.267360       1.231430       1.187080       1.127400       1.058040      0.9763000      0.8856200      0.7902100      0.6950500      0.6044600      0.5297400      0.4877000      0.4983300      0.5545000      0.6343700      0.7219000      0.8169400      0.9135200       1.011370       1.108940       1.205380       1.299550       1.387870       1.471140       1.541030    
   1.350430       1.335560       1.317620       1.296010       1.267790       1.235970       1.196460       1.142950       1.084160       1.013950      0.9332300      0.8439000      0.7484400      0.6494100      0.5490900      0.4556300      0.3882100      0.4118400      0.4971500      0.5934900      0.6945800      0.7962000      0.8971900      0.9960800       1.093630       1.188440       1.277230       1.362710       1.439590       1.503610    
   1.361720       1.321320       1.301020       1.276750       1.247560       1.206210       1.163350       1.113370       1.053920      0.9849500      0.9069600      0.8211600      0.7291000      0.6320200      0.5308300      0.4308700      0.3335700      0.3782500      0.4819800      0.5870200      0.6912800      0.7939700      0.8945500      0.9918700       1.086790       1.175720       1.262210       1.342240       1.416370       1.475170    
   1.351920       1.312740       1.290260       1.263740       1.224290       1.188050       1.144030       1.094120       1.036180      0.9703800      0.8972100      0.8176500      0.7331800      0.6413200      0.5555700      0.4764500      0.4263600      0.4477800      0.5239500      0.6170600      0.7143000      0.8115500      0.9071600      0.9995000       1.087040       1.172790       1.253520       1.331160       1.396470       1.451570    
   1.346980       1.306610       1.282710       1.244510       1.213020       1.176440       1.133050       1.084590       1.029790      0.9688100      0.9022700      0.8313100      0.7576700      0.6798800      0.6114000      0.5571400      0.5319700      0.5474900      0.6010100      0.6757300      0.7594300      0.8471400      0.9339000       1.019050       1.098550       1.177270       1.254860       1.322550       1.382760       1.434130    
   1.338650       1.312100       1.268010       1.238190       1.206780       1.170790       1.129170       1.083590       1.033110      0.9781200      0.9194700      0.8584900      0.7905600      0.7254000      0.6813400      0.6474100      0.6360800      0.6530200      0.6958700      0.7564300      0.8266800      0.9013900      0.9775400       1.051500       1.128770       1.200160       1.266860       1.328160       1.382850       1.422010    
   1.337440       1.289240       1.238190       1.214380       1.205160       1.170730       1.131570       1.089680       1.044260      0.9959200      0.9272800      0.8796200      0.8250100      0.7921200      0.7588600      0.7405800      0.7403300      0.7595200      0.7956000      0.8436000      0.8994200      0.9602100       1.024840       1.089620       1.153850       1.215090       1.274160       1.328890       1.378190       1.421070    
   1.305800       1.238190       1.216550       1.206260       1.207370       1.174170       1.139110       1.101340       1.033170      0.9947900      0.9560600      0.9181300      0.8839600      0.8560000      0.8364800      0.8314300      0.8416200      0.8657600      0.8979700      0.9349600      0.9763200       1.023210       1.074290       1.127850       1.182230       1.235920       1.286340       1.334620       1.378580       1.417300    
   1.238190       1.217230       1.206820       1.207370       1.187970       1.182370       1.111890       1.081500       1.050040       1.016720      0.9861000      0.9587200      0.9347700      0.9178600      0.9108300      0.9157100      0.9369400      0.9698100       1.000950       1.023270       1.049930       1.083620       1.109970       1.150720       1.193840       1.237780       1.280580       1.322230       1.361190       1.396590    
   1.217470       1.207090       1.207370       1.192570       1.182370       1.140020       1.125800       1.099320       1.072610       1.046530       1.021700       1.000590      0.9846300      0.9759500      0.9769600      0.9892900       1.017140       1.059770       1.092680       1.091990       1.102410       1.122290       1.149200       1.181080       1.216150       1.252880       1.289970       1.325830       1.360400       1.393500    
   1.207230       1.207370       1.194100       1.182370       1.149400       1.125800       1.112560       1.099240       1.072220       1.070430       1.051880       1.037070       1.027530       1.024950       1.024180       1.040590       1.068960       1.104810       1.130360       1.138510       1.147850       1.162380       1.183470       1.209180       1.238130       1.269040       1.300780       1.332330       1.362370       1.391140    
   1.207370       1.194610       1.182370       1.152520       1.125800       1.119180       1.112530       1.088610       1.070430       1.061160       1.063970       1.069570       1.056220       1.056090       1.066050       1.081310       1.103630       1.129630       1.150910       1.164920       1.177050       1.191620       1.209910       1.230390       1.254770       1.281030       1.308300       1.335770       1.362750       1.388180    
   1.194780       1.182370       1.153560       1.125800       1.122490       1.119170       1.097690       1.070430       1.065790       1.073340       1.080240       1.090900       1.086230       1.088910       1.096100       1.109230       1.127400       1.147760       1.166340       1.181810       1.195830       1.210640       1.227520       1.246750       1.266720       1.289430       1.313100       1.337150       1.361060       1.384410    
   1.182370       1.153910       1.125800       1.124150       1.122490       1.102450       1.070430       1.068110       1.077210       1.085570       1.090900       1.088560       1.094490       1.111900       1.118320       1.129200       1.143350       1.161100       1.177620       1.192990       1.207660       1.222650       1.238780       1.256380       1.275400       1.295520       1.315010       1.336170       1.357390       1.377760    
   1.154030       1.125800       1.124970       1.124140       1.104880       1.070430       1.069270       1.078980       1.088230       1.090900       1.089730       1.096460       1.111900       1.115110       1.119810       1.130290       1.144550       1.160690       1.186950       1.199880       1.214480       1.229370       1.244960       1.261440       1.278790       1.296820       1.314560       1.333100       1.343870       1.363230    
   1.125800       1.125390       1.124970       1.106110       1.070430       1.069850       1.079830       1.089570       1.090900       1.090320       1.097250       1.111900       1.113500       1.115610       1.121740       1.131550       1.145180       1.179370       1.201510       1.203150       1.217360       1.231960       1.247070       1.261990       1.278140       1.294590       1.302020       1.318780       1.335950       1.353950    
   1.125590       1.125390       1.106720       1.070430       1.070140       1.080250       1.090230       1.090900       1.090610       1.097590       1.111900       1.112700       1.113670       1.116950       1.122960       1.132820       1.172320       1.202330       1.203150       1.212190       1.216050       1.230360       1.245150       1.260300       1.266990       1.283510       1.298090       1.312600       1.327220       1.341980    
   1.125590       1.107030       1.070430       1.070290       1.080460       1.090570       1.090900       1.090750       1.097750       1.111900       1.112300       1.112760       1.114440       1.117860       1.124240       1.162970       1.202740       1.203150       1.205540       1.209120       1.218850       1.226810       1.237410       1.251070       1.264930       1.278240       1.291620       1.304360       1.316560       1.329020    
   1.107190       1.070430       1.070360       1.080560       1.090730       1.090900       1.090830       1.097830       1.111900       1.112100       1.112320       1.113170       1.115020       1.115890       1.140830       1.183340       1.184030       1.191500       1.200090       1.197710       1.202190       1.218820       1.231590       1.245240       1.259160       1.272830       1.285670       1.297160       1.307060       1.323250    
   1.070430       1.070390       1.080610       1.090820       1.090900       1.090860       1.097860       1.111900       1.112000       1.112110       1.112530       1.113500       1.111270       1.106480       1.107030       1.149510       1.163260       1.164900       1.183830       1.193450       1.193230       1.204780       1.224320       1.238530       1.253160       1.267510       1.280780       1.292120       1.307340       1.311680    
   1.070410       1.080640       1.090860       1.090900       1.090880       1.097880       1.111900       1.111950       1.112000       1.112210       1.074160       1.016320       1.075870       1.105810       1.105930       1.107030       1.143740       1.161620       1.164900       1.179250       1.184940       1.196170       1.209320       1.230670       1.246720       1.262740       1.277720       1.296060       1.305430       1.310040    
   1.080650       1.090880       1.090900       1.090890       1.097890       1.111900       1.111930       1.111950       1.112050       1.066200       1.016320       1.016320       1.016320       1.074860       1.104460       1.104840       1.107030       1.141390       1.158340       1.164900       1.173930       1.185680       1.199920       1.216290       1.239920       1.258650       1.280620       1.297450       1.310870       1.320830    
   1.090890       1.090900       1.090900       1.097900       1.111900       1.111910       1.111930       1.068350       1.038970       1.016260       1.016320       1.016320       1.016320       1.016320       1.072730       1.101500       1.102650       1.107030       1.135290       1.151780       1.160890       1.173330       1.188900       1.207350       1.228210       1.256820       1.280770       1.302670       1.322020       1.339480    
   1.090900       1.090900       1.097900       1.111900       1.111910       1.063720      0.9914200      0.9644500      0.9374800      0.9898890       1.016150       1.016320       1.016320       1.016320       1.016320       1.068270       1.094830       1.098260       1.107030       1.117460       1.131410       1.148750       1.161810       1.193360       1.220960       1.250490       1.282650       1.310580       1.336530       1.361270    
   1.090900       1.097900       1.111900       1.111900       1.054100      0.9914510      0.9914510      0.9914200      0.9644490      0.9374800      0.9896020       1.015820       1.016320       1.016320       1.016320       1.016320       1.059300       1.079210       1.089490       1.099890       1.096930       1.121060       1.148280       1.178340       1.212130       1.250030       1.288140       1.319380       1.352960       1.384240    
