iMOD/TUTORIALS/TUT_MetaswapAnalyser/model_MetaSWAP/meteo/Precipitation/Precipitation_20050927_L1.ASC
NCOLS                30
NROWS                30
XLLCORNER     160000.00
YLLCORNER     340000.00
CELLSIZE        1000.00
NODATA_VALUE   -9999.00
   2.482580       2.431690       2.383130       2.338410       2.303130       2.276270       2.262200       2.252890       2.239590       2.207390       2.155360       2.098250       2.041770       1.987280       1.935290       1.885790       1.840350       1.796890       1.760180       1.727320       1.697800       1.665860       1.640860       1.629070       1.605810       1.583590       1.562330       1.542290       1.524280       1.510290    
   2.442710       2.395360       2.350840       2.310060       2.278420       2.251310       2.232540       2.218900       2.207110       2.172790       2.106410       2.042740       1.981290       1.922440       1.867590       1.816540       1.771200       1.729560       1.692000       1.661680       1.635320       1.607520       1.586180       1.576970       1.557220       1.538110       1.519430       1.501180       1.483840       1.470160    
   2.404340       2.359290       2.316690       2.281560       2.245990       2.216330       2.191670       2.169450       2.143890       2.102180       2.042280       1.978240       1.914510       1.853900       1.796140       1.743430       1.697550       1.658530       1.626150       1.599500       1.574380       1.551130       1.544930       1.528260       1.512350       1.496700       1.480770       1.464610       1.448380       1.432180    
   2.366050       2.322250       2.280420       2.244430       2.207620       2.174120       2.142830       2.110800       2.073730       2.027390       1.970350       1.907880       1.844300       1.781840       1.722700       1.668640       1.622450       1.584990       1.555920       1.533630       1.516200       1.510610       1.493430       1.481260       1.469750       1.458230       1.446300       1.433630       1.420310       1.405780    
   2.327830       2.284370       2.245060       2.203970       2.164760       2.127030       2.089650       2.050370       2.006410       1.955730       1.900090       1.837340       1.772660       1.708450       1.647600       1.591460       1.543520       1.508040       1.483430       1.466650       1.467270       1.458420       1.445820       1.436880       1.430210       1.423420       1.416230       1.409030       1.401230       1.395440    
   2.289890       2.247600       2.204220       2.161630       2.119770       2.078140       2.036500       1.990940       1.946560       1.891990       1.832320       1.768800       1.703270       1.637260       1.572930       1.512860       1.463370       1.430790       1.412980       1.403230       1.408370       1.405480       1.398780       1.397010       1.395340       1.392090       1.390150       1.388600       1.387210       1.388200    
   2.251680       2.207310       2.163000       2.118760       2.075560       2.030400       1.983910       1.941110       1.887810       1.830430       1.769190       1.704720       1.638060       1.570480       1.503530       1.437910       1.381270       1.353810       1.346350       1.352240       1.353680       1.356350       1.359760       1.358520       1.361940       1.365250       1.368990       1.372230       1.375540       1.381590    
   2.206210       2.169380       2.123830       2.077790       2.031060       1.996910       1.942950       1.889850       1.833620       1.774170       1.711590       1.646350       1.579200       1.510970       1.443560       1.375810       1.310510       1.290420       1.294760       1.298870       1.304630       1.311780       1.319890       1.323590       1.331900       1.340780       1.348940       1.357240       1.367460       1.377190    
   2.170000       2.130820       2.084310       2.036890       2.006150       1.954700       1.898060       1.842720       1.784500       1.723560       1.660040       1.594410       1.527420       1.461570       1.395050       1.332620       1.281500       1.255370       1.250530       1.253820       1.261470       1.271940       1.284140       1.292350       1.305850       1.318730       1.331500       1.345850       1.358580       1.371960    
   2.133640       2.093990       2.046650       2.020090       1.968840       1.915800       1.857460       1.800270       1.740710       1.678790       1.614730       1.549050       1.482620       1.418840       1.354780       1.297500       1.248700       1.223040       1.213130       1.214460       1.223150       1.236400       1.252420       1.269760       1.282610       1.299770       1.318350       1.334820       1.351210       1.367740    
   2.135620       2.091430       2.036930       1.987000       1.934650       1.879460       1.820940       1.762760       1.702400       1.639950       1.575680       1.510150       1.447480       1.373940       1.302090       1.252970       1.213920       1.188370       1.177520       1.179520       1.190950       1.208320       1.228870       1.251370       1.275390       1.290650       1.311110       1.330920       1.350210       1.364790    
   2.135300       2.062740       1.987000       1.925470       1.904150       1.848150       1.788900       1.730330       1.669650       1.607080       1.527660       1.464820       1.403550       1.322210       1.267720       1.218300       1.177540       1.150050       1.138600       1.142790       1.158350       1.180450       1.207560       1.233840       1.259900       1.278760       1.302440       1.325180       1.347060       1.368190    
   2.091080       1.987000       1.919670       1.890120       1.876080       1.818450       1.761650       1.702960       1.619460       1.559980       1.498880       1.405240       1.349390       1.293240       1.238050       1.186210       1.140960       1.108390       1.096870       1.106660       1.130360       1.158910       1.189230       1.219530       1.248970       1.277180       1.297030       1.322090       1.346000       1.368890    
   1.987000       1.916460       1.883100       1.876080       1.830050       1.795610       1.707610       1.652060       1.594890       1.545480       1.484150       1.382030       1.327130       1.271410       1.215620       1.160670       1.108890       1.065750       1.052430       1.074950       1.108010       1.143040       1.167840       1.199490       1.229970       1.259190       1.281120       1.307580       1.333110       1.357860    
   1.914780       1.879590       1.876080       1.833910       1.795610       1.735420       1.703030       1.646880       1.589270       1.530330       1.419240       1.367170       1.313670       1.259100       1.203810       1.147940       1.091940       1.034980       1.015840       1.053840       1.091760       1.127840       1.162500       1.195720       1.227500       1.257880       1.286960       1.308610       1.335180       1.361640    
   1.877830       1.876080       1.835200       1.795610       1.744690       1.703030       1.674960       1.646390       1.555530       1.455620       1.407340       1.357610       1.306710       1.254990       1.198970       1.147450       1.094140       1.053080       1.041270       1.064480       1.097330       1.132480       1.166530       1.199580       1.231430       1.262030       1.291390       1.319600       1.340570       1.366810    
   1.876080       1.835630       1.795610       1.747780       1.703030       1.688990       1.674790       1.583120       1.455620       1.431480       1.384040       1.354400       1.301630       1.253900       1.198950       1.155390       1.116850       1.088910       1.080430       1.092640       1.116930       1.146170       1.177030       1.209280       1.239920       1.269720       1.298550       1.326410       1.353340       1.374160    
   1.835770       1.795610       1.748810       1.703030       1.696010       1.688940       1.600630       1.455620       1.443550       1.393230       1.349800       1.345210       1.302410       1.252500       1.212570       1.175990       1.145920       1.125530       1.118850       1.126230       1.144050       1.168010       1.195020       1.223270       1.253030       1.281300       1.308940       1.335850       1.362060       1.387970    
   1.795610       1.749150       1.703030       1.699520       1.695990       1.610300       1.455620       1.449590       1.397020       1.347510       1.345210       1.323810       1.291320       1.265180       1.230740       1.200310       1.175960       1.161030       1.155740       1.160830       1.174500       1.194160       1.217470       1.242720       1.268780       1.294970       1.322170       1.347650       1.372950       1.400000    
   1.749260       1.703030       1.701280       1.699510       1.615360       1.455620       1.452600       1.398760       1.346360       1.345210       1.334510       1.306380       1.265180       1.247960       1.232080       1.202340       1.179100       1.164240       1.180150       1.195000       1.206090       1.222580       1.242760       1.265200       1.288790       1.312780       1.339800       1.364430       1.384050       1.407520    
   1.703030       1.702150       1.701270       1.617940       1.455620       1.454110       1.399600       1.345780       1.345210       1.339860       1.312820       1.265180       1.256570       1.248410       1.227460       1.204500       1.181890       1.192650       1.211590       1.228170       1.237720       1.252020       1.269780       1.293170       1.314300       1.335940       1.354520       1.376010       1.397340       1.418870    
   1.702590       1.702150       1.619250       1.455620       1.454870       1.400010       1.345500       1.345210       1.342540       1.315770       1.265180       1.260870       1.256720       1.244140       1.226790       1.204620       1.205420       1.219880       1.228170       1.246360       1.273180       1.285670       1.301380       1.319240       1.334500       1.356230       1.375390       1.394260       1.412870       1.431030    
   1.702590       1.619900       1.455620       1.455240       1.400210       1.345350       1.345210       1.343870       1.317170       1.265180       1.263030       1.260920       1.253910       1.242550       1.225180       1.235640       1.224020       1.228170       1.281130       1.302310       1.310180       1.314040       1.330290       1.345770       1.362710       1.379630       1.396610       1.413010       1.428800       1.444530    
   1.620230       1.455620       1.455430       1.400310       1.345280       1.345210       1.344540       1.317860       1.265180       1.264100       1.263040       1.259290       1.252460       1.291020       1.310050       1.316860       1.317330       1.326110       1.337260       1.347680       1.331440       1.346550       1.358850       1.373610       1.389320       1.405140       1.420370       1.434510       1.447340       1.465530    
   1.455620       1.455530       1.400360       1.345250       1.345210       1.344880       1.318200       1.265180       1.264640       1.264110       1.262150       1.258260       1.337790       1.442920       1.442450       1.397590       1.409240       1.406490       1.377490       1.361790       1.363920       1.373060       1.387600       1.402140       1.417390       1.432450       1.446540       1.459020       1.475080       1.482160    
   1.455570       1.400390       1.345230       1.345210       1.345040       1.318370       1.265180       1.264910       1.264640       1.263630       1.334460       1.443900       1.443530       1.443270       1.443390       1.442450       1.421360       1.411980       1.406490       1.393980       1.390010       1.401030       1.414460       1.431020       1.446520       1.461540       1.475290       1.491950       1.500950       1.506480    
   1.400400       1.345220       1.345210       1.345130       1.318450       1.265180       1.265050       1.264910       1.264400       1.350110       1.443900       1.443900       1.443900       1.444040       1.443980       1.444340       1.442450       1.424530       1.417470       1.406490       1.415500       1.427750       1.442460       1.458630       1.476490       1.492220       1.510020       1.522680       1.532550       1.539940    
   1.345210       1.345210       1.345170       1.318490       1.265180       1.265110       1.265050       1.318750       1.376690       1.443910       1.443900       1.443900       1.443900       1.443900       1.444890       1.445150       1.446230       1.442450       1.431720       1.428450       1.438860       1.452790       1.469450       1.487640       1.506210       1.525870       1.542370       1.556360       1.568240       1.578920    
   1.345210       1.345190       1.318510       1.265180       1.265150       1.364290       1.513040       1.496840       1.480640       1.456180       1.443940       1.443900       1.443900       1.443900       1.443900       1.446180       1.446780       1.450000       1.442450       1.449500       1.461000       1.476570       1.489440       1.512990       1.536730       1.557540       1.575770       1.591440       1.605710       1.619560    
   1.345200       1.318520       1.265180       1.265160       1.384180       1.513090       1.513090       1.513040       1.496840       1.480640       1.456240       1.444010       1.443900       1.443900       1.443900       1.443900       1.447800       1.447890       1.457550       1.465480       1.463460       1.485890       1.511940       1.540300       1.567460       1.589230       1.607750       1.626070       1.643060       1.659840    
