iMOD/TUTORIALS/TUT_MetaswapAnalyser/model_MetaSWAP/meteo/Precipitation/Precipitation_20050213_L1.ASC
NCOLS                30
NROWS                30
XLLCORNER     160000.00
YLLCORNER     340000.00
CELLSIZE        1000.00
NODATA_VALUE   -9999.00
   6.723860       6.654940       6.596760       6.553990       6.539540       6.575390       6.667710       6.788060       6.900950       6.939230       6.884390       6.805760       6.729540       6.678360       6.625760       6.587430       6.600760       6.603470       6.624320       6.662690       6.715690       6.773470       6.845100       6.924170       7.001980       7.078060       7.147980       7.204830       7.236800       7.222410    
   6.741740       6.677820       6.624390       6.592290       6.588170       6.621480       6.694460       6.797710       6.919830       6.947520       6.823500       6.710230       6.606920       6.531450       6.461700       6.439240       6.414390       6.421150       6.447450       6.494040       6.557790       6.628330       6.713030       6.805740       6.898250       6.990810       7.080410       7.162240       7.226040       7.244650    
   6.755440       6.695160       6.648450       6.619380       6.609640       6.631040       6.678630       6.743570       6.803280       6.791230       6.693880       6.575330       6.458760       6.365850       6.284420       6.244680       6.214900       6.216260       6.247760       6.304730       6.382230       6.466350       6.566620       6.669040       6.774050       6.879850       6.984920       7.087800       7.183000       7.261640    
   6.763680       6.704880       6.658330       6.625550       6.611000       6.614180       6.631310       6.648630       6.654740       6.616710       6.528630       6.414830       6.291680       6.185190       6.087170       6.027480       5.991450       5.995020       6.036500       6.107670       6.198800       6.306140       6.410270       6.522640       6.636030       6.748900       6.860250       6.969250       7.072860       7.170040    
   6.765670       6.706210       6.654520       6.616340       6.589860       6.573520       6.562480       6.546550       6.517160       6.457930       6.356520       6.242360       6.117520       5.995960       5.881600       5.797220       5.751370       5.759100       5.816370       5.906870       6.018610       6.135580       6.249710       6.370440       6.487410       6.600530       6.707910       6.803790       6.885880       6.926640    
   6.761720       6.696070       6.642090       6.595890       6.556730       6.522240       6.487010       6.444540       6.373440       6.298530       6.202120       6.084750       5.952300       5.814560       5.672110       5.562310       5.498080       5.513690       5.597750       5.713900       5.843740       5.972850       6.094410       6.216450       6.332410       6.441440       6.538060       6.615570       6.668560       6.674010    
   6.743680       6.682180       6.622940       6.568490       6.516550       6.466360       6.413400       6.323610       6.253890       6.170010       6.066730       5.945140       5.808240       5.656810       5.486920       5.344400       5.235860       5.271290       5.401210       5.546710       5.688540       5.824820       5.954050       6.069490       6.180370       6.279340       6.359810       6.422090       6.454110       6.441760    
   6.742400       6.659430       6.598240       6.535950       6.474740       6.342190       6.299810       6.229880       6.152440       6.060630       5.953010       5.829790       5.692390       5.535400       5.354690       5.199150       5.038540       5.107180       5.267380       5.419600       5.563330       5.698260       5.823790       5.933400       6.036010       6.121020       6.191330       6.238220       6.257630       6.235080    
   6.721300       6.637250       6.568360       6.503600       6.343780       6.279490       6.229750       6.150610       6.066190       5.970090       5.861360       5.740230       5.607980       5.409700       5.284200       5.160260       5.076490       5.102530       5.212370       5.341930       5.471860       5.596150       5.712000       5.811830       5.900680       5.977400       6.035240       6.073340       6.078790       6.051350    
   6.699900       6.614630       6.542130       6.357320       6.292290       6.221690       6.162510       6.082450       5.994360       5.897060       5.790190       5.674400       5.551600       5.373590       5.255390       5.168880       5.118920       5.133040       5.201850       5.299170       5.406150       5.516910       5.618930       5.711800       5.783360       5.848380       5.898770       5.922810       5.921150       5.890920    
   6.694780       6.618890       6.456780       6.313050       6.241410       6.169800       6.107640       6.024810       5.935590       5.839430       5.736530       5.628040       5.438110       5.321540       5.229110       5.173390       5.147410       5.160640       5.210940       5.286220       5.373830       5.464530       5.552090       5.629590       5.702000       5.754760       5.791030       5.806600       5.798800       5.752490    
   6.694590       6.520870       6.313050       6.227420       6.197360       6.120630       6.057420       5.976690       5.888140       5.794670       5.642150       5.549440       5.371270       5.297360       5.225570       5.186140       5.170020       5.179930       5.216870       5.274120       5.343500       5.417570       5.491110       5.558140       5.615420       5.653170       5.680830       5.689860       5.678070       5.644030    
   6.574270       6.313050       6.218980       6.177600       6.157840       6.096000       6.016690       5.933970       5.768900       5.688670       5.604680       5.396260       5.338280       5.283580       5.223080       5.194110       5.182970       5.192510       5.219370       5.264760       5.319730       5.380060       5.440070       5.495440       5.542480       5.578000       5.592240       5.596200       5.581580       5.547120    
   6.313050       6.214400       6.167720       6.157840       6.104900       6.060850       5.877320       5.803550       5.727820       5.650720       5.572960       5.366020       5.316980       5.271940       5.234230       5.197160       5.188880       5.195550       5.219430       5.253540       5.298930       5.348350       5.374720       5.416330       5.451690       5.477870       5.486860       5.486980       5.471460       5.439110    
   6.212020       6.162780       6.157840       6.107860       6.060850       5.926220       5.840500       5.768690       5.695840       5.622560       5.380460       5.337370       5.296090       5.258880       5.228210       5.196720       5.189330       5.192230       5.209680       5.235460       5.263240       5.298320       5.334160       5.367760       5.396240       5.416970       5.427560       5.420600       5.405030       5.378080    
   6.160310       6.157840       6.108850       6.060850       5.942520       5.840500       5.804590       5.768340       5.619070       5.389170       5.350750       5.313000       5.277480       5.245940       5.216970       5.197920       5.176860       5.182030       5.196880       5.220170       5.249070       5.270990       5.300810       5.328890       5.352750       5.370050       5.378620       5.376570       5.356960       5.329430    
   6.157840       6.109180       6.060850       5.947960       5.840500       5.822550       5.804480       5.645290       5.389170       5.369960       5.322920       5.290040       5.256310       5.227240       5.197820       5.180360       5.164520       5.169150       5.181600       5.200840       5.224980       5.251940       5.279580       5.292300       5.312940       5.328180       5.336080       5.334900       5.323160       5.291720    
   6.109290       6.060850       5.949770       5.840500       5.831520       5.822510       5.665370       5.389170       5.379570       5.326910       5.280840       5.271640       5.240440       5.201570       5.179320       5.162850       5.148450       5.152560       5.163210       5.179560       5.200270       5.223670       5.248000       5.271400       5.278680       5.293400       5.302100       5.303180       5.295230       5.274140    
   6.060850       5.950370       5.840500       5.836010       5.831510       5.677140       5.389170       5.384370       5.328700       5.276240       5.271640       5.256040       5.223210       5.179170       5.158210       5.142360       5.131870       5.132560       5.141870       5.156210       5.174560       5.195630       5.217980       5.240040       5.260210       5.276820       5.275090       5.279670       5.273670       5.265960    
   5.950570       5.840500       5.838260       5.836010       5.683460       5.389170       5.386770       5.329560       5.273940       5.271640       5.263840       5.232510       5.179170       5.168690       5.159910       5.144150       5.135600       5.135430       5.132810       5.130660       5.147490       5.167210       5.188660       5.210560       5.231520       5.250080       5.272820       5.279570       5.284570       5.265410    
   5.840500       5.839380       5.838250       5.686720       5.389170       5.387970       5.329990       5.272790       5.271640       5.267740       5.236790       5.179170       5.173930       5.169260       5.157580       5.146550       5.138390       5.124660       5.116710       5.102760       5.118700       5.137820       5.159240       5.189830       5.212490       5.233910       5.253980       5.268350       5.277000       5.278430    
   5.839940       5.839380       5.688380       5.389170       5.388570       5.330200       5.272210       5.271640       5.269690       5.238840       5.179170       5.176550       5.174120       5.166920       5.157800       5.147510       5.124420       5.109730       5.102760       5.105940       5.096350       5.115000       5.136720       5.160640       5.188470       5.217220       5.239840       5.259940       5.275770       5.283540    
   5.839940       5.689220       5.389170       5.388870       5.330300       5.271930       5.271640       5.270660       5.239830       5.179170       5.177860       5.176610       5.172530       5.166280       5.157410       5.108420       5.106250       5.102760       5.063850       5.051340       5.072720       5.084700       5.116780       5.140700       5.167040       5.193780       5.222060       5.249340       5.273860       5.293340    
   5.689640       5.389170       5.389020       5.330350       5.271780       5.271640       5.271150       5.240330       5.179170       5.178520       5.177880       5.175670       5.171810       5.075160       5.022980       5.005520       5.006120       5.008320       5.009220       4.995370       5.006320       5.061230       5.082810       5.107870       5.136990       5.169270       5.203540       5.238370       5.272100       5.313780    
   5.389170       5.389100       5.330380       5.271710       5.271640       5.271400       5.240570       5.179170       5.178840       5.178520       5.177350       5.175120       5.005410       4.803020       4.804420       4.895850       4.904170       4.909490       4.956280       4.980940       4.984430       4.998940       5.045280       5.072220       5.104540       5.141470       5.181820       5.224150       5.276910       5.316700    
   5.389130       5.330390       5.271680       5.271640       5.271520       5.240690       5.179170       5.179010       5.178840       5.178240       4.958910       4.631770       4.744610       4.801410       4.801610       4.804420       4.868680       4.898860       4.909490       4.939320       4.952080       4.961620       4.978640       5.032340       5.067800       5.109380       5.155720       5.213130       5.263120       5.311500    
   5.330400       5.271660       5.271640       5.271580       5.240760       5.179170       5.179090       5.179010       5.178700       4.915910       4.631770       4.631770       4.631770       4.742220       4.798210       4.798810       4.804420       4.861970       4.888230       4.909490       4.911290       4.920680       4.938330       4.964990       5.026220       5.072560       5.130380       5.187100       5.243230       5.296220    
   5.271650       5.271640       5.271610       5.240790       5.179170       5.179130       5.179090       5.003950       4.827470       4.631660       4.631770       4.631770       4.631770       4.631770       4.737300       4.791400       4.793190       4.804420       4.845740       4.866960       4.867750       4.876470       4.894000       4.921720       4.960120       5.033240       5.094680       5.158080       5.219680       5.276000    
   5.271640       5.271620       5.240800       5.179170       5.179150       4.919350       4.529670       4.504330       4.478990       4.580540       4.631430       4.631770       4.631770       4.631770       4.631770       4.727200       4.776600       4.781960       4.804420       4.802090       4.806790       4.818900       4.826910       4.867650       4.914520       4.975480       5.057910       5.128960       5.196430       5.256810    
   5.271630       5.240810       5.179170       5.179160       4.867430       4.529710       4.529710       4.529670       4.504330       4.478990       4.579960       4.630750       4.631770       4.631770       4.631770       4.631770       4.707250       4.743420       4.759500       4.756340       4.732170       4.752770       4.779630       4.814070       4.863920       4.937080       5.020090       5.098670       5.177470       5.242660    
