iMOD/TUTORIALS/TUT_MetaswapAnalyser/model_MetaSWAP/meteo/Precipitation/Precipitation_20061119_L1.ASC
NCOLS                30
NROWS                30
XLLCORNER     160000.00
YLLCORNER     340000.00
CELLSIZE        1000.00
NODATA_VALUE   -9999.00
   3.832880       3.950880       4.060870       4.158340       4.233400       4.265670       4.249620       4.204020       4.146880       4.106960       4.090780       4.081690       4.076720       4.069320       4.075890       4.091970       4.076250       4.112210       4.173500       4.246880       4.328630       4.418040       4.505040       4.584950       4.664940       4.738560       4.804870       4.863290       4.913050       4.949540    
   3.762040       3.873510       3.988110       4.069240       4.127440       4.152320       4.142110       4.102880       4.043250       4.002950       4.004380       4.001070       3.995910       3.985350       3.988300       3.961450       3.990260       4.037980       4.089310       4.165330       4.250670       4.343590       4.434360       4.518290       4.601920       4.679470       4.750350       4.814390       4.833590       4.884300    
   3.719470       3.820220       3.909630       3.983480       4.039380       4.061060       4.055690       4.027040       3.987240       3.956580       3.945670       3.936350       3.924420       3.909900       3.905190       3.881630       3.905110       3.950750       4.017400       4.100320       4.179310       4.277520       4.368530       4.460470       4.546850       4.626800       4.659870       4.734230       4.800390       4.867940    
   3.682540       3.774000       3.853920       3.919090       3.964680       3.988530       3.990390       3.973890       3.951170       3.927000       3.907820       3.888760       3.868480       3.844250       3.828670       3.803920       3.819570       3.864620       3.937120       4.028970       4.130630       4.217090       4.319870       4.371750       4.461500       4.545280       4.623520       4.697130       4.763650       4.833020    
   3.652810       3.736740       3.810140       3.869220       3.912020       3.936980       3.944260       3.940540       3.923760       3.901260       3.877370       3.852470       3.819610       3.781520       3.762110       3.730970       3.716020       3.759160       3.840080       3.943200       4.045540       4.155140       4.260000       4.347690       4.435990       4.516610       4.590310       4.652790       4.716130       4.770990    
   3.631060       3.709540       3.777530       3.833380       3.875340       3.902440       3.912740       3.919140       3.916210       3.896830       3.871500       3.839160       3.801140       3.755650       3.712760       3.657710       3.638780       3.686620       3.789840       3.913700       4.030380       4.146240       4.252290       4.346340       4.429560       4.496670       4.562090       4.614770       4.665960       4.707580    
   3.631390       3.691430       3.756260       3.810560       3.849840       3.880320       3.898320       3.921120       3.916970       3.904790       3.883640       3.852960       3.811570       3.758870       3.715840       3.627340       3.564040       3.628660       3.773570       3.914880       4.047790       4.165030       4.266710       4.354840       4.429270       4.492390       4.539670       4.585050       4.619070       4.648220    
   3.635780       3.694700       3.741320       3.795790       3.840330       3.854330       3.914660       3.927900       3.933090       3.929000       3.915470       3.891660       3.856040       3.806210       3.775360       3.674380       3.560580       3.656960       3.826420       3.977360       4.107100       4.216570       4.307650       4.383460       4.444600       4.487360       4.527070       4.557980       4.584720       4.599330    
   3.636590       3.695020       3.757080       3.795270       3.815910       3.856270       3.927630       3.948540       3.962940       3.969100       3.966780       3.955340       3.933750       3.969480       3.904600       3.836510       3.798110       3.854190       3.977010       4.102180       4.211760       4.302250       4.374650       4.432130       4.468780       4.501060       4.523850       4.542980       4.549430       4.550050    
   3.645730       3.702780       3.765070       3.790010       3.822790       3.868030       3.948700       3.980050       4.004800       4.023130       4.035100       4.040650       4.039770       4.116660       4.081720       4.057600       4.062030       4.107550       4.187700       4.274520       4.350870       4.418630       4.464990       4.497720       4.513670       4.525630       4.534300       4.530390       4.520460       4.505790    
   3.640480       3.704530       3.764970       3.802010       3.856940       3.905630       3.979760       4.020160       4.056010       4.087770       4.115990       4.141340       4.294380       4.327790       4.324490       4.320810       4.339260       4.376130       4.424040       4.468830       4.502230       4.522880       4.532560       4.527590       4.525040       4.526400       4.510020       4.488990       4.463940       4.466840    
   3.638900       3.728000       3.802010       3.865240       3.878350       3.952050       4.034070       4.066210       4.113310       4.158820       4.290860       4.324680       4.508190       4.530840       4.544270       4.571970       4.611710       4.658300       4.690160       4.700990       4.693310       4.674050       4.645860       4.616240       4.583900       4.553160       4.516320       4.476940       4.435080       4.391090    
   3.684540       3.802010       3.872980       3.901010       3.923670       4.016470       4.075310       4.132830       4.318190       4.346630       4.394880       4.677400       4.690690       4.716760       4.757700       4.815850       4.885070       4.945790       4.970790       4.943420       4.885850       4.823410       4.761510       4.701920       4.644360       4.587970       4.536220       4.479820       4.422270       4.363320    
   3.802010       3.877750       3.912340       3.923670       3.997560       4.052550       4.288170       4.342360       4.396870       4.453130       4.512820       4.812770       4.842320       4.887330       4.951100       5.035250       5.141020       5.241150       5.258180       5.173520       5.063960       4.960410       4.898170       4.817700       4.742240       4.669800       4.601560       4.530510       4.458230       4.383940    
   3.880360       3.918000       3.923670       3.991260       4.052550       4.245080       4.394530       4.451590       4.509940       4.571030       4.948880       4.971720       5.007470       5.059150       5.130100       5.210560       5.334160       5.484880       5.518280       5.354700       5.218860       5.094810       4.984620       4.884870       4.792640       4.705470       4.621290       4.541500       4.458520       4.390980    
   3.920840       3.923670       3.989160       4.052550       4.230720       4.394530       4.423060       4.452020       4.641280       5.032570       5.051270       5.080020       5.120910       5.176140       5.244800       5.333640       5.461020       5.550050       5.550280       5.437540       5.303190       5.180120       5.062960       4.954680       4.853460       4.757340       4.664510       4.573300       4.484240       4.392110    
   3.923670       3.988460       4.052550       4.225930       4.394530       4.408790       4.423200       4.637230       5.032570       5.041920       5.116420       5.171290       5.208050       5.259700       5.378250       5.442210       5.498930       5.539110       5.523220       5.444900       5.334080       5.215070       5.097980       4.992660       4.886680       4.785170       4.686980       4.590910       4.495810       4.404880    
   3.988230       4.052550       4.224340       4.394530       4.401660       4.408840       4.625450       5.032570       5.037240       5.129400       5.209120       5.246950       5.282150       5.396390       5.439380       5.483190       5.509140       5.521080       5.495560       5.430190       5.336860       5.230000       5.119240       5.009480       4.909480       4.806590       4.706720       4.609220       4.513370       4.420880    
   4.052550       4.223810       4.394530       4.398100       4.401680       4.617130       5.032570       5.034910       5.134840       5.228030       5.246950       5.264550       5.344480       5.452440       5.481460       5.506960       5.522030       5.503230       5.470350       5.409560       5.326530       5.229670       5.126260       5.021190       4.917230       4.815670       4.723380       4.627270       4.535610       4.446530    
   4.223630       4.394530       4.396310       4.398100       4.612370       5.032570       5.033740       5.137350       5.237490       5.246950       5.255750       5.327110       5.452440       5.466950       5.480290       5.503480       5.510740       5.498540       5.427940       5.388260       5.310760       5.220910       5.123980       5.024200       4.924430       4.826420       4.733360       4.644330       4.482050       4.411060    
   4.394530       4.395420       4.396310       4.609840       5.032570       5.033150       5.138570       5.242220       5.246950       5.251350       5.320560       5.452440       5.459690       5.466560       5.483570       5.498170       5.504250       5.436750       5.378270       5.368280       5.293270       5.207810       5.115860       5.023750       4.928370       4.834640       4.661850       4.578910       4.502500       4.433520    
   4.394980       4.395420       4.608540       5.032570       5.032860       5.139170       5.244590       5.246950       5.249150       5.317830       5.452440       5.456070       5.459560       5.469940       5.482770       5.495330       5.436150       5.373270       5.368280       5.313820       5.279900       5.196200       5.107180       5.015850       4.836730       4.750680       4.667880       4.591200       4.521610       4.460020    
   4.394980       4.607880       5.032570       5.032720       5.139460       5.245770       5.246950       5.248050       5.316590       5.452440       5.454250       5.456020       5.461860       5.470760       5.482680       5.418230       5.370780       5.368280       5.295450       5.277640       5.201360       5.176620       5.006150       4.916790       4.830590       4.747910       4.670970       4.600810       4.538310       4.484310    
   4.607540       5.032570       5.032640       5.139610       5.246360       5.246950       5.247500       5.316010       5.452440       5.453350       5.454240       5.457380       5.462880       5.425240       5.373110       5.307440       5.306140       5.270480       5.233170       5.222070       5.275370       5.078720       4.989910       4.903730       4.820720       4.742920       4.671780       4.608230       4.552850       4.505490    
   5.032570       5.032610       5.139690       5.246650       5.246950       5.247230       5.315720       5.452440       5.452890       5.453340       5.454990       5.458170       5.384070       5.286830       5.285670       5.273890       5.245410       5.244000       5.211480       5.199820       5.168770       5.078770       4.974940       4.889670       4.809210       4.735620       4.670120       4.613230       4.564440       4.525270    
   5.032590       5.139720       5.246800       5.246950       5.247090       5.315590       5.452440       5.452670       5.452890       5.453740       5.484670       5.528440       5.368360       5.288030       5.287980       5.285670       5.258350       5.246820       5.244000       5.180020       5.155320       5.065760       4.976150       4.875150       4.796020       4.726040       4.666110       4.615520       4.574950       4.543420    
   5.139740       5.246880       5.246950       5.247020       5.315520       5.452440       5.452550       5.452670       5.453100       5.489640       5.528440       5.528440       5.528440       5.370160       5.290440       5.290290       5.285670       5.256910       5.249630       5.244000       5.152000       5.056740       4.962110       4.872760       4.781040       4.714180       4.659590       4.616820       4.584130       4.560670    
   5.246910       5.246950       5.246980       5.315480       5.452440       5.452500       5.452550       5.578790       5.592130       5.528670       5.528440       5.528440       5.528440       5.528440       5.373770       5.295350       5.294920       5.285670       5.248320       5.255270       5.156410       5.053490       4.951020       4.855320       4.773260       4.699940       4.652240       4.617450       4.592890       4.577410    
   5.246950       5.246970       5.315460       5.452440       5.452470       5.680100       6.021440       5.989140       5.956830       5.671870       5.529140       5.528440       5.528440       5.528440       5.528440       5.380990       5.305470       5.304160       5.285670       5.208330       5.119950       5.022940       4.921230       4.838930       4.751190       4.690360       4.645530       4.619520       4.602750       4.594390    
   5.246960       5.315460       5.452440       5.452450       5.725670       6.021550       6.021550       6.021440       5.989150       5.956830       5.673070       5.530530       5.528440       5.528440       5.528440       5.528440       5.395120       5.326590       5.322660       5.242330       5.146960       5.042240       4.928920       4.814980       4.724170       4.680730       4.660680       4.628580       4.615940       4.612800    
