iMOD/TUTORIALS/TUT_MetaswapAnalyser/model_MetaSWAP/meteo/Precipitation/Precipitation_20050612_L1.ASC
NCOLS                30
NROWS                30
XLLCORNER     160000.00
YLLCORNER     340000.00
CELLSIZE        1000.00
NODATA_VALUE   -9999.00
   1.296220       1.281440       1.267970       1.260630       1.272910       1.324770       1.423510       1.542820       1.652910       1.703080       1.683570       1.641480       1.594750       1.545760       1.500900       1.459360       1.416840       1.399390       1.385970       1.380570       1.381780       1.394620       1.404730       1.422900       1.435230       1.447800       1.460510       1.474170       1.491130       1.514670    
   1.328540       1.322060       1.319940       1.328290       1.357070       1.413050       1.499770       1.607960       1.726740       1.774200       1.710730       1.648640       1.587980       1.527610       1.475150       1.421500       1.387420       1.364660       1.359120       1.358760       1.365950       1.384220       1.399920       1.422320       1.438160       1.452680       1.465390       1.476510       1.493630       1.509850    
   1.363530       1.364420       1.371280       1.390380       1.423310       1.476040       1.548150       1.632210       1.708940       1.732760       1.691570       1.629720       1.563160       1.498230       1.439320       1.383250       1.347150       1.326550       1.320840       1.327230       1.347820       1.373570       1.402370       1.424650       1.445250       1.463040       1.483320       1.492150       1.495520       1.499270    
   1.399350       1.405460       1.417500       1.439910       1.471980       1.516750       1.571620       1.629000       1.669670       1.678570       1.647800       1.592590       1.527000       1.458130       1.393750       1.334680       1.296400       1.278950       1.281180       1.298040       1.323670       1.364830       1.401060       1.437360       1.463780       1.486020       1.503340       1.515110       1.520090       1.521400    
   1.434240       1.443370       1.458870       1.479410       1.507610       1.542810       1.581610       1.616940       1.636920       1.633300       1.604900       1.552760       1.487040       1.414640       1.341810       1.277210       1.236950       1.224600       1.239390       1.271150       1.317550       1.359160       1.406430       1.448010       1.481640       1.510520       1.534460       1.552610       1.569690       1.590880    
   1.467350       1.478340       1.492420       1.511000       1.534010       1.560020       1.588930       1.605540       1.617420       1.602650       1.568700       1.516210       1.449140       1.372470       1.293700       1.216270       1.164520       1.159690       1.194280       1.245490       1.306470       1.360220       1.416850       1.462970       1.504210       1.543540       1.575410       1.603020       1.632110       1.666940    
   1.498650       1.508310       1.521340       1.537040       1.559660       1.577030       1.591970       1.607080       1.600410       1.580410       1.543750       1.490720       1.423090       1.343090       1.258530       1.161740       1.083860       1.094540       1.161820       1.239010       1.308560       1.372480       1.430630       1.490320       1.538360       1.581790       1.620000       1.658080       1.698500       1.741430    
   1.530530       1.542980       1.553140       1.565020       1.577340       1.616140       1.608290       1.604820       1.593320       1.569410       1.531570       1.479520       1.413920       1.336020       1.254050       1.150610       1.041430       1.076660       1.169370       1.253280       1.329610       1.399030       1.462210       1.526930       1.580280       1.627680       1.673890       1.718600       1.767060       1.814050    
   1.564620       1.568130       1.576790       1.585220       1.629280       1.633340       1.618560       1.609950       1.594820       1.569310       1.532300       1.483540       1.423610       1.369600       1.287490       1.206050       1.148480       1.160120       1.223720       1.298140       1.371430       1.440680       1.505260       1.572620       1.627590       1.680860       1.731590       1.784930       1.833610       1.883780    
   1.589690       1.591940       1.598870       1.647200       1.651740       1.652430       1.630380       1.621010       1.604360       1.579200       1.544870       1.501460       1.449970       1.411050       1.346990       1.290590       1.256180       1.264250       1.306100       1.365080       1.429690       1.495440       1.558490       1.618710       1.682840       1.738460       1.796260       1.848060       1.899490       1.951430    
   1.588180       1.593500       1.627790       1.673150       1.674210       1.662240       1.648190       1.637630       1.621040       1.597690       1.567340       1.530470       1.517390       1.446050       1.396080       1.365460       1.353030       1.365180       1.400320       1.451030       1.509760       1.571410       1.633080       1.691790       1.754150       1.820020       1.874820       1.928030       1.980230       2.017080    
   1.588250       1.620650       1.673150       1.690160       1.699620       1.684340       1.668890       1.659160       1.643750       1.623140       1.562120       1.537240       1.536500       1.490300       1.464510       1.447010       1.443640       1.457440       1.488240       1.532260       1.584730       1.641590       1.702050       1.760580       1.817970       1.883590       1.938850       1.992620       2.045140       2.096550    
   1.616180       1.673150       1.695900       1.706630       1.713650       1.700710       1.694030       1.683990       1.616800       1.606930       1.591520       1.588880       1.566900       1.546470       1.531010       1.522660       1.525300       1.541120       1.570300       1.611760       1.661160       1.714920       1.770870       1.827400       1.883510       1.938670       2.003550       2.057040       2.109090       2.159610    
   1.673150       1.698210       1.710140       1.713650       1.714170       1.728140       1.650210       1.646470       1.640330       1.638320       1.627180       1.628790       1.614180       1.601760       1.593640       1.592330       1.599820       1.616010       1.645210       1.686390       1.734360       1.786110       1.842190       1.897270       1.952250       2.006540       2.069960       2.122610       2.173600       2.222670    
   1.699230       1.711900       1.713650       1.718650       1.728140       1.688550       1.687290       1.684170       1.679440       1.673300       1.682410       1.672150       1.663130       1.656700       1.654330       1.658700       1.667820       1.683330       1.712270       1.758030       1.805970       1.856830       1.909360       1.962700       2.016120       2.069050       2.121080       2.182590       2.232190       2.274970    
   1.712770       1.713650       1.720150       1.728140       1.701330       1.687290       1.685730       1.683630       1.690170       1.723750       1.717590       1.712300       1.708740       1.707950       1.708880       1.716960       1.734300       1.754110       1.784720       1.825960       1.871940       1.921790       1.972260       2.023560       2.075040       2.126160       2.176490       2.225650       2.284270       2.329910    
   1.713650       1.720650       1.728140       1.705590       1.687290       1.686510       1.685550       1.695820       1.723750       1.720670       1.738020       1.751130       1.749530       1.753490       1.768250       1.780220       1.797270       1.821370       1.853530       1.893100       1.937490       1.984700       2.033540       2.085010       2.135100       2.184780       2.233610       2.281160       2.327060       2.374190    
   1.720810       1.728140       1.707010       1.687290       1.686900       1.686450       1.697910       1.723750       1.722210       1.747200       1.768230       1.785340       1.790200       1.807090       1.818680       1.834890       1.855420       1.882570       1.916060       1.955220       1.998600       2.044720       2.092440       2.140930       2.191360       2.239600       2.286840       2.332630       2.376580       2.411850    
   1.728140       1.707480       1.687290       1.687090       1.686880       1.698750       1.723750       1.722980       1.751060       1.776790       1.785340       1.787770       1.808020       1.849460       1.864770       1.884560       1.909380       1.937350       1.972070       2.011410       2.054350       2.099750       2.146620       2.194100       2.241500       2.288200       2.335600       2.379490       2.415000       2.453850    
   1.707640       1.687290       1.687190       1.687090       1.699120       1.723750       1.723370       1.752840       1.781060       1.785340       1.786560       1.807650       1.849460       1.857120       1.866260       1.886240       1.910430       1.939600       2.017340       2.061280       2.104180       2.149230       2.195520       2.242210       2.288550       2.333920       2.378390       2.411660       2.481780       2.516860    
   1.687290       1.687240       1.687190       1.699290       1.723750       1.723560       1.753700       1.783200       1.785340       1.785950       1.807250       1.849460       1.853290       1.857610       1.869870       1.887640       1.912090       2.010980       2.082930       2.104590       2.147740       2.192750       2.238740       2.285530       2.330960       2.375020       2.444160       2.482490       2.516890       2.546590    
   1.687270       1.687240       1.699370       1.723750       1.723650       1.754120       1.784270       1.785340       1.785640       1.807000       1.849460       1.851370       1.853450       1.860260       1.871710       1.889870       2.001810       2.093760       2.104590       2.145990       2.185650       2.230790       2.276680       2.322410       2.400040       2.436950       2.476890       2.513030       2.544620       2.571830    
   1.687270       1.699410       1.723750       1.723700       1.754330       1.784810       1.785340       1.785490       1.806860       1.849460       1.850420       1.851430       1.855030       1.861810       1.873940       2.007750       2.099180       2.104590       2.181980       2.215070       2.246370       2.263520       2.333060       2.381110       2.425000       2.466450       2.504490       2.538090       2.566530       2.589210    
   1.699420       1.723750       1.723730       1.754440       1.785070       1.785340       1.785420       1.806790       1.849460       1.849940       1.850440       1.852290       1.856090       1.937230       2.045810       2.173920       2.176180       2.210120       2.250350       2.262270       2.244480       2.307430       2.359670       2.405380       2.449040       2.489480       2.525650       2.556690       2.581850       2.609030    
   1.723750       1.723740       1.754490       1.785210       1.785340       1.785380       1.806750       1.849460       1.849700       1.849940       1.850890       1.852940       1.991790       2.157230       2.158150       2.199310       2.246410       2.247770       2.265920       2.273710       2.280070       2.336840       2.377050       2.422890       2.466140       2.505480       2.539780       2.568150       2.597470       2.610690    
   1.723740       1.754520       1.785270       1.785340       1.785360       1.806730       1.849460       1.849580       1.849700       1.850180       1.896570       1.964530       2.092090       2.156130       2.156300       2.158150       2.216510       2.245040       2.247770       2.279920       2.296590       2.344820       2.393060       2.432810       2.475850       2.514140       2.546450       2.578360       2.596060       2.605230    
   1.754530       1.785310       1.785340       1.785350       1.806720       1.849460       1.849520       1.849580       1.849820       1.905100       1.964530       1.964530       1.964530       2.090450       2.153940       2.154450       2.158150       2.215090       2.242320       2.247770       2.295240       2.344270       2.393340       2.440540       2.477910       2.515100       2.549850       2.572740       2.586840       2.592200    
   1.785320       1.785340       1.785340       1.806720       1.849460       1.849490       1.849520       1.798190       1.844980       1.964360       1.964530       1.964530       1.964530       1.964530       2.087040       2.149230       2.150760       2.158150       2.212130       2.236860       2.284820       2.334720       2.384950       2.433170       2.476860       2.510370       2.539330       2.558780       2.569130       2.570860    
   1.785340       1.785340       1.806720       1.849460       1.849470       1.752840       1.607910       1.625870       1.643840       1.857180       1.964030       1.964530       1.964530       1.964530       1.964530       2.079950       2.138770       2.143360       2.158150       2.205740       2.256580       2.309670       2.355220       2.413360       2.461090       2.497910       2.520140       2.535720       2.542340       2.540750    
   1.785340       1.806710       1.849460       1.849470       1.733440       1.607810       1.607810       1.607910       1.625870       1.643840       1.856320       1.963040       1.964530       1.964530       1.964530       1.964530       2.065730       2.114800       2.128580       2.175560       2.206800       2.266650       2.327400       2.386440       2.437450       2.472600       2.494600       2.503950       2.506110       2.501810    
