iMOD/TUTORIALS/TUT_MetaswapAnalyser/model_MetaSWAP/meteo/Precipitation/Precipitation_20051128_L1.ASC
NCOLS                30
NROWS                30
XLLCORNER     160000.00
YLLCORNER     340000.00
CELLSIZE        1000.00
NODATA_VALUE   -9999.00
   0.000000       0.000000       0.000000       0.000000       0.000000       0.000000       0.000000       0.000000       0.000000       0.000000       0.000000       0.000000       0.000000      0.1875100      0.2342300      0.2767100      0.3151200      0.3605400      0.4053200      0.4486800      0.4905100      0.5327400      0.5723400      0.6114300      0.6498700      0.6881400      0.7262600      0.7637200      0.7989900      0.8333700    
   0.000000       0.000000       0.000000       0.000000       0.000000       0.000000       0.000000       0.000000       0.000000       0.000000       0.000000       0.000000       0.000000       0.000000      0.2110100      0.2505300      0.2959700      0.3339800      0.3762400      0.4174800      0.4573100      0.4976600      0.5359000      0.5739900      0.6123200      0.6514400      0.6916800      0.7330600      0.7758000      0.8165800    
   0.000000       0.000000       0.000000       0.000000       0.000000       0.000000       0.000000       0.000000       0.000000       0.000000       0.000000       0.000000       0.000000       0.000000      0.1941100      0.2313800      0.2735300      0.3153800      0.3560800      0.3952300      0.4323000      0.4702600      0.5064300      0.5425200      0.5791600      0.6169500      0.6578200      0.6996500      0.7482800      0.7923900    
   0.000000       0.000000       0.000000       0.000000       0.000000       0.000000       0.000000       0.000000       0.000000       0.000000       0.000000       0.000000       0.000000       0.000000       0.000000      0.2190900      0.2582500      0.2973100      0.3350800      0.3711600      0.4057300      0.4387700      0.4732700      0.5077000      0.5415000      0.5763600      0.6129000      0.6518500      0.6972100      0.7409000    
   0.000000       0.000000       0.000000       0.000000       0.000000       0.000000       0.000000       0.000000       0.000000       0.000000       0.000000       0.000000       0.000000       0.000000       0.000000      0.2078200      0.2437700      0.2794700      0.3136500      0.3460000      0.3771100      0.4072300      0.4383000      0.4674400      0.4976300      0.5284500      0.5602100      0.5972500      0.6295500      0.6593100    
   0.000000       0.000000       0.000000       0.000000       0.000000       0.000000       0.000000       0.000000       0.000000       0.000000       0.000000       0.000000       0.000000       0.000000       0.000000      0.1963700      0.2279000      0.2595800      0.2892700      0.3172400      0.3443700      0.3709000      0.3984000      0.4247800      0.4511000      0.4768400      0.5030200      0.5325700      0.5560100      0.5756600    
   0.000000       0.000000       0.000000       0.000000       0.000000       0.000000       0.000000       0.000000       0.000000       0.000000       0.000000       0.000000       0.000000       0.000000       0.000000       0.000000      0.2100400      0.2370900      0.2615300      0.2852400      0.3087000      0.3321500      0.3555200      0.3798400      0.4026000      0.4245600      0.4494900      0.4681000      0.4839400      0.4965300    
  0.1979300      0.1878800       0.000000       0.000000       0.000000       0.000000       0.000000       0.000000       0.000000       0.000000       0.000000       0.000000       0.000000       0.000000       0.000000       0.000000      0.1880400      0.2094500      0.2293800      0.2497500      0.2706600      0.2919300      0.3131900      0.3350300      0.3549200      0.3772300      0.3932700      0.4067100      0.4154700      0.4230500    
  0.2112500      0.2003200      0.1908900       0.000000       0.000000       0.000000       0.000000       0.000000       0.000000       0.000000       0.000000       0.000000       0.000000       0.000000       0.000000       0.000000       0.000000       0.000000      0.1941100      0.2122900      0.2316700      0.2517800      0.2718800      0.2921600      0.3135400      0.3290800      0.3417200      0.3493000      0.3554900      0.3582200    
  0.2234800      0.2131400      0.2037500      0.1948000      0.1850700       0.000000       0.000000       0.000000       0.000000       0.000000       0.000000       0.000000       0.000000       0.000000       0.000000       0.000000       0.000000       0.000000       0.000000       0.000000      0.1940100      0.2134900      0.2333400      0.2520400      0.2725800      0.2863000      0.2948000      0.3011300      0.3034400      0.3019500    
  0.2228230      0.2134570      0.2045130      0.2063600      0.1965400      0.1877500       0.000000       0.000000       0.000000       0.000000       0.000000       0.000000       0.000000       0.000000       0.000000       0.000000       0.000000       0.000000       0.000000       0.000000       0.000000       0.000000      0.2063800      0.2285600      0.2442000      0.2574400      0.2659600      0.2696000      0.2683400      0.2547900    
  0.2226470      0.2117880      0.2063600      0.2075600      0.2076500      0.1986100      0.1916300       0.000000       0.000000       0.000000       0.000000       0.000000       0.000000       0.000000       0.000000       0.000000       0.000000       0.000000       0.000000       0.000000       0.000000       0.000000       0.000000      0.1984300      0.2154000      0.2285000      0.2357300      0.2374400      0.2336300      0.2247000    
  0.2180260      0.2063600      0.2118200      0.2136700      0.2196900      0.2128300      0.2020900      0.1910900       0.000000       0.000000       0.000000       0.000000       0.000000       0.000000       0.000000       0.000000       0.000000       0.000000       0.000000       0.000000       0.000000       0.000000       0.000000       0.000000      0.1933700      0.2053000      0.2122200      0.2124600      0.2067000      0.1953100    
  0.2063600      0.2136380      0.2166800      0.2196900      0.2187400      0.2237000      0.2029400      0.1919300       0.000000       0.000000       0.000000       0.000000       0.000000       0.000000       0.000000       0.000000       0.000000       0.000000       0.000000       0.000000       0.000000       0.000000       0.000000       0.000000       0.000000      0.1886000      0.1945900      0.1937200      0.1866200       0.000000    
  0.2144680      0.2181850      0.2196900      0.2207100      0.2237000      0.2124230      0.2106300      0.1991800      0.1871400       0.000000       0.000000       0.000000       0.000000       0.000000       0.000000       0.000000       0.000000       0.000000       0.000000       0.000000       0.000000       0.000000       0.000000       0.000000       0.000000       0.000000       0.000000       0.000000       0.000000       0.000000    
  0.2189370      0.2196900      0.2213670      0.2237000      0.2155840      0.2106300      0.2049050      0.1989830      0.1456500      0.1962800       0.000000       0.000000       0.000000       0.000000       0.000000       0.000000       0.000000       0.000000       0.000000       0.000000       0.000000       0.000000       0.000000       0.000000       0.000000       0.000000       0.000000       0.000000       0.000000       0.000000    
  0.2196900      0.2215860      0.2237000      0.2166380      0.2106300      0.2077680      0.2048390      0.1864550      0.1962800      0.9814000E-01  0.3925600E-01   0.000000       0.000000       0.000000       0.000000       0.000000       0.000000       0.000000       0.000000       0.000000       0.000000       0.000000       0.000000       0.000000       0.000000       0.000000       0.000000       0.000000       0.000000       0.000000    
  0.2216590      0.2237000      0.2169890      0.2106300      0.2091990      0.2077460      0.1988350      0.1962800      0.1472100      0.6673520E-01   0.000000       0.000000       0.000000       0.000000       0.000000       0.000000       0.000000       0.000000       0.000000       0.000000       0.000000       0.000000       0.000000       0.000000       0.000000       0.000000      0.1858700       0.000000       0.000000       0.000000    
  0.2237000      0.2171060      0.2106300      0.2099140      0.2091910      0.2030150      0.1962800      0.1717450      0.8204500E-01   0.000000       0.000000       0.000000       0.000000       0.000000       0.000000       0.000000       0.000000       0.000000       0.000000       0.000000       0.000000       0.000000       0.000000       0.000000      0.1877400      0.1938800      0.1967800      0.1929700      0.1853900       0.000000    
  0.2171450      0.2106300      0.2102720      0.2099120      0.2046000      0.1962800      0.1840130      0.9001400E-01   0.000000       0.000000       0.000000       0.000000       0.000000       0.000000       0.000000       0.000000       0.000000       0.000000       0.000000       0.000000       0.000000       0.000000      0.1850800      0.1969900      0.2059800      0.2109200      0.2121500      0.2094000      0.2006300      0.1891500    
  0.2106300      0.2104510      0.2102710      0.2052660      0.1962800      0.1901460      0.9406130E-01   0.000000       0.000000       0.000000       0.000000       0.000000       0.000000       0.000000       0.000000       0.000000       0.000000       0.000000       0.000000       0.000000      0.1870000      0.1987700      0.2108800      0.2227800      0.2306400      0.2345300      0.2357600      0.2303400      0.2206500      0.2078400    
  0.2105410      0.2104510      0.2055670      0.1962800      0.1932130      0.9609750E-01   0.000000       0.000000       0.000000       0.000000       0.000000       0.000000       0.000000       0.000000       0.000000       0.000000       0.000000       0.000000       0.000000      0.1353330      0.2190000      0.2306500      0.2424000      0.2526700      0.2603300      0.2644100      0.2630100      0.2565700      0.2456800      0.2318800    
  0.2105400      0.2057100      0.1962800      0.1947470      0.9711810E-01   0.000000       0.000000       0.000000       0.000000       0.000000       0.000000       0.000000       0.000000       0.000000       0.000000      0.3732100E-01   0.000000       0.000000      0.1766870      0.2576500      0.2624180      0.2651500      0.2765900      0.2875000      0.2958200      0.2990400      0.2968600      0.2890800      0.2763100      0.2600800    
  0.2057790      0.1962800      0.1955130      0.9762890E-01   0.000000       0.000000       0.000000       0.000000       0.000000       0.000000       0.000000       0.000000       0.000000      0.9980250E-01  0.1602300      0.1877790      0.1866050      0.2394220      0.3007740      0.3137650      0.2963000      0.3009900      0.3148900      0.3279700      0.3370200      0.3406100      0.3378800      0.3286400      0.3134100      0.2893500    
  0.1962800      0.1958970      0.9788440E-01   0.000000       0.000000       0.000000       0.000000       0.000000       0.000000       0.000000       0.000000       0.000000      0.1798820      0.3995890      0.3992100      0.3370710      0.3767310      0.3732100      0.3464380      0.3309070      0.3312300      0.3481600      0.3578000      0.3737000      0.3847200      0.3891700      0.3861200      0.3754200      0.3533300      0.3301300    
  0.1960880      0.9801220E-01   0.000000       0.000000       0.000000       0.000000       0.000000       0.000000       0.000000       0.000000      0.1686560      0.4216400      0.4072970      0.4000190      0.3999690      0.3992100      0.3857390      0.3802530      0.3732100      0.3678700      0.3651900      0.3900100      0.4141100      0.4247600      0.4387900      0.4445900      0.4412500      0.4250100      0.4052400      0.3790800    
  0.9807610E-01   0.000000       0.000000       0.000000       0.000000       0.000000       0.000000       0.000000       0.000000      0.2023870      0.4216400      0.4216400      0.4216400      0.4079410      0.4008790      0.4007280      0.3992100      0.3902820      0.3872950      0.3732100      0.4018500      0.4327700      0.4633400      0.4898000      0.4989500      0.5062800      0.4988100      0.4842300      0.4622300      0.4348600    
   0.000000       0.000000       0.000000       0.000000       0.000000       0.000000       0.000000      0.7461500E-01  0.2171340      0.4215700      0.4216400      0.4216400      0.4216400      0.4216400      0.4092760      0.4026990      0.4022450      0.3992100      0.4014120      0.4013800      0.4360500      0.4745200      0.5137700      0.5486100      0.5720200      0.5712600      0.5634300      0.5451300      0.5201500      0.4915900    
   0.000000       0.000000       0.000000       0.000000       0.000000      0.1109870      0.2774800      0.2879690      0.2984600      0.3803890      0.4214300      0.4216400      0.4216400      0.4216400      0.4216400      0.4120390      0.4066430      0.4052800      0.3992100      0.4318500      0.4713300      0.5169100      0.5719600      0.6125400      0.6413600      0.6461700      0.6272200      0.6028200      0.5737900      0.5433700    
   0.000000       0.000000       0.000000       0.000000      0.1331700      0.2774550      0.2774550      0.2774800      0.2879670      0.2984600      0.3800270      0.4210100      0.4216400      0.4216400      0.4216400      0.4216400      0.4176260      0.4154400      0.4113500      0.4471500      0.5053300      0.5550500      0.6129000      0.6735300      0.7148900      0.7106100      0.6828300      0.6520800      0.6177300      0.5857700    
