iMOD/TUTORIALS/TUT_MetaswapAnalyser/model_MetaSWAP/meteo/Precipitation/Precipitation_20050130_L1.ASC
NCOLS                30
NROWS                30
XLLCORNER     160000.00
YLLCORNER     340000.00
CELLSIZE        1000.00
NODATA_VALUE   -9999.00
   1.552260       1.550000       1.545910       1.543880       1.555020       1.601170       1.689880       1.800690       1.915020       2.012900       2.089170       2.156700       2.221420       2.284250       2.347740       2.422250       2.500320       2.576120       2.653530       2.735660       2.822730       2.921840       3.019190       3.102070       3.208480       3.317230       3.426760       3.534620       3.636840       3.726680    
   1.541560       1.545130       1.554290       1.564960       1.590530       1.640930       1.719100       1.818360       1.929780       2.025460       2.089870       2.155060       2.220290       2.292400       2.360600       2.438160       2.510390       2.580900       2.661480       2.743150       2.829280       2.926800       3.023470       3.107560       3.214940       3.326090       3.439910       3.554580       3.639230       3.744200    
   1.547120       1.555200       1.567690       1.588060       1.622140       1.673280       1.744080       1.831070       1.925540       2.011580       2.082570       2.149610       2.221310       2.291020       2.360780       2.438690       2.512810       2.588170       2.665430       2.745610       2.833450       2.928900       3.006220       3.108170       3.215460       3.327650       3.414960       3.539480       3.665560       3.791370    
   1.557370       1.569330       1.586650       1.611870       1.648710       1.699230       1.763710       1.838110       1.918190       1.997680       2.070100       2.141320       2.213440       2.285530       2.359390       2.438410       2.514550       2.590250       2.666250       2.744240       2.826020       2.898100       2.998050       3.068030       3.175610       3.289760       3.409940       3.535450       3.664080       3.796300    
   1.570020       1.584850       1.604970       1.632900       1.670230       1.718200       1.776600       1.842120       1.913130       1.984640       2.054900       2.125040       2.196220       2.269150       2.353330       2.433560       2.499080       2.572110       2.643000       2.715140       2.768900       2.851110       2.949580       3.052100       3.157540       3.269510       3.387000       3.506710       3.629030       3.742840    
   1.583570       1.600080       1.622110       1.650810       1.687320       1.732270       1.785230       1.843650       1.897430       1.971380       2.040160       2.110130       2.182060       2.256770       2.333980       2.416430       2.496250       2.567540       2.632790       2.699300       2.751490       2.829770       2.924510       3.019980       3.122730       3.234880       3.348030       3.461430       3.574160       3.676300    
   1.595950       1.614720       1.637330       1.665750       1.700540       1.742320       1.790660       1.828070       1.895530       1.958120       2.023200       2.090810       2.161620       2.236520       2.313350       2.400980       2.488320       2.554750       2.609830       2.654790       2.720320       2.795140       2.878950       2.979560       3.079450       3.184900       3.291900       3.401780       3.509710       3.606200    
   1.651530       1.626530       1.650390       1.677870       1.710810       1.737100       1.771850       1.831410       1.885400       1.942820       2.003280       2.066880       2.134190       2.206180       2.279020       2.366580       2.461560       2.519390       2.558280       2.610900       2.673900       2.746820       2.828850       2.927360       3.024920       3.125250       3.230640       3.336070       3.451970       3.541740    
   1.666240       1.638710       1.660470       1.687910       1.702590       1.739040       1.768280       1.824390       1.873130       1.925150       1.980200       2.038360       2.100010       2.156120       2.229630       2.307180       2.383430       2.444480       2.493980       2.548700       2.612440       2.685540       2.767230       2.864790       2.958770       3.059150       3.161820       3.281000       3.377070       3.467320    
   1.679470       1.649680       1.670370       1.674120       1.705370       1.738640       1.774970       1.815360       1.858920       1.905330       1.954370       2.006000       2.060360       2.106140       2.169850       2.235060       2.304630       2.359420       2.413300       2.471970       2.538610       2.613320       2.696060       2.785270       2.887240       2.986260       3.104440       3.202960       3.299040       3.390680    
   1.663950       1.666510       1.667910       1.677470       1.704280       1.752420       1.768880       1.804760       1.843220       1.883940       1.926660       1.971200       2.000410       2.040730       2.115360       2.165600       2.216840       2.269790       2.327010       2.391390       2.464000       2.544220       2.630710       2.720500       2.833240       2.937560       3.036210       3.134240       3.230320       3.311490    
   1.664690       1.668960       1.677470       1.701600       1.703760       1.748240       1.759860       1.793180       1.826700       1.861860       1.876390       1.916670       1.938050       2.012550       2.050570       2.089340       2.130110       2.176010       2.231460       2.298520       2.375650       2.459980       2.561100       2.654950       2.750720       2.857010       2.955240       3.053030       3.149560       3.243900    
   1.667530       1.677470       1.703060       1.712320       1.720870       1.726200       1.751970       1.779460       1.776860       1.811720       1.845250       1.902790       1.931580       1.960160       1.988100       2.015530       2.044340       2.080230       2.132300       2.204800       2.292930       2.383690       2.477120       2.571900       2.667450       2.763430       2.869870       2.966710       3.062990       3.158270    
   1.677470       1.704500       1.716590       1.720870       1.722840       1.721460       1.702690       1.729130       1.756700       1.767740       1.798310       1.868740       1.891070       1.912260       1.931620       1.948740       1.967670       1.986080       2.032010       2.114980       2.207620       2.302190       2.365790       2.454090       2.543150       2.633210       2.735110       2.828680       2.923730       3.020370    
   1.705390       1.718730       1.720870       1.721720       1.721460       1.708970       1.702760       1.725260       1.748420       1.771850       1.839010       1.854540       1.869200       1.882300       1.893110       1.900450       1.904720       1.904710       1.940730       2.027990       2.116320       2.203440       2.289740       2.375700       2.461810       2.548560       2.636470       2.736740       2.829010       2.925440    
   1.719800       1.720870       1.721350       1.721460       1.711060       1.702760       1.714010       1.725480       1.762040       1.802610       1.815260       1.827560       1.838990       1.849070       1.856240       1.862750       1.846260       1.862860       1.903890       1.975920       2.056430       2.137240       2.218630       2.299850       2.381200       2.463170       2.546350       2.631450       2.729570       2.820780    
   1.720870       1.721230       1.721460       1.711760       1.702760       1.708380       1.714080       1.751030       1.802610       1.808940       1.802780       1.804700       1.812850       1.821790       1.785010       1.799960       1.816980       1.841640       1.882010       1.939930       2.008210       2.080750       2.154800       2.228170       2.303040       2.378640       2.455540       2.534530       2.616520       2.706940    
   1.721190       1.721460       1.711990       1.702760       1.705570       1.708410       1.744030       1.802610       1.805770       1.792470       1.784240       1.763770       1.776400       1.741140       1.756560       1.773500       1.793840       1.821480       1.859750       1.909350       1.967470       2.030540       2.096080       2.162790       2.228930       2.296990       2.366330       2.437780       2.512350       2.586820    
   1.721460       1.712070       1.702760       1.704170       1.705580       1.740150       1.802610       1.804190       1.787720       1.774000       1.763770       1.770080       1.749370       1.716170       1.732360       1.750820       1.773170       1.801060       1.836880       1.880580       1.930780       1.985390       2.042560       2.101040       2.160220       2.220010       2.279580       2.342270       2.403980       2.471420    
   1.712100       1.702760       1.703460       1.704170       1.738130       1.802610       1.803400       1.785440       1.768890       1.763770       1.766930       1.749850       1.716170       1.724260       1.733120       1.752120       1.775020       1.803700       1.839510       1.852830       1.896720       1.944100       1.993580       2.044070       2.094910       2.145920       2.194940       2.241950       2.340230       2.395390    
   1.702760       1.703110       1.703460       1.737090       1.802610       1.803010       1.784310       1.766330       1.763770       1.765350       1.749180       1.716170       1.720220       1.724520       1.736500       1.753420       1.776950       1.816780       1.839500       1.826180       1.864970       1.906270       1.948980       1.989350       2.032310       2.074670       2.158090       2.198890       2.240200       2.283870    
   1.702940       1.703110       1.736570       1.802610       1.802810       1.783750       1.765050       1.763770       1.764560       1.748620       1.716170       1.718190       1.720300       1.727080       1.738140       1.755620       1.801230       1.832840       1.826180       1.841090       1.832130       1.868830       1.906090       1.942960       2.023490       2.054940       2.086470       2.116060       2.144990       2.175810    
   1.702940       1.736310       1.802610       1.802710       1.783470       1.764410       1.763770       1.764160       1.748280       1.716170       1.717180       1.718220       1.721860       1.728510       1.740280       1.782020       1.829510       1.826180       1.816710       1.807460       1.835170       1.839930       1.912920       1.945910       1.974690       2.001410       2.023810       2.042470       2.058440       2.074530    
   1.736180       1.802610       1.802660       1.783330       1.764090       1.763770       1.763970       1.748100       1.716170       1.716680       1.717190       1.719090       1.722860       1.742980       1.764100       1.786060       1.785590       1.792250       1.796930       1.792090       1.782790       1.852160       1.884600       1.912060       1.936220       1.955970       1.970420       1.979170       1.982590       1.979110    
   1.802610       1.802630       1.783260       1.763930       1.763770       1.763870       1.748000       1.716170       1.716420       1.716680       1.717650       1.719710       1.749240       1.780820       1.781260       1.766460       1.743070       1.745000       1.776440       1.791230       1.801400       1.836040       1.860500       1.885110       1.905690       1.920890       1.929560       1.930820       1.920790       1.907080    
   1.802620       1.783220       1.763850       1.763770       1.763820       1.747950       1.716170       1.716300       1.716420       1.716920       1.737380       1.766420       1.775730       1.780460       1.780390       1.781260       1.755920       1.741140       1.745000       1.777430       1.789490       1.817600       1.844240       1.865210       1.884200       1.897170       1.902890       1.897540       1.886310       1.865890    
   1.783210       1.763810       1.763770       1.763790       1.747930       1.716170       1.716230       1.716300       1.716550       1.740710       1.766420       1.766420       1.766420       1.775200       1.779740       1.779510       1.781260       1.756290       1.737290       1.745000       1.773830       1.802690       1.830160       1.854550       1.871870       1.885000       1.888580       1.886130       1.876230       1.860160    
   1.763790       1.763770       1.763780       1.747920       1.716170       1.716200       1.716230       1.713380       1.731660       1.766360       1.766420       1.766420       1.766420       1.766420       1.774260       1.778450       1.777770       1.781260       1.761600       1.729570       1.759920       1.790790       1.820730       1.847830       1.869700       1.882560       1.889940       1.890720       1.886060       1.878800    
   1.763770       1.763780       1.747910       1.716170       1.716190       1.740500       1.776950       1.740690       1.704440       1.745600       1.766240       1.766420       1.766420       1.766420       1.766420       1.772660       1.776310       1.774280       1.781260       1.790560       1.804440       1.822120       1.846990       1.848490       1.873610       1.891640       1.901860       1.907470       1.909310       1.910200    
   1.763770       1.747910       1.716170       1.716180       1.745370       1.776970       1.776970       1.776950       1.740690       1.704440       1.745300       1.765890       1.766420       1.766420       1.766420       1.766420       1.770130       1.773410       1.767290       1.776620       1.803620       1.820200       1.841620       1.865680       1.886760       1.898700       1.905290       1.932840       1.940950       1.948540    
