iMOD/TUTORIALS/TUT_MetaswapAnalyser/model_MetaSWAP/meteo/Precipitation/Precipitation_20060821_L1.ASC
NCOLS                30
NROWS                30
XLLCORNER     160000.00
YLLCORNER     340000.00
CELLSIZE        1000.00
NODATA_VALUE   -9999.00
   8.618580       8.620140       8.636710       8.681930       8.791720       9.035840       9.423750       9.869910       10.27680       10.46830       10.41650       10.29010       10.15410       10.05000       9.951120       9.885520       9.888930       9.907240       9.961740       10.05750       10.19080       10.35010       10.54210       10.74720       10.97520       11.21010       11.44210       11.65670       11.83000       11.91430    
   8.866860       8.894740       8.944680       9.039490       9.202270       9.463210       9.823050       10.25140       10.71420       10.91840       10.72370       10.54340       10.37780       10.25520       10.14490       10.10060       10.07060       10.05090       10.12140       10.23080       10.38160       10.56330       10.77890       11.01070       11.26970       11.54140       11.81860       12.09010       12.32060       12.47920    
   9.104810       9.154640       9.234370       9.356210       9.531410       9.782460       10.09900       10.45540       10.78730       10.92540       10.83070       10.67160       10.51040       10.37860       10.24670       10.18370       10.15120       10.17330       10.25090       10.37950       10.56130       10.76710       10.99840       11.26340       11.54850       11.84930       12.14670       12.46750       12.77570       13.06700    
   9.323560       9.388200       9.481990       9.613470       9.789900       10.01280       10.27180       10.53240       10.74890       10.84710       10.81040       10.69610       10.55990       10.42270       10.29740       10.22340       10.19270       10.22630       10.32480       10.47970       10.67970       10.91500       11.17540       11.44680       11.75350       12.07550       12.40950       12.75140       13.08730       13.42610    
   9.518170       9.590280       9.689110       9.816720       9.976130       10.16380       10.36720       10.55990       10.70580       10.77200       10.78530       10.68640       10.55120       10.41250       10.28490       10.19380       10.15340       10.20040       10.32720       10.51500       10.73440       10.99630       11.28050       11.59530       11.91590       12.24690       12.58260       12.90100       13.21240       13.44620    
   9.687090       9.763590       9.857750       9.974050       10.11140       10.26400       10.41980       10.55920       10.71930       10.76290       10.72920       10.64090       10.51230       10.36920       10.21720       10.10230       10.05320       10.11970       10.29100       10.52220       10.77710       11.06470       11.36810       11.68700       12.01520       12.35370       12.67900       12.97160       13.23370       13.40300    
   9.870660       9.906970       9.993100       10.09470       10.20880       10.33000       10.44770       10.63990       10.70890       10.71660       10.67530       10.58880       10.46590       10.31250       10.13780       9.987950       9.887560       9.988910       10.23070       10.50040       10.79410       11.10200       11.42130       11.74660       12.07690       12.40310       12.69930       12.98270       13.21560       13.35660    
   10.08470       10.06150       10.10080       10.18690       10.27980       10.53500       10.59310       10.66600       10.69100       10.68020       10.63030       10.54260       10.42250       10.26730       10.08330       9.921340       9.756700       9.909970       10.19520       10.49190       10.79960       11.11800       11.44490       11.77400       12.10320       12.40580       12.70600       12.97060       13.19240       13.32070    
   10.19580       10.16550       10.22690       10.25830       10.53850       10.59520       10.62620       10.67710       10.68110       10.65540       10.59760       10.50890       10.39330       10.20060       10.07230       9.952650       9.893820       9.994050       10.22080       10.49760       10.80010       11.11920       11.44800       11.77750       12.08730       12.40120       12.69130       12.95960       13.15780       13.28850    
   10.28900       10.25290       10.30290       10.59420       10.61190       10.64940       10.68330       10.69270       10.68040       10.64300       10.57890       10.48970       10.37950       10.21170       10.08630       10.00710       9.995080       10.07600       10.25480       10.50120       10.79010       11.10720       11.43550       11.76650       12.07220       12.38100       12.68060       12.92630       13.12410       13.26310    
   10.25900       10.28160       10.45760       10.68040       10.70570       10.73580       10.72030       10.71480       10.69000       10.64340       10.57450       10.48460       10.31160       10.26210       10.15400       10.07390       10.04940       10.10460       10.24690       10.46510       10.73860       11.04600       11.37000       11.68250       12.01700       12.32240       12.60100       12.84620       13.04950       13.24190    
   10.25930       10.41960       10.68040       10.76100       10.77510       10.81820       10.78630       10.74470       10.71050       10.65720       10.66930       10.56680       10.38860       10.30290       10.17060       10.08570       10.04580       10.07920       10.20360       10.41710       10.69540       11.00960       11.33700       11.66530       11.98330       12.28240       12.55780       12.80220       13.00980       13.17490    
   10.39700       10.68040       10.78820       10.82880       10.88260       10.85320       10.83750       10.80820       10.87500       10.79500       10.70740       10.56510       10.45270       10.33090       10.18710       10.08190       10.00760       10.00040       10.11010       10.34250       10.63990       10.97090       11.30750       11.63730       11.95260       12.24800       12.51800       12.76050       12.97100       13.14620    
   10.68040       10.80170       10.85570       10.88260       10.88480       10.91850       11.04220       10.99780       10.93840       10.85990       10.76770       10.61760       10.50350       10.37710       10.24200       10.08880       9.966930       9.884840       9.970140       10.25480       10.60000       10.95130       11.28010       11.60510       11.91190       12.19760       12.45950       12.69640       12.90640       13.08810    
   10.80850       10.86920       10.88260       10.89530       10.91850       11.03320       11.13900       11.09020       11.02730       10.94950       10.82130       10.71730       10.59880       10.46690       10.32260       10.14800       9.988460       9.812310       9.846280       10.23100       10.60240       10.95360       11.28660       11.60030       11.89360       12.16540       12.41500       12.64190       12.84590       13.00670    
   10.87590       10.88260       10.89880       10.91850       11.03020       11.13900       11.11460       11.08550       11.01700       11.00120       10.91570       10.81650       10.70390       10.57880       10.43260       10.28720       10.14990       10.03880       10.09790       10.36530       10.68280       11.01460       11.32140       11.61040       11.88010       12.12950       12.35880       12.56820       12.76010       12.93360    
   10.88260       10.90000       10.91850       11.02920       11.13900       11.12680       11.11300       11.05460       11.00120       10.95850       10.96020       10.93860       10.82570       10.71150       10.63610       10.50980       10.39520       10.35340       10.42070       10.60550       10.85390       11.12100       11.38580       11.66070       11.90090       12.12280       12.32630       12.51240       12.68250       12.82240    
   10.90040       10.91850       11.02890       11.13900       11.13290       11.12630       11.07390       11.00120       10.97980       11.01660       11.03380       11.12910       11.02630       10.94200       10.83670       10.74100       10.66940       10.66250       10.72830       10.86860       11.06060       11.27690       11.49800       11.71250       11.93640       12.12470       12.29620       12.45200       12.59410       12.70880    
   10.91850       11.02880       11.13900       11.13600       11.13270       11.08360       11.00120       10.99050       11.04160       11.08150       11.12910       11.07770       11.05920       11.13920       11.05670       10.98730       10.94240       10.95700       11.01830       11.12990       11.27970       11.45100       11.62880       11.80240       11.96520       12.11350       12.26880       12.38810       12.47970       12.55100    
   11.02880       11.13900       11.13750       11.13590       11.08840       11.00120       10.99590       11.05350       11.10530       11.12910       11.10340       11.10130       11.13920       11.09790       11.06110       10.99550       10.96220       10.97260       11.22310       11.38300       11.50040       11.63370       11.77160       11.90490       12.02710       12.13460       12.19000       12.23980       12.17610       12.29720    
   11.13900       11.13820       11.13750       11.09070       11.00120       10.99850       11.05940       11.11720       11.12910       11.11620       11.11820       11.13920       11.11860       11.09940       11.05150       11.00630       10.97680       11.25810       11.50520       11.62740       11.71910       11.82050       11.92270       11.98120       12.06420       12.13030       12.00560       12.04240       12.07690       12.11890    
   11.13860       11.13820       11.09190       11.00120       10.99990       11.06230       11.12310       11.12910       11.12270       11.12570       11.13920       11.12890       11.11910       11.08980       11.05240       11.01150       11.28700       11.56630       11.62740       11.74660       11.89340       11.97080       12.04390       12.10610       12.00320       12.03090       12.02710       12.01120       11.99010       11.96900    
   11.13860       11.09250       11.00120       11.00050       11.06370       11.12610       11.12910       11.12590       11.12920       11.13920       11.13400       11.12900       11.11260       11.08710       11.05120       11.45530       11.59690       11.62740       11.95540       12.08420       12.12440       12.17400       12.12770       12.14140       12.13380       12.10730       12.05800       11.98970       11.90890       11.83060    
   11.09280       11.00120       11.00090       11.06440       11.12760       11.12910       11.12750       11.13080       11.13920       11.13660       11.13410       11.12520       11.10960       11.66740       12.05670       12.32850       12.32860       12.31980       12.31320       12.36330       12.27490       12.30910       12.33420       12.31240       12.27200       12.20800       12.11710       11.99860       11.85600       11.70070    
   11.00120       11.00100       11.06480       11.12840       11.12910       11.12830       11.13170       11.13920       11.13790       11.13660       11.13200       11.12300       12.15190       13.42530       13.41880       12.99930       13.05990       13.02990       12.67300       12.49200       12.45180       12.47250       12.53780       12.49740       12.43410       12.34210       12.21730       12.05730       11.86030       11.63180    
   11.00110       11.06500       11.12870       11.12910       11.12870       11.13210       11.13920       11.13860       11.13790       11.13550       12.29450       14.04040       13.63570       13.43180       13.43180       13.41880       13.18980       13.09000       13.02990       12.80670       12.74940       12.71260       12.66710       12.70380       12.62540       12.51430       12.36660       12.17950       11.95420       11.68900    
   11.06510       11.12890       11.12910       11.12890       11.13230       11.13920       11.13890       11.13860       11.13730       12.52970       14.04040       14.04040       14.04040       13.64530       13.44490       13.44490       13.41880       13.22030       13.15000       13.02990       12.99580       12.96000       12.91510       12.85190       12.84660       12.72500       12.56470       12.36940       12.14370       11.89830    
   11.12900       11.12910       11.12900       11.13240       11.13920       11.13900       11.13890       12.07580       13.00990       14.04080       14.04040       14.04040       14.04040       14.04040       13.66420       13.47100       13.47100       13.41880       13.28260       13.27020       13.24040       13.21100       13.17410       13.11830       13.03100       12.96940       12.80480       12.61150       12.40310       12.19950    
   11.12910       11.12900       11.13240       11.13920       11.13910       12.77280       15.22330       15.05600       14.88860       14.32430       14.04160       14.04040       14.04040       14.04040       14.04040       13.70070       13.52330       13.52310       13.41880       13.41160       13.41010       13.41040       13.40940       13.40240       13.32350       13.19330       13.06920       12.88110       12.69340       12.52740    
   11.12910       11.13240       11.13920       11.13920       13.09990       15.22370       15.22370       15.22330       15.05600       14.88860       14.32640       14.04410       14.04040       14.04040       14.04040       14.04040       13.76810       13.62790       13.62750       13.62450       13.64020       13.65020       13.66400       13.67000       13.62860       13.49780       13.32630       13.13280       12.98230       12.84570    
