iMOD/TUTORIALS/TUT_MetaswapAnalyser/model_MetaSWAP/meteo/Precipitation/Precipitation_20050328_L1.ASC
NCOLS                30
NROWS                30
XLLCORNER     160000.00
YLLCORNER     340000.00
CELLSIZE        1000.00
NODATA_VALUE   -9999.00
   1.395630       1.199110       1.008630      0.8284500      0.6651700      0.5410600      0.4484000      0.3671200       0.000000       0.000000      0.3190000      0.3765000      0.4308100      0.4806400      0.5281400      0.5772300      0.6429200      0.6824500      0.7299700      0.7799900      0.8331800      0.8969900      0.9590300       1.028890       1.099830       1.174720       1.251600       1.325640       1.386370       1.416480    
   1.396690       1.209120       1.028630      0.8623300      0.7107000      0.5861000      0.4786700      0.3767100       0.000000       0.000000      0.3250900      0.4032300      0.4742500      0.5405000      0.6014100      0.6776800      0.7349400      0.7953700      0.8423700      0.8973200      0.9540100       1.020410       1.085230       1.158810       1.235140       1.318500       1.408800       1.503710       1.605090       1.664820    
   1.406460       1.230220       1.063000      0.9027900      0.7655700      0.6440100      0.5356700      0.4368500      0.3563400      0.3370800      0.3911500      0.4654500      0.5422900      0.6144700      0.6871100      0.7713900      0.8384800      0.9015800      0.9613000       1.019120       1.065870       1.131270       1.198760       1.268370       1.345710       1.432570       1.542020       1.651510       1.774850       1.893790    
   1.426170       1.261530       1.106130      0.9578200      0.8292100      0.7148100      0.6146800      0.5314500      0.4780800      0.4630500      0.4962700      0.5570200      0.6285500      0.7045300      0.7819700      0.8702200      0.9446600       1.011680       1.071390       1.126160       1.179280       1.226220       1.290760       1.366260       1.438010       1.519330       1.612250       1.719000       1.843160       1.977360    
   1.453230       1.300040       1.151350       1.019760      0.9008800      0.7960400      0.7068500      0.6379800      0.5966100      0.5877800      0.6059800      0.6588800      0.7279500      0.8054700      0.8850200      0.9752100       1.061870       1.130580       1.185840       1.232680       1.282360       1.327290       1.380230       1.421650       1.481650       1.549250       1.624830       1.709340       1.790600       1.844350    
   1.485440       1.340130       1.207690       1.086060      0.9768500      0.8817100      0.7954200      0.7444500      0.6945400      0.6918200      0.7149200      0.7609300      0.8260200      0.9038800      0.9859400       1.084610       1.174340       1.239270       1.280670       1.311630       1.345860       1.376850       1.415740       1.454650       1.497820       1.535460       1.585490       1.635440       1.669580       1.669000    
   1.520200       1.389500       1.266550       1.154140       1.041070      0.9570700      0.8883400      0.8164800      0.7940500      0.7928400      0.8137700      0.8554500      0.9155500      0.9924300       1.068990       1.179440       1.286110       1.339210       1.354020       1.368240       1.380870       1.396690       1.415910       1.442900       1.467510       1.492360       1.517110       1.530500       1.521820       1.489920    
   1.618720       1.416080       1.307300       1.206090       1.116170      0.9529800      0.9361000      0.8999200      0.8804700      0.8797400      0.8981100      0.9350400      0.9895100       1.060440       1.124990       1.237440       1.362960       1.393840       1.387130       1.382680       1.381960       1.384620       1.389880       1.401230       1.408000       1.414960       1.412760       1.399930       1.390220       1.332320    
   1.638230       1.469010       1.364830       1.272090       1.068240       1.009230       1.003200      0.9707800      0.9527800      0.9508600      0.9653000      0.9958200       1.041720       1.059680       1.144710       1.237280       1.320360       1.358640       1.361820       1.355290       1.348000       1.341700       1.336030       1.334300       1.328740       1.315290       1.293990       1.283980       1.231750       1.163260    
   1.686470       1.521560       1.423320       1.171410       1.111350       1.056820       1.060450       1.028880       1.010460       1.005650       1.014490       1.036600       1.071060       1.066100       1.132010       1.199740       1.254030       1.286730       1.295540       1.291470       1.282360       1.272300       1.259400       1.243610       1.230780       1.204230       1.191680       1.141640       1.079010       1.003870    
   1.668600       1.543780       1.329840       1.203080       1.142080       1.119250       1.105780       1.074280       1.053870       1.044680       1.046470       1.058550       1.007830       1.070370       1.107050       1.147420       1.180170       1.197030       1.199770       1.193240       1.181640       1.166650       1.148210       1.127310       1.121600       1.088340       1.042050      0.9854500      0.9183400      0.8569500    
   1.670660       1.436330       1.203080       1.183960       1.170330       1.146770       1.136610       1.107720       1.084120       1.069460       1.091170       1.088950       1.020730       1.035780       1.058980       1.078140       1.089600       1.095480       1.093380       1.087620       1.078450       1.064860       1.065190       1.040620       1.007840      0.9701500      0.9191900      0.8585400      0.7885600      0.7104800    
   1.526200       1.203080       1.200690       1.195350       1.220360       1.204320       1.161750       1.126650       1.136000       1.117930       1.099610      0.9818700      0.9897700      0.9974800       1.002150       1.001230      0.9930800      0.9803500      0.9741800      0.9732500      0.9789700      0.9719300      0.9564100      0.9317500      0.8977800      0.8544300      0.8055700      0.7439200      0.6739000      0.5968200    
   1.203080       1.207990       1.207850       1.220360       1.215650       1.222270       1.227620       1.186020       1.150160       1.119190       1.092550      0.9656200      0.9612600      0.9545400      0.9428400      0.9233500      0.8983200      0.8620100      0.8432700      0.8582900      0.8667400      0.8649900      0.8600300      0.8376300      0.8047800      0.7620500      0.7129600      0.6522400      0.5837700      0.5088700    
   1.211390       1.214110       1.220360       1.219430       1.222270       1.244200       1.282710       1.234170       1.189970       1.149360      0.9754500      0.9597200      0.9422700      0.9211400      0.8939900      0.8598200      0.8121100      0.7502200      0.7194300      0.7511800      0.7719800      0.7746900      0.7646700      0.7432400      0.7114800      0.6703100      0.6206000      0.5658500      0.5018100      0.4319800    
   1.217230       1.220360       1.220690       1.222270       1.249730       1.282710       1.258440       1.235620       1.139040      0.9826700      0.9606600      0.9375000      0.9118300      0.8820600      0.8450000      0.8021400      0.7525700      0.7010000      0.6747800      0.6814100      0.6880300      0.6944100      0.6830800      0.6615800      0.6307800      0.5916500      0.5451300      0.4922800      0.4362600      0.3740300    
   1.220360       1.221110       1.222270       1.251570       1.282710       1.270580       1.258920       1.153940      0.9826700      0.9716650      0.9311440      0.9156500      0.8820000      0.8464300      0.8041800      0.7623600      0.7175300      0.6760000      0.6489500      0.6379000      0.6317800      0.6221500      0.6058300      0.5924800      0.5622900      0.5252900      0.4823500      0.4345400      0.3830600      0.3329400    
   1.221250       1.222270       1.252180       1.282710       1.276640       1.270740       1.166530      0.9826700      0.9771670      0.9264330      0.8874450      0.8592400      0.8293900      0.8129700      0.7746900      0.7333800      0.6919400      0.6540900      0.6247000      0.6041500      0.5880000      0.5712600      0.5509200      0.5257200      0.5042800      0.4692400      0.4298600      0.3871200      0.3422200       0.000000    
   1.222270       1.252390       1.282710       1.279680       1.276700       1.174140      0.9826700      0.9799190      0.9237710      0.8733430      0.8592400      0.8443150      0.8228600      0.7898400      0.7506500      0.7098800      0.6695200      0.6329400      0.6010600      0.5745700      0.5514400      0.5289100      0.5048200      0.4779700      0.4479300      0.4148200      0.3855300      0.3473800       0.000000       0.000000    
   1.252460       1.282710       1.281190       1.279690       1.178300      0.9826700      0.9812940      0.9223780      0.8662910      0.8592400      0.8517770      0.8290640      0.7898400      0.7702450      0.7501230      0.7100170      0.6707800      0.6345070      0.5753200      0.5471300      0.5191100      0.4922300      0.4651300      0.4368500      0.4069300      0.3753200      0.3369500       0.000000       0.000000       0.000000    
   1.282710       1.281950       1.281200       1.180460      0.9826700      0.9819820      0.9216700      0.8627660      0.8592400      0.8555090      0.8324800      0.7898400      0.7800420      0.7700690      0.7434620      0.7103070      0.6717680      0.5871040      0.5340150      0.5209000      0.4892900      0.4591900      0.4298100      0.3932000      0.3644800      0.3350600       0.000000       0.000000       0.000000       0.000000    
   1.282330       1.281950       1.181570      0.9826700      0.9823260      0.9213130      0.8610030      0.8592400      0.8573740      0.8342670      0.7898400      0.7849410      0.7799840      0.7645250      0.7412790      0.7085120      0.6035070      0.5274570      0.5209000      0.4867200      0.4499700      0.4191900      0.3896000      0.3608200      0.3327600       0.000000       0.000000       0.000000       0.000000       0.000000    
   1.282330       1.182130      0.9826700      0.9824980      0.9211340      0.8601210      0.8592400      0.8583070      0.8351800      0.7898400      0.7873910      0.7849220      0.7764830      0.7619290      0.7381050      0.6035830      0.5241790      0.5209000      0.4528960      0.4221400      0.4032620      0.3901700      0.3601800      0.3309000       0.000000       0.000000       0.000000       0.000000       0.000000       0.000000    
   1.182410      0.9826700      0.9825840      0.9210450      0.8596810      0.8592400      0.8587740      0.8356420      0.7898400      0.7886150      0.7873840      0.7829320      0.7744450      0.6620670      0.5497670      0.4406440      0.4404400      0.4137800      0.3907250      0.3818250      0.3943100      0.3626700      0.3300400       0.000000       0.000000       0.000000       0.000000       0.000000       0.000000       0.000000    
  0.9826700      0.9826270      0.9210000      0.8594600      0.8592400      0.8590070      0.8358740      0.7898400      0.7892280      0.7886130      0.7863100      0.7815870      0.5923990      0.3714030      0.3717500      0.3825900      0.3573130      0.3599800      0.3443970      0.3682100      0.3693400      0.3314100       0.000000       0.000000       0.000000       0.000000       0.000000       0.000000       0.000000       0.000000    
  0.9826480      0.9209770      0.8593500      0.8592400      0.8591230      0.8359900      0.7898400      0.7895340      0.7892270      0.7880500      0.6487940      0.4437300      0.3953040      0.3711500      0.3710560      0.3717500      0.3608580      0.3546450      0.3599800      0.2675750      0.3409800       0.000000       0.000000       0.000000       0.000000       0.000000       0.000000       0.000000       0.000000       0.000000    
  0.9209660      0.8592950      0.8592400      0.8591820      0.8360480      0.7898400      0.7896870      0.7895340      0.7889370      0.6227060      0.4437300      0.4437300      0.4437300      0.3949320      0.3706430      0.3703620      0.3717500      0.3570580      0.3493100      0.3599800       0.000000       0.000000       0.000000       0.000000       0.000000       0.000000       0.000000       0.000000       0.000000       0.000000    
  0.8592680      0.8592400      0.8592110      0.8360780      0.7898400      0.7897630      0.7896870      0.7250470      0.6083580      0.4437430      0.4437300      0.4437300      0.4437300      0.4437300      0.3943010      0.3698150      0.3689750      0.3717500      0.3471920      0.3386400       0.000000       0.000000       0.000000       0.000000       0.000000       0.000000       0.000000       0.000000       0.000000       0.000000    
  0.8592400      0.8592250      0.8360920      0.7898400      0.7898020      0.7075630      0.5842500      0.5581390      0.5320300      0.4732010      0.4437690      0.4437300      0.4437300      0.4437300      0.4437300      0.3932950      0.3687210      0.3662000      0.3717500      0.3184000       0.000000       0.000000       0.000000       0.000000       0.000000       0.000000       0.000000       0.000000       0.000000       0.000000    
  0.8592330      0.8360990      0.7898400      0.7898210      0.6911620      0.5842760      0.5842760      0.5842500      0.5581360      0.5320300      0.4732740      0.4438480      0.4437300      0.4437300      0.4437300      0.4437300      0.3917540      0.3682130      0.3606500       0.000000       0.000000       0.000000       0.000000       0.000000       0.000000       0.000000       0.000000       0.000000       0.000000       0.000000    
