iMOD/TUTORIALS/TUT_MetaswapAnalyser/model_MetaSWAP/meteo/Precipitation/Precipitation_20060917_L1.ASC
NCOLS                30
NROWS                30
XLLCORNER     160000.00
YLLCORNER     340000.00
CELLSIZE        1000.00
NODATA_VALUE   -9999.00
   2.194230       2.443790       2.691620       2.921010       3.092830       3.129370       3.010820       2.809860       2.605630       2.489430       2.480840       2.498410       2.514950       2.521160       2.513470       2.524510       2.436260       2.378740       2.310730       2.229540       2.137740       2.045950       1.941870       1.814730       1.710490       1.608190       1.510460       1.421010       1.345950       1.293790    
   2.309430       2.541940       2.754390       2.943480       3.070450       3.096320       3.014410       2.851050       2.639020       2.537000       2.615210       2.675930       2.719350       2.771730       2.784170       2.728370       2.698010       2.665760       2.591660       2.505690       2.405540       2.301800       2.183190       2.039270       1.915280       1.790700       1.667830       1.549790       1.442580       1.359920    
   2.404620       2.621000       2.818480       2.982750       3.082740       3.114420       3.068400       2.961870       2.834310       2.781490       2.832270       2.899060       2.974380       3.021810       3.056090       3.025050       3.002450       2.955340       2.884740       2.793230       2.677630       2.561700       2.406030       2.268930       2.127510       1.983840       1.839540       1.696370       1.555350       1.428440    
   2.496620       2.699930       2.882700       3.034400       3.136660       3.183390       3.176020       3.128590       3.075930       3.068540       3.102450       3.168400       3.238590       3.301340       3.344760       3.335230       3.318730       3.272840       3.198460       3.099150       2.979520       2.812940       2.674810       2.522300       2.365100       2.205400       2.044980       1.885220       1.726350       1.575130    
   2.590260       2.784620       2.961880       3.107800       3.216900       3.285160       3.316080       3.332810       3.332610       3.352470       3.368930       3.441680       3.525390       3.601740       3.657560       3.673790       3.668620       3.623960       3.544310       3.435450       3.274430       3.126370       2.972920       2.799980       2.629200       2.457440       2.287530       2.121100       1.968460       1.844260    
   2.688250       2.879300       3.051520       3.200340       3.320880       3.411650       3.498030       3.537350       3.469740       3.554910       3.638680       3.733930       3.826690       3.914460       4.002720       4.040510       4.043360       3.998890       3.909980       3.788440       3.616170       3.453160       3.285030       3.104690       2.921980       2.737000       2.562710       2.398120       2.255940       2.148370    
   2.764840       2.979610       3.153010       3.308070       3.475300       3.583360       3.673110       3.578000       3.694170       3.793480       3.901220       4.015910       4.132280       4.238230       4.362270       4.421690       4.446610       4.399690       4.295140       4.137060       3.975030       3.796810       3.608060       3.420940       3.227990       3.040370       2.861020       2.701140       2.564170       2.463160    
   2.736560       3.100960       3.307580       3.467050       3.610590       3.558660       3.614100       3.767380       3.891900       4.019570       4.152530       4.289800       4.427530       4.557970       4.723380       4.801580       4.853790       4.801470       4.672170       4.520360       4.344680       4.151450       3.947860       3.747870       3.544860       3.348270       3.169620       3.011590       2.867380       2.773400    
   2.879170       3.212290       3.392240       3.595670       3.516560       3.677500       3.742820       3.925800       4.076800       4.230690       4.388760       4.550050       4.711140       4.962510       5.068980       5.157720       5.202510       5.170210       5.060260       4.905930       4.718940       4.510340       4.290740       4.076860       3.859950       3.659420       3.477700       3.302920       3.177950       3.083500    
   2.980680       3.327120       3.512310       3.399340       3.614470       3.790980       3.899460       4.071880       4.245970       4.423690       4.605830       4.791390       4.977090       5.279560       5.405390       5.503290       5.567920       5.544920       5.450750       5.296410       5.097990       4.866040       4.627660       4.390140       4.168510       3.959740       3.754710       3.599580       3.474100       3.379310    
   3.033830       3.273370       3.429150       3.477820       3.669960       3.915550       4.012110       4.202410       4.396190       4.594940       4.799250       5.008310       5.408210       5.654660       5.819950       5.911530       5.952000       5.929050       5.826430       5.650280       5.420900       5.162720       4.896570       4.634570       4.370470       4.156020       3.969530       3.814580       3.692440       3.651930    
   3.033490       3.303540       3.477820       3.684800       3.749100       3.973850       4.076090       4.314400       4.524210       4.740550       5.126430       5.336380       5.771850       5.997600       6.132870       6.254540       6.332860       6.330590       6.232080       6.034590       5.770410       5.476920       5.159380       4.877410       4.620280       4.402580       4.209830       4.052110       3.930010       3.842880    
   3.156450       3.477820       3.700170       3.795720       3.842340       3.942200       4.153580       4.370430       4.826750       5.068520       5.286500       5.925790       6.081620       6.245960       6.407180       6.567500       6.695880       6.745640       6.647140       6.404990       6.072840       5.731310       5.401100       5.096280       4.823740       4.587050       4.398240       4.238310       4.116880       4.033170    
   3.477820       3.709840       3.819030       3.842340       3.926480       3.994900       4.512580       4.720290       4.933670       5.127060       5.358560       6.095900       6.260980       6.438760       6.627500       6.817660       7.002510       7.144750       7.069240       6.724060       6.324890       5.936290       5.571940       5.248060       4.963310       4.719060       4.525760       4.364430       4.244100       4.164150    
   3.715170       3.830690       3.842340       3.921240       3.994900       4.317330       4.444520       4.663560       4.889200       5.122580       5.956050       6.121160       6.300270       6.493950       6.702630       6.946800       7.180080       7.426070       7.397190       6.911160       6.447340       6.031540       5.657080       5.324710       5.034890       4.787820       4.583530       4.431960       4.312950       4.213310    
   3.836510       3.842340       3.919490       3.994900       4.252250       4.444520       4.554040       4.665760       5.139660       5.883280       6.029600       6.187250       6.356630       6.537740       6.698400       6.902150       7.142300       7.283530       7.194190       6.830760       6.412380       6.008970       5.640520       5.310920       5.022410       4.776020       4.572200       4.411130       4.304330       4.228140    
   3.842340       3.918910       3.994900       4.230560       4.444520       4.499280       4.554770       5.060680       5.883280       5.956440       6.105720       6.204980       6.312110       6.468060       6.714190       6.849020       6.952580       6.984920       6.870580       6.603480       6.260040       5.902630       5.560830       5.245300       4.966990       4.726800       4.526360       4.366450       4.247360       4.190700    
   3.918720       3.994900       4.223330       4.444520       4.471900       4.499520       4.999500       5.883280       5.919860       6.076630       6.214240       6.223490       6.329370       6.494760       6.591030       6.669420       6.703410       6.673740       6.546080       6.321420       6.033360       5.720590       5.410360       5.118730       4.852310       4.620930       4.425170       4.266580       4.145860       4.073010    
   3.994900       4.220920       4.444520       4.458210       4.471980       4.963550       5.883280       5.901570       6.064420       6.218860       6.223490       6.276430       6.355530       6.374510       6.426870       6.455010       6.443510       6.367380       6.228940       6.023820       5.770220       5.492130       5.210460       4.940220       4.691180       4.469480       4.276610       4.119240       4.005910       3.907350    
   4.220110       4.444520       4.451360       4.458240       4.944260       5.883280       5.892420       6.058790       6.221180       6.223490       6.249960       6.307490       6.374510       6.400690       6.418800       6.441800       6.421970       6.346610       5.955490       5.725100       5.491680       5.237580       4.978290       4.726390       4.491020       4.278400       4.072630       3.926750       3.777140       3.692790    
   4.444520       4.447940       4.451370       4.934280       5.883280       5.887850       6.056060       6.222330       6.223490       6.236720       6.288860       6.374510       6.387600       6.398000       6.420430       6.427520       6.403460       5.946990       5.578660       5.432220       5.209650       4.970890       4.727620       4.464910       4.243600       4.041150       3.839470       3.687330       3.563310       3.469500    
   4.446230       4.447950       4.929220       5.883280       5.885570       6.054720       6.222910       6.223490       6.230110       6.280900       6.374510       6.381050       6.386700       6.402010       6.415320       6.417140       5.943130       5.505440       5.432220       5.178280       4.892960       4.668750       4.440770       4.217520       3.974410       3.789620       3.615380       3.463440       3.336050       3.234650    
   4.446230       4.926670       5.883280       5.884420       6.054050       6.223200       6.223490       6.226800       6.277250       6.374510       6.377780       6.380760       6.389920       6.401340       6.411490       5.785210       5.468830       5.432220       4.871160       4.631130       4.492260       4.398900       4.160430       3.943600       3.741520       3.554150       3.384360       3.233500       3.103060       2.996330    
   4.925390       5.883280       5.883850       6.053720       6.223350       6.223490       6.225140       6.275510       6.374510       6.376150       6.377680       6.382820       6.390670       5.803750       5.238990       4.687570       4.681630       4.523870       4.333010       4.243010       4.369300       4.131370       3.907700       3.699390       3.503610       3.323310       3.159440       3.011620       2.879400       2.748720    
   5.883280       5.883570       6.053550       6.223420       6.223490       6.224320       6.274660       6.374510       6.375330       6.376110       6.378880       6.383730       5.319220       4.010190       4.012250       4.136110       3.912240       3.931040       4.051920       4.124890       4.116720       3.884490       3.669730       3.465120       3.275830       3.104050       2.949240       2.808910       2.666140       2.548890    
   5.883420       6.053470       6.223450       6.223490       6.223900       6.274250       6.374510       6.374920       6.375320       6.376770       5.515860       4.220300       4.078970       4.008680       4.008130       4.012250       3.938300       3.893440       3.931040       3.908730       3.888650       3.664440       3.447180       3.244720       3.061940       2.901060       2.760020       2.622490       2.507450       2.398610    
   6.053430       6.223470       6.223490       6.223700       6.274040       6.374510       6.374710       6.374920       6.375670       5.341710       4.220300       4.220300       4.220300       4.076720       4.005640       4.004010       4.012250       3.916470       3.855840       3.931040       3.698490       3.466270       3.243480       3.039920       2.863680       2.716650       2.586490       2.481910       2.389990       2.307280    
   6.223480       6.223490       6.223590       6.273930       6.374510       6.374610       6.374710       6.039830       5.306530       4.220570       4.220300       4.220300       4.220300       4.220300       4.072820       4.000670       3.995770       4.012250       3.866770       3.780640       3.537570       3.294330       3.061400       2.852430       2.680790       2.547160       2.448350       2.372320       2.310070       2.259610    
   6.223490       6.223540       6.273880       6.374510       6.374560       6.053650       5.572010       5.303010       5.034010       4.492290       4.221120       4.220300       4.220300       4.220300       4.220300       4.066290       3.994000       3.979300       4.012250       3.743130       3.468370       3.194420       2.950030       2.691890       2.513410       2.401680       2.337130       2.294360       2.262840       2.241440    
   6.223520       6.273860       6.374510       6.374540       5.989670       5.572420       5.572420       5.572010       5.303010       5.034010       4.493740       4.222770       4.220300       4.220300       4.220300       4.220300       4.055070       3.990450       3.946340       3.669610       3.434560       3.130230       2.833480       2.560430       2.360340       2.278220       2.250840       2.252850       2.247980       2.248800    
