iMOD/TUTORIALS/TUT_MetaswapAnalyser/model_MetaSWAP/meteo/Precipitation/Precipitation_20050330_L1.ASC
NCOLS                30
NROWS                30
XLLCORNER     160000.00
YLLCORNER     340000.00
CELLSIZE        1000.00
NODATA_VALUE   -9999.00
   6.797930       6.911360       7.013710       7.107200       7.203320       7.313760       7.447790       7.590860       7.774280       8.161350       8.800220       9.509980       10.22840       10.91760       11.57700       12.17250       12.67700       13.13490       13.58770       13.99250       14.35440       14.72430       15.02480       15.26870       15.52590       15.76320       15.97760       16.15920       16.28560       16.31670    
   6.777110       6.891790       7.012090       7.108920       7.207810       7.307000       7.408620       7.501190       7.571030       7.904080       8.663180       9.424170       10.16130       10.85390       11.52740       12.10770       12.69170       13.30930       13.74530       14.18470       14.58110       14.98040       15.31290       15.59110       15.87980       16.15140       16.40700       16.64240       16.78760       16.90360    
   6.811340       6.928590       7.040620       7.153310       7.268330       7.374260       7.483520       7.600340       7.767090       8.136550       8.771760       9.486200       10.19550       10.89380       11.60110       12.21900       12.82380       13.38320       13.89560       14.36250       14.71880       15.13630       15.46110       15.79370       16.10800       16.40940       16.64600       16.94370       17.23540       17.49740    
   6.876740       7.000340       7.121930       7.247210       7.370650       7.501050       7.645440       7.825000       8.082240       8.486760       9.023200       9.666250       10.33160       11.01990       11.69670       12.32270       12.92940       13.49320       14.01130       14.48490       14.91770       15.22070       15.62010       15.90300       16.23090       16.54840       16.86090       17.17300       17.48660       17.79790    
   6.969650       7.102410       7.240480       7.378050       7.523410       7.682570       7.865690       8.135760       8.428050       8.822380       9.271020       9.858600       10.51040       11.17070       11.84400       12.47320       13.05750       13.61480       14.12570       14.59250       14.98270       15.37480       15.76110       16.04710       16.36930       16.67720       16.97300       17.25250       17.50690       17.67890    
   7.086030       7.232730       7.381180       7.537570       7.706470       7.894720       8.164040       8.430340       8.679780       9.059250       9.555930       10.12140       10.74730       11.37270       12.02660       12.64930       13.24360       13.79090       14.28760       14.74050       15.12260       15.50150       15.87240       16.19760       16.49850       16.73890       16.99780       17.22340       17.39840       17.47520    
   7.137460       7.378580       7.542380       7.717620       7.987920       8.192370       8.429210       8.612680       8.923050       9.345420       9.833630       10.38030       10.97190       11.60240       12.24630       12.86190       13.45560       13.98570       14.45690       14.86360       15.25480       15.61290       15.94010       16.26140       16.53360       16.77640       16.98400       17.15010       17.23880       17.25860    
   7.322310       7.552660       7.822410       8.005950       8.208170       8.226390       8.546750       8.811100       9.184140       9.612410       10.09630       10.63090       11.20660       11.81380       12.47430       13.07580       13.66610       14.17240       14.60420       15.00730       15.37500       15.70770       16.00720       16.29760       16.53570       16.73780       16.90270       17.01960       17.08210       17.06050    
   7.593020       7.717590       7.907220       8.212390       8.158590       8.423520       8.769080       9.040290       9.424630       9.857490       10.33890       10.86520       11.42880       12.09050       12.68190       13.26260       13.82070       14.32170       14.75110       15.13710       15.48090       15.78560       16.05370       16.31050       16.51050       16.67530       16.79840       16.88050       16.89530       16.84490    
   7.756610       7.888870       8.091240       7.976530       8.329880       8.610100       8.899050       9.250010       9.642290       10.07820       10.55760       11.07730       11.63130       12.29170       12.86250       13.43530       13.98200       14.46510       14.89210       15.26420       15.58620       15.84650       16.08110       16.27930       16.46710       16.59480       16.68870       16.72530       16.70820       16.63360    
   7.741200       7.912240       8.018340       8.116740       8.385770       8.661470       9.078990       9.438010       9.835220       10.27230       10.74910       11.26310       11.93190       12.49120       13.08020       13.61550       14.13860       14.60750       15.01730       15.36400       15.65350       15.89490       16.09600       16.25990       16.40370       16.49180       16.54440       16.55180       16.50950       16.42960    
   7.744910       7.947130       8.116740       8.384520       8.525100       8.701080       9.146040       9.602590       10.00180       10.43780       10.95100       11.45400       12.12090       12.70070       13.23650       13.76560       14.27460       14.74960       15.14400       15.46140       15.71340       15.91610       16.09050       16.22270       16.32190       16.41000       16.43770       16.42200       16.35910       16.24680    
   7.846720       8.116740       8.382380       8.517790       8.510470       8.938520       9.277290       9.647530       10.11400       10.62500       11.08700       11.85070       12.32650       12.82990       13.36040       13.88940       14.40660       14.87650       15.26780       15.54560       15.75480       15.91650       16.04700       16.14990       16.22430       16.26710       16.30060       16.26870       16.19170       16.06660    
   8.116740       8.380930       8.514130       8.510470       8.832170       9.047520       9.467060       9.831390       10.22660       10.62590       11.08830       11.96290       12.42530       12.91610       13.43060       13.96830       14.50530       15.00710       15.37570       15.59870       15.74700       15.86860       15.96790       16.04870       16.10610       16.13570       16.15710       16.11730       16.03410       15.90360    
   8.380110       8.512300       8.510470       8.796720       9.047520       9.340500       9.506930       9.870390       10.26250       10.68430       11.51690       11.94240       12.39860       12.88340       13.39400       13.98410       14.51530       15.04890       15.43190       15.53440       15.65150       15.74450       15.82720       15.89570       15.94580       15.97220       15.96940       15.95690       15.87900       15.72540    
   8.511380       8.510470       8.784900       9.047520       9.298320       9.506930       9.688660       9.879940       10.50070       11.18560       11.56300       11.96910       12.40270       12.86170       13.26950       13.77640       14.38000       14.84900       15.17800       15.32720       15.41910       15.56210       15.64250       15.71020       15.76210       15.79350       15.79910       15.77300       15.73640       15.62870    
   8.510470       8.780960       9.047520       9.284260       9.506930       9.597800       9.691840       10.31370       11.18560       11.37430       11.69620       11.95780       12.26420       12.69080       13.27120       13.70830       14.16580       14.55240       14.84990       15.04520       15.17620       15.27560       15.35790       15.51980       15.58670       15.63530       15.66070       15.65700       15.61790       15.55160    
   8.779650       9.047520       9.279570       9.506930       9.552360       9.598860       10.19720       11.18560       11.28000       11.58870       11.88170       11.80560       12.17490       12.73460       13.11910       13.50410       13.91310       14.24630       14.52100       14.73090       14.88980       15.01620       15.12300       15.21650       15.39140       15.46540       15.51940       15.54750       15.54300       15.49020    
   9.047520       9.278010       9.506930       9.529650       9.552720       10.13350       11.18560       11.23280       11.54070       11.84370       11.80560       11.99020       12.32780       12.59600       12.93700       13.27440       13.59600       13.93920       14.19390       14.40560       14.58040       14.72890       14.86020       14.98040       15.09170       15.19320       15.37240       15.44070       15.47100       15.50750    
   9.277490       9.506930       9.518290       9.529760       10.10040       11.18560       11.20920       11.51790       11.82460       11.80560       11.89790       12.17990       12.59600       12.76650       12.93580       13.26910       13.60320       13.90970       14.07050       14.07470       14.25710       14.42140       14.57450       14.72140       14.86460       15.00350       15.17470       15.28610       15.33160       15.46160    
   9.506930       9.512610       9.518330       10.08350       11.18560       11.19740       11.50670       11.81510       11.80560       11.85180       12.11990       12.59600       12.68120       12.76610       12.99050       13.26940       13.59400       13.84590       13.90690       13.73920       13.92300       14.09730       14.26790       14.48650       14.65790       14.83330       14.95330       15.12460       15.28070       15.40840    
   9.509770       9.512620       10.07500       11.18560       11.19150       11.50110       11.81040       11.80560       11.82870       12.09330       12.59600       12.63860       12.68110       12.81260       13.00870       13.28460       13.65430       13.82310       13.73920       13.76930       13.64580       13.81620       13.99250       14.17930       14.32610       14.52300       14.75120       14.98420       15.21070       15.41990    
   9.509770       10.07080       11.18560       11.18850       11.49840       11.80800       11.80560       11.81710       12.08090       12.59600       12.61730       12.63860       12.71080       12.83410       13.03530       13.27520       13.78110       13.73920       13.34620       13.25400       13.35770       13.47190       13.55860       13.76560       13.99490       14.24920       14.52740       14.82330       15.12550       15.41360    
   10.06860       11.18560       11.18710       11.49700       11.80680       11.80560       11.81140       12.07490       12.59600       12.60670       12.61730       12.65560       12.72780       12.33940       12.35290       12.64750       12.64720       12.70560       12.76480       12.62240       12.86210       12.99260       13.18260       13.39810       13.64810       13.93580       14.26090       14.61870       14.99970       15.31890    
   11.18560       11.18630       11.49630       11.80620       11.80560       11.80850       12.07200       12.59600       12.60130       12.60670       12.62650       12.66690       11.85130       10.77000       10.77740       11.54780       11.51420       11.55510       12.12280       12.41810       12.38270       12.53820       12.78200       12.99870       13.26170       13.57580       13.94110       14.35350       14.74900       15.24100    
   11.18600       11.49590       11.80590       11.80560       11.80700       12.07050       12.59600       12.59870       12.60130       12.61150       11.79590       10.53980       10.68810       10.76370       10.76250       10.77740       11.25260       11.47320       11.55510       11.89560       12.00960       12.13930       12.30140       12.56670       12.83350       13.16580       13.56260       13.96930       14.47450       15.02510    
   11.49580       11.80570       11.80560       11.80630       12.06980       12.59600       12.59730       12.59870       12.60380       11.61770       10.53980       10.53980       10.53980       10.67910       10.75120       10.74760       10.77740       11.20470       11.39130       11.55510       11.63500       11.73410       11.86810       12.05690       12.36440       12.70800       13.09530       13.57330       14.10010       14.65270    
   11.80570       11.80560       11.80600       12.06940       12.59600       12.59670       12.59730       11.98810       11.32040       10.53950       10.53980       10.53980       10.53980       10.53980       10.66280       10.72850       10.71780       10.77740       11.09490       11.22760       11.27290       11.33270       11.42530       11.57860       11.82460       12.19450       12.62770       13.12830       13.66260       14.19640    
   11.80560       11.80580       12.06920       12.59600       12.59630       11.59440       10.09100       10.12190       10.15270       10.41010       10.53900       10.53980       10.53980       10.53980       10.53980       10.63530       10.69030       10.65820       10.77740       10.81960       10.85590       10.89390       11.00930       11.11540       11.30270       11.65330       12.14550       12.67320       13.21390       13.73370    
   11.80570       12.06920       12.59600       12.59620       11.39380       10.09100       10.09100       10.09100       10.12190       10.15270       10.40880       10.53750       10.53980       10.53980       10.53980       10.53980       10.59320       10.63540       10.53910       10.55990       10.71130       10.66330       10.61940       10.60970       10.74960       11.16390       11.71210       12.24970       12.80060       13.31040    
