iMOD/TUTORIALS/TUT_MetaswapAnalyser/model_MetaSWAP/meteo/Precipitation/Precipitation_20061021_L1.ASC
NCOLS                30
NROWS                30
XLLCORNER     160000.00
YLLCORNER     340000.00
CELLSIZE        1000.00
NODATA_VALUE   -9999.00
  0.3520900      0.3621700      0.3675300      0.3638800      0.3416500      0.2833600       0.000000       0.000000       0.000000       0.000000       0.000000       0.000000       0.000000       0.000000       0.000000       0.000000       0.000000       0.000000       0.000000       0.000000       0.000000       0.000000       0.000000       0.000000       0.000000       0.000000       0.000000       0.000000       0.000000       0.000000    
  0.3326900      0.3352700      0.3307600      0.3139400      0.2792400      0.2223600       0.000000       0.000000       0.000000       0.000000       0.000000       0.000000       0.000000       0.000000       0.000000       0.000000       0.000000       0.000000       0.000000       0.000000       0.000000       0.000000       0.000000       0.000000       0.000000       0.000000       0.000000       0.000000       0.000000       0.000000    
  0.3164200      0.3131000      0.3015100      0.2782900      0.2419900       0.000000       0.000000       0.000000       0.000000       0.000000       0.000000       0.000000       0.000000       0.000000       0.000000       0.000000       0.000000       0.000000       0.000000       0.000000       0.000000       0.000000       0.000000       0.000000       0.000000       0.000000       0.000000       0.000000       0.000000       0.000000    
  0.3048400      0.2977000      0.2828700      0.2573200      0.2233800       0.000000       0.000000       0.000000       0.000000       0.000000       0.000000       0.000000       0.000000       0.000000       0.000000       0.000000       0.000000       0.000000       0.000000       0.000000       0.000000       0.000000       0.000000       0.000000       0.000000       0.000000       0.000000       0.000000       0.000000       0.000000    
  0.2984300      0.2892400      0.2707800      0.2480200      0.2185900       0.000000       0.000000       0.000000       0.000000       0.000000       0.000000       0.000000       0.000000       0.000000       0.000000       0.000000       0.000000       0.000000       0.000000       0.000000       0.000000       0.000000       0.000000       0.000000       0.000000       0.000000       0.000000       0.000000       0.000000       0.000000    
  0.2969000      0.2823300      0.2673400      0.2470400      0.2221800       0.000000       0.000000       0.000000       0.000000       0.000000       0.000000       0.000000       0.000000       0.000000       0.000000       0.000000       0.000000       0.000000       0.000000       0.000000       0.000000       0.000000       0.000000       0.000000       0.000000       0.000000       0.000000       0.000000       0.000000       0.000000    
  0.2911600      0.2830600      0.2693600      0.2517200      0.2290600      0.2062600       0.000000       0.000000       0.000000       0.000000       0.000000       0.000000       0.000000       0.000000       0.000000       0.000000       0.000000       0.000000       0.000000       0.000000       0.000000       0.000000       0.000000       0.000000       0.000000       0.000000       0.000000       0.000000       0.000000       0.000000    
  0.2906600      0.2825900      0.2722100      0.2567400      0.2391400      0.2186600       0.000000       0.000000       0.000000       0.000000       0.000000       0.000000       0.000000       0.000000       0.000000       0.000000       0.000000       0.000000       0.000000       0.000000       0.000000       0.000000       0.000000       0.000000       0.000000       0.000000       0.000000       0.000000       0.000000       0.000000    
  0.2918700      0.2867400      0.2761300      0.2653700      0.2480200      0.2331000      0.2200100      0.2076100       0.000000       0.000000       0.000000       0.000000       0.000000       0.000000       0.000000       0.000000       0.000000       0.000000       0.000000       0.000000       0.000000       0.000000       0.000000       0.000000       0.000000       0.000000       0.000000       0.000000       0.000000       0.000000    
  0.2972100      0.2927900      0.2837600      0.2700500      0.2598200      0.2475800      0.2384000      0.2273300      0.2176800      0.2097500      0.2035600       0.000000       0.000000      0.2032400       0.000000       0.000000       0.000000       0.000000       0.000000       0.000000       0.000000       0.000000       0.000000       0.000000       0.000000       0.000000       0.000000       0.000000       0.000000       0.000000    
  0.2976900      0.2912530      0.2816000      0.2798000      0.2703200      0.2643700      0.2550400      0.2459200      0.2378700      0.2311600      0.2258600      0.2219000      0.2376700      0.2310400      0.2243100      0.2206000      0.2179900      0.2162300      0.2140000      0.2100600      0.2039300       0.000000       0.000000       0.000000       0.000000       0.000000       0.000000       0.000000       0.000000       0.000000    
  0.2971130      0.2875860      0.2798000      0.2820150      0.2819800      0.2766300      0.2692900      0.2633300      0.2567300      0.2512200      0.2473200      0.2443200      0.2632100      0.2541700      0.2520100      0.2493200      0.2466600      0.2434600      0.2379600      0.2298600      0.2197300      0.2083600       0.000000       0.000000       0.000000       0.000000       0.000000       0.000000       0.000000       0.000000    
  0.2916550      0.2798000      0.2866860      0.2889700      0.2959600      0.2900000      0.2837500      0.2779200      0.2735300      0.2700700      0.2667900      0.2865600      0.2817300      0.2782000      0.2767600      0.2744500      0.2717300      0.2669600      0.2592800      0.2470400      0.2329300      0.2185100      0.2042200       0.000000       0.000000       0.000000       0.000000       0.000000       0.000000       0.000000    
  0.2798000      0.2887280      0.2924650      0.2959600      0.2960330      0.3021400      0.2977400      0.2931500      0.2891400      0.2855700      0.2832800      0.3070600      0.3025300      0.2991500      0.2966600      0.2954600      0.2923700      0.2875100      0.2768600      0.2617400      0.2447600      0.2280300      0.2143900       0.000000       0.000000       0.000000       0.000000       0.000000       0.000000       0.000000    
  0.2896750      0.2942130      0.2959600      0.2980440      0.3021400      0.3024530      0.3074800      0.3039500      0.3009200      0.2985500      0.3285000      0.3232000      0.3189700      0.3156300      0.3129000      0.3114900      0.3080700      0.3035800      0.2921600      0.2732400      0.2561500      0.2384100      0.2212500      0.2047500       0.000000       0.000000       0.000000       0.000000       0.000000       0.000000    
  0.2950860      0.2959600      0.2987150      0.3021400      0.3040240      0.3074800      0.3057150      0.3041170      0.3133600      0.3500200      0.3437800      0.3384400      0.3338700      0.3298800      0.3268800      0.3230900      0.3196000      0.3116200      0.2985400      0.2807200      0.2618100      0.2448100      0.2267900      0.2093600       0.000000       0.000000       0.000000       0.000000       0.000000       0.000000    
  0.2959600      0.2989380      0.3021400      0.3045480      0.3074800      0.3065980      0.3057710      0.3183030      0.3500200      0.3469000      0.3493340      0.3510400      0.3465000      0.3420900      0.3387500      0.3331900      0.3267100      0.3163600      0.3023900      0.2852500      0.2665400      0.2474300      0.2285400      0.2121400       0.000000       0.000000       0.000000       0.000000       0.000000       0.000000    
  0.2990130      0.3021400      0.3047230      0.3074800      0.3070390      0.3066160      0.3201730      0.3500200      0.3484600      0.3533720      0.3572150      0.3633900      0.3579600      0.3530000      0.3470000      0.3399800      0.3317300      0.3199300      0.3053400      0.2882900      0.2696700      0.2503500      0.2309900      0.2120100       0.000000       0.000000       0.000000       0.000000       0.000000       0.000000    
  0.3021400      0.3047810      0.3074800      0.3072590      0.3070450      0.3209620      0.3500200      0.3492400      0.3551090      0.3603030      0.3633900      0.3606750      0.3586420      0.3602200      0.3531400      0.3449000      0.3350000      0.3225100      0.3073900      0.2902000      0.2715100      0.2519600      0.2321700      0.2125700       0.000000       0.000000       0.000000       0.000000       0.000000       0.000000    
  0.3048000      0.3074800      0.3073700      0.3072610      0.3213220      0.3500200      0.3496300      0.3559210      0.3618460      0.3633900      0.3620320      0.3607320      0.3602200      0.3566800      0.3527530      0.3443470      0.3341370      0.3216330      0.3004260      0.2910800      0.2721900      0.2523800      0.2321400      0.2119500       0.000000       0.000000       0.000000       0.000000       0.000000       0.000000    
  0.3074800      0.3074250      0.3073700      0.3214930      0.3500200      0.3498250      0.3563160      0.3626180      0.3633900      0.3627110      0.3615940      0.3602200      0.3584500      0.3565510      0.3512600      0.3437460      0.3333720      0.3076320      0.2910150      0.2909500      0.2718000      0.2516600      0.2309800      0.2114100       0.000000       0.000000       0.000000       0.000000       0.000000       0.000000    
  0.3074520      0.3074250      0.3215770      0.3500200      0.3499220      0.3565110      0.3630040      0.3633900      0.3630510      0.3619790      0.3602200      0.3593350      0.3584070      0.3554200      0.3505190      0.3427930      0.3133360      0.2909820      0.2909500      0.2782500      0.2720000      0.2513300      0.2300400      0.2085300       0.000000       0.000000       0.000000       0.000000       0.000000       0.000000    
  0.3074520      0.3216190      0.3500200      0.3499710      0.3566080      0.3631970      0.3633900      0.3632200      0.3621600      0.3602200      0.3597780      0.3593210      0.3577210      0.3547820      0.3495770      0.3148290      0.2909660      0.2909500      0.2761790      0.2699750      0.2568600      0.2483400      0.2270000      0.2050000       0.000000       0.000000       0.000000       0.000000       0.000000       0.000000    
  0.3216390      0.3500200      0.3499960      0.3566570      0.3632940      0.3633900      0.3633050      0.3622480      0.3602200      0.3599990      0.3597730      0.3589400      0.3572750      0.3317380      0.3044180      0.2762610      0.2765300      0.2710570      0.2653280      0.2655400      0.2679500      0.2446800      0.2203500       0.000000       0.000000       0.000000       0.000000       0.000000       0.000000       0.000000    
  0.3500200      0.3500080      0.3566810      0.3633420      0.3633900      0.3633480      0.3622910      0.3602200      0.3601090      0.3599970      0.3595700      0.3586620      0.3154280      0.2646770      0.2648700      0.2661890      0.2612880      0.2621100      0.2607160      0.2604700      0.2631300      0.2374500      0.2145500       0.000000       0.000000       0.000000       0.000000       0.000000       0.000000       0.000000    
  0.3500140      0.3566930      0.3633660      0.3633900      0.3633690      0.3623120      0.3602200      0.3601650      0.3601090      0.3598920      0.3230660      0.2685500      0.2658310      0.2645120      0.2644840      0.2648700      0.2620670      0.2604650      0.2621100      0.2547450      0.2503300      0.2306700      0.2098300       0.000000       0.000000       0.000000       0.000000       0.000000       0.000000       0.000000    
  0.3566990      0.3633780      0.3633900      0.3633790      0.3623230      0.3602200      0.3601920      0.3601650      0.3600550      0.3160330      0.2685500      0.2685500      0.2685500      0.2655850      0.2641800      0.2640990      0.2648700      0.2608240      0.2588200      0.2621100      0.2434100      0.2230000       0.000000       0.000000       0.000000       0.000000       0.000000       0.000000       0.000000       0.000000    
  0.3633840      0.3633900      0.3633850      0.3623280      0.3602200      0.3602060      0.3601920      0.3285260      0.2992210      0.2685250      0.2685500      0.2685500      0.2685500      0.2685500      0.2651250      0.2635720      0.2633270      0.2648700      0.2574950      0.2555300      0.2360100      0.2146000       0.000000       0.000000       0.000000       0.000000       0.000000       0.000000       0.000000       0.000000    
  0.3633900      0.3633870      0.3623310      0.3602200      0.3602130      0.3116950      0.2389400      0.2363140      0.2336900      0.2568610      0.2684740      0.2685500      0.2685500      0.2685500      0.2685500      0.2642810      0.2625180      0.2617850      0.2648700      0.2474700      0.2275700      0.2052600       0.000000       0.000000       0.000000       0.000000       0.000000       0.000000       0.000000       0.000000    
  0.3633890      0.3623320      0.3602200      0.3602170      0.3019840      0.2389170      0.2389170      0.2389400      0.2363130      0.2336900      0.2567300      0.2683210      0.2685500      0.2685500      0.2685500      0.2685500      0.2627280      0.2609000      0.2587000      0.2410800      0.2243900       0.000000       0.000000       0.000000       0.000000       0.000000       0.000000       0.000000       0.000000       0.000000    
