iMOD/TUTORIALS/TUT_MetaswapAnalyser/model_MetaSWAP/meteo/Precipitation/Precipitation_20051018_L1.ASC
NCOLS                30
NROWS                30
XLLCORNER     160000.00
YLLCORNER     340000.00
CELLSIZE        1000.00
NODATA_VALUE   -9999.00
  0.4925800      0.5422500      0.5940100      0.6465700      0.6960000      0.7324600      0.7522400      0.7608600      0.7645000      0.7606400      0.7507300      0.7379200      0.7233400      0.7067000      0.6901900      0.6650900      0.6188400      0.6039900      0.5811000      0.5559800      0.5285400      0.5011500      0.4694400      0.4424000      0.4061100      0.3687400      0.3310300      0.2940400      0.2592900      0.2286600    
  0.5076500      0.5579000      0.6114300      0.6610700      0.7067100      0.7429400      0.7683500      0.7848400      0.7951100      0.7952600      0.7823800      0.7692100      0.7543200      0.7311900      0.7121800      0.6681000      0.6450700      0.6210000      0.6018400      0.5742200      0.5445000      0.5148300      0.4811500      0.4519400      0.4139100      0.3747600      0.3350900      0.2957800      0.2552100      0.2228000    
  0.5225700      0.5719900      0.6214000      0.6696300      0.7144000      0.7503700      0.7782200      0.7981800      0.8105100      0.8121200      0.8038500      0.7939300      0.7763800      0.7578300      0.7378000      0.6976100      0.6723000      0.6454000      0.6168000      0.5864100      0.5620300      0.5305500      0.5024500      0.4646900      0.4254100      0.3849600      0.3400000      0.2995400      0.2593900      0.2222200    
  0.5348900      0.5830200      0.6305800      0.6766100      0.7181300      0.7540300      0.7831000      0.8056300      0.8191000      0.8220700      0.8183700      0.8119400      0.7987900      0.7813200      0.7619300      0.7264400      0.6994000      0.6708200      0.6406200      0.6087800      0.5753000      0.5547900      0.5198100      0.4763900      0.4369300      0.3965200      0.3555500      0.3144600      0.2734700      0.2343700    
  0.5453200      0.5919700      0.6382600      0.6818500      0.7219300      0.7571600      0.7864800      0.8013800      0.8183500      0.8275700      0.8334300      0.8242000      0.8151000      0.7991400      0.7845100      0.7552000      0.7219500      0.6916900      0.6598800      0.6266100      0.5996100      0.5634900      0.5304000      0.4977600      0.4581600      0.4178600      0.3773400      0.3368400      0.2987200      0.2651800    
  0.5543900      0.5998900      0.6439700      0.6859900      0.7248300      0.7594100      0.7778500      0.8027600      0.8379700      0.8428000      0.8453000      0.8420100      0.8365500      0.8199000      0.8082200      0.7809700      0.7518800      0.7210100      0.6885300      0.6546300      0.6262500      0.5899200      0.5565300      0.5183600      0.4795400      0.4440700      0.4047200      0.3661100      0.3308800      0.3007700    
  0.5719200      0.6062400      0.6488100      0.6894400      0.7110200      0.7468900      0.7782000      0.8289400      0.8405300      0.8515000      0.8565400      0.8560400      0.8505200      0.8425200      0.8384800      0.8115000      0.7825000      0.7514300      0.7186500      0.6899600      0.6551300      0.6189400      0.5816600      0.5479500      0.5097600      0.4716200      0.4335000      0.3979000      0.3665800      0.3380200    
  0.5501500      0.6008400      0.6326800      0.6735200      0.7119800      0.7796200      0.8128400      0.8295900      0.8477700      0.8604600      0.8677200      0.8697500      0.8668700      0.8597600      0.8705200      0.8432800      0.8136800      0.7827800      0.7533600      0.7205700      0.6861400      0.6503600      0.6135900      0.5805800      0.5432300      0.5052500      0.4691200      0.4347100      0.3984000      0.3723100    
  0.5330100      0.6064700      0.6470900      0.6754200      0.7544300      0.7865900      0.8204000      0.8365500      0.8557100      0.8699400      0.8791800      0.8835400      0.8831700      0.9220000      0.9002500      0.8737500      0.8453700      0.8160400      0.7849300      0.7528100      0.7190500      0.6839800      0.6479500      0.6159400      0.5786300      0.5425700      0.5074000      0.4676700      0.4382700      0.4116600    
  0.5378500      0.6117800      0.6510800      0.7396400      0.7627400      0.7944100      0.8200500      0.8443800      0.8644500      0.8800500      0.8911100      0.8976200      0.8996600      0.9498900      0.9274800      0.9044200      0.8743400      0.8477300      0.8192000      0.7888400      0.7568500      0.7195600      0.6845100      0.6488600      0.6174800      0.5823900      0.5410200      0.5094600      0.4797400      0.4522800    
  0.5497630      0.6002370      0.6882370      0.7504500      0.7839300      0.7894800      0.8283800      0.8530900      0.8739800      0.8908500      0.9035800      0.9121200      0.9981600      0.9957700      0.9595200      0.9341000      0.9087300      0.8792800      0.8484000      0.8163200      0.7832900      0.7494900      0.7151500      0.6797300      0.6372800      0.6041000      0.5719600      0.5411200      0.5118500      0.4944300    
  0.5499340      0.6471720      0.7504500      0.7796000      0.7947400      0.8095100      0.8483900      0.8626300      0.8842900      0.9023300      0.9554900      0.9604700       1.052990       1.011710      0.9905100      0.9657700      0.9387600      0.9124700      0.8825100      0.8515900      0.8198500      0.7873700      0.7468400      0.7132500      0.6799400      0.6524800      0.6207300      0.5898000      0.5599000      0.5312600    
  0.6128690      0.7504500      0.7778350      0.7920100      0.7892800      0.8315400      0.8591800      0.8839600      0.9617400      0.9656000      0.9756300       1.078280       1.061710       1.042700       1.022370      0.9983200      0.9720900      0.9439100      0.9172700      0.8873300      0.8529600      0.8211900      0.7890600      0.7567900      0.7245600      0.6925600      0.6669700      0.6361200      0.6057900      0.5761000    
  0.7504500      0.7770530      0.7906450      0.7892800      0.8212730      0.8430000      0.9447900      0.9652700      0.9823700       1.016090       1.023570       1.109080       1.093000       1.074590       1.053900       1.031890       1.003870      0.9780000      0.9502400      0.9225200      0.8933400      0.8634300      0.8275200      0.7958900      0.7643300      0.7329800      0.7079200      0.6774600      0.6472300      0.6172200    
  0.7766860      0.7899630      0.7892800      0.8178510      0.8430000      0.9179630      0.9661000      0.9865300       1.003860       1.017930       1.147220       1.135130       1.120750       1.104080       1.085140       1.061870       1.039260       1.015060      0.9881300      0.9572700      0.9324100      0.9032500      0.8736000      0.8436800      0.8136500      0.7835800      0.7535300      0.7298100      0.6997200      0.6725200    
  0.7896210      0.7892800      0.8167100      0.8430000      0.9090210      0.9661000      0.9763150      0.9854970       1.049410       1.189310       1.179730       1.168000       1.154100       1.138040       1.123860       1.103050       1.077170       1.052520       1.026390      0.9990600      0.9708600      0.9496200      0.9222100      0.8944600      0.8664700      0.8382600      0.8098100      0.7810100      0.7578600      0.7277000    
  0.7892800      0.8163300      0.8430000      0.9060400      0.9661000      0.9712070      0.9759710       1.050130       1.189310       1.184520       1.202050       1.201950       1.194400       1.178850       1.155100       1.134660       1.114530       1.091060       1.066380       1.040740       1.014390      0.9876200      0.9606700      0.9437800      0.9178100      0.8916400      0.8651600      0.8382000      0.8105700      0.7869800    
  0.8162030      0.8430000      0.9050470      0.9661000      0.9686540      0.9710930       1.046660       1.189310       1.186910       1.216750       1.236600       1.271260       1.253340       1.209530       1.191130       1.171380       1.152860       1.130550       1.107280       1.083270       1.058790       1.034070       1.009340      0.9847600      0.9707700      0.9470500      0.9231000      0.8986500      0.8734300      0.8465100    
  0.8430000      0.9047160      0.9661000      0.9673770      0.9686150       1.043930       1.189310       1.188110       1.223630       1.253930       1.271260       1.262300       1.245010       1.245890       1.228070       1.209010       1.188760       1.170850       1.148910       1.126470       1.103790       1.081140       1.058740       1.036740       1.015200      0.9940500      0.9833000      0.9620600      0.9393800      0.9172500    
  0.9046050      0.9661000      0.9667380      0.9673640       1.042310       1.189310       1.188710       1.226980       1.262600       1.271260       1.266780       1.256110       1.245890       1.236980       1.227660       1.208610       1.189540       1.169510       1.166050       1.170100       1.149130       1.128500       1.108450       1.089170       1.070730       1.053050       1.035760       1.017690       1.013000       1.001750    
  0.9661000      0.9664190      0.9667340       1.041430       1.189310       1.189010       1.228640       1.266930       1.271260       1.269020       1.260010       1.245890       1.241440       1.236840       1.224420       1.208600       1.189220       1.186200       1.192000       1.213910       1.194480       1.175720       1.157970       1.141300       1.126170       1.112350       1.114220       1.101050       1.087040       1.071020    
  0.9662600      0.9664180       1.040970       1.189310       1.189160       1.229460       1.269090       1.271260       1.270140       1.261550       1.245890       1.243660       1.241390       1.234230       1.223290       1.207410       1.200180       1.202960       1.213910       1.215890       1.239270       1.222170       1.206540       1.192750       1.197750       1.185550       1.177300       1.169760       1.161810       1.152470    
  0.9662590       1.040740       1.189310       1.189240       1.229870       1.270180       1.271260       1.270700       1.262210       1.245890       1.244780       1.243650       1.239760       1.232970       1.221640       1.237080       1.208430       1.213910       1.264710       1.280600       1.275600       1.270170       1.267440       1.256870       1.248550       1.243740       1.240860       1.239600       1.238660       1.235880    
   1.040620       1.189310       1.189270       1.230080       1.270720       1.271260       1.270980       1.262510       1.245890       1.245330       1.244770       1.242730       1.238790       1.306230       1.338960       1.346130       1.346080       1.339640       1.333570       1.348430       1.321930       1.324460       1.312490       1.303920       1.298900       1.297630       1.299920       1.305140       1.312130       1.319510    
   1.189310       1.189290       1.230180       1.270990       1.271260       1.271120       1.262660       1.245890       1.245610       1.245330       1.244280       1.242100       1.370720       1.532130       1.530540       1.465380       1.483880       1.478240       1.407780       1.371700       1.374920       1.362560       1.354940       1.347400       1.344500       1.346650       1.353680       1.364960       1.380240       1.396770    
   1.189300       1.230230       1.271120       1.271260       1.271190       1.262730       1.245890       1.245750       1.245610       1.245070       1.412800       1.666140       1.578120       1.533720       1.533730       1.530540       1.501030       1.489510       1.478240       1.432770       1.418240       1.403070       1.390870       1.386560       1.384830       1.389640       1.400660       1.417410       1.437480       1.460280    
   1.230260       1.271190       1.271260       1.271220       1.262770       1.245890       1.245820       1.245750       1.245480       1.447150       1.666140       1.666140       1.666140       1.580460       1.536900       1.536920       1.530540       1.505840       1.500780       1.478240       1.459680       1.442110       1.427490       1.418250       1.419290       1.426050       1.440860       1.460720       1.483430       1.506290    
   1.271230       1.271260       1.271240       1.262790       1.245890       1.245860       1.245820       1.413450       1.545270       1.666320       1.666140       1.666140       1.666140       1.666140       1.585080       1.543260       1.543290       1.530540       1.513810       1.523330       1.502130       1.480830       1.461810       1.448710       1.445610       1.456370       1.474470       1.497550       1.521340       1.541760    
   1.271260       1.271250       1.262790       1.245890       1.245870       1.480880       1.833420       1.875080       1.916740       1.750170       1.666690       1.666140       1.666140       1.666140       1.666140       1.594030       1.555940       1.556040       1.530540       1.523140       1.511180       1.495530       1.477070       1.475110       1.468690       1.480280       1.505060       1.532070       1.556830       1.575230    
   1.271260       1.262800       1.245890       1.245880       1.527910       1.833440       1.833440       1.833420       1.875090       1.916740       1.751100       1.667780       1.666140       1.666140       1.666140       1.666140       1.610730       1.581230       1.581540       1.574940       1.558160       1.540070       1.516640       1.492450       1.484170       1.509190       1.547310       1.569700       1.595500       1.612220    
