iMOD/TUTORIALS/TUT_MetaswapAnalyser/model_MetaSWAP/meteo/Precipitation/Precipitation_20051108_L1.ASC
NCOLS                30
NROWS                30
XLLCORNER     160000.00
YLLCORNER     340000.00
CELLSIZE        1000.00
NODATA_VALUE   -9999.00
   0.000000       0.000000       0.000000       0.000000      0.3881000E-01  0.3868000E-01  0.3985000E-01  0.4137000E-01  0.5670000E-01  0.5885000E-01  0.3956000E-01   0.000000       0.000000      0.3879000E-01  0.3877000E-01   0.000000      0.3877000E-01   0.000000       0.000000       0.000000       0.000000       0.000000       0.000000       0.000000       0.000000       0.000000       0.000000       0.000000       0.000000      0.3862000E-01
  0.3968000E-01  0.3967000E-01   0.000000       0.000000      0.3956000E-01  0.3965000E-01  0.4055000E-01  0.4713000E-01  0.1222800      0.1878700      0.4655000E-01   0.000000       0.000000       0.000000       0.000000      0.3877000E-01  0.3877000E-01  0.4155000E-01  0.3971000E-01  0.3971000E-01  0.3971000E-01  0.3815000E-01  0.3815000E-01  0.3971000E-01  0.3971000E-01  0.3971000E-01  0.3970000E-01  0.3964000E-01  0.4120000E-01  0.4253000E-01
  0.3968000E-01  0.3968000E-01  0.3967000E-01  0.4225000E-01  0.3967000E-01  0.3976000E-01  0.4033000E-01  0.4375000E-01  0.5673000E-01  0.5886000E-01  0.4311000E-01   0.000000       0.000000       0.000000      0.3972000E-01  0.4155000E-01  0.4156000E-01  0.4156000E-01  0.4155000E-01  0.4155000E-01  0.3971000E-01  0.3815000E-01  0.3971000E-01  0.3971000E-01  0.3971000E-01  0.3971000E-01  0.4153000E-01  0.4139000E-01  0.4259000E-01   0.000000    
  0.3968000E-01  0.3968000E-01  0.3968000E-01  0.4226000E-01  0.4227000E-01  0.4231000E-01  0.4253000E-01  0.4072000E-01  0.4017000E-01  0.4266000E-01  0.3887000E-01   0.000000       0.000000      0.3973000E-01  0.3973000E-01  0.4158000E-01  0.4159000E-01  0.4159000E-01  0.4157000E-01  0.4156000E-01  0.4155000E-01  0.4155000E-01  0.3971000E-01  0.4155000E-01  0.4155000E-01  0.4155000E-01  0.4152000E-01  0.4137000E-01  0.4239000E-01   0.000000    
  0.3968000E-01  0.3968000E-01  0.4226000E-01  0.4226000E-01  0.4226000E-01  0.4228000E-01  0.4233000E-01  0.4247000E-01  0.4268000E-01  0.4271000E-01  0.4335000E-01  0.4081000E-01  0.3879000E-01  0.4157000E-01  0.3978000E-01  0.4174000E-01  0.4406000E-01  0.4401000E-01  0.4387000E-01  0.4378000E-01  0.4638000E-01  0.4638000E-01  0.4374000E-01  0.4155000E-01  0.4155000E-01  0.4155000E-01  0.4153000E-01  0.4363000E-01  0.4316000E-01  0.4168000E-01
  0.3968000E-01  0.4226000E-01  0.4226000E-01  0.4226000E-01  0.4226000E-01  0.4226000E-01  0.4558000E-01  0.4230000E-01  0.4609000E-01  0.4316000E-01  0.4313000E-01  0.4311000E-01  0.4073000E-01  0.4160000E-01  0.4401000E-01  0.4480000E-01  0.4601000E-01  0.4554000E-01  0.4435000E-01  0.4388000E-01  0.4640000E-01  0.4638000E-01  0.4374000E-01  0.4374000E-01  0.4374000E-01  0.4155000E-01  0.4154000E-01  0.4370000E-01  0.4360000E-01  0.4341000E-01
  0.4556000E-01  0.4226000E-01  0.4226000E-01  0.4226000E-01  0.4556000E-01  0.4556000E-01  0.4557000E-01  0.4603000E-01  0.4310000E-01  0.4310000E-01  0.4310000E-01  0.4310000E-01  0.4311000E-01  0.4385000E-01  0.4447000E-01  0.4811000E-01  0.6105000E-01  0.5435000E-01  0.4575000E-01  0.4670000E-01  0.4642000E-01  0.4638000E-01  0.4637000E-01  0.4374000E-01  0.4374000E-01  0.4374000E-01  0.4637000E-01  0.4636000E-01  0.4371000E-01  0.4369000E-01
  0.4989000E-01  0.4989000E-01  0.4556000E-01  0.4556000E-01  0.4556000E-01  0.4971000E-01  0.4603000E-01  0.4309000E-01  0.4309000E-01  0.4309000E-01  0.4309000E-01  0.4309000E-01  0.4311000E-01  0.4651000E-01  0.4736000E-01  0.5363000E-01  0.1075800      0.6710000E-01  0.4935000E-01  0.4679000E-01  0.4643000E-01  0.4638000E-01  0.4637000E-01  0.4374000E-01  0.4374000E-01  0.4637000E-01  0.4637000E-01  0.4637000E-01  0.4958000E-01  0.4958000E-01
  0.5570000E-01  0.4989000E-01  0.4989000E-01  0.4556000E-01  0.4971000E-01  0.4971000E-01  0.4603000E-01  0.4309000E-01  0.4309000E-01  0.4309000E-01  0.4309000E-01  0.4309000E-01  0.4311000E-01  0.4968000E-01  0.4695000E-01  0.4932000E-01  0.5505000E-01  0.5584000E-01  0.4785000E-01  0.4663000E-01  0.4642000E-01  0.4638000E-01  0.4637000E-01  0.4374000E-01  0.4637000E-01  0.4637000E-01  0.4637000E-01  0.4958000E-01  0.4958000E-01  0.4958000E-01
  0.5570000E-01  0.4989000E-01  0.4989000E-01  0.5443000E-01  0.4971000E-01  0.4971000E-01  0.4309000E-01  0.4309000E-01  0.4309000E-01  0.4309000E-01  0.4309000E-01  0.4309000E-01  0.4310000E-01  0.4606000E-01  0.4977000E-01  0.4699000E-01  0.5081000E-01  0.5060000E-01  0.4998000E-01  0.4968000E-01  0.4960000E-01  0.4638000E-01  0.4637000E-01  0.4637000E-01  0.4637000E-01  0.4637000E-01  0.4958000E-01  0.4958000E-01  0.4958000E-01  0.4958000E-01
  0.5376330E-01  0.5182670E-01  0.5216000E-01  0.5443000E-01  0.5443000E-01  0.4602000E-01  0.4309000E-01  0.4309000E-01  0.4309000E-01  0.4309000E-01  0.4309000E-01  0.4309000E-01  0.4603000E-01  0.4310000E-01  0.4963000E-01  0.4969000E-01  0.4653000E-01  0.4651000E-01  0.4643000E-01  0.4639000E-01  0.4637000E-01  0.4637000E-01  0.4637000E-01  0.4958000E-01  0.5356000E-01  0.4637000E-01  0.4637000E-01  0.4637000E-01  0.4637000E-01  0.4958000E-01
  0.5376330E-01  0.5304500E-01  0.5443000E-01  0.5325000E-01  0.5443000E-01  0.4971000E-01  0.4602000E-01  0.4309000E-01  0.4309000E-01  0.4309000E-01  0.4072000E-01  0.4072000E-01  0.4309000E-01  0.4603000E-01  0.4959000E-01  0.4958000E-01  0.4955000E-01  0.4629000E-01  0.4627000E-01  0.4631000E-01  0.4635000E-01  0.4637000E-01  0.5355000E-01  0.5356000E-01  0.5356000E-01  0.4958000E-01  0.4958000E-01  0.4958000E-01  0.4958000E-01  0.4958000E-01
  0.5407320E-01  0.5443000E-01  0.5236500E-01  0.5207000E-01  0.4971000E-01  0.4602000E-01  0.4602000E-01  0.4602000E-01  0.4309000E-01  0.4072000E-01  0.4072000E-01  0.4602000E-01  0.4602000E-01  0.4602000E-01  0.4957000E-01  0.4951000E-01  0.4927000E-01  0.4880000E-01  0.4560000E-01  0.4917000E-01  0.5343000E-01  0.5353000E-01  0.5355000E-01  0.5355000E-01  0.5356000E-01  0.5356000E-01  0.4958000E-01  0.4958000E-01  0.4958000E-01  0.4958000E-01
  0.5443000E-01  0.5184880E-01  0.5089000E-01  0.4971000E-01  0.4725000E-01  0.4602000E-01  0.4309000E-01  0.4309000E-01  0.4309000E-01  0.4602000E-01  0.4602000E-01  0.4602000E-01  0.4602000E-01  0.4602000E-01  0.4600000E-01  0.4938000E-01  0.5218000E-01  0.4809000E-01  0.4689000E-01  0.5154000E-01  0.5318000E-01  0.5350000E-01  0.4958000E-01  0.4958000E-01  0.4958000E-01  0.4958000E-01  0.4637000E-01  0.4637000E-01  0.4637000E-01  0.4637000E-01
  0.5157220E-01  0.5030000E-01  0.4971000E-01  0.4766000E-01  0.4602000E-01  0.4627330E-01  0.4971000E-01  0.4971000E-01  0.4971000E-01  0.4971000E-01  0.5443000E-01  0.5443000E-01  0.5443000E-01  0.5442000E-01  0.5438000E-01  0.5320000E-01  0.5105000E-01   0.000000       0.000000      0.4611000E-01  0.4594000E-01  0.4631000E-01  0.4637000E-01  0.4637000E-01  0.4637000E-01  0.4637000E-01  0.4637000E-01  0.4374000E-01  0.4374000E-01  0.4637000E-01
  0.5000500E-01  0.4971000E-01  0.4779670E-01  0.4602000E-01  0.4733440E-01  0.4971000E-01  0.4971000E-01  0.4971000E-01  0.5089000E-01  0.5443000E-01  0.5443000E-01  0.5443000E-01  0.5443000E-01  0.5442000E-01  0.4967000E-01  0.4948000E-01  0.5204000E-01  0.4714000E-01  0.4560000E-01  0.5130000E-01  0.5316000E-01  0.4953000E-01  0.4958000E-01  0.4959000E-01  0.4959000E-01  0.4959000E-01  0.4959000E-01  0.4959000E-01  0.4637000E-01  0.4637000E-01
  0.4971000E-01  0.4784220E-01  0.4602000E-01  0.4768810E-01  0.4971000E-01  0.4971000E-01  0.4971000E-01  0.5118500E-01  0.5443000E-01  0.5443000E-01  0.5443000E-01  0.5443000E-01  0.4971000E-01  0.4971000E-01  0.4969000E-01  0.4962000E-01  0.5314000E-01  0.5246000E-01  0.5233000E-01  0.5300000E-01  0.5341000E-01  0.5353000E-01  0.5355000E-01  0.4959000E-01  0.4959000E-01  0.4959000E-01  0.4959000E-01  0.4959000E-01  0.4959000E-01  0.4959000E-01
  0.4785740E-01  0.4602000E-01  0.4780610E-01  0.4971000E-01  0.4971000E-01  0.4971000E-01  0.5125880E-01  0.5443000E-01  0.5443000E-01  0.5443000E-01  0.5443000E-01  0.5443000E-01  0.5443000E-01  0.4971000E-01  0.4971000E-01  0.4969000E-01  0.5347000E-01  0.5339000E-01  0.5338000E-01  0.5345000E-01  0.5352000E-01  0.5355000E-01  0.5356000E-01  0.5356000E-01  0.4959000E-01  0.4959000E-01  0.4959000E-01  0.4959000E-01  0.4959000E-01  0.5356000E-01
  0.4602000E-01  0.4784540E-01  0.4971000E-01  0.4971000E-01  0.4971000E-01  0.5127720E-01  0.5443000E-01  0.5443000E-01  0.5443000E-01  0.5443000E-01  0.5443000E-01  0.5443000E-01  0.5207000E-01  0.4971000E-01  0.4971000E-01  0.4971000E-01  0.4970000E-01  0.5353000E-01  0.5353000E-01  0.5354000E-01  0.5355000E-01  0.5356000E-01  0.5356000E-01  0.5356000E-01  0.5356000E-01  0.5356000E-01  0.4959000E-01  0.4959000E-01  0.5356000E-01  0.4971000E-01
  0.4785850E-01  0.4971000E-01  0.4971000E-01  0.4971000E-01  0.5128180E-01  0.5443000E-01  0.5443000E-01  0.5443000E-01  0.5443000E-01  0.5443000E-01  0.5443000E-01  0.5266000E-01  0.4971000E-01  0.4971000E-01  0.4971000E-01  0.4970670E-01  0.5098000E-01  0.5225330E-01  0.5354400E-01  0.5356000E-01  0.5356000E-01  0.5356000E-01  0.5356000E-01  0.5356000E-01  0.5356000E-01  0.5356000E-01  0.4971000E-01  0.5443000E-01  0.4971000E-01  0.4603000E-01
  0.4971000E-01  0.4971000E-01  0.4971000E-01  0.5128290E-01  0.5443000E-01  0.5443000E-01  0.5443000E-01  0.5443000E-01  0.5443000E-01  0.5443000E-01  0.5280750E-01  0.4971000E-01  0.4971000E-01  0.4971000E-01  0.4970890E-01  0.5013220E-01  0.5098000E-01  0.5277950E-01  0.5356000E-01  0.5356000E-01  0.5356000E-01  0.5356000E-01  0.5356000E-01  0.4971000E-01  0.4971000E-01  0.4971000E-01  0.4971000E-01  0.4971000E-01  0.4971000E-01  0.4971000E-01
  0.4971000E-01  0.4971000E-01  0.5128320E-01  0.5443000E-01  0.5443000E-01  0.5443000E-01  0.5443000E-01  0.5443000E-01  0.5443000E-01  0.5284440E-01  0.4971000E-01  0.4971000E-01  0.4971000E-01  0.4970960E-01  0.4985040E-01  0.5027370E-01  0.5220230E-01  0.5356000E-01  0.5356000E-01  0.5227670E-01  0.4971000E-01  0.4971000E-01  0.4971000E-01  0.4971000E-01  0.4603000E-01  0.4603000E-01  0.4603000E-01  0.4603000E-01  0.4602000E-01  0.4970000E-01
  0.4971000E-01  0.5128330E-01  0.5443000E-01  0.5443000E-01  0.5443000E-01  0.5443000E-01  0.5443000E-01  0.5443000E-01  0.5285360E-01  0.4971000E-01  0.4971000E-01  0.4971000E-01  0.4970990E-01  0.4975670E-01  0.4994460E-01  0.5050130E-01  0.5356000E-01  0.5356000E-01  0.4323790E-01  0.4598500E-01  0.4616000E-01  0.4603000E-01  0.4309000E-01  0.4309000E-01  0.4603000E-01  0.4309000E-01  0.4309000E-01  0.4309000E-01  0.4308000E-01  0.4305000E-01
  0.5128330E-01  0.5443000E-01  0.5443000E-01  0.5443000E-01  0.5443000E-01  0.5443000E-01  0.5443000E-01  0.5285590E-01  0.4971000E-01  0.4971000E-01  0.4971000E-01  0.4971000E-01  0.4972550E-01  0.3735280E-01  0.3748460E-01  0.4662000E-01  0.4662000E-01  0.3948500E-01  0.3147610E-01  0.2113000E-01  0.4226000E-01  0.4309000E-01  0.4309000E-01  0.4309000E-01  0.4309000E-01  0.4309000E-01  0.4309000E-01  0.4309000E-01  0.4305000E-01   0.000000    
  0.5443000E-01  0.5443000E-01  0.5443000E-01  0.5443000E-01  0.5443000E-01  0.5443000E-01  0.5285650E-01  0.4971000E-01  0.4971000E-01  0.4971000E-01  0.4971000E-01  0.4971520E-01  0.2735770E-01   0.000000       0.000000      0.2808500E-01  0.3968000E-01  0.3968000E-01  0.2947080E-01  0.2731330E-01   0.000000      0.3968000E-01  0.4309000E-01  0.4309000E-01  0.4309000E-01  0.4309000E-01  0.4309000E-01  0.4308000E-01   0.000000       0.000000    
  0.5443000E-01  0.5443000E-01  0.5443000E-01  0.5443000E-01  0.5443000E-01  0.5285660E-01  0.4971000E-01  0.4971000E-01  0.4971000E-01  0.4971000E-01  0.2982700E-01   0.000000       0.000000       0.000000       0.000000       0.000000      0.2604000E-01  0.3968000E-01  0.3968000E-01  0.2976000E-01  0.3968000E-01  0.3968000E-01  0.3968000E-01  0.4310000E-01  0.4310000E-01  0.4309000E-01  0.4309000E-01   0.000000       0.000000       0.000000    
  0.5443000E-01  0.5443000E-01  0.5443000E-01  0.5443000E-01  0.5285670E-01  0.4971000E-01  0.4971000E-01  0.4971000E-01  0.4971000E-01  0.2584940E-01   0.000000       0.000000       0.000000       0.000000       0.000000       0.000000       0.000000      0.2480000E-01  0.3968000E-01  0.3968000E-01  0.3968000E-01  0.3968000E-01  0.3969000E-01  0.3969000E-01  0.4311000E-01  0.4310000E-01   0.000000       0.000000       0.000000       0.000000    
  0.5443000E-01  0.5443000E-01  0.5443000E-01  0.5285670E-01  0.4971000E-01  0.4971000E-01  0.4971000E-01  0.3728250E-01  0.2087820E-01   0.000000       0.000000       0.000000       0.000000       0.000000       0.000000       0.000000       0.000000       0.000000      0.1984000E-01  0.3968000E-01  0.3968000E-01  0.3969000E-01  0.3971000E-01  0.3975000E-01   0.000000       0.000000       0.000000       0.000000       0.000000       0.000000    
  0.5443000E-01  0.5443000E-01  0.5285670E-01  0.4971000E-01  0.4971000E-01  0.2982600E-01   0.000000       0.000000       0.000000       0.000000       0.000000       0.000000       0.000000       0.000000       0.000000       0.000000       0.000000       0.000000       0.000000       0.000000       0.000000      0.3765000E-01   0.000000       0.000000       0.000000       0.000000       0.000000       0.000000       0.000000       0.000000    
  0.5443000E-01  0.5285670E-01  0.4971000E-01  0.4971000E-01  0.2584920E-01   0.000000       0.000000       0.000000       0.000000       0.000000       0.000000       0.000000       0.000000       0.000000       0.000000       0.000000       0.000000       0.000000       0.000000       0.000000       0.000000       0.000000       0.000000       0.000000       0.000000       0.000000       0.000000       0.000000       0.000000       0.000000    
