iMOD/TUTORIALS/TUT_MetaswapAnalyser/model_MetaSWAP/meteo/Precipitation/Precipitation_20060310_L1.ASC
NCOLS                30
NROWS                30
XLLCORNER     160000.00
YLLCORNER     340000.00
CELLSIZE        1000.00
NODATA_VALUE   -9999.00
   10.16740       10.18590       10.20100       10.21230       10.22620       10.22830       10.22790       10.22220       10.21050       10.20990       10.22160       10.23250       10.23390       10.22470       10.21320       10.18720       10.20580       10.19630       10.17040       10.14530       10.12300       10.04220       10.02610       10.00430       10.00850       10.02240       10.04380       10.06680       10.07830       10.06000    
   10.26630       10.28880       10.31430       10.32670       10.34270       10.34550       10.34380       10.33480       10.31630       10.31410       10.34300       10.36050       10.37180       10.36410       10.35910       10.38600       10.37400       10.38300       10.38740       10.37770       10.37060       10.30960       10.30800       10.30170       10.32050       10.35090       10.39280       10.44310       10.44240       10.46920    
   10.37820       10.39960       10.41940       10.44570       10.44950       10.45380       10.45380       10.44850       10.44320       10.44760       10.46710       10.48720       10.49750       10.50010       10.51190       10.54280       10.54350       10.54280       10.54230       10.54320       10.56520       10.51990       10.51520       10.53430       10.56420       10.60700       10.61050       10.69400       10.79710       10.89570    
   10.48060       10.50130       10.52070       10.54540       10.55720       10.56520       10.56880       10.55900       10.56660       10.57220       10.59010       10.60730       10.61820       10.62850       10.63660       10.66380       10.67280       10.68170       10.69170       10.70300       10.71590       10.73490       10.70120       10.66530       10.70240       10.75320       10.82030       10.90590       11.01350       11.13230    
   10.57400       10.59440       10.62060       10.63640       10.64990       10.66040       10.66780       10.66770       10.67770       10.68780       10.67450       10.69610       10.71110       10.71990       10.74790       10.76790       10.75240       10.76460       10.77890       10.79450       10.78910       10.80680       10.77550       10.82440       10.85670       10.89880       10.95140       11.01620       11.07660       11.10380    
   10.65890       10.68300       10.70180       10.71900       10.73440       10.74760       10.74020       10.76210       10.74180       10.74940       10.77060       10.79000       10.80750       10.82450       10.82470       10.84020       10.85460       10.87390       10.89720       10.91970       10.92050       10.93790       10.90580       10.92220       10.94330       10.98760       11.01460       11.04210       11.04900       11.01230    
   10.73600       10.75450       10.77460       10.79340       10.78230       10.80280       10.82110       10.79180       10.80130       10.82850       10.85430       10.87810       10.89860       10.91520       10.90870       10.92560       10.93850       10.96560       10.99920       11.01170       11.02970       11.04280       11.05250       11.00800       11.01160       11.01440       11.01700       11.00470       10.97930       10.90280    
   10.85300       10.77640       10.80250       10.82750       10.85130       10.74970       10.81990       10.83050       10.86320       10.89510       10.92580       10.95440       10.97990       11.00090       10.98590       11.00700       11.01680       11.05320       11.08420       11.10730       11.12020       11.12480       11.12280       11.06280       11.04590       11.02740       10.99560       10.94870       10.87510       10.77220    
   10.86330       10.83890       10.86400       10.88820       10.75090       10.78750       10.86550       10.87640       10.91310       10.94940       10.98490       11.01870       11.05000       11.01870       11.05970       11.09220       11.11900       11.14700       11.17590       11.19130       11.19460       11.18710       11.17030       11.09220       11.05770       11.01010       10.95050       10.87060       10.77280       10.64760    
   10.92080       10.89510       10.92040       10.72640       10.77630       10.81480       10.87070       10.91060       10.95080       10.99100       11.03110       11.07030       11.10790       11.07180       11.12410       11.16910       11.21340       11.23740       11.25180       11.25270       11.23970       11.23170       11.19820       11.15460       11.04480       10.97420       10.88620       10.78580       10.66500       10.52110    
   10.90250       10.91210       10.82100       10.74210       10.77940       10.80140       10.89060       10.93280       10.97580       11.01950       11.06360       11.10790       11.04460       11.14460       11.22260       11.26090       11.29350       11.31270       11.31560       11.30040       11.26840       11.22270       11.16600       11.10320       11.02070       10.89820       10.79400       10.67400       10.53550       10.39590    
   10.90220       10.84440       10.74210       10.76500       10.78630       10.79500       10.88980       10.94290       10.98790       11.03410       11.13210       11.17360       11.10920       11.21320       11.26570       11.31310       11.35090       11.37590       11.37430       11.34650       11.29750       11.23370       11.15710       11.07310       10.97980       10.81440       10.69250       10.55590       10.40250       10.23140    
   10.84360       10.74210       10.75710       10.76920       10.75220       10.84760       10.88880       10.93160       11.03950       11.10040       11.14270       11.11010       11.16970       11.22950       11.28900       11.34560       11.39410       11.42280       11.42120       11.37670       11.30780       11.22510       11.13380       11.03490       10.92770       10.81030       10.61460       10.46630       10.30200       10.12080    
   10.74210       10.75300       10.76070       10.75220       10.81200       10.83630       10.96050       10.99730       11.03570       11.05290       11.09810       11.10100       11.16190       11.22430       11.28800       11.35210       11.41190       11.45950       11.45210       11.38710       11.29540       11.19610       11.07920       10.96740       10.84910       10.72200       10.52350       10.36850       10.19870       10.01250    
   10.75100       10.75650       10.75220       10.80020       10.83630       10.88730       10.86520       10.90660       10.95000       10.99550       10.98680       11.04610       11.10790       11.17220       11.23930       11.32150       11.38970       11.45560       11.45570       11.34030       11.23480       11.12200       11.00770       10.89020       10.76740       10.63700       10.49640       10.28300       10.11350       9.893690    
   10.75430       10.75220       10.79620       10.83630       10.86290       10.86520       10.88590       10.90730       10.93720       10.89680       10.95000       11.00490       11.06180       11.12050       11.15850       11.22110       11.30070       11.34240       11.32120       11.22340       11.10340       11.01540       10.89790       10.77760       10.65320       10.52260       10.38370       10.23400       10.01520       9.838710    
   10.75220       10.79490       10.83630       10.85480       10.86520       10.87560       10.88610       10.90680       10.89680       10.92340       10.93360       10.94830       10.96830       11.01640       11.10200       11.14180       11.17570       11.18680       11.15700       11.08290       10.98240       10.87040       10.75330       10.68130       10.56370       10.44070       10.31030       10.17040       10.01860       9.805030    
   10.79450       10.83630       10.85210       10.86520       10.87040       10.87560       10.89130       10.89680       10.91010       10.90610       10.90830       10.86820       10.90020       10.96780       10.99560       11.01770       11.03300       11.02590       10.99100       10.92730       10.84190       10.74380       10.63910       10.53060       10.46720       10.35590       10.23860       10.11330       9.977840       9.832070    
   10.83630       10.85120       10.86520       10.86780       10.87040       10.88350       10.89680       10.90350       10.89390       10.88820       10.86820       10.88420       10.89990       10.86350       10.87660       10.88260       10.87720       10.86420       10.82520       10.76630       10.69120       10.60540       10.51350       10.41840       10.32140       10.22270       10.16740       10.06090       9.947930       9.814190    
   10.85090       10.86520       10.86650       10.86780       10.87960       10.89680       10.90010       10.88810       10.87820       10.86820       10.87620       10.87900       10.86350       10.87010       10.87420       10.87880       10.87470       10.85550       10.69940       10.60290       10.53470       10.45880       10.37890       10.29770       10.21650       10.13570       10.03280       9.947520       9.878060       9.826700    
   10.86520       10.86580       10.86650       10.87770       10.89680       10.89850       10.88530       10.87320       10.86820       10.87220       10.87170       10.86350       10.86680       10.86930       10.87440       10.87590       10.86970       10.67770       10.52050       10.43820       10.37420       10.30600       10.23670       10.14460       10.08100       10.02080       9.981020       9.923160       9.862170       9.793920    
   10.86550       10.86580       10.87670       10.89680       10.89760       10.88390       10.87070       10.86820       10.87020       10.86890       10.86350       10.86510       10.86650       10.87010       10.87320       10.87330       10.66820       10.47940       10.43820       10.33040       10.17890       10.11910       10.06090       10.00720       9.979830       9.940780       9.906260       9.875810       9.845350       9.808140    
   10.86550       10.87620       10.89680       10.89720       10.88320       10.86950       10.86820       10.86920       10.86770       10.86350       10.86430       10.86500       10.86730       10.86990       10.87220       10.56340       10.45880       10.43820       10.12970       9.999170       9.976480       9.953850       9.927570       9.883840       9.850160       9.827140       9.816720       9.815370       9.818700       9.819410    
   10.87600       10.89680       10.89700       10.88280       10.86880       10.86820       10.86870       10.86720       10.86350       10.86390       10.86430       10.86550       10.86740       10.47510       10.17540       9.944800       9.943810       9.883840       9.807970       9.751120       9.819440       9.811110       9.762560       9.725080       9.703660       9.699720       9.712810       9.740680       9.779170       9.816040    
   10.89680       10.89690       10.88270       10.86850       10.86820       10.86850       10.86690       10.86350       10.86370       10.86390       10.86460       10.86570       10.15630       9.288020       9.290850       9.511030       9.431810       9.449420       9.593860       9.673630       9.682800       9.620450       9.588130       9.554400       9.542380       9.553990       9.588620       9.643650       9.710780       9.794860    
   10.89690       10.88260       10.86840       10.86820       10.86830       10.86680       10.86350       10.86360       10.86370       10.86410       10.22560       9.266930       9.278810       9.285380       9.285180       9.290850       9.377640       9.414210       9.449420       9.501290       9.518640       9.445020       9.386990       9.370060       9.363730       9.388140       9.441730       9.516220       9.613980       9.726660    
   10.88250       10.86830       10.86820       10.86830       10.86670       10.86350       10.86360       10.86360       10.86380       10.09740       9.266930       9.266930       9.266930       9.274940       9.280100       9.279520       9.290850       9.356080       9.378990       9.449420       9.354300       9.268060       9.199040       9.157360       9.167360       9.202360       9.270600       9.368170       9.483080       9.605240    
   10.86820       10.86820       10.86820       10.86670       10.86350       10.86350       10.86360       10.50670       9.975110       9.266940       9.266930       9.266930       9.266930       9.266930       9.267540       9.269920       9.268180       9.290850       9.305040       9.308560       9.198320       9.094720       9.007540       8.951470       8.942540       8.998180       9.087380       9.204110       9.331920       9.456430    
   10.86820       10.86820       10.86660       10.86350       10.86350       10.34690       9.571970       9.503830       9.435690       9.323220       9.266960       9.266930       9.266930       9.266930       9.266930       9.253810       9.250720       9.245520       9.290850       9.171340       9.048700       8.927300       8.821280       8.740760       8.718500       8.777490       8.901120       9.040230       9.180790       9.308770    
   10.86820       10.86660       10.86350       10.86350       10.24370       9.572130       9.572130       9.571970       9.503830       9.435690       9.323290       9.267020       9.266930       9.266930       9.266930       9.266930       9.229400       9.215800       9.200190       9.071280       8.948060       8.803400       8.658730       8.530610       8.481150       8.574920       8.733500       8.894820       9.049310       9.180600    
