iMOD/TUTORIALS/TUT_MetaswapAnalyser/model_MetaSWAP/meteo/Precipitation/Precipitation_20060430_L1.ASC
NCOLS                30
NROWS                30
XLLCORNER     160000.00
YLLCORNER     340000.00
CELLSIZE        1000.00
NODATA_VALUE   -9999.00
   1.153200       1.112890       1.069460       1.016680      0.9407400      0.8200100      0.6575100      0.4881900      0.3458600      0.2791800      0.2853400      0.3075600      0.3274400      0.3412400      0.3492000      0.3515200      0.3601800      0.3497700      0.3338800      0.3137300      0.2900900      0.2610500      0.2330200      0.2027400       0.000000       0.000000       0.000000       0.000000       0.000000       0.000000    
   1.177900       1.126720       1.072070      0.9995500      0.9029300      0.7757800      0.6214000      0.4551300      0.2919900      0.2219900      0.2694700      0.3065800      0.3343700      0.3529900      0.3633100      0.3783000      0.3746400      0.3593200      0.3446600      0.3249400      0.3012700      0.2718900      0.2424400      0.2099700       0.000000       0.000000       0.000000       0.000000       0.000000       0.000000    
   1.198490       1.138760       1.070070      0.9855500      0.8881900      0.7644500      0.6239100      0.4787400      0.3519500      0.2945500      0.3086300      0.3368600      0.3618000      0.3782600      0.3849200      0.3949100      0.3904100      0.3804300      0.3655900      0.3461000      0.3227200      0.2922100      0.2587300      0.2252900       0.000000       0.000000       0.000000       0.000000       0.000000       0.000000    
   1.216970       1.152200       1.078640      0.9897900      0.8903600      0.7775300      0.6567300      0.5423800      0.4469900      0.3952100      0.3847700      0.3949300      0.4103700      0.4190400      0.4218500      0.4252100      0.4188000      0.4082500      0.3938000      0.3747800      0.3506000      0.3193800      0.2837900      0.2502400      0.2114500       0.000000       0.000000       0.000000       0.000000       0.000000    
   1.236130       1.169820       1.090370       1.007620      0.9153200      0.8154500      0.7134100      0.6189600      0.5433000      0.4955400      0.4824000      0.4769900      0.4781000      0.4780500      0.4719400      0.4654500      0.4580900      0.4470600      0.4340300      0.4163500      0.3890300      0.3585300      0.3198100      0.2805300      0.2383500      0.1955500       0.000000       0.000000       0.000000       0.000000    
   1.257380       1.183760       1.113410       1.036480      0.9535600      0.8670200      0.7832100      0.7041900      0.6570000      0.6123200      0.5841100      0.5692500      0.5599900      0.5508400      0.5318100      0.5180900      0.5022800      0.4908200      0.4810100      0.4655300      0.4382500      0.4056900      0.3636600      0.3200300      0.2742300      0.2286900       0.000000       0.000000       0.000000       0.000000    
   1.277720       1.207800       1.142770       1.073360       1.003420      0.9294000      0.8577400      0.8179900      0.7642700      0.7212200      0.6915300      0.6716200      0.6562600      0.6398900      0.6064300      0.5834000      0.5556400      0.5466500      0.5444700      0.5285300      0.5025700      0.4662700      0.4223600      0.3707600      0.3203600      0.2706300      0.2236000       0.000000       0.000000       0.000000    
   1.290730       1.250030       1.180910       1.119660       1.056830       1.028600      0.9710300      0.9179400      0.8698200      0.8319700      0.8038600      0.7829700      0.7653400      0.7469500      0.7025600      0.6760700      0.6352000      0.6326100      0.6327000      0.6163000      0.5849500      0.5419800      0.4910600      0.4324200      0.3759800      0.3208400      0.2702300      0.2257100       0.000000       0.000000    
   1.325340       1.282710       1.229980       1.166090       1.159300       1.103020       1.057260       1.015160      0.9756900      0.9442100      0.9202800      0.9020300      0.8864900      0.8316900      0.8221100      0.8048200      0.7830500      0.7697900      0.7557500      0.7286100      0.6868500      0.6334900      0.5726400      0.5046100      0.4397900      0.3784700      0.3223500      0.2708200      0.2304700      0.1986800    
   1.355660       1.316500       1.270880       1.281720       1.224790       1.178320       1.148600       1.111730       1.081000       1.056970       1.039340       1.026780       1.017130      0.9566600      0.9607700      0.9562000      0.9488800      0.9317100      0.9050900      0.8636800      0.8073100      0.7399600      0.6660300      0.5901900      0.5113600      0.4417000      0.3753300      0.3206300      0.2743200      0.2365500    
   1.359130       1.314350       1.302190       1.339680       1.298960       1.264310       1.233920       1.206390       1.184470       1.168670       1.158850       1.154210       1.072480       1.082090       1.111320       1.121520       1.122710       1.109850       1.076920       1.021920      0.9485500      0.8636100      0.7737300      0.6835500      0.5933200      0.5102700      0.4387300      0.3758000      0.3217800      0.2736200    
   1.359420       1.328840       1.339680       1.360210       1.364260       1.346460       1.324160       1.297710       1.284490       1.277230       1.250040       1.257950       1.180850       1.230400       1.264610       1.292370       1.309030       1.304020       1.265970       1.193930       1.098280      0.9916000      0.8781700      0.7729200      0.6743300      0.5794500      0.4985300      0.4272300      0.3654100      0.3125700    
   1.358390       1.339680       1.384730       1.401100       1.437940       1.419730       1.403630       1.392210       1.345610       1.345310       1.356310       1.274130       1.315640       1.361920       1.413850       1.462460       1.502160       1.514220       1.474150       1.377370       1.249770       1.117080      0.9878800      0.8664900      0.7547900      0.6535400      0.5581000      0.4781800      0.4083300      0.3477400    
   1.339680       1.395470       1.419520       1.437940       1.448060       1.486520       1.423030       1.422530       1.427670       1.444270       1.461910       1.369980       1.421890       1.480580       1.545840       1.618190       1.687900       1.737550       1.699280       1.559850       1.396890       1.238470       1.099980      0.9648800      0.8415400      0.7299300      0.6248300      0.5358500      0.4572600      0.3881500    
   1.400450       1.428730       1.437940       1.457510       1.486520       1.466360       1.489530       1.494840       1.505840       1.523180       1.411120       1.461870       1.519770       1.585320       1.658910       1.739570       1.830370       1.929430       1.911920       1.708720       1.522890       1.350400       1.191800       1.046480      0.9139400      0.7937700      0.6855600      0.5839400      0.4981100      0.4194300    
   1.433340       1.437940       1.460660       1.486520       1.480800       1.489530       1.492180       1.496740       1.488110       1.428560       1.477050       1.531780       1.593090       1.661070       1.736110       1.816370       1.904350       1.960990       1.921210       1.767930       1.590770       1.423130       1.261650       1.111560      0.9732900      0.8469400      0.7324000      0.6293900      0.5331500      0.4518500    
   1.437940       1.461710       1.486520       1.485620       1.489530       1.490860       1.492820       1.476400       1.428560       1.452810       1.534260       1.586010       1.646280       1.713560       1.797870       1.862260       1.915690       1.933810       1.887790       1.774660       1.626100       1.467640       1.310980       1.167100       1.026810      0.8966600      0.7773300      0.6691400      0.5720600      0.4858100    
   1.462060       1.486520       1.487220       1.489530       1.490190       1.491070       1.472160       1.428560       1.440680       1.536100       1.616960       1.647910       1.705140       1.766650       1.823650       1.873010       1.905820       1.904720       1.858090       1.765320       1.640070       1.498370       1.351450       1.206000       1.071550      0.9394700      0.8166400      0.7041900      0.6028100      0.5162600    
   1.486520       1.487760       1.489530       1.489860       1.490260       1.470490       1.428560       1.434620       1.537140       1.632440       1.647910       1.676520       1.726560       1.786550       1.834040       1.870920       1.889200       1.879650       1.834350       1.754030       1.645520       1.518590       1.382020       1.242400       1.104390      0.9713800      0.8507500      0.7344700      0.6328200      0.5402800    
   1.487940       1.489530       1.489700       1.489890       1.469800       1.428560       1.431590       1.537680       1.640170       1.647910       1.662220       1.709390       1.786550       1.810300       1.830500       1.864720       1.879920       1.867730       1.790850       1.745330       1.649280       1.534490       1.407400       1.273700       1.138130       1.004590      0.8769300      0.7625200      0.6303700      0.5406200    
   1.489530       1.489610       1.489700       1.469480       1.428560       1.430080       1.537960       1.644040       1.647910       1.655060       1.701520       1.786550       1.798420       1.809120       1.835170       1.858380       1.870790       1.804490       1.743100       1.740870       1.654840       1.550170       1.431400       1.303790       1.170420       1.036060      0.8797500      0.7577800      0.6465200      0.5491200    
   1.489570       1.489620       1.469340       1.428560       1.429320       1.538100       1.645980       1.647910       1.651490       1.697760       1.786550       1.792490       1.798030       1.814240       1.834220       1.854780       1.803300       1.741980       1.740870       1.686820       1.664740       1.568980       1.457650       1.334280       1.171220       1.037510      0.9047100      0.7769200      0.6586400      0.5546700    
   1.489570       1.469270       1.428560       1.428940       1.538170       1.646940       1.647910       1.649700       1.695930       1.786550       1.789520       1.792360       1.801580       1.815500       1.834410       1.795970       1.741430       1.740870       1.702010       1.682590       1.623060       1.592030       1.455280       1.335530       1.205390       1.071010      0.9333500      0.7979200      0.6699700      0.5553500    
   1.469240       1.428560       1.428750       1.538200       1.647430       1.647910       1.648800       1.695020       1.786550       1.788030       1.789470       1.794490       1.803150       1.796460       1.778640       1.746680       1.746120       1.720980       1.693370       1.697780       1.700440       1.589120       1.484850       1.373460       1.247630       1.110930      0.9679400      0.8238300      0.6841400      0.5524000    
   1.428560       1.428650       1.538220       1.647670       1.647910       1.648360       1.694570       1.786550       1.787290       1.788020       1.790660       1.795700       1.772110       1.733590       1.734330       1.744930       1.752500       1.751370       1.717280       1.699740       1.695120       1.612830       1.526670       1.421930       1.298960       1.160970       1.012800      0.8601400      0.7058100      0.5613200    
   1.428610       1.538230       1.647790       1.647910       1.648130       1.694350       1.786550       1.786920       1.787290       1.788660       1.721010       1.615320       1.693580       1.732880       1.732840       1.734330       1.746780       1.753630       1.751370       1.720220       1.703660       1.651060       1.577880       1.480870       1.362220       1.223690       1.071010      0.9088200      0.7491500      0.5945600    
   1.538230       1.647850       1.647910       1.648020       1.694240       1.786550       1.786740       1.786920       1.787620       1.705520       1.615320       1.615320       1.615320       1.692540       1.731480       1.731350       1.734330       1.747800       1.755890       1.751370       1.730720       1.693600       1.635600       1.551980       1.438770       1.300290       1.141550      0.9763400      0.8130800      0.6595200    
   1.647880       1.647910       1.647970       1.694180       1.786550       1.786640       1.786740       1.642110       1.596830       1.615100       1.615320       1.615320       1.615320       1.615320       1.690520       1.728760       1.728370       1.734330       1.749620       1.760400       1.755210       1.736660       1.698720       1.632600       1.530810       1.389440       1.225500       1.054860      0.8906100      0.7425100    
   1.647910       1.647940       1.694150       1.786550       1.786600       1.538640       1.166720       1.186940       1.207160       1.478670       1.614660       1.615320       1.615320       1.615320       1.615320       1.686650       1.723590       1.722410       1.734330       1.752370       1.764760       1.768750       1.765130       1.725360       1.634360       1.488950       1.312810       1.134420      0.9692500      0.8259000    
   1.647920       1.694140       1.786550       1.786570       1.488920       1.166560       1.166560       1.166720       1.186930       1.207160       1.477520       1.613340       1.615320       1.615320       1.615320       1.615320       1.679340       1.714020       1.710490       1.737580       1.779110       1.797990       1.812540       1.811170       1.749410       1.586660       1.389510       1.200890       1.035800      0.8972100    
