iMOD/TUTORIALS/TUT_MetaswapAnalyser/model_MetaSWAP/meteo/Precipitation/Precipitation_20051101_L1.ASC
NCOLS                30
NROWS                30
XLLCORNER     160000.00
YLLCORNER     340000.00
CELLSIZE        1000.00
NODATA_VALUE   -9999.00
   2.997480       2.932910       2.871480       2.816750       2.779960       2.771890       2.800270       2.846750       2.891660       2.911280       2.898590       2.878010       2.858470       2.845830       2.840560       2.854030       2.885780       2.919610       2.964350       3.021590       3.090030       3.158080       3.242810       3.343330       3.437700       3.534300       3.630230       3.720740       3.797340       3.845380    
   3.011540       2.958670       2.924790       2.882700       2.859550       2.856000       2.877280       2.916800       2.967030       2.985570       2.952670       2.924200       2.901290       2.892380       2.886840       2.904340       2.923280       2.958460       3.008330       3.068900       3.141060       3.214020       3.303300       3.408590       3.509520       3.614700       3.722460       3.829710       3.900760       3.977440    
   3.052160       3.005910       2.966430       2.940510       2.929510       2.926250       2.940280       2.967010       2.998110       3.005510       2.983850       2.957520       2.937980       2.922470       2.916570       2.930690       2.950170       2.984930       3.035010       3.098990       3.177930       3.255420       3.357980       3.457210       3.562430       3.673130       3.758490       3.883810       4.011310       4.134430    
   3.093610       3.052810       3.018770       2.997120       2.982030       2.978930       2.986540       3.002370       3.017640       3.016100       3.001930       2.981170       2.959880       2.943610       2.934290       2.943160       2.961960       2.998410       3.052290       3.120940       3.201030       3.302490       3.389610       3.458530       3.566050       3.679780       3.799780       3.926160       4.057200       4.192760    
   3.134470       3.097810       3.071020       3.047410       3.032260       3.025540       3.025570       3.025750       3.029030       3.023740       3.002840       2.987210       2.965940       2.946070       2.943650       2.944600       2.944540       2.980520       3.037300       3.109470       3.198950       3.288880       3.376930       3.482270       3.586460       3.694730       3.806360       3.917360       4.026430       4.111340    
   3.173930       3.143370       3.114790       3.092260       3.076120       3.065880       3.048200       3.051870       3.027730       3.027050       3.015560       2.998320       2.979430       2.959870       2.937900       2.928570       2.937080       2.976100       3.041980       3.121960       3.214800       3.305750       3.392350       3.487480       3.584600       3.686950       3.784090       3.874510       3.954150       4.004150    
   3.206310       3.181900       3.154970       3.132860       3.097390       3.086840       3.078870       3.045490       3.048160       3.041770       3.030650       3.014870       2.995230       2.974440       2.945940       2.925970       2.918760       2.964860       3.046630       3.139120       3.228530       3.317600       3.406250       3.487000       3.573700       3.658530       3.736680       3.808860       3.866750       3.895540    
   3.311660       3.182130       3.167880       3.148550       3.132820       3.049600       3.067050       3.070250       3.065770       3.058880       3.048700       3.034940       3.017680       2.997700       2.965560       2.942490       2.917020       2.975190       3.069200       3.158640       3.244620       3.327570       3.407880       3.478240       3.552240       3.619480       3.682990       3.735990       3.781990       3.793210    
   3.316200       3.215320       3.193410       3.183120       3.073450       3.066990       3.086120       3.089180       3.084200       3.077880       3.069540       3.058860       3.045840       3.013300       3.003370       2.993310       2.996650       3.039100       3.112170       3.189680       3.265280       3.337500       3.406160       3.463670       3.520880       3.575450       3.622490       3.669750       3.688850       3.689740    
   3.350760       3.247080       3.225810       3.089060       3.088940       3.082090       3.112210       3.107400       3.102840       3.097910       3.092210       3.085600       3.078280       3.049350       3.050360       3.056520       3.072340       3.111140       3.165830       3.226380       3.286480       3.347360       3.401820       3.452350       3.487210       3.526520       3.569780       3.589730       3.596970       3.589360    
   3.324360       3.274550       3.165790       3.101200       3.092510       3.124470       3.128820       3.124400       3.120840       3.117830       3.115220       3.113150       3.079150       3.104060       3.106020       3.120380       3.144520       3.177380       3.217330       3.259520       3.300690       3.339600       3.375910       3.407010       3.448360       3.468310       3.485160       3.493450       3.491400       3.491900    
   3.324970       3.216470       3.101200       3.110370       3.102380       3.128790       3.135480       3.139580       3.137280       3.136330       3.164130       3.162550       3.131810       3.133940       3.153120       3.176130       3.204620       3.238210       3.269790       3.297680       3.321920       3.343690       3.370710       3.389150       3.404420       3.406490       3.410990       3.408510       3.397730       3.377680    
   3.252580       3.101200       3.120210       3.123880       3.145380       3.151450       3.147030       3.144530       3.183680       3.188040       3.187100       3.129270       3.145990       3.166240       3.192550       3.222620       3.257150       3.291010       3.317450       3.331270       3.340600       3.346100       3.350970       3.354880       3.356880       3.355760       3.340550       3.328840       3.310610       3.285140    
   3.101200       3.125350       3.134630       3.145380       3.152210       3.159790       3.208920       3.203170       3.199480       3.202390       3.203110       3.146010       3.165820       3.189840       3.219220       3.256090       3.300310       3.339670       3.358670       3.355030       3.343420       3.332790       3.323250       3.314380       3.304750       3.293140       3.269450       3.249970       3.225560       3.195610    
   3.127990       3.140010       3.145380       3.152460       3.159790       3.211320       3.265240       3.255870       3.248590       3.243710       3.154360       3.169700       3.188370       3.211360       3.239710       3.277580       3.318390       3.367630       3.387210       3.354140       3.330570       3.308290       3.288350       3.269470       3.250460       3.230200       3.207730       3.173080       3.143580       3.110580    
   3.142690       3.145380       3.152540       3.159790       3.212120       3.265240       3.260560       3.256570       3.223610       3.146260       3.158780       3.173690       3.191610       3.213180       3.245920       3.275400       3.302810       3.336040       3.344790       3.322170       3.292470       3.269120       3.242350       3.216230       3.190050       3.163050       3.134540       3.103920       3.061930       3.026120    
   3.145380       3.152570       3.159790       3.212380       3.265240       3.262900       3.260790       3.221750       3.146260       3.152520       3.162240       3.171170       3.196250       3.214170       3.217620       3.242220       3.269660       3.286200       3.286940       3.269940       3.242910       3.212200       3.180440       3.156340       3.124890       3.092720       3.059540       3.025070       2.989130       2.942170    
   3.152580       3.159790       3.212470       3.265240       3.264070       3.262970       3.222920       3.146260       3.149390       3.157720       3.166240       3.161320       3.175940       3.176650       3.193490       3.209400       3.227620       3.233230       3.227840       3.210650       3.184620       3.153460       3.119650       3.084510       3.056490       3.020450       2.983720       2.946340       2.908470       2.868800    
   3.159790       3.212500       3.265240       3.264650       3.264090       3.224060       3.146260       3.147830       3.155690       3.163780       3.161320       3.168630       3.166760       3.153120       3.163350       3.171260       3.174840       3.179770       3.169000       3.149500       3.122620       3.090500       3.055050       3.017590       2.978930       2.939600       2.907510       2.867890       2.827130       2.782970    
   3.212510       3.265240       3.264950       3.264660       3.224770       3.146260       3.147040       3.154730       3.162550       3.161320       3.164980       3.162460       3.153120       3.158240       3.162580       3.169820       3.175290       3.174540       3.123150       3.088540       3.059690       3.025980       2.988790       2.949310       2.908420       2.866770       2.814850       2.769750       2.728730       2.702670    
   3.265240       3.265090       3.264950       3.225160       3.146260       3.146650       3.154260       3.161940       3.161320       3.163150       3.160470       3.153120       3.155680       3.157980       3.163540       3.169230       3.173210       3.112130       3.058730       3.028930       2.997490       2.961670       2.922550       2.869050       2.827160       2.784420       2.735850       2.693650       2.653260       2.615940    
   3.265170       3.265090       3.225370       3.146260       3.146460       3.154020       3.161630       3.161320       3.162230       3.159510       3.153120       3.154400       3.155590       3.159070       3.163580       3.168660       3.105470       3.043830       3.028930       2.982040       2.919700       2.883610       2.844150       2.802290       2.756720       2.710030       2.665360       2.621510       2.579480       2.540810    
   3.265170       3.225470       3.146260       3.146360       3.153910       3.161470       3.161320       3.161780       3.159050       3.153120       3.153760       3.154370       3.156350       3.159410       3.163770       3.069160       3.036380       3.028930       2.907710       2.854680       2.836000       2.822860       2.779680       2.736110       2.690000       2.643930       2.597990       2.552600       2.508570       2.467600    
   3.225530       3.146260       3.146310       3.153850       3.161400       3.161320       3.161550       3.158820       3.153120       3.153440       3.153750       3.154830       3.156710       3.045200       2.952340       2.872990       2.871700       2.834300       2.788050       2.765190       2.789660       2.764150       2.721960       2.675470       2.628640       2.581880       2.535340       2.488980       2.443040       2.397730    
   3.146260       3.146280       3.153820       3.161360       3.161320       3.161430       3.158700       3.153120       3.153280       3.153440       3.154010       3.155100       2.951650       2.700910       2.701260       2.747470       2.710890       2.714460       2.732330       2.744260       2.740730       2.699660       2.667030       2.618950       2.571400       2.524730       2.478750       2.432850       2.385530       2.338360    
   3.146270       3.153800       3.161340       3.161320       3.161380       3.158640       3.153120       3.153200       3.153280       3.153570       2.998160       2.764140       2.721740       2.700610       2.700560       2.701260       2.706050       2.707320       2.714460       2.705410       2.702400       2.652960       2.602660       2.566390       2.518550       2.473020       2.429300       2.385480       2.341710       2.296150    
   3.153800       3.161330       3.161320       3.161350       3.158620       3.153120       3.153160       3.153200       3.153350       2.966660       2.764140       2.764140       2.764140       2.721320       2.700010       2.699850       2.701260       2.701140       2.700190       2.714460       2.664040       2.611290       2.558090       2.506760       2.469950       2.426780       2.386830       2.349230       2.311940       2.274480    
   3.161320       3.161320       3.161330       3.158600       3.153120       3.153140       3.153160       3.079450       2.948510       2.764180       2.764140       2.764140       2.764140       2.764140       2.720560       2.698930       2.698440       2.701260       2.688640       2.685920       2.632140       2.575540       2.518440       2.464320       2.416950       2.385340       2.352340       2.322750       2.294450       2.267540    
   3.161320       3.161330       3.158590       3.153120       3.153130       3.046630       2.886880       2.872480       2.858090       2.795580       2.764270       2.764140       2.764140       2.764140       2.764140       2.719330       2.697090       2.695620       2.701260       2.652940       2.599190       2.541040       2.481870       2.426400       2.377540       2.343990       2.325320       2.305540       2.286820       2.269520    
   3.161320       3.158590       3.153120       3.153130       3.025320       2.886870       2.886870       2.886880       2.872490       2.858090       2.795810       2.764540       2.764140       2.764140       2.764140       2.764140       2.717660       2.694400       2.689980       2.640740       2.587730       2.525240       2.458360       2.391470       2.339450       2.317390       2.308170       2.296930       2.288090       2.278180    
