iMOD/TUTORIALS/TUT_MetaswapAnalyser/model_MetaSWAP/meteo/Precipitation/Precipitation_20060210_L1.ASC
NCOLS                30
NROWS                30
XLLCORNER     160000.00
YLLCORNER     340000.00
CELLSIZE        1000.00
NODATA_VALUE   -9999.00
   0.000000       0.000000       0.000000       0.000000       0.000000       0.000000       0.000000       0.000000       0.000000       0.000000       0.000000       0.000000       0.000000       0.000000       0.000000       0.000000      0.8164000E-01  0.8448000E-01  0.8514000E-01  0.8360000E-01  0.8031000E-01   0.000000       0.000000       0.000000       0.000000       0.000000       0.000000       0.000000       0.000000       0.000000    
   0.000000       0.000000       0.000000       0.000000       0.000000       0.000000       0.000000       0.000000       0.000000       0.000000       0.000000       0.000000       0.000000       0.000000       0.000000      0.8030000E-01  0.8664000E-01  0.9410000E-01  0.9421000E-01  0.9221000E-01  0.8815000E-01  0.8202000E-01   0.000000       0.000000       0.000000       0.000000       0.000000       0.000000       0.000000       0.000000    
   0.000000       0.000000       0.000000       0.000000       0.000000       0.000000       0.000000       0.000000       0.000000       0.000000       0.000000       0.000000       0.000000       0.000000      0.7968000E-01  0.9071000E-01  0.9804000E-01  0.1017300      0.1018000      0.9881000E-01  0.9300000E-01  0.8573000E-01   0.000000       0.000000       0.000000       0.000000       0.000000       0.000000       0.000000       0.000000    
   0.000000       0.000000       0.000000       0.000000       0.000000       0.000000       0.000000       0.000000       0.000000       0.000000       0.000000       0.000000       0.000000       0.000000      0.8872000E-01  0.1009500      0.1089600      0.1123900      0.1112600      0.1065900      0.9968000E-01  0.9139000E-01  0.8201000E-01   0.000000       0.000000       0.000000       0.000000       0.000000       0.000000       0.000000    
   0.000000       0.000000       0.000000       0.000000       0.000000       0.000000       0.000000       0.000000       0.000000       0.000000       0.000000       0.000000       0.000000      0.8608000E-01  0.1005600      0.1147200      0.1244600      0.1273000      0.1240000      0.1167100      0.1080400      0.9805000E-01  0.8714000E-01   0.000000       0.000000       0.000000       0.000000       0.000000       0.000000       0.000000    
   0.000000       0.000000       0.000000       0.000000       0.000000       0.000000       0.000000       0.000000       0.000000       0.000000       0.000000       0.000000      0.8329000E-01  0.9777000E-01  0.1157600      0.1324500      0.1443400      0.1459200      0.1384600      0.1271700      0.1155800      0.1036600      0.9150000E-01  0.8075000E-01   0.000000       0.000000       0.000000       0.000000       0.000000       0.000000    
   0.000000       0.000000       0.000000       0.000000       0.000000       0.000000       0.000000       0.000000       0.000000       0.000000       0.000000      0.8164000E-01  0.9496000E-01  0.1094900      0.1294200      0.1511100      0.1700400      0.1682600      0.1529900      0.1373100      0.1224000      0.1088400      0.9649000E-01  0.8447000E-01   0.000000       0.000000       0.000000       0.000000       0.000000       0.000000    
   0.000000       0.000000       0.000000       0.000000       0.000000       0.000000       0.000000       0.000000       0.000000       0.000000      0.8038000E-01  0.9059000E-01  0.1037400      0.1190000      0.1394600      0.1633900      0.1909200      0.1829700      0.1619600      0.1434100      0.1271600      0.1128300      0.1000800      0.8792000E-01   0.000000       0.000000       0.000000       0.000000       0.000000       0.000000    
   0.000000       0.000000       0.000000       0.000000       0.000000       0.000000       0.000000       0.000000       0.000000      0.8019000E-01  0.8765000E-01  0.9746000E-01  0.1098600      0.1255700      0.1421700      0.1614600      0.1764300      0.1750300      0.1605600      0.1443200      0.1289900      0.1151100      0.1026800      0.9079000E-01  0.8141000E-01   0.000000       0.000000       0.000000       0.000000       0.000000    
   0.000000       0.000000       0.000000       0.000000       0.000000       0.000000       0.000000       0.000000      0.8055000E-01  0.8596000E-01  0.9310000E-01  0.1021600      0.1132300      0.1285700      0.1409000      0.1533400      0.1625900      0.1622300      0.1537700      0.1416000      0.1287100      0.1156200      0.1041600      0.9371000E-01  0.8410000E-01   0.000000       0.000000       0.000000       0.000000       0.000000    
   0.000000       0.000000      0.2021250E-01  0.8085000E-01  0.8167000E-01   0.000000       0.000000      0.8112000E-01  0.8511000E-01  0.9031000E-01  0.9689000E-01  0.1049400      0.1173000      0.1276000      0.1372700      0.1462000      0.1505600      0.1503400      0.1448200      0.1360200      0.1258800      0.1155500      0.1055600      0.9687000E-01  0.8943000E-01  0.7946000E-01   0.000000       0.000000       0.000000       0.000000    
   0.000000      0.2526560E-01  0.8085000E-01  0.8411750E-01  0.8560000E-01  0.8659000E-01  0.8516000E-01  0.8474000E-01  0.8860000E-01  0.9344000E-01  0.9968000E-01  0.1066000      0.1172900      0.1263800      0.1317600      0.1375700      0.1404600      0.1390700      0.1351900      0.1290700      0.1216600      0.1136100      0.1075000      0.9937000E-01  0.9135000E-01  0.8259000E-01   0.000000       0.000000       0.000000       0.000000    
  0.2652890E-01  0.8085000E-01  0.8507310E-01  0.8697500E-01  0.8835000E-01  0.8605000E-01  0.8835000E-01  0.9126000E-01  0.9492000E-01  0.9598000E-01  0.1011500      0.1120600      0.1178200      0.1234000      0.1262400      0.1295100      0.1302500      0.1285200      0.1250200      0.1219600      0.1185600      0.1132700      0.1070600      0.1002600      0.9315000E-01  0.8592000E-01   0.000000       0.000000       0.000000       0.000000    
  0.8085000E-01  0.8548390E-01  0.8766250E-01  0.8835000E-01  0.8768670E-01  0.8866000E-01  0.9096000E-01  0.9377000E-01  0.9712000E-01  0.1024000      0.1067000      0.1121700      0.1166100      0.1205400      0.1232800      0.1225000      0.1216800      0.1173100      0.1145200      0.1149500      0.1141700      0.1113600      0.1048800      0.9923000E-01  0.9295000E-01  0.8631000E-01   0.000000       0.000000       0.000000       0.000000    
  0.8567250E-01  0.8800630E-01  0.8835000E-01  0.8823220E-01  0.8866000E-01  0.9260000E-01  0.9818000E-01  0.1007600      0.1037400      0.1070700      0.1173000      0.1204300      0.1231900      0.1250900      0.1254800      0.1187000      0.1151500      0.1076700      0.1040500      0.1096800      0.1108000      0.1096200      0.1064200      0.1018100      0.9623000E-01  0.8998000E-01  0.8325000E-01   0.000000       0.000000       0.000000    
  0.8817810E-01  0.8835000E-01  0.8841410E-01  0.8866000E-01  0.9314670E-01  0.9818000E-01  0.9947000E-01  0.1008930      0.1068170      0.1157000      0.1184100      0.1209800      0.1231100      0.1243900      0.1248500      0.1226900      0.1159800      0.1104900      0.1085800      0.1119000      0.1142500      0.1126400      0.1104000      0.1065500      0.1014800      0.9547000E-01  0.8873000E-01  0.8142000E-01   0.000000       0.000000    
  0.8835000E-01  0.8847470E-01  0.8866000E-01  0.9332890E-01  0.9818000E-01  0.9882500E-01  0.9951440E-01  0.1057200      0.1157000      0.1170550      0.1214020      0.1217900      0.1244000      0.1254700      0.1250100      0.1237700      0.1188000      0.1165300      0.1158100      0.1169600      0.1180600      0.1178200      0.1159100      0.1104700      0.1057200      0.9994000E-01  0.9330000E-01  0.8597000E-01   0.000000       0.000000    
  0.8849490E-01  0.8866000E-01  0.9338960E-01  0.9818000E-01  0.9850250E-01  0.9883980E-01  0.1049400      0.1157000      0.1163780      0.1220490      0.1259600      0.1301300      0.1315100      0.1262800      0.1269200      0.1267600      0.1228900      0.1224400      0.1225100      0.1231200      0.1235200      0.1229700      0.1210800      0.1178000      0.1110700      0.1054300      0.9885000E-01  0.9150000E-01  0.8354000E-01   0.000000    
  0.8866000E-01  0.9340990E-01  0.9818000E-01  0.9834130E-01  0.9850740E-01  0.1044960      0.1157000      0.1160390      0.1224600      0.1280450      0.1301300      0.1308200      0.1290550      0.1283000      0.1296100      0.1304600      0.1309900      0.1281000      0.1289000      0.1296500      0.1299500      0.1293600      0.1275700      0.1244400      0.1199700      0.1142800      0.1055200      0.9808000E-01  0.9088000E-01  0.8079000E-01
  0.9341660E-01  0.9818000E-01  0.9826060E-01  0.9834290E-01  0.1042610      0.1157000      0.1158690      0.1226830      0.1290870      0.1301300      0.1304750      0.1295760      0.1283000      0.1289550      0.1294570      0.1303530      0.1298500      0.1293300      0.1334560      0.1365700      0.1372100      0.1369000      0.1353800      0.1324700      0.1281500      0.1224700      0.1131900      0.1067600      0.1003100      0.8972000E-01
  0.9818000E-01  0.9822030E-01  0.9826120E-01  0.1041410      0.1157000      0.1157850      0.1227980      0.1296090      0.1301300      0.1303020      0.1296200      0.1283000      0.1286280      0.1289040      0.1295880      0.1298870      0.1298440      0.1354020      0.1403150      0.1440600      0.1453900      0.1456800      0.1446600      0.1389600      0.1350000      0.1295000      0.1265300      0.1180800      0.1088700      0.9938000E-01
  0.9820020E-01  0.9822050E-01  0.1040810      0.1157000      0.1157420      0.1228560      0.1298690      0.1301300      0.1302160      0.1295880      0.1283000      0.1284640      0.1286100      0.1290400      0.1294600      0.1297730      0.1362760      0.1421880      0.1440600      0.1467430      0.1507800      0.1521700      0.1521100      0.1503100      0.1498200      0.1472300      0.1392900      0.1299000      0.1195300      0.1078600    
  0.9820020E-01  0.1040500      0.1157000      0.1157210      0.1228860      0.1300000      0.1301300      0.1301730      0.1295590      0.1283000      0.1283820      0.1284580      0.1287050      0.1290370      0.1294240      0.1437860      0.1431240      0.1440600      0.1613220      0.1661450      0.1672680      0.1672200      0.1711100      0.1697200      0.1678100      0.1588700      0.1504800      0.1401900      0.1285500      0.1163000    
  0.1040350      0.1157000      0.1157110      0.1229000      0.1300650      0.1301300      0.1301520      0.1295400      0.1283000      0.1283410      0.1283800      0.1285150      0.1287330      0.1522860      0.1691460      0.1805150      0.1802950      0.1819530      0.1838140      0.1883400      0.1815100      0.1846600      0.1858400      0.1856200      0.1823600      0.1759300      0.1665100      0.1546000      0.1408000      0.1283100    
  0.1157000      0.1157050      0.1229080      0.1300970      0.1301300      0.1301410      0.1295300      0.1283000      0.1283200      0.1283400      0.1284120      0.1285430      0.1707910      0.2221230      0.2219800      0.2101320      0.2181260      0.2165300      0.2040390      0.1969570      0.1951700      0.2046800      0.2047400      0.2061500      0.2035500      0.1966500      0.1857800      0.1716700      0.1580700      0.1389700    
  0.1157030      0.1229110      0.1301140      0.1301300      0.1301350      0.1295250      0.1283000      0.1283100      0.1283200      0.1283580      0.1680310      0.2274300      0.2240390      0.2222980      0.2222660      0.2219800      0.2201250      0.2197220      0.2165300      0.2143270      0.2141900      0.2240900      0.2315800      0.2311600      0.2295200      0.2218600      0.2088100      0.1954400      0.1749400      0.1526800    
  0.1229130      0.1301220      0.1301300      0.1301330      0.1295230      0.1283000      0.1283050      0.1283100      0.1283290      0.1759140      0.2274300      0.2274300      0.2274300      0.2243060      0.2226480      0.2225510      0.2219800      0.2222690      0.2229150      0.2165300      0.2314200      0.2459900      0.2582300      0.2653800      0.2614800      0.2524300      0.2402400      0.2183000      0.1941900      0.1696000    
  0.1301260      0.1301300      0.1301310      0.1295210      0.1283000      0.1283030      0.1283050      0.1389160      0.1731870      0.2274010      0.2274300      0.2274300      0.2274300      0.2274300      0.2248800      0.2234130      0.2231230      0.2219800      0.2276530      0.2293000      0.2489400      0.2696100      0.2888600      0.3021500      0.3101700      0.2938500      0.2707700      0.2427600      0.2140400      0.1869200    
  0.1301300      0.1301310      0.1295210      0.1283000      0.1283010      0.1443590      0.1684500      0.1695840      0.1707200      0.2084470      0.2273430      0.2274300      0.2274300      0.2274300      0.2274300      0.2261240      0.2251360      0.2242650      0.2219800      0.2428000      0.2672400      0.2949400      0.3313400      0.3523200      0.3575500      0.3389900      0.3029000      0.2661500      0.2317200      0.2015400    
  0.1301300      0.1295200      0.1283000      0.1283010      0.1475620      0.1684380      0.1684380      0.1684500      0.1695830      0.1707200      0.2082960      0.2271680      0.2274300      0.2274300      0.2274300      0.2274300      0.2288080      0.2291630      0.2265500      0.2498900      0.2884600      0.3216000      0.3603600      0.3999500      0.4165100      0.3840000      0.3339200      0.2865300      0.2439200      0.2110900    
