iMOD/TUTORIALS/TUT_MetaswapAnalyser/model_MetaSWAP/meteo/Precipitation/Precipitation_20060930_L1.ASC
NCOLS                30
NROWS                30
XLLCORNER     160000.00
YLLCORNER     340000.00
CELLSIZE        1000.00
NODATA_VALUE   -9999.00
  0.2039600      0.2104300      0.2177600      0.2266400      0.2384000      0.2547800      0.2731900      0.2881400      0.2978100      0.3055600      0.3166000      0.3263100      0.3344500      0.3396200      0.3465100      0.3551900      0.3618900      0.3772300      0.3947400      0.4158400      0.4401800      0.4624700      0.4911600      0.5210200      0.5526100      0.5849100      0.6173600      0.6491900      0.6791700      0.7036600    
  0.2208100      0.2284200      0.2370500      0.2472600      0.2595800      0.2737900      0.2876400      0.2977300      0.3014900      0.3058900      0.3178000      0.3267100      0.3330800      0.3368800      0.3421100      0.3460500      0.3566700      0.3713300      0.3934700      0.4191900      0.4492700      0.4785400      0.5144300      0.5520400      0.5919000      0.6331000      0.6752400      0.7177600      0.7584000      0.7953100    
  0.2373200      0.2456800      0.2549500      0.2653600      0.2768900      0.2888400      0.2995100      0.3069800      0.3103200      0.3141500      0.3206400      0.3258600      0.3293500      0.3301400      0.3322700      0.3349200      0.3449400      0.3618000      0.3860100      0.4169300      0.4553700      0.4922200      0.5353800      0.5816700      0.6301100      0.6804000      0.7311400      0.7847900      0.8379800      0.8932500    
  0.2531800      0.2618500      0.2711900      0.2812200      0.2916100      0.3016400      0.3102300      0.3164100      0.3193700      0.3216300      0.3238100      0.3243500      0.3237000      0.3205300      0.3187700      0.3189100      0.3274900      0.3459600      0.3747700      0.4123400      0.4564300      0.5067500      0.5546500      0.6080200      0.6649400      0.7240500      0.7852700      0.8485800      0.9124200      0.9799400    
  0.2682600      0.2769200      0.2860700      0.2953700      0.3045800      0.3131000      0.3202000      0.3252100      0.3272400      0.3275700      0.3268300      0.3235000      0.3174200      0.3094900      0.3022700      0.2978600      0.3029000      0.3230900      0.3581000      0.4039500      0.4560700      0.5132200      0.5691400      0.6341000      0.6989400      0.7659400      0.8349400      0.9034400      0.9750900       1.043440    
  0.2825800      0.2912000      0.2997700      0.3083000      0.3164600      0.3237500      0.3296500      0.3337000      0.3347000      0.3336500      0.3296500      0.3228600      0.3123800      0.2996400      0.2861200      0.2731000      0.2721500      0.2950400      0.3398800      0.3964200      0.4581000      0.5236200      0.5873700      0.6570200      0.7288200      0.8048200      0.8801200      0.9540400       1.029400       1.099790    
  0.2998500      0.3045700      0.3125900      0.3203700      0.3276100      0.3339100      0.3388300      0.3426300      0.3427000      0.3396400      0.3337200      0.3244900      0.3115300      0.2941100      0.2752500      0.2508300      0.2351100      0.2644100      0.3256400      0.3934300      0.4640800      0.5366100      0.6109800      0.6823800      0.7599200      0.8392200      0.9171800      0.9982000       1.078890       1.152990    
  0.3197800      0.3210600      0.3247400      0.3318600      0.3383400      0.3555800      0.3509100      0.3524100      0.3509800      0.3469600      0.3399900      0.3296500      0.3154900      0.2973000      0.2766900      0.2475000      0.2148300      0.2555600      0.3282400      0.4020900      0.4772300      0.5540200      0.6326900      0.7083800      0.7902500      0.8710500      0.9558200       1.040590       1.120100       1.199650    
  0.3330500      0.3339200      0.3406500      0.3429500      0.3633900      0.3676000      0.3613300      0.3623400      0.3604400      0.3560900      0.3490100      0.3389200      0.3256500      0.3160600      0.2941900      0.2745500      0.2672600      0.2964400      0.3547800      0.4241700      0.4985600      0.5763900      0.6571200      0.7353300      0.8174100      0.9040700      0.9920100       1.076080       1.163520       1.247540    
  0.3457400      0.3464100      0.3526200      0.3742100      0.3760900      0.3799000      0.3732400      0.3732100      0.3712600      0.3671600      0.3607500      0.3520200      0.3411700      0.3368500      0.3230100      0.3135100      0.3185500      0.3453500      0.3936200      0.4561300      0.5273800      0.6026500      0.6837100      0.7682600      0.8468000      0.9355200       1.021650       1.113090       1.203960       1.292520    
  0.3432430      0.3482570      0.3652720      0.3878500      0.3921700      0.3900000      0.3850600      0.3850700      0.3834300      0.3800200      0.3748400      0.3680700      0.3726500      0.3824900      0.3701000      0.3626100      0.3674800      0.3889500      0.4274800      0.4804300      0.5442400      0.6159700      0.6936400      0.7736500      0.8558300      0.9365700       1.027730       1.120960       1.215220       1.333700    
  0.3430370      0.3611560      0.3878500      0.4007000      0.4057400      0.4063100      0.4007400      0.3978500      0.3968000      0.3943700      0.4295600      0.4198500      0.4273600      0.4156000      0.4049600      0.4004000      0.4056400      0.4258400      0.4610200      0.5108800      0.5725100      0.6427800      0.7146400      0.7957400      0.8812400      0.9641100       1.055950       1.150610       1.247360       1.345240    
  0.3572130      0.3878500      0.4042450      0.4113900      0.4170400      0.4130500      0.4144000      0.4147100      0.4690800      0.4611900      0.4539500      0.4740400      0.4602500      0.4479700      0.4388700      0.4346600      0.4382500      0.4533900      0.4873600      0.5366700      0.5958300      0.6648900      0.7399700      0.8200000      0.9044100      0.9928900       1.077760       1.172730       1.270880       1.371690    
  0.3878500      0.4058370      0.4142150      0.4170400      0.4190170      0.4269600      0.5008200      0.4978900      0.4936200      0.4881400      0.4817100      0.5046500      0.4922400      0.4811600      0.4724000      0.4672600      0.4668600      0.4753000      0.5035800      0.5575900      0.6209400      0.6901900      0.7650700      0.8435500      0.9262000       1.012970       1.096970       1.191170       1.289450       1.391690    
  0.4065890      0.4156270      0.4170400      0.4210060      0.4269600      0.4837200      0.5233800      0.5211600      0.5178400      0.5135600      0.5527400      0.5401900      0.5283000      0.5176300      0.5087800      0.5014300      0.4981400      0.4973700      0.5198000      0.5793400      0.6477200      0.7157600      0.7874400      0.8629400      0.9424500       1.026140       1.114190       1.199630       1.296380       1.392330    
  0.4163340      0.4170400      0.4216680      0.4269600      0.4780200      0.5233800      0.5222700      0.5207930      0.5376780      0.5981500      0.5864600      0.5750700      0.5643900      0.5548900      0.5460400      0.5404200      0.5440200      0.5464500      0.5688100      0.6147300      0.6695100      0.7406700      0.8074800      0.8781100      0.9527600       1.031690       1.115180       1.203540       1.290120       1.388930    
  0.4170400      0.4218890      0.4269600      0.4761200      0.5233800      0.5228250      0.5221480      0.5447230      0.5981500      0.5923050      0.6080720      0.6115900      0.6011600      0.5926300      0.6000000      0.5938900      0.5925100      0.6002100      0.6218600      0.6583900      0.7049600      0.7577500      0.8152500      0.8943900      0.9636100       1.037160       1.115300       1.198330       1.286540       1.371840    
  0.4219630      0.4269600      0.4754870      0.5233800      0.5231030      0.5227840      0.5469610      0.5981500      0.5952270      0.6215910      0.6403400      0.6690900      0.6568800      0.6523500      0.6446100      0.6405100      0.6416300      0.6510500      0.6707200      0.7010300      0.7401400      0.7858500      0.8368100      0.8924300      0.9705900       1.037710       1.109340       1.185720       1.267050       1.351670    
  0.4269600      0.4752760      0.5233800      0.5232410      0.5230890      0.5477500      0.5981500      0.5966890      0.6277550      0.6547150      0.6690900      0.6629850      0.6686600      0.6963200      0.6897900      0.6869200      0.6890600      0.6981700      0.7151800      0.7403400      0.7728700      0.8116100      0.8556400      0.9044300      0.9578000       1.015800       1.097620       1.166300       1.237970       1.315290    
  0.4752050      0.5233800      0.5233110      0.5232370      0.5480570      0.5981500      0.5974190      0.6307170      0.6619020      0.6690900      0.6660370      0.6742640      0.6963200      0.6930550      0.6910100      0.6885900      0.6913830      0.7008030      0.7474320      0.7758300      0.8022300      0.8341900      0.8711700      0.9127900      0.9588800       1.009410       1.061240       1.117960       1.223710       1.305810    
  0.5233800      0.5233450      0.5233090      0.5481890      0.5981500      0.5977850      0.6321750      0.6654960      0.6690900      0.6675640      0.6764280      0.6963200      0.6946870      0.6934620      0.6908850      0.6903280      0.6935920      0.7477990      0.7917350      0.8076400      0.8280400      0.8533000      0.8831900      0.9145600      0.9531400      0.9959100       1.083780       1.134340       1.187080       1.241380    
  0.5233630      0.5233450      0.5482480      0.5981500      0.5979670      0.6328980      0.6672930      0.6690900      0.6683270      0.6773500      0.6963200      0.6955040      0.6948230      0.6930110      0.6915580      0.6916020      0.7478090      0.7996880      0.8076400      0.8276870      0.8473800      0.8660600      0.8889200      0.9159600      0.9861700       1.022020       1.061530       1.103160       1.146250       1.190370    
  0.5233620      0.5482760      0.5981500      0.5980590      0.6332590      0.6681920      0.6690900      0.6687080      0.6777720      0.6963200      0.6959120      0.6955490      0.6944460      0.6931310      0.6920570      0.7661050      0.8036640      0.8076400      0.8506520      0.8638600      0.8780580      0.8780200      0.9272900      0.9500400      0.9760300       1.004930       1.036440       1.069530       1.103240       1.137000    
  0.5482900      0.5981500      0.5981040      0.6334400      0.6686410      0.6690900      0.6688990      0.6779730      0.6963200      0.6961160      0.6959270      0.6953020      0.6943750      0.7928330      0.8564650      0.8958750      0.8958900      0.8955000      0.8949780      0.9034200      0.8803400      0.9184900      0.9310500      0.9453600      0.9636000      0.9853900       1.009760       1.035290       1.060400       1.083710    
  0.5981500      0.5981270      0.6335300      0.6688650      0.6690900      0.6689950      0.6780700      0.6963200      0.6962180      0.6961210      0.6957820      0.6952010      0.8742610       1.093480       1.091700      0.9999200      0.9880700      0.9841400      0.9400900      0.9176530      0.9265000      0.9288500      0.9312200      0.9375600      0.9486100      0.9640900      0.9827100       1.002420       1.020480       1.035230    
  0.5981390      0.6335750      0.6689780      0.6690900      0.6690420      0.6781190      0.6963200      0.6962690      0.6962200      0.6960400      0.9519530       1.336330       1.175950       1.095320       1.095260       1.091700       1.024020      0.9920000      0.9841400      0.9551480      0.9461200      0.9361200      0.9291300      0.9271800      0.9312800      0.9416000      0.9564500      0.9726700      0.9873800      0.9972700    
  0.6335970      0.6690340      0.6690900      0.6690660      0.6781430      0.6963200      0.6962950      0.6962700      0.6961760       1.003370       1.336330       1.336330       1.336330       1.178680       1.099000       1.098810       1.091700       1.028240      0.9998600      0.9841400      0.9638300      0.9436100      0.9260300      0.9143700      0.9116700      0.9182600      0.9317100      0.9479900      0.9627300      0.9730500    
  0.6690620      0.6690900      0.6690780      0.6781550      0.6963200      0.6963070      0.6962950      0.9916700       1.188010       1.336630       1.336330       1.336330       1.336330       1.336330       1.184140       1.106480       1.105920       1.091700       1.037270       1.015580      0.9856300      0.9537700      0.9233700      0.8998900      0.8894600      0.8942700      0.9098900      0.9292700      0.9468100      0.9598500    
  0.6690900      0.6690840      0.6781610      0.6963200      0.6963140       1.204370       1.966380       1.922160       1.877940       1.517690       1.337240       1.336330       1.336330       1.336330       1.336330       1.194940       1.121810       1.120140       1.091700       1.057660       1.017410      0.9721900      0.9259100      0.8849100      0.8645000      0.8706600      0.8932800      0.9187700      0.9401700      0.9553800    
  0.6690870      0.6781640      0.6963200      0.6963170       1.306090       1.966550       1.966550       1.966380       1.922170       1.877940       1.519260       1.339060       1.336330       1.336330       1.336330       1.336330       1.215690       1.153590       1.148590       1.109070       1.061660       1.003810      0.9388600      0.8741200      0.8362500      0.8520900      0.8880000      0.9211300      0.9450900      0.9600500    
