iMOD/TUTORIALS/TUT_MetaswapAnalyser/model_MetaSWAP/meteo/Precipitation/Precipitation_20050407_L1.ASC
NCOLS                30
NROWS                30
XLLCORNER     160000.00
YLLCORNER     340000.00
CELLSIZE        1000.00
NODATA_VALUE   -9999.00
   3.934210       3.872700       3.803130       3.722030       3.621970       3.481810       3.298840       3.090720       2.876480       2.688030       2.536010       2.402270       2.280840       2.184090       2.100150       2.048530       2.022520       2.007970       2.017260       2.049370       2.102190       2.153520       2.238220       2.335230       2.444260       2.561080       2.681120       2.796610       2.893500       2.951670    
   3.839670       3.766930       3.683730       3.587910       3.472960       3.327310       3.151580       2.951590       2.735160       2.547720       2.417980       2.292750       2.177200       2.089670       2.007700       1.958070       1.922320       1.892800       1.908760       1.949140       2.011770       2.076920       2.174050       2.284760       2.410180       2.547060       2.692880       2.842650       3.002350       3.103500    
   3.733530       3.651700       3.558380       3.453020       3.330000       3.181970       3.011740       2.823450       2.629980       2.455810       2.313770       2.186750       2.075060       1.976600       1.882660       1.823900       1.786610       1.779610       1.802770       1.853200       1.927470       2.005380       2.112130       2.235240       2.372160       2.522270       2.703990       2.876000       3.059460       3.229320    
   3.626340       3.536720       3.435520       3.322460       3.191250       3.043250       2.879480       2.708230       2.534530       2.367190       2.219160       2.086350       1.966700       1.856180       1.759920       1.691940       1.652010       1.648490       1.680590       1.742700       1.828190       1.931330       2.034450       2.183370       2.325860       2.479990       2.645780       2.823320       3.014940       3.207650    
   3.521170       3.425380       3.319900       3.200180       3.067170       2.920900       2.763020       2.598510       2.434810       2.276670       2.144750       2.001920       1.868030       1.746370       1.632070       1.548920       1.509960       1.511090       1.556720       1.634760       1.734390       1.848590       1.957330       2.092140       2.234750       2.385570       2.543340       2.708660       2.863780       2.983380    
   3.420260       3.320160       3.209280       3.087360       2.954180       2.810340       2.652960       2.500280       2.361060       2.217070       2.062790       1.914240       1.771610       1.636140       1.508440       1.404760       1.342840       1.348860       1.413890       1.510130       1.622120       1.743370       1.856190       1.988520       2.125880       2.267670       2.409000       2.548240       2.664450       2.737180    
   3.326200       3.220080       3.107160       2.984460       2.844820       2.705200       2.558150       2.437180       2.300050       2.143410       1.988930       1.837290       1.688450       1.542460       1.395880       1.264450       1.166120       1.185520       1.283690       1.398420       1.518550       1.642190       1.768640       1.881030       2.008960       2.135900       2.261960       2.371550       2.458440       2.505960    
   3.308330       3.119260       3.004430       2.883480       2.754170       2.620390       2.511130       2.385280       2.232520       2.079000       1.926060       1.774410       1.624210       1.474310       1.320230       1.176980       1.037010       1.079250       1.196250       1.313670       1.431770       1.550810       1.670490       1.774250       1.889950       2.005500       2.108120       2.196060       2.263480       2.295370    
   3.215410       3.037660       2.924690       2.801630       2.677840       2.543640       2.442010       2.323380       2.174950       2.025300       1.875660       1.727000       1.580180       1.421330       1.287920       1.166310       1.082930       1.089410       1.163520       1.259920       1.364120       1.471690       1.580250       1.672370       1.778280       1.873830       1.959130       2.032050       2.080660       2.102730    
   3.142480       2.964630       2.852120       2.733750       2.608370       2.477410       2.412740       2.271500       2.127670       1.982620       1.837650       1.694130       1.553740       1.404750       1.283100       1.184510       1.123230       1.115860       1.156720       1.226740       1.312010       1.403710       1.498770       1.592800       1.669140       1.749630       1.822220       1.877090       1.913470       1.928020    
   3.114250       2.986410       2.805560       2.671750       2.548770       2.492910       2.366020       2.229370       2.090420       1.950450       1.810890       1.673390       1.518020       1.368510       1.267520       1.189120       1.140690       1.129770       1.155470       1.209360       1.281300       1.362780       1.447450       1.534100       1.615720       1.663900       1.719820       1.761540       1.786480       1.769730    
   3.111290       2.894490       2.671750       2.564630       2.498930       2.451030       2.328730       2.196520       2.062600       1.927920       1.729840       1.609190       1.464670       1.362040       1.268920       1.195350       1.145500       1.125760       1.138180       1.178900       1.239000       1.309140       1.387730       1.459210       1.524740       1.561740       1.605280       1.635790       1.651590       1.651640    
   2.974930       2.671750       2.573620       2.519000       2.539080       2.425000       2.300140       2.172600       1.943360       1.827790       1.711410       1.557630       1.455790       1.359310       1.269240       1.194540       1.137430       1.105470       1.107850       1.143110       1.201350       1.265090       1.329430       1.389970       1.443700       1.488360       1.501290       1.521430       1.528700       1.522640    
   2.671750       2.578370       2.529040       2.539080       2.454670       2.399940       2.139730       2.030210       1.919440       1.807450       1.697230       1.549410       1.452830       1.360190       1.273240       1.192490       1.123870       1.072400       1.064490       1.107550       1.165000       1.224190       1.257620       1.303620       1.342610       1.373220       1.376930       1.386900       1.386700       1.376270    
   2.580820       2.534060       2.539080       2.464560       2.399940       2.215700       2.107440       2.003750       1.899100       1.794280       1.640380       1.546750       1.454930       1.365910       1.280490       1.198630       1.121270       1.046660       1.024470       1.076480       1.128870       1.176700       1.219090       1.254800       1.282800       1.302310       1.312860       1.296890       1.288920       1.270310    
   2.536570       2.539080       2.467860       2.399940       2.241030       2.107440       2.055590       2.003430       1.855990       1.726810       1.638080       1.550060       1.463500       1.379110       1.300550       1.222040       1.129570       1.073210       1.055370       1.082320       1.119330       1.156610       1.187240       1.211130       1.227380       1.235520       1.235490       1.227580       1.196330       1.175060    
   2.539080       2.468960       2.399940       2.249470       2.107440       2.081520       2.055490       1.910450       1.726810       1.682450       1.606500       1.558420       1.481820       1.403430       1.288800       1.222990       1.165710       1.122460       1.103750       1.109950       1.128420       1.148730       1.165660       1.179460       1.183740       1.180450       1.169800       1.152510       1.129650       1.095070    
   2.469330       2.399940       2.252280       2.107440       2.094480       2.081480       1.943570       1.726810       1.704630       1.626740       1.558780       1.559150       1.488460       1.376200       1.313030       1.254580       1.207020       1.170160       1.149240       1.143470       1.146910       1.152810       1.156370       1.154760       1.149260       1.134270       1.112660       1.085570       1.054640       1.027490    
   2.399940       2.253220       2.107440       2.100960       2.094470       1.961580       1.726810       1.715720       1.635260       1.558970       1.559150       1.523800       1.455160       1.396850       1.340250       1.288430       1.243310       1.214760       1.191760       1.178160       1.170400       1.164020       1.155200       1.141340       1.121030       1.093990       1.063430       1.025850      0.9914300      0.9500900    
   2.253530       2.107440       2.104200       2.100960       1.970960       1.726810       1.721260       1.639200       1.559060       1.559150       1.541480       1.483740       1.396850       1.368550       1.341840       1.290660       1.248830       1.216610       1.209270       1.213110       1.197110       1.180810       1.161170       1.135940       1.103860       1.064800       1.015150      0.9728000      0.9064100      0.8646900    
   2.107440       2.105820       2.104200       1.975730       1.726810       1.724040       1.641110       1.559100       1.559150       1.550310       1.495300       1.396850       1.382700       1.369080       1.333690       1.293780       1.252040       1.230820       1.230830       1.248550       1.226720       1.202750       1.174080       1.133380       1.090500       1.039770      0.9684700      0.9083900      0.8485500      0.7940500    
   2.106630       2.105820       1.978140       1.726810       1.725420       1.642050       1.559130       1.559150       1.554730       1.500400       1.396850       1.389780       1.382880       1.361820       1.332180       1.293170       1.252970       1.239690       1.248550       1.242570       1.252450       1.223770       1.188620       1.145090       1.072520       1.013120      0.9441600      0.8702600      0.7961700      0.7287300    
   2.106630       1.979350       1.726810       1.726120       1.642510       1.559140       1.559150       1.556940       1.502780       1.396850       1.393310       1.389830       1.378160       1.358960       1.329060       1.292370       1.244120       1.248550       1.273720       1.281140       1.263860       1.257240       1.196150       1.146090       1.086420       1.014570      0.9326900      0.8436100      0.7524400      0.6671100    
   1.979960       1.726810       1.726460       1.642750       1.559140       1.559150       1.558050       1.503930       1.396850       1.395080       1.393330       1.387100       1.375650       1.385210       1.369900       1.339540       1.339420       1.327750       1.314740       1.322620       1.309820       1.276010       1.231250       1.179340       1.113140       1.032410      0.9384000      0.8339800      0.7238300      0.6215400    
   1.726810       1.726640       1.642860       1.559150       1.559150       1.558600       1.504490       1.396850       1.395970       1.395090       1.391840       1.385360       1.419550       1.474890       1.474670       1.424820       1.435090       1.430290       1.371480       1.340450       1.335420       1.299070       1.279630       1.227170       1.157530       1.070110      0.9661400      0.8484200      0.7265700      0.5927300    
   1.726720       1.642920       1.559150       1.559150       1.558870       1.504770       1.396850       1.396410       1.395970       1.394300       1.391990       1.393820       1.447870       1.474900       1.475110       1.474670       1.450110       1.439890       1.430290       1.392540       1.376110       1.355660       1.322800       1.291300       1.221940       1.131110       1.020590      0.8995700      0.7607300      0.6140800    
   1.642950       1.559150       1.559150       1.559010       1.504910       1.396850       1.396630       1.396410       1.395560       1.393980       1.393820       1.393820       1.393820       1.447860       1.474920       1.475550       1.474670       1.455590       1.449500       1.430290       1.428360       1.419330       1.397750       1.357340       1.308250       1.217570       1.108530      0.9788800      0.8394800      0.6989200    
   1.559150       1.559150       1.559080       1.504980       1.396850       1.396740       1.396630       1.312010       1.320150       1.393640       1.393820       1.393820       1.393820       1.393820       1.447600       1.474530       1.476440       1.474670       1.467920       1.468700       1.480060       1.487000       1.483080       1.458980       1.405280       1.331950       1.218750       1.089370      0.9555800      0.8292800    
   1.559150       1.559120       1.505020       1.396850       1.396790       1.244820       1.017000       1.038220       1.059440       1.281880       1.393290       1.393820       1.393820       1.393820       1.393820       1.446480       1.472490       1.478210       1.474670       1.498020       1.524790       1.551910       1.564060       1.571520       1.539710       1.458040       1.349710       1.220800       1.094160      0.9812100    
   1.559130       1.505030       1.396850       1.396820       1.214410       1.016890       1.016890       1.017000       1.038210       1.059440       1.280960       1.392220       1.393820       1.393820       1.393820       1.393820       1.443190       1.464580       1.481750       1.515290       1.534590       1.589220       1.646640       1.695680       1.696430       1.608450       1.482160       1.354940       1.239290       1.138190    
