iMOD/TUTORIALS/TUT_MetaswapAnalyser/model_MetaSWAP/meteo/Precipitation/Precipitation_20060304_L1.ASC
NCOLS                30
NROWS                30
XLLCORNER     160000.00
YLLCORNER     340000.00
CELLSIZE        1000.00
NODATA_VALUE   -9999.00
   0.000000       0.000000       0.000000       0.000000      0.2278400      0.3014900      0.4417600      0.6399200      0.8639200       1.013000       1.037360       1.021600       1.000150      0.9729900      0.9469500      0.9239800      0.8928100      0.8683100      0.8504800      0.8344100      0.8195100      0.8026900      0.7881800      0.7757200      0.7599900      0.7434900      0.7260300      0.7072000      0.6861700      0.6616200    
  0.2060700      0.2153800      0.2293800      0.2560300      0.3061400      0.3959700      0.5407100      0.7460300       1.011070       1.173360       1.114320       1.064780       1.019500      0.9789700      0.9420100      0.9011600      0.8723600      0.8499600      0.8246300      0.8066500      0.7908200      0.7740400      0.7599000      0.7480900      0.7335900      0.7187500      0.7034500      0.6874500      0.6706300      0.6496300    
  0.2317300      0.2479700      0.2723300      0.3116800      0.3711200      0.4658000      0.6024800      0.7813900      0.9788300       1.094900       1.089400       1.048300       1.002490      0.9568700      0.9156100      0.8723600      0.8395500      0.8123900      0.7904300      0.7725400      0.7524400      0.7365300      0.7256300      0.7123600      0.6990500      0.6855700      0.6726000      0.6587400      0.6448500      0.6294800    
  0.2575600      0.2792800      0.3100200      0.3565900      0.4210100      0.5108400      0.6283500      0.7641300      0.8986400      0.9851400       1.005680      0.9879800      0.9519900      0.9104200      0.8685300      0.8256000      0.7908700      0.7630700      0.7417800      0.7253300      0.7117600      0.6976600      0.6834700      0.6719700      0.6594100      0.6465000      0.6332800      0.6198700      0.6065400      0.5927500    
  0.2818200      0.3070500      0.3441800      0.3904100      0.4521300      0.5315500      0.6272200      0.7263800      0.8225000      0.8889900      0.9121400      0.9056700      0.8820000      0.8466200      0.8063800      0.7651500      0.7302500      0.7037700      0.6856200      0.6726500      0.6650800      0.6549500      0.6413800      0.6263300      0.6142100      0.6012800      0.5875200      0.5730400      0.5570300      0.5380400    
  0.3034300      0.3348300      0.3695000      0.4139200      0.4697100      0.5369600      0.6086300      0.6844000      0.7463500      0.7982300      0.8237100      0.8243100      0.8053700      0.7738700      0.7380900      0.6953700      0.6584400      0.6349100      0.6228600      0.6153000      0.6109900      0.6033200      0.5915100      0.5808100      0.5686300      0.5524600      0.5376400      0.5213700      0.5027900      0.4811200    
  0.3240900      0.3551300      0.3883900      0.4290500      0.4724900      0.5274800      0.5866900      0.6308900      0.6845100      0.7235000      0.7438900      0.7452900      0.7301600      0.7017900      0.6682000      0.6222500      0.5789800      0.5613100      0.5596300      0.5602100      0.5569600      0.5513100      0.5433900      0.5306000      0.5183600      0.5041600      0.4882600      0.4700200      0.4483100      0.4257100    
  0.3413900      0.3601200      0.3957900      0.4312500      0.4718600      0.4895100      0.5425300      0.5891900      0.6291100      0.6581000      0.6731900      0.6735400      0.6601200      0.6349500      0.6066700      0.5601900      0.5082500      0.4990900      0.5055200      0.5072800      0.5055000      0.5007200      0.4932800      0.4808100      0.4684100      0.4540300      0.4371500      0.4181000      0.3955600      0.3731900    
  0.3470100      0.3695500      0.3965500      0.4333800      0.4353000      0.4715700      0.5144800      0.5500600      0.5797300      0.6007800      0.6111100      0.6099100      0.5975800      0.5891000      0.5540600      0.5156500      0.4809800      0.4640700      0.4618600      0.4606000      0.4577000      0.4525500      0.4450300      0.4326500      0.4203600      0.4054300      0.3881900      0.3671100      0.3462400      0.3239000    
  0.3556800      0.3760800      0.3996600      0.3914000      0.4237800      0.4525000      0.4874600      0.5140600      0.5357600      0.5504900      0.5567700      0.5539900      0.5424300      0.5385200      0.5089700      0.4776800      0.4496400      0.4320800      0.4222400      0.4159500      0.4102500      0.4069800      0.3991900      0.3892100      0.3746100      0.3596800      0.3407200      0.3216400      0.3007700      0.2786000    
  0.3561970      0.3771400      0.3877050      0.3836800      0.4061500      0.4359200      0.4615600      0.4812300      0.4966300      0.5062800      0.5091500      0.5048300      0.5156100      0.4887200      0.4606000      0.4359000      0.4135200      0.3961500      0.3840300      0.3756300      0.3689100      0.3621200      0.3541000      0.3443300      0.3300700      0.3174800      0.3006700      0.2817200      0.2609700      0.2378800    
  0.3569900      0.3761800      0.3836800      0.3909100      0.3926100      0.4123800      0.4325500      0.4515100      0.4618500      0.4673700      0.4616900      0.4566000      0.4667700      0.4413900      0.4195200      0.3963100      0.3742800      0.3560100      0.3426400      0.3337500      0.3273500      0.3212700      0.3126100      0.3033800      0.2919000      0.2763700      0.2601600      0.2418800      0.2218300       0.000000    
  0.3637900      0.3836800      0.3856740      0.3869050      0.3812000      0.3975200      0.4099900      0.4200500      0.4204000      0.4261600      0.4243600      0.4361200      0.4210900      0.4021500      0.3803600      0.3565900      0.3328700      0.3120400      0.2981700      0.2907500      0.2862400      0.2820300      0.2762300      0.2682100      0.2577400      0.2448100      0.2280000      0.2106100       0.000000       0.000000    
  0.3836800      0.3836520      0.3840530      0.3812000      0.3865000      0.3807800      0.3815400      0.3883200      0.3922300      0.3915300      0.3882300      0.4018500      0.3860800      0.3666800      0.3440800      0.3189200      0.2917700      0.2657100      0.2504400      0.2487500      0.2491400      0.2477700      0.2443300      0.2377200      0.2284300      0.2166000       0.000000       0.000000       0.000000       0.000000    
  0.3827890      0.3826260      0.3812000      0.3828270      0.3807800      0.3742330      0.3603800      0.3642900      0.3656600      0.3640200      0.3807400      0.3685100      0.3528100      0.3336900      0.3112400      0.2865500      0.2570600      0.2239200      0.2053500      0.2135400      0.2181600      0.2187900      0.2161900      0.2106600      0.2024200       0.000000       0.000000       0.000000       0.000000       0.000000    
  0.3819130      0.3812000      0.3816020      0.3807800      0.3717980      0.3603800      0.3623350      0.3634430      0.3648650      0.3654900      0.3554700      0.3424900      0.3264800      0.3074700      0.2852500      0.2603000      0.2350900      0.2080500       0.000000       0.000000       0.000000       0.000000       0.000000       0.000000       0.000000       0.000000       0.000000       0.000000       0.000000       0.000000    
  0.3812000      0.3811940      0.3807800      0.3709860      0.3603800      0.3613580      0.3620530      0.3640330      0.3654900      0.3604800      0.3375920      0.3202500      0.3044500      0.2856100      0.2679400      0.2449900      0.2219200       0.000000       0.000000       0.000000       0.000000       0.000000       0.000000       0.000000       0.000000       0.000000       0.000000       0.000000       0.000000       0.000000    
  0.3810580      0.3807800      0.3707150      0.3603800      0.3608690      0.3612630      0.3632330      0.3654900      0.3629850      0.3360150      0.3122550      0.3042600      0.2877200      0.2720000      0.2524100      0.2321700      0.2127200       0.000000       0.000000       0.000000       0.000000       0.000000       0.000000       0.000000       0.000000       0.000000       0.000000       0.000000       0.000000       0.000000    
  0.3807800      0.3706250      0.3603800      0.3606240      0.3608370      0.3627140      0.3654900      0.3642370      0.3354020      0.3082570      0.3042600      0.2959900      0.2804520      0.2578300      0.2399700      0.2220200      0.2049800       0.000000       0.000000       0.000000       0.000000       0.000000       0.000000       0.000000       0.000000       0.000000       0.000000       0.000000       0.000000       0.000000    
  0.3705950      0.3603800      0.3605020      0.3606140      0.3624160      0.3654900      0.3648640      0.3351300      0.3062590      0.3042600      0.3001250      0.2846330      0.2578300      0.2489000      0.2399400      0.2223230      0.1423330      0.6832670E-01   0.000000       0.000000       0.000000       0.000000       0.000000       0.000000       0.000000       0.000000       0.000000       0.000000       0.000000       0.000000    
  0.3603800      0.3604410      0.3604990      0.3622560      0.3654900      0.3651770      0.3350010      0.3052590      0.3042600      0.3021930      0.2867120      0.2578300      0.2533650      0.2488900      0.2370540      0.2015320      0.1443280      0.4213200E-01   0.000000       0.000000       0.000000       0.000000       0.000000       0.000000       0.000000       0.000000       0.000000       0.000000       0.000000       0.000000    
  0.3604110      0.3604400      0.3621710      0.3654900      0.3653330      0.3349370      0.3047600      0.3042600      0.3032260      0.2877490      0.2578300      0.2555970      0.2533620      0.2464360      0.2291590      0.1943050      0.7759840E-01   0.000000       0.000000       0.000000       0.000000       0.000000       0.000000       0.000000       0.000000       0.000000       0.000000       0.000000       0.000000       0.000000    
  0.3604100      0.3621280      0.3654900      0.3654120      0.3349060      0.3045100      0.3042600      0.3037430      0.2882660      0.2578300      0.2567140      0.2555960      0.2517990      0.2429860      0.2233000      0.1002120       0.000000       0.000000       0.000000       0.000000       0.000000       0.000000       0.000000       0.000000       0.000000       0.000000       0.000000       0.000000       0.000000       0.000000    
  0.3621060      0.3654900      0.3654510      0.3348910      0.3043850      0.3042600      0.3040020      0.2885250      0.2578300      0.2572720      0.2567130      0.2547030      0.2501270      0.1795210      0.9441640E-01   0.000000       0.000000       0.000000       0.000000       0.000000       0.000000       0.000000       0.000000       0.000000       0.000000       0.000000       0.000000       0.000000       0.000000       0.000000    
  0.3654900      0.3654700      0.3348830      0.3043220      0.3042600      0.3041310      0.2886540      0.2578300      0.2575510      0.2572720      0.2562290      0.2538480      0.1368700       0.000000       0.000000       0.000000       0.000000       0.000000       0.000000       0.000000       0.000000       0.000000       0.000000       0.000000       0.000000       0.000000       0.000000       0.000000       0.000000       0.000000    
  0.3654800      0.3348790      0.3042910      0.3042600      0.3041950      0.2887190      0.2578300      0.2576900      0.2575510      0.2570170      0.1534700       0.000000       0.000000       0.000000       0.000000       0.000000       0.000000       0.000000       0.000000       0.000000       0.000000       0.000000       0.000000       0.000000       0.000000       0.000000       0.000000       0.000000       0.000000       0.000000    
  0.3348770      0.3042760      0.3042600      0.3042280      0.2887510      0.2578300      0.2577600      0.2576900      0.2574200      0.1336080       0.000000       0.000000       0.000000       0.000000       0.000000       0.000000       0.000000       0.000000       0.000000       0.000000       0.000000       0.000000       0.000000       0.000000       0.000000       0.000000       0.000000       0.000000       0.000000       0.000000    
  0.3042680      0.3042600      0.3042440      0.2887670      0.2578300      0.2577950      0.2577600      0.1932180      0.1081200       0.000000       0.000000       0.000000       0.000000       0.000000       0.000000       0.000000       0.000000       0.000000       0.000000       0.000000       0.000000       0.000000       0.000000       0.000000       0.000000       0.000000       0.000000       0.000000       0.000000       0.000000    
  0.3042600      0.3042520      0.2887750      0.2578300      0.2578130      0.1546770       0.000000       0.000000       0.000000       0.000000       0.000000       0.000000       0.000000       0.000000       0.000000       0.000000       0.000000       0.000000       0.000000       0.000000       0.000000       0.000000       0.000000       0.000000       0.000000       0.000000       0.000000       0.000000       0.000000       0.000000    
  0.3042560      0.2887790      0.2578300      0.2578210      0.1340640       0.000000       0.000000       0.000000       0.000000       0.000000       0.000000       0.000000       0.000000       0.000000       0.000000       0.000000       0.000000       0.000000       0.000000       0.000000       0.000000       0.000000       0.000000       0.000000       0.000000       0.000000       0.000000       0.000000       0.000000       0.000000    
