iMOD/TUTORIALS/TUT_MetaswapAnalyser/model_MetaSWAP/meteo/Precipitation/Precipitation_20051116_L1.ASC
NCOLS                30
NROWS                30
XLLCORNER     160000.00
YLLCORNER     340000.00
CELLSIZE        1000.00
NODATA_VALUE   -9999.00
   5.863820       5.778980       5.687020       5.585010       5.466070       5.313060       5.123410       4.912380       4.695790       4.496890       4.318810       4.150480       3.987280       3.830920       3.676440       3.533710       3.403160       3.268120       3.127900       2.989600       2.852720       2.713390       2.578060       2.447230       2.313290       2.181330       2.052990       1.931190       1.821220       1.734450    
   5.845930       5.762030       5.671650       5.567390       5.446100       5.299450       5.127200       4.934550       4.727830       4.541350       4.392480       4.241990       4.091620       3.950400       3.802480       3.668410       3.519470       3.352740       3.208550       3.056030       2.903540       2.748940       2.597820       2.451160       2.302390       2.155650       2.011820       1.872750       1.751200       1.642150    
   5.823170       5.740240       5.648200       5.544840       5.428480       5.290350       5.133570       4.961500       4.783730       4.618010       4.474070       4.334790       4.199540       4.062260       3.913480       3.775310       3.623050       3.464730       3.301220       3.134350       2.975080       2.804970       2.641900       2.476510       2.313140       2.151980       2.003150       1.845150       1.693630       1.548530    
   5.797260       5.715770       5.625410       5.523640       5.409480       5.281480       5.140240       4.991810       4.840420       4.694200       4.556690       4.427610       4.302600       4.170890       4.034050       3.896900       3.744370       3.579980       3.405520       3.224820       3.041700       2.871110       2.687370       2.521060       2.344280       2.170440       1.999670       1.832130       1.670360       1.511150    
   5.769600       5.690170       5.600620       5.503500       5.396110       5.278200       5.150870       5.018020       4.885960       4.756870       4.649280       4.525680       4.405300       4.283870       4.152950       4.019500       3.875800       3.706560       3.520730       3.325820       3.133540       2.936660       2.741030       2.557200       2.371020       2.189700       2.013940       1.848370       1.689000       1.551400    
   5.741070       5.660140       5.576130       5.484150       5.383870       5.275580       5.160520       5.041500       4.946270       4.837580       4.721090       4.607470       4.495660       4.383840       4.264740       4.144380       4.002090       3.826510       3.625080       3.413830       3.206510       2.997340       2.791230       2.592190       2.399600       2.218770       2.041480       1.878490       1.727370       1.601270    
   5.689090       5.631560       5.551660       5.465010       5.371790       5.272040       5.167220       5.091210       4.996010       4.887760       4.781210       4.676580       4.573350       4.470510       4.358110       4.255210       4.131870       3.945910       3.721980       3.498230       3.274190       3.055180       2.842380       2.635220       2.437740       2.249680       2.076810       1.912960       1.769220       1.646260    
   5.604340       5.586020       5.527070       5.445430       5.358290       5.266920       5.206480       5.124980       5.026100       4.927070       4.828740       4.731400       4.634810       4.537560       4.428300       4.335240       4.235720       4.035150       3.798300       3.563200       3.332460       3.107350       2.889100       2.677410       2.476570       2.291250       2.113320       1.950440       1.807540       1.683190    
   5.569720       5.553550       5.483470       5.424600       5.343930       5.258440       5.209790       5.138450       5.047430       4.955640       4.863590       4.771370       4.678520       4.557500       4.468130       4.367280       4.239920       4.057790       3.839630       3.609720       3.379090       3.151980       2.931020       2.716630       2.518590       2.326690       2.148050       1.987170       1.840610       1.713350    
   5.535650       5.520510       5.454410       5.391820       5.326890       5.247000       5.228220       5.145270       5.060380       4.974050       4.886470       4.797400       4.705940       4.580410       4.484670       4.374970       4.235300       4.063000       3.859200       3.638150       3.410810       3.188730       2.967140       2.753090       2.551920       2.358850       2.181830       2.016490       1.867590       1.736330    
   5.552750       5.503520       5.433380       5.366770       5.296430       5.284250       5.223680       5.145810       5.065590       4.983260       4.898720       4.811400       4.674940       4.526720       4.437090       4.341660       4.219930       4.066880       3.884360       3.680180       3.463780       3.243130       3.024020       2.815210       2.612980       2.420250       2.237140       2.067710       1.913250       1.752840    
   5.552300       5.464110       5.366770       5.309920       5.273760       5.257980       5.203510       5.140630       5.063950       4.984490       4.780910       4.711980       4.580900       4.500280       4.423750       4.330690       4.214630       4.069540       3.895900       3.698380       3.486090       3.267850       3.057160       2.844360       2.639000       2.440820       2.256440       2.084860       1.927090       1.783810    
   5.497130       5.366770       5.316910       5.288230       5.302710       5.254350       5.188580       5.119590       4.875010       4.820490       4.757700       4.590810       4.538590       4.477390       4.403870       4.315920       4.208090       4.074420       3.907590       3.713350       3.507800       3.292170       3.076550       2.864940       2.660140       2.464220       2.276210       2.102470       1.941360       1.793410    
   5.366770       5.320470       5.295470       5.302710       5.263350       5.233000       4.940920       4.890790       4.838040       4.782720       4.723430       4.556030       4.505850       4.447050       4.377720       4.295130       4.197470       4.078250       3.921250       3.726750       3.517090       3.303250       3.077000       2.865750       2.661120       2.465000       2.276910       2.101910       1.938870       1.788190    
   5.322260       5.299090       5.302710       5.266350       5.233000       5.023460       4.896470       4.848790       4.798250       4.744470       4.545630       4.506380       4.459840       4.404740       4.339660       4.264740       4.174830       4.072550       3.928480       3.721500       3.509240       3.297320       3.086200       2.878270       2.675660       2.480270       2.293700       2.115070       1.949720       1.802690    
   5.300900       5.302710       5.267350       5.233000       5.050980       4.896470       4.872630       4.847840       4.729910       4.528130       4.496530       4.458620       4.413410       4.359700       4.300700       4.226090       4.115370       4.014820       3.876490       3.698190       3.504450       3.295710       3.091970       2.889310       2.690110       2.496440       2.310200       2.132970       1.963660       1.807960    
   5.302710       5.267690       5.233000       5.060150       4.896470       4.884550       4.872310       4.744630       4.528130       4.512330       4.440460       4.406750       4.367360       4.316250       4.206740       4.139710       4.057030       3.952400       3.819590       3.659230       3.480660       3.291960       3.098040       2.891060       2.695260       2.503300       2.317460       2.139810       1.972140       1.819680    
   5.267800       5.233000       5.063210       4.896470       4.890510       4.884440       4.757400       4.528130       4.520230       4.430540       4.359520       4.312280       4.279360       4.201250       4.147670       4.080860       3.997990       3.894770       3.768890       3.621050       3.455660       3.277980       3.092400       2.902410       2.700290       2.510020       2.324440       2.146220       1.977840       1.826980    
   5.233000       5.064230       4.896470       4.893490       4.890470       4.765120       4.528130       4.524180       4.425420       4.335900       4.312280       4.295820       4.233270       4.140210       4.088100       4.022980       3.942440       3.843520       3.725220       3.587880       3.433830       3.266370       3.088890       2.904610       2.716620       2.528050       2.332260       2.152720       1.988460       1.825760    
   5.064570       4.896470       4.894980       4.893480       4.769300       4.528130       4.526160       4.422820       4.324090       4.312280       4.304050       4.245400       4.140210       4.114150       4.083760       4.017840       3.936310       3.837060       3.651960       3.561280       3.417660       3.259800       3.090110       2.911280       2.726220       2.538200       2.342520       2.167000       1.974960       1.813330    
   4.896470       4.895730       4.894980       4.771470       4.528130       4.527140       4.421510       4.318180       4.312280       4.308170       4.250480       4.140210       4.127180       4.112710       4.071920       4.012640       3.930400       3.703760       3.551580       3.541880       3.408600       3.260240       3.098300       2.915270       2.733260       2.545510       2.338330       2.153530       1.977720       1.816940    
   4.896100       4.895720       4.772580       4.528130       4.527640       4.420860       4.315230       4.312280       4.310220       4.252790       4.140210       4.133700       4.126700       4.103940       4.065760       4.004990       3.747080       3.546730       3.541880       3.448780       3.395870       3.258490       3.105520       2.938250       2.735490       2.552150       2.359480       2.167520       1.982810       1.812450    
   4.896100       4.773130       4.528130       4.527880       4.420530       4.313760       4.312280       4.311250       4.253870       4.140210       4.136950       4.133540       4.121440       4.098800       4.058230       3.778190       3.544300       3.541880       3.457060       3.409790       3.330010       3.278740       3.117040       2.954240       2.777290       2.587920       2.390050       2.188930       1.991710       1.807800    
   4.773410       4.528130       4.528010       4.420370       4.313020       4.312280       4.311770       4.254400       4.140210       4.138580       4.136900       4.130640       4.117930       3.955800       3.756400       3.529650       3.528820       3.480110       3.424110       3.427790       3.423700       3.293230       3.153620       3.001580       2.829690       2.640090       2.436700       2.225070       2.012240       1.812140    
   4.528130       4.528070       4.420290       4.312650       4.312280       4.312020       4.254660       4.140210       4.139400       4.138560       4.135380       4.128490       3.857800       3.543180       3.544750       3.528800       3.515830       3.515760       3.461760       3.434740       3.431880       3.323810       3.207320       3.066480       2.900980       2.712260       2.504330       2.283030       2.059210       1.830740    
   4.528100       4.420250       4.312460       4.312280       4.312150       4.254790       4.140210       4.139800       4.139390       4.137780       3.790880       3.275980       3.452640       3.541420       3.541620       3.544750       3.525790       3.515910       3.515760       3.468750       3.448650       3.372310       3.273880       3.149060       2.993120       2.807410       2.596830       2.372700       2.135080       1.894450    
   4.420230       4.312370       4.312280       4.312220       4.254860       4.140210       4.140010       4.139800       4.138990       3.724000       3.275980       3.275980       3.275980       3.449990       3.537890       3.538480       3.544750       3.526730       3.516060       3.515760       3.478700       3.427030       3.353330       3.248860       3.107280       2.926570       2.717480       2.486730       2.248350       2.013910    
   4.312330       4.312280       4.312250       4.254890       4.140210       4.140110       4.140010       3.769750       3.501380       3.275610       3.275980       3.275980       3.275980       3.275980       3.444480       3.530420       3.532220       3.544750       3.530340       3.516350       3.504120       3.482030       3.440670       3.365910       3.242530       3.069250       2.855630       2.622400       2.387650       2.166530    
   4.312280       4.312260       4.254910       4.140210       4.140160       3.529270       2.613090       2.636630       2.660190       3.069710       3.274870       3.275980       3.275980       3.275980       3.275980       3.433030       3.514310       3.519680       3.544750       3.544510       3.547400       3.549540       3.535460       3.491380       3.399240       3.226990       3.003210       2.764580       2.533710       2.324580    
   4.312270       4.254920       4.140210       4.140180       3.407030       2.612920       2.612920       2.613090       2.636620       2.660190       3.067810       3.272670       3.275980       3.275980       3.275980       3.275980       3.409600       3.478490       3.494610       3.508980       3.518570       3.556490       3.598620       3.627380       3.576960       3.382200       3.130260       2.892030       2.666730       2.469290    
