iMOD/TUTORIALS/TUT_MetaswapAnalyser/model_MetaSWAP/meteo/Precipitation/Precipitation_20051217_L1.ASC
NCOLS                30
NROWS                30
XLLCORNER     160000.00
YLLCORNER     340000.00
CELLSIZE        1000.00
NODATA_VALUE   -9999.00
   4.040280       3.917950       3.805410       3.698540       3.594490       3.471830       3.330760       3.176350       3.022000       2.866710       2.717000       2.574980       2.440250       2.318630       2.200020       2.090350       2.016160       1.915220       1.821080       1.732190       1.647490       1.568780       1.489700       1.411440       1.335200       1.259680       1.185550       1.114890       1.052260       1.006250    
   4.076050       3.955050       3.861110       3.749620       3.643080       3.520500       3.386810       3.243410       3.090490       2.941370       2.797280       2.660270       2.527120       2.405810       2.286580       2.200600       2.093110       1.988050       1.890160       1.797080       1.707300       1.622470       1.536450       1.450120       1.364480       1.277760       1.189910       1.101950       1.023780      0.9540000    
   4.109440       3.988680       3.874660       3.774600       3.679400       3.558120       3.429670       3.293940       3.152800       3.004770       2.866210       2.735800       2.605650       2.483260       2.363940       2.267860       2.160860       2.058120       1.959350       1.863850       1.769940       1.680480       1.587640       1.496090       1.402880       1.307180       1.215130       1.111000       1.003950      0.8990500    
   4.124720       4.005730       3.892270       3.795360       3.682690       3.567100       3.446850       3.334510       3.202380       3.066930       2.925070       2.800640       2.677350       2.554240       2.435400       2.329940       2.225260       2.123730       2.025290       1.929160       1.834270       1.736790       1.645100       1.557770       1.458870       1.356860       1.250980       1.140540       1.025440      0.9066900    
   4.124830       4.009030       3.916670       3.806050       3.695650       3.583570       3.468530       3.346470       3.225510       3.103010       2.983430       2.850740       2.738250       2.617650       2.500540       2.385390       2.289800       2.192500       2.097360       2.003150       1.905350       1.810230       1.716410       1.617290       1.516700       1.413650       1.308180       1.201620       1.096150       1.004640    
   4.112460       4.025470       3.915890       3.808440       3.701520       3.593770       3.475750       3.367740       3.260630       3.143920       3.028200       2.912030       2.801630       2.673040       2.530820       2.436400       2.341050       2.248450       2.158230       2.067500       1.971880       1.877330       1.783540       1.685280       1.585430       1.484130       1.383230       1.285030       1.193570       1.119480    
   4.142030       4.012280       3.907160       3.803920       3.688850       3.587180       3.484520       3.393050       3.283240       3.175710       3.067100       2.957490       2.846710       2.732970       2.569330       2.480670       2.388060       2.302560       2.220330       2.131740       2.041750       1.948610       1.853180       1.759270       1.661910       1.565040       1.470940       1.380990       1.300470       1.235510    
   4.171580       3.996100       3.875050       3.777910       3.681600       3.603830       3.506180       3.402220       3.302970       3.202640       3.101210       2.998560       2.894370       2.776930       2.615290       2.531650       2.438150       2.362200       2.285640       2.202990       2.115090       2.023480       1.929640       1.838040       1.743990       1.652580       1.564100       1.481990       1.408730       1.349860    
   4.131460       3.969830       3.874960       3.760720       3.693050       3.600710       3.509220       3.410970       3.318570       3.225350       3.131180       3.035870       2.939070       2.707160       2.656750       2.585810       2.509860       2.436410       2.359450       2.277890       2.191110       2.100680       2.008410       1.919310       1.829510       1.741900       1.659250       1.582490       1.516610       1.461710    
   4.101830       3.939060       3.850140       3.786130       3.680580       3.594090       3.501380       3.416110       3.330420       3.244190       3.157270       3.069490       2.980580       2.748690       2.687260       2.640220       2.583590       2.511390       2.434910       2.352940       2.266020       2.178350       2.087400       1.997200       1.913950       1.830580       1.751680       1.681890       1.620900       1.569600    
   4.081810       3.963680       3.835420       3.766340       3.683610       3.570670       3.496900       3.417890       3.338730       3.259290       3.179470       3.099150       2.807200       2.761370       2.734690       2.690990       2.643300       2.581090       2.510120       2.430670       2.344800       2.255450       2.165390       2.077430       1.990340       1.917650       1.844560       1.779090       1.722180       1.671980    
   4.083520       3.911810       3.766340       3.685830       3.666990       3.573730       3.505150       3.416530       3.343610       3.270660       3.151710       3.084930       2.799070       2.812340       2.767260       2.735750       2.696850       2.647400       2.581260       2.503090       2.416930       2.327380       2.236980       2.150050       2.067390       1.994780       1.925090       1.863290       1.810110       1.765830    
   3.990110       3.766340       3.681320       3.646700       3.626400       3.565490       3.496410       3.427520       3.290340       3.219150       3.158970       2.861010       2.846810       2.829530       2.792980       2.773250       2.746890       2.708730       2.648950       2.570250       2.482440       2.392080       2.303090       2.217620       2.137130       2.062820       2.000420       1.941910       1.892190       1.851560    
   3.766340       3.677650       3.636550       3.626400       3.580290       3.548990       3.395980       3.338540       3.281730       3.273800       3.212350       2.856660       2.849250       2.839600       2.827710       2.800670       2.789310       2.765310       2.714740       2.629700       2.538800       2.447990       2.355560       2.271170       2.192320       2.120030       2.059230       2.003300       1.956470       1.919230    
   3.675470       3.631470       3.626400       3.585230       3.548990       3.471220       3.468680       3.408160       3.348350       3.289260       2.875950       2.872100       2.866320       2.858760       2.849440       2.818180       2.812860       2.804750       2.765200       2.673080       2.577310       2.487390       2.400880       2.318760       2.241970       2.171510       2.108380       2.057370       2.012080       1.974690    
   3.628940       3.626400       3.586870       3.548990       3.496300       3.468680       3.438420       3.408400       3.226670       2.860890       2.862180       2.861650       2.859360       2.855240       2.845050       2.837810       2.813170       2.798960       2.757580       2.685150       2.603890       2.516550       2.433930       2.354550       2.279630       2.210310       2.147760       2.093130       2.051150       2.015650    
   3.626400       3.587420       3.548990       3.504660       3.468680       3.453550       3.438500       3.233590       2.860890       2.861540       2.849850       2.847190       2.840060       2.839430       2.836380       2.827630       2.796860       2.776930       2.738300       2.680390       2.611040       2.536950       2.461800       2.381150       2.308140       2.239550       2.176750       2.121120       2.073950       2.040380    
   3.587600       3.548990       3.507440       3.468680       3.461110       3.453580       3.246630       2.860890       2.861210       2.844370       2.832250       2.817320       2.820740       2.824620       2.819850       2.810200       2.774880       2.753780       2.718740       2.669660       2.609880       2.543530       2.473850       2.403150       2.327490       2.258740       2.194440       2.136210       2.085660       2.044930    
   3.548990       3.508370       3.468680       3.464900       3.461120       3.255550       2.860890       2.861050       2.841720       2.824790       2.817320       2.819030       2.816780       2.804440       2.799740       2.789760       2.772600       2.731420       2.700060       2.657330       2.604800       2.544900       2.479960       2.412050       2.342970       2.274420       2.202330       2.139820       2.084450       2.036020    
   3.508680       3.468680       3.466790       3.464900       3.260620       2.860890       2.860970       2.840410       2.821050       2.817320       2.818180       2.814390       2.804440       2.802090       2.797980       2.787370       2.764590       2.734690       2.673720       2.645260       2.598510       2.543850       2.482800       2.416920       2.347780       2.277040       2.205480       2.137500       2.076040       2.016890    
   3.468680       3.467730       3.466790       3.263300       2.860890       2.860930       2.839750       2.819190       2.817320       2.817750       2.813580       2.804440       2.803270       2.801500       2.795810       2.783310       2.762220       2.689480       2.639880       2.634510       2.592780       2.542610       2.484810       2.421570       2.350840       2.276250       2.200800       2.125160       2.052730       1.987170    
   3.468210       3.467730       3.264680       2.860890       2.860910       2.839430       2.818250       2.817320       2.817530       2.813270       2.804440       2.803850       2.803070       2.800190       2.793540       2.780450       2.701340       2.637200       2.634510       2.607150       2.594150       2.547010       2.491080       2.426760       2.356230       2.285370       2.201340       2.114920       2.029710       1.945710    
   3.468210       3.265380       2.860890       2.860900       2.839270       2.817790       2.817320       2.817430       2.813140       2.804440       2.804150       2.803790       2.802370       2.798940       2.791390       2.710180       2.635850       2.634510       2.620540       2.612250       2.584160       2.569470       2.515430       2.450290       2.372000       2.283920       2.193130       2.096320       1.997210       1.901850    
   3.265730       2.860890       2.860890       2.839190       2.817550       2.817320       2.817370       2.813080       2.804440       2.804290       2.804120       2.803440       2.801700       2.754480       2.700470       2.640130       2.639730       2.631240       2.622640       2.628260       2.630340       2.579820       2.513590       2.453530       2.380420       2.294350       2.196320       2.088240       1.973250       1.859010    
   2.860890       2.860890       2.839150       2.817440       2.817320       2.817350       2.813050       2.804440       2.804370       2.804290       2.803950       2.803090       2.721510       2.624440       2.625210       2.637000       2.644800       2.644950       2.633550       2.627420       2.626190       2.580060       2.532210       2.475910       2.403820       2.315490       2.211660       2.094020       1.966340       1.828600    
   2.860890       2.839130       2.817380       2.817320       2.817330       2.813040       2.804440       2.804400       2.804360       2.804200       2.678570       2.490760       2.579100       2.623490       2.623660       2.625210       2.638250       2.644660       2.644950       2.633550       2.625720       2.599310       2.560650       2.507440       2.438500       2.349860       2.242570       2.119520       1.982870       1.834630    
   2.839120       2.817350       2.817320       2.817330       2.813030       2.804440       2.804420       2.804400       2.804320       2.653730       2.490760       2.490760       2.490760       2.577690       2.621610       2.622110       2.625210       2.638160       2.644360       2.644950       2.637350       2.621710       2.593990       2.549270       2.485480       2.398440       2.288970       2.164320       2.027730       1.885390    
   2.817330       2.817320       2.817320       2.813030       2.804440       2.804430       2.804420       2.648830       2.553770       2.490580       2.490760       2.490760       2.490760       2.490760       2.574730       2.617520       2.619010       2.625210       2.638130       2.643780       2.647000       2.644600       2.631650       2.600720       2.539750       2.457980       2.349600       2.224630       2.092330       1.961910    
   2.817320       2.817320       2.813030       2.804440       2.804440       2.549830       2.167960       2.175060       2.182170       2.387400       2.490210       2.490760       2.490760       2.490760       2.490760       2.568540       2.608330       2.612810       2.625210       2.638580       2.652420       2.664580       2.660500       2.652160       2.611950       2.528870       2.417190       2.290880       2.163170       2.042960    
   2.817320       2.813030       2.804440       2.804440       2.498860       2.167880       2.167880       2.167960       2.175060       2.182170       2.386460       2.489120       2.490760       2.490760       2.490760       2.490760       2.556060       2.586980       2.600420       2.620110       2.624690       2.656450       2.688530       2.712040       2.694640       2.603410       2.479150       2.352040       2.227880       2.116060    
