iMOD/TUTORIALS/TUT_MetaswapAnalyser/model_MetaSWAP/meteo/Precipitation/Precipitation_20060625_L1.ASC
NCOLS                30
NROWS                30
XLLCORNER     160000.00
YLLCORNER     340000.00
CELLSIZE        1000.00
NODATA_VALUE   -9999.00
   4.911930       4.588250       4.226880       3.816920       3.334810       2.736080       2.057140       1.405660      0.8795900      0.5988300      0.5280400      0.5057900      0.4879600      0.4564400      0.4335100      0.4150800       0.000000       0.000000       0.000000       0.000000       0.000000       0.000000       0.000000       0.000000       0.000000       0.000000       0.000000       0.000000       0.000000       0.000000    
   4.478120       4.129230       3.736510       3.302810       2.809720       2.248260       1.651550       1.073170      0.5613700       0.000000       0.000000      0.4014800      0.4116300      0.4037800       0.000000       0.000000       0.000000       0.000000       0.000000       0.000000       0.000000       0.000000       0.000000       0.000000       0.000000       0.000000       0.000000       0.000000       0.000000       0.000000    
   4.066050       3.710340       3.317500       2.888710       2.422820       1.918260       1.408280      0.9343700      0.5541500       0.000000       0.000000       0.000000       0.000000       0.000000       0.000000       0.000000       0.000000       0.000000       0.000000       0.000000       0.000000       0.000000       0.000000       0.000000       0.000000       0.000000       0.000000       0.000000       0.000000       0.000000    
   3.709660       3.357950       2.976670       2.570560       2.138200       1.698240       1.274850      0.9081800      0.6206900      0.4576400       0.000000       0.000000       0.000000       0.000000       0.000000       0.000000       0.000000       0.000000       0.000000       0.000000       0.000000       0.000000       0.000000       0.000000       0.000000       0.000000       0.000000       0.000000       0.000000       0.000000    
   3.408360       3.068950       2.711130       2.333070       1.947190       1.567760       1.214960      0.9114000      0.6797700      0.5299300      0.4480500      0.4037500       0.000000       0.000000       0.000000       0.000000       0.000000       0.000000       0.000000       0.000000       0.000000       0.000000       0.000000       0.000000       0.000000       0.000000       0.000000       0.000000       0.000000       0.000000    
   3.157690       2.836720       2.500760       2.157150       1.814970       1.486730       1.192380      0.9316900      0.7272000      0.5891300      0.4954400      0.4333500       0.000000       0.000000       0.000000       0.000000       0.000000       0.000000       0.000000       0.000000       0.000000       0.000000       0.000000       0.000000       0.000000       0.000000       0.000000       0.000000       0.000000       0.000000    
   2.953510       2.647280       2.337590       2.026520       1.731250       1.441770       1.180730      0.9464800      0.7721300      0.6356000      0.5355400      0.4608300       0.000000       0.000000       0.000000       0.000000       0.000000       0.000000       0.000000       0.000000       0.000000       0.000000       0.000000       0.000000       0.000000       0.000000       0.000000       0.000000       0.000000       0.000000    
   2.741420       2.514410       2.223980       1.939250       1.664490       1.433890       1.164920      0.9712900      0.8049400      0.6724800      0.5685600      0.4853400      0.4143900       0.000000       0.000000       0.000000       0.000000       0.000000       0.000000       0.000000       0.000000       0.000000       0.000000       0.000000       0.000000       0.000000       0.000000       0.000000       0.000000       0.000000    
   2.617680       2.392350       2.126790       1.864160       1.651910       1.414440       1.164030      0.9878900      0.8314200      0.7020000      0.5956700      0.5067900      0.4293500       0.000000       0.000000       0.000000       0.000000       0.000000       0.000000       0.000000       0.000000       0.000000       0.000000       0.000000       0.000000       0.000000       0.000000       0.000000       0.000000      0.4284500    
   2.502900       2.294750       2.049260       1.852010       1.620220       1.402540       1.175260       1.002640      0.8533500      0.7261700      0.6181800      0.5254000      0.4437400       0.000000       0.000000       0.000000       0.000000       0.000000       0.000000       0.000000       0.000000       0.000000       0.000000       0.000000       0.000000       0.000000       0.000000      0.4045900      0.4335700      0.4820900    
   2.515790       2.282300       2.002350       1.813360       1.596720       1.395270       1.179780       1.016420      0.8724300      0.7468300      0.6374700      0.5415700      0.4526200       0.000000       0.000000       0.000000       0.000000       0.000000       0.000000       0.000000       0.000000       0.000000       0.000000       0.000000       0.000000       0.000000      0.4052000      0.4306000      0.4666700      0.5251300    
   2.515480       2.153450       1.813360       1.642270       1.583170       1.392700       1.185770       1.030290      0.8903000      0.7657600      0.6634900      0.5625000      0.4687400       0.000000       0.000000       0.000000       0.000000       0.000000       0.000000       0.000000       0.000000       0.000000       0.000000       0.000000       0.000000       0.000000      0.4250700      0.4569800      0.4988700      0.5571200    
   2.308430       1.813360       1.652740       1.579500       1.575830       1.360380       1.195660       1.044690      0.9211200      0.7969200      0.6821600      0.5742000      0.4802900       0.000000       0.000000       0.000000       0.000000       0.000000       0.000000       0.000000       0.000000       0.000000       0.000000       0.000000       0.000000      0.4054500      0.4400900      0.4763500      0.5214900      0.5809100    
   1.813360       1.654900       1.577660       1.575830       1.434350       1.366850       1.230610       1.080640      0.9427700      0.8160100      0.7003500      0.5922100      0.4942300      0.4025900       0.000000       0.000000       0.000000       0.000000       0.000000       0.000000       0.000000       0.000000       0.000000       0.000000       0.000000      0.4131000      0.4507400      0.4893300      0.5356400      0.5942700    
   1.655210       1.576750       1.575830       1.459010       1.366850       1.297960       1.296410       1.142730      0.9999900      0.8678600      0.7375800      0.6261100      0.5218400      0.4234400       0.000000       0.000000       0.000000       0.000000       0.000000       0.000000       0.000000       0.000000       0.000000       0.000000       0.000000      0.4230400      0.4591200      0.5026100      0.5492000      0.6053900    
   1.576290       1.575830       1.467230       1.366850       1.320410       1.296410       1.219570       1.146380      0.9742720      0.8865100      0.7671300      0.6553600      0.5502100      0.4506600       0.000000       0.000000       0.000000       0.000000       0.000000       0.000000       0.000000       0.000000       0.000000       0.000000       0.000000      0.4334800      0.4696200      0.5083800      0.5585100      0.6136200    
   1.575830       1.469970       1.366850       1.327890       1.296410       1.257990       1.220790       1.056680      0.8865100      0.8268200      0.7403400      0.6920600      0.5885200      0.4906500       0.000000       0.000000       0.000000       0.000000       0.000000       0.000000       0.000000       0.000000       0.000000       0.000000      0.4111500      0.4458600      0.4805100      0.5177300      0.5606200      0.6309900    
   1.470880       1.366850       1.330380       1.296410       1.277200       1.258400       1.105490      0.8865100      0.8566650      0.7701320      0.6963500      0.7006400      0.6094600      0.5183200      0.4389600       0.000000       0.000000       0.000000       0.000000       0.000000       0.000000       0.000000       0.000000       0.000000      0.4280800      0.4591800      0.4906600      0.5248200      0.5646200      0.6252400    
   1.366850       1.331210       1.296410       1.286800       1.277340       1.131900      0.8865100      0.8715880      0.7824880      0.6984950      0.7006400      0.6550500      0.6000380      0.5717300      0.4984100      0.4346400       0.000000       0.000000       0.000000       0.000000       0.000000       0.000000       0.000000      0.4172400      0.4428500      0.4680900      0.4992900      0.5288400      0.5741200      0.6206100    
   1.331490       1.296410       1.291610       1.286850       1.145640      0.8865100      0.8790490      0.7881590      0.6995680      0.7006400      0.6778450      0.6318640      0.5717300      0.5350700      0.5015930      0.3110170      0.1448800       0.000000      0.8918800E-01   0.000000       0.000000      0.4073200      0.4241800      0.4426900      0.4616300      0.4807900      0.4986100      0.5330400      0.5549800      0.5994400    
   1.296410       1.294010       1.291620       1.152650      0.8865100      0.8827790      0.7908920      0.7001040      0.7006400      0.6892420      0.6455200      0.5717300      0.5534000      0.5361310      0.4492270      0.3191630      0.1519660      0.1805960      0.2229700      0.4459400      0.4436800      0.4481200      0.4568000      0.4656500      0.4775200      0.4898000      0.5052200      0.5210800      0.5417100      0.5716700    
   1.295210       1.294010       1.156200      0.8865100      0.8846450      0.7922390      0.7003720      0.7006400      0.6949410      0.6517830      0.5717300      0.5625650      0.5537540      0.5129190      0.4348400      0.3067850      0.2864240      0.3344550      0.4459400      0.4588870      0.4870400      0.4841700      0.4854400      0.4892100      0.4889400      0.4992200      0.5055700      0.5125100      0.5225700      0.5408700    
   1.295210       1.157980      0.8865100      0.8855770      0.7929080      0.7005060      0.7006400      0.6977910      0.6547740      0.5717300      0.5671470      0.5626830      0.5430790      0.5005040      0.4181820      0.3984620      0.3901970      0.4459400      0.5161800      0.5445850      0.5279840      0.5197600      0.5086600      0.5055400      0.5064700      0.5064600      0.5052300      0.5025600      0.5000300      0.5026100    
   1.158880      0.8865100      0.8860440      0.7932420      0.7005730      0.7006400      0.6992150      0.6562340      0.5717300      0.5694390      0.5671870      0.5576370      0.5354220      0.5689540      0.5663380      0.5570450      0.5740650      0.5820180      0.5948210      0.6153100      0.6021300      0.5468200      0.5304500      0.5245800      0.5198000      0.5145300      0.5069500      0.4954900      0.4798100      0.4636600    
  0.8865100      0.8862770      0.7934080      0.7006060      0.7006400      0.6999280      0.6569550      0.5717300      0.5705840      0.5694520      0.5647540      0.5534150      0.6589300      0.8155690      0.8140500      0.7097850      0.7068710      0.7021900      0.6509600      0.6245670      0.6284900      0.5983300      0.5528900      0.5422500      0.5335900      0.5250400      0.5138700      0.4969600      0.4720600      0.4363300    
  0.8863930      0.7934920      0.7006230      0.7006400      0.7002840      0.6573130      0.5717300      0.5711570      0.5705890      0.5682630      0.7303920      0.9821700      0.8723380      0.8170690      0.8170880      0.8140500      0.7441530      0.7115530      0.7021900      0.6617750      0.6430800      0.6232800      0.6069900      0.5592100      0.5482600      0.5393100      0.5289000      0.5131900      0.4865800      0.4458400    
  0.7935330      0.7006320      0.7006400      0.7004620      0.6574920      0.5717300      0.5714440      0.5711590      0.5700030      0.7667170      0.9821700      0.9821700      0.9821700      0.8745440      0.8200710      0.8201250      0.8140500      0.7488190      0.7209150      0.7021900      0.6733400      0.6468600      0.6240500      0.6066900      0.5636600      0.5577100      0.5538200      0.5457200      0.5294600      0.5043500    
  0.7006360      0.7006400      0.7005510      0.6575810      0.5717300      0.5715870      0.5714440      0.7493610      0.8764260      0.9823330      0.9821700      0.9821700      0.9821700      0.9821700      0.8788460      0.8260370      0.8262000      0.8140500      0.7581200      0.7396400      0.7047700      0.6708800      0.6401600      0.6167300      0.6051500      0.5797400      0.5873500      0.5941200      0.5961600      0.5958400    
  0.7006400      0.7005950      0.6576250      0.5717300      0.5716580      0.8859690       1.357500       1.321170       1.284840       1.083500      0.9826590      0.9821700      0.9821700      0.9821700      0.9821700      0.8870540      0.8378610      0.8383500      0.8140500      0.7766000      0.7373800      0.6966000      0.6542700      0.6235000      0.6109200      0.6230300      0.6296200      0.6559600      0.6789400      0.7022400    
  0.7006180      0.6576480      0.5717300      0.5716940      0.9489400       1.357590       1.357590       1.357500       1.321170       1.284840       1.084350      0.9836370      0.9821700      0.9821700      0.9821700      0.9821700      0.9019840      0.8611830      0.8626500      0.8235000      0.7752400      0.7298800      0.6801200      0.6316800      0.6108700      0.6441300      0.6948200      0.7388100      0.7730500      0.8153100    
