iMOD/TUTORIALS/TUT_MetaswapAnalyser/model_MetaSWAP/meteo/Precipitation/Precipitation_20051107_L1.ASC
NCOLS                30
NROWS                30
XLLCORNER     160000.00
YLLCORNER     340000.00
CELLSIZE        1000.00
NODATA_VALUE   -9999.00
  0.5192800      0.5523500      0.5776500      0.5869600      0.5631900      0.4736900      0.3309900       0.000000       0.000000       0.000000       0.000000       0.000000      0.2163700      0.2821000      0.3494300      0.4200000      0.4646600      0.5125200      0.5572700      0.5928100      0.6184000      0.6329100      0.6380400      0.6345000      0.6209300      0.5994100      0.5711800      0.5377500      0.5011300      0.4618000    
  0.4498400      0.4659000      0.4695600      0.4523000      0.4056800      0.3198600      0.2091700       0.000000       0.000000       0.000000       0.000000       0.000000       0.000000      0.2268900      0.2927400      0.3450600      0.4044300      0.4613400      0.5030300      0.5412800      0.5702300      0.5886000      0.5978700      0.5985800      0.5893400      0.5720400      0.5477000      0.5176000      0.4747300      0.4398400    
  0.3937500      0.3969500      0.3869900      0.3605800      0.3081200      0.2362200       0.000000       0.000000       0.000000       0.000000       0.000000       0.000000       0.000000      0.1933100      0.2538600      0.3058600      0.3627800      0.4160000      0.4636000      0.5039200      0.5290700      0.5501400      0.5634500      0.5665600      0.5610100      0.5475100      0.5168800      0.4919600      0.4599000      0.4281900    
  0.3501800      0.3455800      0.3293900      0.3003000      0.2551000      0.1987800       0.000000       0.000000       0.000000       0.000000       0.000000       0.000000       0.000000       0.000000      0.2308100      0.2796700      0.3322900      0.3830500      0.4298100      0.4704300      0.5032400      0.5221200      0.5358500      0.5304700      0.5284800      0.5192700      0.5035800      0.4821700      0.4539300      0.4248300    
  0.3188500      0.3103500      0.2933800      0.2652700      0.2280800       0.000000       0.000000       0.000000       0.000000       0.000000       0.000000       0.000000       0.000000       0.000000      0.2200100      0.2648100      0.3083000      0.3551300      0.3998300      0.4394700      0.4723500      0.4966500      0.5106700      0.5135800      0.5136500      0.5070200      0.4945000      0.4743100      0.4540900      0.4327900    
  0.2981700      0.2884000      0.2713500      0.2473200      0.2176700       0.000000       0.000000       0.000000       0.000000       0.000000       0.000000       0.000000       0.000000       0.000000      0.2192100      0.2567300      0.2973900      0.3416100      0.3859800      0.4256700      0.4584300      0.4827200      0.4971500      0.5053700      0.5065500      0.4982000      0.4884000      0.4719700      0.4564300      0.4405800    
  0.2850000      0.2754400      0.2603800      0.2405300      0.2182800      0.1933100       0.000000       0.000000       0.000000       0.000000       0.000000       0.000000       0.000000      0.1926100      0.2292100      0.2593600      0.2920500      0.3348800      0.3804800      0.4201400      0.4515900      0.4748200      0.4901900      0.4965800      0.4982300      0.4944500      0.4831100      0.4723000      0.4580300      0.4456300    
  0.2721100      0.2714600      0.2586200      0.2422300      0.2236500       0.000000       0.000000       0.000000       0.000000       0.000000       0.000000       0.000000       0.000000      0.2103700      0.2472100      0.2727600      0.2973400      0.3401400      0.3852500      0.4222900      0.4510800      0.4719100      0.4854000      0.4906200      0.4918500      0.4850300      0.4784900      0.4695500      0.4623100      0.4510400    
  0.2726400      0.2709600      0.2601500      0.2472600      0.2092200      0.1971900       0.000000       0.000000       0.000000       0.000000       0.000000       0.000000      0.2093200      0.2495600      0.2721000      0.2979700      0.3271200      0.3628100      0.3997400      0.4312900      0.4555900      0.4726400      0.4831300      0.4862000      0.4826300      0.4790800      0.4728600      0.4684600      0.4587900      0.4491300    
  0.2749800      0.2744100      0.2655900      0.2252100      0.2162900      0.2075500      0.2012200      0.1958000      0.1935900      0.1955100      0.2023500      0.2146600      0.2326300      0.2781600      0.3005100      0.3272600      0.3571500      0.3890100      0.4193200      0.4445900      0.4633100      0.4752800      0.4818200      0.4836800      0.4765300      0.4718300      0.4690600      0.4607200      0.4518600      0.4431200    
  0.2764800      0.2716600      0.2489730      0.2306800      0.2241100      0.2217500      0.2143200      0.2113100      0.2112000      0.2148200      0.2229500      0.2361900      0.2876300      0.3209300      0.3402300      0.3631500      0.3891400      0.4139300      0.4351400      0.4507300      0.4603400      0.4647500      0.4650900      0.4593800      0.4583400      0.4496700      0.4421800      0.4343700      0.4267100      0.4328000    
  0.2758180      0.2569480      0.2306800      0.2327920      0.2321300      0.2320600      0.2264300      0.2253700      0.2269600      0.2320000      0.2654100      0.2777300      0.3351900      0.3499500      0.3684800      0.3908500      0.4142100      0.4379400      0.4545700      0.4637600      0.4664600      0.4646500      0.4603100      0.4537900      0.4461200      0.4360500      0.4274700      0.4191300      0.4113500      0.4043600    
  0.2606960      0.2306800      0.2364780      0.2381900      0.2442500      0.2388700      0.2373900      0.2377600      0.2730900      0.2775500      0.2859100      0.3528800      0.3615000      0.3750400      0.3926000      0.4143000      0.4373100      0.4572000      0.4719300      0.4745600      0.4688900      0.4606700      0.4510200      0.4407800      0.4304200      0.4202700      0.4087500      0.3997000      0.3915700      0.3844900    
  0.2306800      0.2381570      0.2412200      0.2442500      0.2435330      0.2474800      0.2875600      0.2877000      0.2901000      0.2964400      0.3049000      0.3758100      0.3831600      0.3951200      0.4114900      0.4314100      0.4554300      0.4765300      0.4837900      0.4782900      0.4649300      0.4507400      0.4468600      0.4348300      0.4231200      0.4118900      0.3992600      0.3893400      0.3803400      0.3723300    
  0.2389560      0.2427350      0.2442500      0.2450880      0.2474800      0.2819970      0.3109500      0.3113000      0.3136200      0.3183500      0.3980000      0.3989000      0.4038000      0.4127000      0.4255200      0.4413600      0.4615600      0.4849800      0.4911200      0.4714900      0.4592800      0.4432600      0.4280100      0.4135500      0.3999300      0.3872200      0.3754800      0.3629200      0.3533400      0.3486100    
  0.2434920      0.2442500      0.2456060      0.2474800      0.2801420      0.3109500      0.3111250      0.3119570      0.3403750      0.4182300      0.4139900      0.4130500      0.4153900      0.4209400      0.4306900      0.4418200      0.4609200      0.4708500      0.4694100      0.4536900      0.4344800      0.4240100      0.4075300      0.3918500      0.3771000      0.3633500      0.3506900      0.3391800      0.3269600      0.3179100    
  0.2442500      0.2457790      0.2474800      0.2795240      0.3109500      0.3110380      0.3113440      0.3454220      0.4182300      0.4161100      0.4207000      0.4231400      0.4238400      0.4255300      0.4409400      0.4444200      0.4477100      0.4479100      0.4412300      0.4270900      0.4089900      0.3898600      0.3710700      0.3633600      0.3475400      0.3328000      0.3192500      0.3069600      0.2960200      0.2903600    
  0.2458360      0.2474800      0.2793180      0.3109500      0.3109940      0.3111100      0.3465080      0.4182300      0.4171700      0.4238490      0.4291150      0.4350900      0.4305400      0.4403800      0.4377600      0.4351400      0.4316900      0.4251900      0.4143400      0.3990900      0.3809500      0.3616900      0.3425100      0.3241300      0.3160400      0.3004700      0.2861500      0.2731800      0.2616800      0.2564600    
  0.2474800      0.2792490      0.3109500      0.3109720      0.3110180      0.3467110      0.4182300      0.4177000      0.4252880      0.4321030      0.4350900      0.4328150      0.4363600      0.4394300      0.4320200      0.4240000      0.4144700      0.4034600      0.3889400      0.3716700      0.3525400      0.3326500      0.3129100      0.2939700      0.2761900      0.2597700      0.2524000      0.2388100      0.2309800      0.2261100    
  0.2792260      0.3109500      0.3109610      0.3109800      0.3467330      0.4182300      0.4179650      0.4259810      0.4335960      0.4350900      0.4339530      0.4359240      0.4394300      0.4357250      0.4318170      0.4234970      0.4139770      0.4022900      0.3660560      0.3454800      0.3248300      0.3039100      0.2834000      0.2638400      0.2455100      0.2285700      0.2181400      0.2100800       0.000000       0.000000    
  0.3109500      0.3109550      0.3109640      0.3467260      0.4182300      0.4180970      0.4263220      0.4343430      0.4350900      0.4345210      0.4360990      0.4394300      0.4375770      0.4356570      0.4303460      0.4230970      0.4132540      0.3672320      0.3331050      0.3207300      0.2983500      0.2761700      0.2547700      0.2404300      0.2210000      0.2031000       0.000000       0.000000       0.000000       0.000000    
  0.3109530      0.3109560      0.3467190      0.4182300      0.4181640      0.4264910      0.4347170      0.4350900      0.4348060      0.4362850      0.4394300      0.4385040      0.4375550      0.4345270      0.4297000      0.4222320      0.3702460      0.3269170      0.3207300      0.3002230      0.2815900      0.2568600      0.2335500      0.2119500       0.000000       0.000000       0.000000       0.000000       0.000000       0.000000    
  0.3109530      0.3467140      0.4182300      0.4181970      0.4265760      0.4349030      0.4350900      0.4349480      0.4364030      0.4394300      0.4389670      0.4384960      0.4368620      0.4339270      0.4288200      0.3611660      0.3238240      0.3207300      0.2753500      0.2582350      0.2416020      0.2314300      0.2026800       0.000000       0.000000       0.000000       0.000000       0.000000       0.000000       0.000000    
  0.3467120      0.4182300      0.4182130      0.4266180      0.4349970      0.4350900      0.4350190      0.4364680      0.4394300      0.4391980      0.4389640      0.4381080      0.4364280      0.3787200      0.3164840      0.2525730      0.2598300      0.2344770      0.2095280      0.2222100      0.2348800      0.2032500       0.000000       0.000000       0.000000       0.000000       0.000000       0.000000       0.000000       0.000000    
  0.4182300      0.4182220      0.4266390      0.4350430      0.4350900      0.4350540      0.4365020      0.4394300      0.4393140      0.4391980      0.4387570      0.4378340      0.3367950      0.2153000      0.2152700      0.2071470      0.1740640      0.1989300      0.1678490      0.1481400      0.2095400       0.000000       0.000000       0.000000       0.000000       0.000000       0.000000       0.000000       0.000000       0.000000    
  0.4182260      0.4266490      0.4350670      0.4350900      0.4350720      0.4365190      0.4394300      0.4393720      0.4393140      0.4390900      0.3823740      0.2980400      0.2429780      0.2154160      0.2153310      0.2152700      0.1794250      0.1491970      0.1989300      0.1021170       0.000000       0.000000       0.000000       0.000000       0.000000       0.000000       0.000000       0.000000       0.000000       0.000000    
  0.4266550      0.4350780      0.4350900      0.4350810      0.4365280      0.4394300      0.4394010      0.4393720      0.4392590      0.3713710      0.2980400      0.2980400      0.2980400      0.2431540      0.2156480      0.2153910      0.2152700      0.1543040      0.9946500E-01  0.1989300       0.000000       0.000000       0.000000       0.000000       0.000000       0.000000       0.000000       0.000000       0.000000       0.000000    
  0.4350840      0.4350900      0.4350860      0.4365320      0.4394300      0.4394160      0.4394010      0.4540700      0.4019000      0.2981290      0.2980400      0.2980400      0.2980400      0.2980400      0.2435970      0.2162840      0.2155120      0.2152700      0.1035500       0.000000       0.000000       0.000000       0.000000       0.000000       0.000000       0.000000       0.000000       0.000000       0.000000       0.000000    
  0.4350900      0.4350880      0.4365340      0.4394300      0.4394230      0.4877730      0.5602800      0.5292660      0.4982500      0.3650210      0.2983080      0.2980400      0.2980400      0.2980400      0.2980400      0.2446710      0.2180680      0.2157550      0.2152700       0.000000       0.000000       0.000000       0.000000       0.000000       0.000000       0.000000       0.000000       0.000000       0.000000       0.000000    
  0.4350890      0.4365360      0.4394300      0.4394260      0.4974810      0.5603360      0.5603360      0.5602800      0.5292670      0.4982500      0.3654870      0.2988440      0.2980400      0.2980400      0.2980400      0.2980400      0.2470650      0.2231800      0.2162400       0.000000       0.000000       0.000000       0.000000       0.000000       0.000000       0.000000       0.000000       0.000000       0.000000       0.000000    
