iMOD/TUTORIALS/TUT_MetaswapAnalyser/model_MetaSWAP/meteo/Precipitation/Precipitation_20060809_L1.ASC
NCOLS                30
NROWS                30
XLLCORNER     160000.00
YLLCORNER     340000.00
CELLSIZE        1000.00
NODATA_VALUE   -9999.00
   2.062920       2.023530       1.983900       1.946100       1.915920       1.901770       1.903850       1.906970       1.898500       1.869690       1.824080       1.769790       1.711100       1.647000       1.587460       1.528990       1.481120       1.441460       1.398650       1.360310       1.325400       1.292810       1.261210       1.232260       1.199860       1.166570       1.132610       1.099070       1.068590       1.046370    
   2.081840       2.046080       2.011420       1.979780       1.954940       1.939350       1.931660       1.924920       1.912900       1.877240       1.817860       1.755490       1.691000       1.620670       1.556350       1.501090       1.447230       1.403070       1.372580       1.340220       1.311760       1.285250       1.258950       1.234000       1.204420       1.172410       1.137930       1.101660       1.064090       1.036540    
   2.099450       2.066830       2.035450       2.006810       1.982800       1.963550       1.947380       1.929620       1.903900       1.862650       1.802680       1.735690       1.665030       1.590670       1.522320       1.462880       1.408880       1.365560       1.332390       1.306900       1.294940       1.276080       1.259020       1.236770       1.211270       1.181930       1.146290       1.109090       1.068720       1.028240    
   2.114960       2.084580       2.055140       2.026660       2.001170       1.977570       1.953840       1.926670       1.890600       1.842450       1.783540       1.712400       1.636840       1.557830       1.482380       1.416700       1.361540       1.322020       1.296980       1.281710       1.270960       1.271920       1.259730       1.241410       1.221270       1.196360       1.166540       1.131830       1.092720       1.050100    
   2.128090       2.099150       2.068850       2.040860       2.013450       1.985750       1.955950       1.921690       1.878990       1.826170       1.760640       1.689730       1.608450       1.523180       1.440600       1.365520       1.304640       1.269750       1.256090       1.254180       1.258310       1.258270       1.256070       1.254790       1.240570       1.221080       1.196790       1.169090       1.139560       1.115900    
   2.138950       2.107830       2.079590       2.051020       2.021730       1.990760       1.957080       1.917840       1.868140       1.810710       1.745350       1.670590       1.586390       1.496020       1.400040       1.311420       1.243870       1.216310       1.221120       1.237010       1.254620       1.265020       1.270810       1.268750       1.260790       1.253240       1.235440       1.215800       1.197010       1.185790    
   2.154850       2.115780       2.087720       2.058590       2.028500       1.995540       1.958680       1.912680       1.861350       1.803880       1.737310       1.661300       1.575810       1.480730       1.374850       1.268280       1.176760       1.163940       1.198970       1.236000       1.263600       1.282340       1.292800       1.297680       1.294700       1.286770       1.275820       1.263420       1.256200       1.251600    
   2.154980       2.135920       2.095260       2.066080       2.034740       1.998520       1.957430       1.911410       1.861410       1.803910       1.738080       1.663340       1.579270       1.486690       1.376350       1.265030       1.145780       1.156000       1.213010       1.257380       1.290170       1.312720       1.326410       1.334440       1.334790       1.330930       1.323900       1.316170       1.309010       1.308180    
   2.164030       2.144450       2.115820       2.072790       2.038410       2.003980       1.962250       1.915990       1.866780       1.811000       1.748020       1.677410       1.599000       1.504750       1.414040       1.324170       1.253550       1.243200       1.272270       1.307040       1.335770       1.356610       1.369930       1.378560       1.380610       1.378390       1.373820       1.367090       1.363710       1.363680    
   2.172170       2.152490       2.124210       2.085020       2.044770       2.010790       1.966410       1.924190       1.877080       1.824530       1.766220       1.702090       1.632560       1.546120       1.477350       1.410570       1.363090       1.349260       1.361010       1.382450       1.403390       1.411980       1.421870       1.426900       1.430280       1.428350       1.422800       1.418740       1.415610       1.414770    
   2.174600       2.149620       2.113550       2.092470       2.061080       2.012400       1.975590       1.935530       1.891510       1.843270       1.790820       1.734520       1.655650       1.633780       1.568510       1.513490       1.473540       1.452790       1.447980       1.451950       1.458520       1.464310       1.467940       1.469290       1.467010       1.455750       1.451780       1.447830       1.444790       1.461980    
   2.174310       2.132560       2.092470       2.074200       2.070050       2.030870       1.995080       1.949280       1.908950       1.865600       1.883210       1.825750       1.752320       1.692190       1.645620       1.603130       1.570760       1.551480       1.540630       1.535060       1.531980       1.529670       1.526360       1.522990       1.518740       1.515360       1.510050       1.504710       1.499810       1.495800    
   2.149640       2.092470       2.077880       2.071630       2.073210       2.041870       2.008510       1.972970       2.026460       1.973950       1.924340       1.842280       1.798160       1.755700       1.719580       1.686490       1.660950       1.641880       1.629170       1.615910       1.604090       1.594190       1.585570       1.577620       1.569940       1.562310       1.556480       1.549080       1.541840       1.534840    
   2.092470       2.078990       2.072420       2.073210       2.056210       2.053540       2.144490       2.103340       2.060270       2.015500       1.969980       1.888210       1.850980       1.816000       1.785050       1.761570       1.741840       1.727060       1.709400       1.691160       1.672010       1.655820       1.617740       1.601920       1.588160       1.576030       1.567720       1.558230       1.549630       1.541670    
   2.079370       2.072810       2.073210       2.060990       2.053540       2.122660       2.169950       2.131700       2.092080       2.051510       1.974470       1.939790       1.906380       1.875480       1.848460       1.826440       1.810500       1.799340       1.780520       1.739110       1.711400       1.684560       1.661960       1.642810       1.626460       1.612390       1.600180       1.592120       1.582490       1.568090    
   2.073010       2.073210       2.062580       2.053540       2.115380       2.169950       2.150830       2.131240       2.080380       2.046230       2.014770       1.983720       1.953970       1.926460       1.895930       1.874300       1.857000       1.841090       1.816180       1.779290       1.742740       1.722840       1.697720       1.676210       1.657880       1.642310       1.629080       1.617750       1.610760       1.601760    
   2.073210       2.063110       2.053540       2.112960       2.169950       2.160390       2.150670       2.102170       2.046230       2.030500       2.027530       2.025110       1.992170       1.963160       1.936970       1.913000       1.891670       1.869160       1.841960       1.809440       1.775710       1.744030       1.715760       1.707860       1.689070       1.673260       1.660120       1.649260       1.640270       1.634280    
   2.063290       2.053540       2.112150       2.169950       2.165170       2.160340       2.114870       2.046230       2.038360       2.043720       2.046470       2.067840       2.035380       1.999080       1.970660       1.944170       1.918960       1.892420       1.863600       1.832410       1.800620       1.770290       1.742770       1.718750       1.714980       1.699700       1.687430       1.677860       1.670670       1.664620    
   2.053540       2.111880       2.169950       2.167560       2.165150       2.121650       2.046230       2.042300       2.050660       2.057160       2.067840       2.051610       2.033000       2.029690       1.999400       1.970230       1.941580       1.912240       1.881790       1.850570       1.819600       1.790230       1.763600       1.740450       1.721160       1.705840       1.710730       1.703140       1.697600       1.697350    
   2.111790       2.169950       2.168750       2.167550       2.125150       2.046230       2.044260       2.053910       2.062500       2.067840       2.059730       2.045530       2.029690       2.014540       1.999770       1.970400       1.941350       1.911870       1.877080       1.864880       1.833830       1.804830       1.778870       1.756680       1.738680       1.725040       1.715560       1.708960       1.692420       1.711800    
   2.169950       2.169350       2.168750       2.126920       2.046230       2.045250       2.055480       2.065170       2.067840       2.063780       2.050700       2.029690       2.022120       2.014670       1.994910       1.970510       1.941210       1.895330       1.870400       1.875930       1.844020       1.814760       1.789090       1.767600       1.751040       1.739410       1.713910       1.712250       1.715930       1.725220    
   2.169650       2.169350       2.127810       2.046230       2.045740       2.056260       2.066500       2.067840       2.065810       2.053000       2.029690       2.025900       2.022160       2.010560       1.993360       1.968870       1.911230       1.873170       1.875930       1.856840       1.850570       1.820370       1.794510       1.773800       1.741670       1.728530       1.725080       1.727220       1.734830       1.749370    
   2.169650       2.128260       2.046230       2.045980       2.056650       2.067170       2.067840       2.066830       2.054090       2.029690       2.027800       2.025920       2.019540       2.008700       1.990930       1.926670       1.874550       1.875930       1.857320       1.852560       1.829190       1.821080       1.774600       1.754430       1.741100       1.734200       1.734570       1.740850       1.752410       1.769430    
   2.128490       2.046230       2.046110       2.056840       2.067510       2.067840       2.067330       2.054610       2.029690       2.028740       2.027800       2.024420       2.018050       2.003720       1.955780       1.885590       1.885340       1.866330       1.845940       1.843950       1.854550       1.799380       1.771810       1.751440       1.739950       1.737330       1.742650       1.754310       1.770630       1.793960    
   2.046230       2.046170       2.056940       2.067670       2.067840       2.067590       2.054870       2.029690       2.029220       2.028740       2.026990       2.023420       2.008410       1.997190       1.995710       1.927060       1.896890       1.894750       1.857700       1.841310       1.833340       1.797570       1.765770       1.745040       1.735740       1.737950       1.750140       1.769570       1.795810       1.820020    
   2.046200       2.056990       2.067760       2.067840       2.067710       2.055000       2.029690       2.029450       2.029220       2.028320       2.104200       2.220920       2.072990       1.998670       1.998670       1.995710       1.930300       1.899020       1.894750       1.850780       1.836030       1.792590       1.758060       1.734800       1.727790       1.736400       1.758310       1.791510       1.826470       1.860810    
   2.057010       2.067800       2.067840       2.067780       2.055060       2.029690       2.029570       2.029450       2.029000       2.120710       2.220920       2.220920       2.220920       2.075180       2.001630       2.001630       1.995710       1.931720       1.903300       1.894750       1.839000       1.788240       1.747190       1.721650       1.715680       1.732780       1.769870       1.817410       1.869610       1.921860    
   2.067820       2.067840       2.067810       2.055090       2.029690       2.029630       2.029570       2.216760       2.264530       2.221220       2.220920       2.220920       2.220920       2.220920       2.079500       2.007550       2.007550       1.995710       1.933110       1.911840       1.848230       1.787820       1.736520       1.703600       1.699160       1.727870       1.783270       1.852690       1.926760       2.000730    
   2.067840       2.067820       2.055110       2.029690       2.029660       2.386950       2.922820       2.850920       2.779010       2.407760       2.221820       2.220920       2.220920       2.220920       2.220920       2.087890       2.019390       2.019390       1.995710       1.930150       1.861480       1.792020       1.723600       1.681370       1.675830       1.722740       1.805120       1.902080       2.000550       2.096070    
   2.067830       2.055120       2.029690       2.029680       2.458570       2.923050       2.923050       2.922820       2.850930       2.779010       2.409310       2.223610       2.220920       2.220920       2.220920       2.220920       2.103710       2.043070       2.043060       1.975160       1.891730       1.815680       1.736190       1.664640       1.645360       1.725300       1.849420       1.975370       2.096840       2.210930    
