iMOD/TUTORIALS/TUT_MetaswapAnalyser/model_MetaSWAP/meteo/Precipitation/Precipitation_20060807_L1.ASC
NCOLS                30
NROWS                30
XLLCORNER     160000.00
YLLCORNER     340000.00
CELLSIZE        1000.00
NODATA_VALUE   -9999.00
  0.6100300      0.5927900      0.5733400      0.5612200      0.5852000      0.6967500      0.9325700       1.258130       1.616990       1.837820       1.854430       1.817060       1.785250       1.775070       1.797030       1.851170       1.937720       2.077570       2.270370       2.508610       2.788220       3.095850       3.436840       3.792750       4.163860       4.534420       4.890840       5.211750       5.459520       5.572980    
  0.6799200      0.6813800      0.7042000      0.7315300      0.8060800      0.9523600       1.197430       1.543550       1.983470       2.239120       2.112570       2.012830       1.947300       1.908530       1.909220       1.937200       2.022160       2.122600       2.294830       2.521550       2.793950       3.102480       3.450200       3.823070       4.225490       4.645880       5.076780       5.504810       5.922660       6.187020    
  0.7700400      0.7892100      0.8213300      0.8843700       1.003180       1.163590       1.398770       1.705480       2.038780       2.216930       2.190410       2.102220       2.031180       1.983990       1.960750       1.966920       2.030290       2.146650       2.317870       2.542070       2.806750       3.118120       3.466840       3.857900       4.281580       4.735970       5.245380       5.755030       6.287160       6.794580    
  0.8633400      0.8971000      0.9463900       1.029000       1.139610       1.296960       1.503900       1.767290       1.994180       2.139180       2.150670       2.101000       2.069280       2.008940       1.972830       1.967030       2.014370       2.121540       2.290560       2.516850       2.793570       3.099740       3.456400       3.877520       4.310360       4.777300       5.279050       5.817570       6.395120       6.997610    
  0.9549800      0.9989800       1.069630       1.151010       1.260920       1.403160       1.574360       1.766010       1.931310       2.041320       2.178990       2.126080       2.049650       1.989050       1.937300       1.916640       1.955550       2.059650       2.236860       2.474970       2.754290       3.082210       3.439750       3.829160       4.258320       4.717040       5.201820       5.704860       6.198980       6.595080    
   1.041720       1.105980       1.169620       1.251070       1.353340       1.476400       1.626710       1.764360       2.079500       2.134940       2.141600       2.105430       2.009070       1.936450       1.881520       1.827830       1.832100       1.934920       2.130670       2.386460       2.677270       3.008750       3.364460       3.754080       4.168170       4.595590       5.039160       5.474430       5.861060       6.123550    
   1.014310       1.191720       1.255280       1.332380       1.439390       1.542870       1.652870       2.028000       2.089300       2.120790       2.113850       2.071300       2.001170       1.884090       1.811390       1.716440       1.665140       1.779740       2.015920       2.287890       2.592420       2.923490       3.279250       3.648790       4.040860       4.440440       4.834940       5.200580       5.500710       5.691920    
   1.021920       1.136860       1.347550       1.417720       1.497000       1.963470       2.020140       2.072760       2.111430       2.122100       2.101290       2.050200       1.973600       1.867110       1.773280       1.654070       1.536080       1.677500       1.934500       2.212520       2.513200       2.836970       3.181420       3.533960       3.901010       4.266330       4.613270       4.922150       5.153980       5.309520    
   1.070670       1.187750       1.247140       1.476040       2.013700       2.063650       2.098250       2.128260       2.146470       2.140180       2.107040       2.047970       1.966820       1.916350       1.773670       1.675910       1.630580       1.718360       1.914340       2.163160       2.446390       2.756690       3.087040       3.421510       3.764710       4.096490       4.402980       4.651800       4.857900       4.982980    
   1.106840       1.231170       1.285640       1.922080       2.130640       2.165900       2.173020       2.193880       2.196160       2.176330       2.132890       2.066970       1.982540       1.962900       1.829070       1.724720       1.708610       1.766810       1.912900       2.125910       2.387250       2.686350       3.003560       3.329270       3.642910       3.946270       4.203590       4.434190       4.605770       4.706500    
   1.131340       1.207880       1.617460       2.030940       2.073090       2.247700       2.264110       2.272100       2.262230       2.231870       2.180070       2.108060       2.135850       1.931600       1.841680       1.764860       1.728730       1.777480       1.903810       2.102370       2.357790       2.651070       2.963950       3.281210       3.572410       3.852510       4.098800       4.297470       4.438180       4.478820    
   1.132440       1.496910       2.030940       2.132850       2.178090       2.177280       2.198490       2.365100       2.346460       2.308400       2.115440       2.057000       2.088890       2.017160       1.884170       1.793720       1.741740       1.755170       1.861810       2.054890       2.314410       2.612760       2.916680       3.225980       3.517850       3.771210       3.991740       4.162670       4.276860       4.330150    
   1.431970       2.030940       2.156690       2.213690       2.249280       2.272440       2.294520       2.303630       2.131010       2.231140       2.188220       2.337560       2.219050       2.091340       1.940420       1.824070       1.732970       1.702080       1.791260       1.999680       2.282990       2.599360       2.919770       3.226630       3.507100       3.750890       3.939880       4.085490       4.174670       4.205400    
   2.030940       2.167100       2.231480       2.249280       2.301950       2.384130       2.188560       2.207400       2.213270       2.223030       2.194890       2.453640       2.332390       2.197670       2.051820       1.883040       1.743420       1.633430       1.688250       1.965870       2.302860       2.647030       2.974370       3.277810       3.545620       3.770060       3.936950       4.057030       4.120900       4.128270    
   2.171920       2.240380       2.249280       2.311790       2.384130       2.301950       2.333160       2.350560       2.355860       2.347030       2.559460       2.479830       2.383680       2.270420       2.139460       2.021940       1.838550       1.632300       1.641630       2.023230       2.415790       2.774800       3.105530       3.400160       3.651590       3.854000       4.003180       4.088540       4.125480       4.148820    
   2.244830       2.249280       2.315070       2.384130       2.339750       2.333160       2.341860       2.346530       2.456740       2.773510       2.719120       2.650290       2.565900       2.465170       2.341780       2.210960       2.065200       1.952960       2.017430       2.308400       2.654860       3.014220       3.334260       3.615130       3.848590       4.028820       4.152430       4.218380       4.218060       4.174030    
   2.249280       2.316160       2.384130       2.352350       2.333160       2.337510       2.340520       2.479660       2.773510       2.746320       2.822130       2.856840       2.781430       2.708200       2.638760       2.545160       2.450010       2.427270       2.520420       2.742630       3.032820       3.334660       3.616610       3.891390       4.094470       4.241380       4.329330       4.358920       4.333700       4.242780    
   2.316520       2.384130       2.356550       2.333160       2.335330       2.337060       2.482800       2.773510       2.759910       2.887340       2.983850       3.110870       3.075090       3.033470       2.986170       2.944800       2.908980       2.947260       3.063470       3.260620       3.509960       3.773520       4.020740       4.230640       4.420310       4.527730       4.573530       4.560120       4.493740       4.376630    
   2.384130       2.357940       2.333160       2.334250       2.335190       2.482180       2.773510       2.766710       2.915800       3.047360       3.110870       3.092980       3.150540       3.382740       3.383470       3.396890       3.435980       3.502480       3.644350       3.838440       4.066340       4.300950       4.515790       4.689750       4.808420       4.864210       4.888990       4.823720       4.701120       4.539190    
   2.358410       2.333160       2.333700       2.334200       2.481280       2.773510       2.770110       2.929200       3.079120       3.110870       3.101920       3.184280       3.382740       3.383110       3.387700       3.405450       3.445120       3.527600       4.123430       4.471400       4.694830       4.913140       5.102620       5.242660       5.318510       5.322660       5.244540       5.104920       4.913650       4.737970    
   2.333160       2.333430       2.333690       2.480670       2.773510       2.771810       2.935740       3.094990       3.110870       3.106400       3.194950       3.382740       3.382920       3.384520       3.392080       3.412750       3.459390       4.214510       4.815930       5.160460       5.395610       5.611970       5.786260       5.894840       5.924470       5.868870       5.714690       5.502370       5.242630       4.962120    
   2.333300       2.333430       2.480330       2.773510       2.772660       2.938970       3.102930       3.110870       3.108630       3.198740       3.382740       3.382830       3.383390       3.386510       3.396450       3.421410       4.247060       4.988190       5.160460       5.580060       6.184120       6.411150       6.579560       6.666030       6.638640       6.511470       6.286790       5.979660       5.617450       5.245940    
   2.333290       2.480140       2.773510       2.773090       2.940580       3.106900       3.110870       3.109750       3.200250       3.382740       3.382790       3.382990       3.384240       3.388780       3.401460       4.801050       5.074330       5.160460       6.570800       7.069460       7.218670       7.277380       7.450510       7.528660       7.505380       7.318370       6.996800       6.570900       6.075660       5.558980    
   2.480040       2.773510       2.773300       2.941390       3.108890       3.110870       3.110310       3.200900       3.382740       3.382760       3.382840       3.383340       3.385340       5.359150       6.818350       7.873930       7.865980       8.018940       8.198340       8.473220       7.954800       8.265900       8.567160       8.636120       8.542770       8.276340       7.846600       7.282020       6.625260       5.930700    
   2.773510       2.773400       2.941790       3.109880       3.110870       3.110590       3.201210       3.382740       3.382750       3.382780       3.382980       3.383840       6.937280       11.27380       11.26210       10.18280       10.68150       10.57150       9.593620       9.052340       8.991630       9.495460       9.764550       9.869110       9.760570       9.423610       8.874170       8.153270       7.313180       6.413800    
   2.773460       2.941990       3.110370       3.110870       3.110730       3.201350       3.382740       3.382750       3.382760       3.382840       6.258360       10.57110       11.04850       11.28470       11.28560       11.26210       10.92160       10.79150       10.57150       10.27740       10.21060       10.73240       11.11850       11.29960       11.19910       10.79240       10.10900       9.216050       8.193060       7.108220    
   2.942090       3.110620       3.110870       3.110800       3.201420       3.382740       3.382740       3.382750       3.382780       6.833230       10.57110       10.57110       10.57110       11.06450       11.30650       11.30910       11.26210       11.06120       11.01140       10.57150       11.33600       12.05450       12.63120       12.94300       12.89020       12.40880       11.56330       10.47580       9.273110       8.058690    
   3.110750       3.110870       3.110840       3.201460       3.382740       3.382740       3.382740       4.358250       6.820730       10.56950       10.57110       10.57110       10.57110       10.57110       11.09460       11.34830       11.35610       11.26210       11.39990       11.45140       12.42840       13.40670       14.26910       14.82480       14.85980       14.28390       13.21050       11.87910       10.48310       9.153480    
   3.110870       3.110850       3.201480       3.382740       3.382740       4.691310       6.654600       6.969650       7.284730       9.471340       10.56640       10.57110       10.57110       10.57110       10.57110       11.15000       11.42670       11.45010       11.26210       12.31470       13.49270       14.75770       16.01700       16.92260       17.14850       16.37620       14.94930       13.29840       11.68610       10.23130    
   3.110860       3.201480       3.382740       3.382740       4.952490       6.653710       6.653710       6.654600       6.969630       7.284730       9.463160       10.55690       10.57110       10.57110       10.57110       10.57110       11.24620       11.56810       11.63800       12.81220       14.21070       15.76320       17.47060       19.11200       19.78630       18.54230       16.51600       14.51850       12.70910       11.15060    
