iMOD/TUTORIALS/TUT_MetaswapAnalyser/model_MetaSWAP/meteo/Precipitation/Precipitation_20060301_L1.ASC
NCOLS                30
NROWS                30
XLLCORNER     160000.00
YLLCORNER     340000.00
CELLSIZE        1000.00
NODATA_VALUE   -9999.00
  0.2265300      0.2361800      0.2479200      0.2616600      0.2759000      0.2859100      0.2860200      0.2753500      0.2608200      0.2638300      0.2928100      0.3268500      0.3580600      0.3861400      0.4086400      0.4192500      0.4272000      0.4403200      0.4436500      0.4432800      0.4398400      0.4432100      0.4358400      0.4250900      0.4140900      0.4015000      0.3877200      0.3737000      0.3615700      0.3531800    
  0.2422300      0.2493200      0.2516700      0.2611500      0.2693700      0.2729000      0.2678300      0.2516100       0.000000       0.000000      0.2636800      0.3013100      0.3332400      0.3559500      0.3762800      0.3886700      0.3991100      0.4008900      0.4093500      0.4091800      0.4063000      0.4091100      0.4022400      0.3917600      0.3803900      0.3665800      0.3503600      0.3321700      0.3272700      0.3098200    
  0.2486300      0.2538400      0.2590100      0.2636500      0.2635600      0.2631700      0.2562700      0.2420600      0.2248800      0.2263000      0.2532800      0.2845200      0.3097200      0.3326900      0.3484700      0.3585300      0.3668600      0.3717700      0.3737900      0.3733100      0.3771100      0.3798700      0.3725000      0.3640600      0.3528400      0.3385300      0.3350600      0.3108800      0.2814400      0.2527700    
  0.2543400      0.2577200      0.2606300      0.2626400      0.2625500      0.2594200      0.2525600      0.2423300      0.2346600      0.2373200      0.2524000      0.2730800      0.2934200      0.3104700      0.3235900      0.3314000      0.3375600      0.3413500      0.3432400      0.3434300      0.3419500      0.3430500      0.3448200      0.3532200      0.3421900      0.3273800      0.3083600      0.2847700      0.2553400       0.000000    
  0.2597500      0.2614500      0.2626000      0.2625300      0.2608900      0.2572500      0.2517800      0.2456200      0.2421900      0.2451500      0.2601300      0.2699500      0.2828900      0.2947000      0.2982400      0.3030300      0.3139900      0.3175700      0.3205900      0.3227400      0.3236000      0.3227200      0.3276100      0.3253300      0.3169800      0.3051300      0.2896100      0.2692700      0.2488300      0.2317900    
  0.2651200      0.2654000      0.2648500      0.2633300      0.2606400      0.2567300      0.2527200      0.2473500      0.2583200      0.2555400      0.2582500      0.2636000      0.2686700      0.2722100      0.2759000      0.2767300      0.2773200      0.2796200      0.2835400      0.2876100      0.2908500      0.2926600      0.2995700      0.2977300      0.2931400      0.2874700      0.2769300      0.2630800      0.2511200      0.2437800    
  0.2694100      0.2695100      0.2676100      0.2648700      0.2622500      0.2577400      0.2528800      0.2668700      0.2591800      0.2553800      0.2536000      0.2530900      0.2526700      0.2506500      0.2477400      0.2424300      0.2374000      0.2392700      0.2458200      0.2526000      0.2586700      0.2635900      0.2669400      0.2750600      0.2746000      0.2716800      0.2650800      0.2591800      0.2548500      0.2530100    
  0.2757800      0.2737900      0.2720800      0.2681000      0.2634000      0.2837300      0.2770000      0.2668700      0.2594800      0.2529000      0.2470800      0.2415500      0.2356100      0.2285200       0.000000       0.000000       0.000000       0.000000       0.000000       0.000000      0.2277800      0.2358700      0.2427800      0.2542800      0.2581100      0.2581400      0.2581800      0.2572600      0.2538800      0.2563100    
  0.2831400      0.2786700      0.2743000      0.2707000      0.2956900      0.2875200      0.2797600      0.2680100      0.2586100      0.2492200      0.2397500      0.2298900       0.000000       0.000000       0.000000       0.000000       0.000000       0.000000       0.000000       0.000000       0.000000       0.000000       0.000000      0.2352800      0.2417500      0.2478200      0.2521200      0.2519200      0.2554600      0.2596900    
  0.2897200      0.2840500      0.2785500      0.3071800      0.3008100      0.2915000      0.2797800      0.2689100      0.2574200      0.2453500      0.2326000       0.000000       0.000000       0.000000       0.000000       0.000000       0.000000       0.000000       0.000000       0.000000       0.000000       0.000000       0.000000       0.000000      0.2287700      0.2387400      0.2434200      0.2501900      0.2559200      0.2612000    
  0.2892070      0.2841070      0.2958850      0.3137600      0.3044700      0.2915600      0.2826200      0.2701000      0.2566000      0.2420800      0.2264600       0.000000       0.000000       0.000000       0.000000       0.000000       0.000000       0.000000       0.000000       0.000000       0.000000       0.000000       0.000000       0.000000       0.000000      0.2311300      0.2425700      0.2518100      0.2591000      0.2617900    
  0.2889860      0.2957400      0.3137600      0.3103500      0.3105700      0.2945400      0.2845900      0.2720600      0.2567400      0.2400800       0.000000       0.000000       0.000000       0.000000       0.000000       0.000000       0.000000       0.000000       0.000000       0.000000       0.000000       0.000000       0.000000       0.000000       0.000000      0.2287800      0.2431700      0.2546400      0.2632700      0.2691900    
  0.2979570      0.3137600      0.3120740      0.3115850      0.3126000      0.3029200      0.2890300      0.2737400      0.2485200      0.2325700       0.000000       0.000000       0.000000       0.000000       0.000000       0.000000       0.000000       0.000000       0.000000       0.000000       0.000000       0.000000       0.000000       0.000000       0.000000       0.000000      0.2427400      0.2559600      0.2655500      0.2714300    
  0.3137600      0.3126320      0.3120920      0.3126000      0.3083630      0.3095700      0.2825200      0.2674100      0.2507700      0.2329700       0.000000       0.000000       0.000000       0.000000       0.000000       0.000000       0.000000       0.000000       0.000000       0.000000       0.000000       0.000000       0.000000       0.000000       0.000000       0.000000      0.2374900      0.2516700      0.2618800      0.2679000    
  0.3128340      0.3123460      0.3126000      0.3101780      0.3095700      0.2914630      0.2823000      0.2670900      0.2503400      0.2319400       0.000000       0.000000       0.000000       0.000000       0.000000       0.000000       0.000000       0.000000       0.000000       0.000000       0.000000       0.000000       0.000000       0.000000       0.000000       0.000000      0.2374700      0.2601800      0.2713300      0.2748700    
  0.3124730      0.3126000      0.3107830      0.3095700      0.2944440      0.2823000      0.2746950      0.2665770      0.2496100      0.2490700      0.2261100       0.000000       0.000000       0.000000       0.000000       0.000000       0.000000       0.000000       0.000000       0.000000       0.000000       0.000000       0.000000       0.000000       0.000000      0.2251800      0.2448500      0.2607300      0.2812600      0.2887500    
  0.3126000      0.3109840      0.3095700      0.2954380      0.2823000      0.2784970      0.2745240      0.2599880      0.2490700      0.2375900      0.1419760       0.000000       0.000000       0.000000       0.000000       0.000000       0.000000       0.000000       0.000000       0.000000       0.000000       0.000000       0.000000       0.000000       0.000000      0.2388900      0.2597400      0.2770300      0.2904100      0.3086600    
  0.3110510      0.3095700      0.2957690      0.2823000      0.2803990      0.2784400      0.2655200      0.2490700      0.2433300      0.1961370      0.1173500      0.2347000       0.000000       0.000000       0.000000       0.000000       0.000000       0.000000       0.000000       0.000000       0.000000       0.000000       0.000000       0.000000      0.2335000      0.2579600      0.2798000      0.2984800      0.3136400      0.3253700    
  0.3095700      0.2958800      0.2823000      0.2813490      0.2803800      0.2683570      0.2490700      0.2462000      0.2198520      0.1760250      0.2347000      0.1173500      0.5867500E-01   0.000000       0.000000       0.000000       0.000000       0.000000       0.000000       0.000000       0.000000       0.000000       0.000000      0.2335000      0.2599300      0.2850600      0.3051600      0.3251700      0.3424200      0.3576200    
  0.2959170      0.2823000      0.2818250      0.2813430      0.2697890      0.2490700      0.2476350      0.2310370      0.2053620      0.2347000      0.1760250      0.1026810       0.000000       0.000000       0.000000       0.000000       0.000000       0.000000       0.000000       0.000000       0.000000       0.000000      0.2373500      0.2631400      0.2893600      0.3148000      0.3411600      0.3636100      0.3951100      0.4046300    
  0.2823000      0.2820620      0.2818230      0.2705070      0.2490700      0.2483520      0.2364950      0.2200310      0.2347000      0.2053620      0.1283520       0.000000       0.000000       0.000000       0.000000       0.000000       0.000000       0.000000       0.000000       0.000000      0.2286300      0.2484900      0.2718600      0.3001600      0.3264700      0.3523700      0.3924400      0.4148600      0.4339200      0.4493900    
  0.2821810      0.2820620      0.2708650      0.2490700      0.2487110      0.2391970      0.2273660      0.2347000      0.2200310      0.1421040       0.000000       0.000000       0.000000       0.000000       0.000000       0.000000       0.000000       0.000000       0.000000      0.1660900      0.2696400      0.2895500      0.3129900      0.3387500      0.3800600      0.4067500      0.4328500      0.4562000      0.4761900      0.4933100    
  0.2821810      0.2710450      0.2490700      0.2488910      0.2405420      0.2310330      0.2347000      0.2273660      0.1492090       0.000000       0.000000       0.000000       0.000000       0.000000       0.000000      0.4470500E-01   0.000000       0.000000      0.2127460      0.3100200      0.3244820      0.3317400      0.3648000      0.3930300      0.4226100      0.4514400      0.4785000      0.5026400      0.5231100      0.5397400    
  0.2711340      0.2490700      0.2489800      0.2412140      0.2328660      0.2347000      0.2310330      0.1528190       0.000000       0.000000       0.000000       0.000000       0.000000      0.1357070      0.2062920      0.2248850      0.2235250      0.2868680      0.3601970      0.3748750      0.3504000      0.3810800      0.4082800      0.4383800      0.4693900      0.4998300      0.5282600      0.5533800      0.5742200      0.5912200    
  0.2490700      0.2490250      0.2415490      0.2337830      0.2347000      0.2328660      0.1546380       0.000000       0.000000       0.000000       0.000000       0.000000      0.2447880      0.5436940      0.5428300      0.4253300      0.4511310      0.4470500      0.4143450      0.3956970      0.3993500      0.4247300      0.4529500      0.4852700      0.5185000      0.5510600      0.5813200      0.6077900      0.6300100      0.6454000    
  0.2490480      0.2417170      0.2342420      0.2347000      0.2337830      0.1555510       0.000000       0.000000       0.000000       0.000000      0.2382720      0.5956800      0.5617180      0.5445380      0.5445570      0.5428300      0.4838340      0.4552130      0.4470500      0.4397600      0.4373400      0.4668100      0.4996600      0.5328800      0.5689000      0.6041200      0.6367100      0.6656800      0.6882100      0.7039200    
  0.2418010      0.2344710      0.2347000      0.2342420      0.1560090       0.000000       0.000000       0.000000       0.000000      0.2859260      0.5956800      0.5956800      0.5956800      0.5629610      0.5462260      0.5462850      0.5428300      0.4902430      0.4633750      0.4470500      0.4753000      0.5076700      0.5435400      0.5818800      0.6194700      0.6578200      0.6936600      0.7241600      0.7483600      0.7655300    
  0.2345850      0.2347000      0.2344710      0.1562380       0.000000       0.000000       0.000000      0.1484470      0.3450760      0.5956830      0.5956800      0.5956800      0.5956800      0.5956800      0.5653790      0.5495640      0.5497400      0.5428300      0.5077170      0.4797000      0.5109600      0.5464500      0.5855800      0.6274100      0.6704100      0.7111000      0.7495300      0.7822900      0.8082200      0.8269500    
  0.2347000      0.2345850      0.1563520       0.000000       0.000000      0.2348010      0.5870100      0.5903990      0.5937900      0.5950560      0.5956880      0.5956800      0.5956800      0.5956800      0.5956800      0.5699880      0.5561210      0.5566500      0.5428300      0.5612900      0.5848700      0.6133900      0.6465800      0.6698100      0.7171100      0.7630000      0.8034200      0.8382900      0.8657300      0.8855900    
  0.2346430      0.1564090       0.000000       0.000000      0.2817540      0.5869970      0.5869970      0.5870100      0.5903970      0.5937900      0.5950670      0.5957030      0.5956800      0.5956800      0.5956800      0.5956800      0.5784100      0.5688830      0.5704700      0.5902600      0.6158600      0.6462500      0.6815700      0.7210300      0.7629300      0.8034300      0.8392300      0.8908700      0.9193600      0.9401100    
