iMOD/TUTORIALS/TUT_MetaswapAnalyser/model_MetaSWAP/meteo/Precipitation/Precipitation_20060212_L1.ASC
NCOLS                30
NROWS                30
XLLCORNER     160000.00
YLLCORNER     340000.00
CELLSIZE        1000.00
NODATA_VALUE   -9999.00
   2.682810       2.610850       2.536000       2.454550       2.359590       2.229680       2.066270       1.890880       1.729510       1.642780       1.639620       1.656760       1.672850       1.683110       1.684880       1.682610       1.671000       1.645160       1.611330       1.569570       1.520750       1.459680       1.399170       1.341670       1.273310       1.202930       1.131350       1.059330      0.9875200      0.9158100    
   2.631880       2.553840       2.472390       2.377700       2.268930       2.133300       1.974040       1.798020       1.613410       1.519960       1.563010       1.597540       1.622100       1.641090       1.647450       1.648090       1.635850       1.613330       1.582890       1.545380       1.500870       1.444670       1.388330       1.334300       1.269730       1.202880       1.134580       1.065590      0.9972600      0.9277600    
   2.587300       2.504150       2.413920       2.317090       2.202840       2.070410       1.923080       1.767970       1.625790       1.551570       1.555220       1.578400       1.600910       1.615330       1.620870       1.620900       1.609980       1.590840       1.563880       1.529530       1.487480       1.435010       1.388820       1.330550       1.268850       1.204670       1.139730       1.072930       1.005200      0.9388400    
   2.547780       2.461940       2.369250       2.271120       2.158520       2.035780       1.906300       1.779460       1.673750       1.607510       1.587520       1.591200       1.600600       1.607930       1.609740       1.606790       1.595250       1.576670       1.551180       1.518830       1.479820       1.440990       1.384960       1.329870       1.270130       1.207740       1.143610       1.078520       1.012540      0.9478100    
   2.514740       2.428510       2.339870       2.240560       2.134590       2.023460       1.911290       1.807150       1.720020       1.659940       1.627280       1.618520       1.616830       1.615350       1.611130       1.603130       1.589160       1.569930       1.545030       1.513850       1.484280       1.440220       1.384990       1.330000       1.271440       1.210190       1.147130       1.082130       1.017930      0.9536700    
   2.488530       2.406400       2.316770       2.222590       2.124650       2.024990       1.925350       1.839120       1.757540       1.706620       1.671170       1.650470       1.642040       1.633340       1.621650       1.608080       1.590570       1.570030       1.545470       1.514910       1.484750       1.441200       1.386740       1.332140       1.273890       1.212920       1.150230       1.085660       1.021800      0.9579600    
   2.458690       2.387750       2.302360       2.214190       2.121080       2.032130       1.946600       1.860640       1.801210       1.750610       1.713780       1.688190       1.669850       1.657720       1.639870       1.620750       1.597840       1.576270       1.552560       1.527470       1.490250       1.446100       1.396030       1.335950       1.277160       1.215870       1.151860       1.088300       1.024480      0.9609600    
   2.374260       2.357240       2.290240       2.208700       2.126910       2.011740       1.955790       1.895460       1.837920       1.790840       1.754120       1.726120       1.704070       1.685920       1.664430       1.641810       1.613700       1.591820       1.570800       1.539750       1.500680       1.454620       1.402790       1.341200       1.281080       1.217530       1.154060       1.090030       1.027660      0.9636100    
   2.349440       2.348650       2.274420       2.211870       2.089850       2.021640       1.975750       1.923370       1.871250       1.827400       1.791680       1.762900       1.739080       1.712660       1.695100       1.672150       1.646440       1.620490       1.592970       1.558010       1.515440       1.466160       1.411480       1.347400       1.283960       1.220200       1.155560       1.092780       1.027760      0.9637900    
   2.337160       2.343980       2.274370       2.145770       2.093610       2.031810       2.002560       1.948690       1.901070       1.860210       1.825980       1.797510       1.773320       1.743300       1.725570       1.706340       1.679100       1.652500       1.619980       1.579980       1.532490       1.479700       1.421220       1.359300       1.287920       1.222150       1.158270       1.091960       1.026490      0.9623700    
   2.362170       2.318500       2.226930       2.143590       2.085360       2.067540       2.020240       1.971010       1.927150       1.889020       1.856510       1.828970       1.792790       1.781690       1.755240       1.735940       1.715160       1.685710       1.648170       1.601830       1.547710       1.487800       1.424030       1.356800       1.292100       1.219340       1.151480       1.084510       1.018870      0.9592600    
   2.361880       2.262800       2.143590       2.109700       2.087930       2.066200       2.025350       1.989960       1.949230       1.913490       1.895020       1.866840       1.830610       1.797520       1.785510       1.768330       1.746730       1.720060       1.679640       1.627700       1.566970       1.500880       1.433020       1.362980       1.292670       1.216190       1.146800       1.078850       1.012680      0.9485700    
   2.295320       2.143590       2.120040       2.104930       2.121940       2.082180       2.036880       1.995350       1.976980       1.949640       1.918240       1.849840       1.834290       1.820730       1.811340       1.796980       1.779010       1.751820       1.711710       1.652870       1.584330       1.511620       1.437680       1.363820       1.290740       1.218870       1.141420       1.072630       1.005990      0.9416900    
   2.143590       2.124750       2.113440       2.121940       2.097320       2.087840       2.071080       2.029860       1.992320       1.968170       1.937150       1.865160       1.850150       1.837350       1.826130       1.818340       1.806450       1.786000       1.741290       1.673320       1.595130       1.516040       1.428910       1.350710       1.274560       1.200660       1.122940       1.053800      0.9874400      0.9239400    
   2.126990       2.117690       2.121940       2.102370       2.087840       2.087440       2.103390       2.061500       2.022870       1.987680       1.889940       1.872360       1.857170       1.844110       1.832840       1.829780       1.818260       1.807690       1.766130       1.673010       1.590060       1.505580       1.423410       1.343610       1.266270       1.191500       1.119420       1.043940      0.9776100      0.9144900    
   2.119810       2.121940       2.104050       2.087840       2.092890       2.103390       2.082450       2.062590       1.996590       1.914320       1.893840       1.875390       1.858810       1.843780       1.834370       1.820200       1.797930       1.777820       1.730840       1.652610       1.566750       1.491110       1.409200       1.329370       1.251940       1.177140       1.105160       1.036180      0.9644100      0.9020800    
   2.121940       2.104610       2.087840       2.094710       2.103390       2.092920       2.082810       2.013990       1.914320       1.904080       1.885950       1.872790       1.860270       1.841890       1.799850       1.782650       1.768670       1.736230       1.686230       1.618080       1.540000       1.458700       1.377380       1.310300       1.233700       1.159500       1.088090       1.019750      0.9547400      0.8923100    
   2.104800       2.087840       2.095310       2.103390       2.098150       2.093040       2.026010       1.914320       1.909200       1.890180       1.873110       1.873420       1.851630       1.797850       1.777090       1.753190       1.734160       1.694920       1.643450       1.579840       1.507680       1.431160       1.353250       1.275800       1.212380       1.139240       1.068700       1.001240      0.9372500      0.8808000    
   2.087840       2.095510       2.103390       2.100770       2.098190       2.032880       1.914320       1.911760       1.892080       1.873260       1.873420       1.862520       1.824760       1.776160       1.750510       1.720980       1.685480       1.655580       1.603180       1.541900       1.473660       1.401070       1.326450       1.251540       1.177610       1.105590       1.047460      0.9809300      0.9216000      0.8679700    
   2.095580       2.103390       2.102080       2.100790       2.036540       1.914320       1.913040       1.892980       1.873340       1.873420       1.867970       1.834220       1.776160       1.763330       1.749220       1.718990       1.687350       1.648080       1.555530       1.505580       1.439960       1.370370       1.298560       1.226030       1.153970       1.083380       1.020800      0.9615300      0.9076100      0.8540600    
   2.103390       2.102740       2.102090       2.038430       1.914320       1.913680       1.893430       1.873380       1.873420       1.870700       1.837940       1.776160       1.769750       1.762900       1.743850       1.718520       1.684810       1.570180       1.488500       1.471420       1.407620       1.340300       1.270800       1.207880       1.136710       1.066690       1.014410      0.9482100      0.8851200      0.8262700    
   2.103060       2.102740       2.039390       1.914320       1.914000       1.893650       1.873400       1.873420       1.872060       1.839550       1.776160       1.772950       1.769600       1.758830       1.741760       1.715720       1.584980       1.479960       1.471420       1.422720       1.389120       1.321800       1.252750       1.182910       1.124080       1.060270      0.9923300      0.9261500      0.8627400      0.8029700    
   2.103060       2.039880       1.914320       1.914160       1.893760       1.873410       1.873420       1.872740       1.840300       1.776160       1.774560       1.772910       1.767130       1.756730       1.738770       1.583390       1.475690       1.471420       1.391050       1.353150       1.321830       1.294230       1.242280       1.172960       1.105620       1.037820      0.9705100      0.9043500      0.8402600      0.7797700    
   2.040120       1.914320       1.914240       1.893820       1.873420       1.873420       1.873080       1.840650       1.776160       1.775360       1.774540       1.771530       1.765590       1.658810       1.534990       1.399600       1.398780       1.365270       1.325520       1.316900       1.317170       1.286820       1.216100       1.150440       1.084090       1.017510      0.9510600      0.8850800      0.8201100      0.7565700    
   1.914320       1.914280       1.893840       1.873420       1.873420       1.873250       1.840830       1.776160       1.775760       1.775350       1.773810       1.770550       1.588090       1.372360       1.372590       1.358840       1.324340       1.326140       1.312210       1.306530       1.316630       1.244820       1.194090       1.129800       1.065050       1.000170      0.9352600      0.8702600      0.8044300      0.7395900    
   1.914300       1.893860       1.873420       1.873420       1.873330       1.840910       1.776160       1.775960       1.775760       1.774970       1.631430       1.418710       1.387660       1.372180       1.372130       1.372590       1.339630       1.322550       1.326140       1.299280       1.285780       1.225450       1.163690       1.111650       1.048820      0.9863100      0.9239900      0.8608500      0.7977800      0.7338500    
   1.893860       1.873420       1.873420       1.873380       1.840960       1.776160       1.776060       1.775960       1.775560       1.603920       1.418710       1.418710       1.418710       1.387380       1.371810       1.371680       1.372590       1.337250       1.318950       1.326140       1.268570       1.208930       1.148140       1.087310       1.035360      0.9760100      0.9170700      0.8587800      0.8003300      0.7420200    
   1.873420       1.873420       1.873400       1.840980       1.776160       1.776110       1.776060       1.701450       1.581820       1.418720       1.418710       1.418710       1.418710       1.418710       1.386860       1.371150       1.370770       1.372590       1.331320       1.311760       1.254660       1.195490       1.135300       1.075650       1.018150      0.9687000      0.9152300      0.8626900      0.8105500      0.7596200    
   1.873420       1.873410       1.840990       1.776160       1.776130       1.672020       1.515890       1.497050       1.478210       1.438570       1.418730       1.418710       1.418710       1.418710       1.418710       1.385880       1.370090       1.368950       1.372590       1.314800       1.254690       1.192810       1.131590       1.066730       1.010830      0.9607800      0.9175000      0.8716700      0.8261900      0.7819900    
   1.873410       1.840990       1.776160       1.776150       1.651220       1.515890       1.515890       1.515890       1.497050       1.478210       1.438610       1.418780       1.418710       1.418710       1.418710       1.418710       1.383950       1.368730       1.365310       1.308290       1.252570       1.189780       1.125710       1.062120       1.005040      0.9603500      0.9207000      0.8846100      0.8459900      0.8071700    
