iMOD/TUTORIALS/TUT_MetaswapAnalyser/model_MetaSWAP/meteo/Precipitation/Precipitation_20051106_L1.ASC
NCOLS                30
NROWS                30
XLLCORNER     160000.00
YLLCORNER     340000.00
CELLSIZE        1000.00
NODATA_VALUE   -9999.00
   4.431930       4.395840       4.361390       4.334280       4.328360       4.367720       4.458830       4.572630       4.665530       4.636020       4.465100       4.262330       4.063080       3.884530       3.726750       3.632470       3.528740       3.454120       3.401150       3.370950       3.360720       3.362510       3.382800       3.419140       3.459690       3.507460       3.560670       3.617610       3.676470       3.737180    
   4.457240       4.430490       4.403280       4.396770       4.413270       4.463840       4.552100       4.670360       4.809190       4.792580       4.538210       4.301170       4.087250       3.926550       3.764990       3.630190       3.522820       3.391390       3.339230       3.308490       3.299300       3.304450       3.328140       3.367700       3.413860       3.468400       3.529590       3.595620       3.676020       3.743020    
   4.468820       4.451150       4.440850       4.443800       4.463010       4.510430       4.581550       4.666730       4.733790       4.683770       4.493780       4.275820       4.085940       3.900120       3.711520       3.562480       3.447770       3.364500       3.311240       3.284380       3.283770       3.293610       3.324510       3.363360       3.411880       3.468380       3.544040       3.610060       3.681070       3.750130    
   4.474960       4.462790       4.457620       4.463310       4.481950       4.514890       4.557720       4.596240       4.601390       4.528580       4.384950       4.205570       4.025050       3.835520       3.663320       3.513010       3.397180       3.316730       3.269930       3.251120       3.253970       3.280890       3.309760       3.365650       3.416000       3.473130       3.535830       3.602940       3.674790       3.745710    
   4.474090       4.464010       4.459760       4.462010       4.471910       4.487630       4.503010       4.492450       4.466520       4.391620       4.306620       4.138940       3.955790       3.772600       3.595280       3.442430       3.330830       3.256460       3.221800       3.216260       3.235540       3.263280       3.297990       3.346690       3.399330       3.457780       3.521070       3.590250       3.658610       3.725890    
   4.466070       4.455810       4.448440       4.444720       4.443790       4.442710       4.417330       4.397170       4.372380       4.332160       4.205820       4.050760       3.876610       3.697240       3.522500       3.361190       3.236860       3.170830       3.155160       3.166930       3.197770       3.233600       3.273520       3.322190       3.376360       3.437520       3.500550       3.568760       3.635560       3.700900    
   4.450380       4.439010       4.427380       4.416560       4.377100       4.365730       4.345260       4.340850       4.338290       4.242600       4.118940       3.971270       3.806130       3.629370       3.452800       3.275970       3.127980       3.078160       3.093920       3.127960       3.165090       3.206590       3.252290       3.299170       3.353260       3.411580       3.476230       3.540790       3.607690       3.672540    
   4.482940       4.372910       4.362970       4.349140       4.332190       4.355460       4.321350       4.345240       4.268720       4.169990       4.048840       3.907630       3.750470       3.581790       3.410310       3.229890       3.052540       3.027040       3.065620       3.104150       3.143960       3.185960       3.230880       3.276210       3.328200       3.387000       3.446620       3.509400       3.578340       3.642110    
   4.416040       4.346620       4.329060       4.311320       4.346910       4.310130       4.267500       4.294710       4.213400       4.113870       3.996190       3.862140       3.714910       3.567400       3.403980       3.247420       3.121560       3.071490       3.078980       3.104630       3.136890       3.173200       3.213170       3.253890       3.304300       3.356220       3.412520       3.477820       3.540350       3.604960    
   4.393900       4.318610       4.296460       4.346210       4.313320       4.270010       4.324330       4.255030       4.171590       4.073160       3.960100       3.834130       3.698290       3.567620       3.424180       3.292390       3.189220       3.132960       3.116180       3.122640       3.141350       3.167100       3.198580       3.235020       3.275510       3.321690       3.378440       3.434610       3.495760       3.561090    
   4.374230       4.336320       4.320650       4.321310       4.281010       4.430790       4.297430       4.225840       4.142220       4.046270       3.938640       3.821110       3.713170       3.563220       3.436440       3.330090       3.244780       3.189410       3.161790       3.154850       3.161520       3.177210       3.199570       3.230030       3.269400       3.303070       3.347800       3.399100       3.457170       3.508060    
   4.373440       4.338130       4.321310       4.331770       4.256650       4.417510       4.276120       4.206410       4.123990       4.031400       3.894110       3.790190       3.695080       3.573640       3.467840       3.373210       3.295340       3.236550       3.199520       3.179850       3.173270       3.176270       3.193310       3.210620       3.233980       3.259060       3.295820       3.340830       3.394870       3.458280    
   4.358950       4.321310       4.370900       4.362380       4.468120       4.327890       4.264880       4.193410       4.060130       3.979620       3.889360       3.796030       3.696170       3.596320       3.499870       3.412420       3.337230       3.277210       3.231530       3.202010       3.187540       3.179040       3.177550       3.182380       3.193700       3.212240       3.233920       3.270280       3.317930       3.378050    
   4.321310       4.393900       4.415250       4.468120       4.373120       4.323360       4.188200       4.124040       4.052670       3.981930       3.896710       3.806240       3.714080       3.621920       3.532660       3.448680       3.374790       3.309960       3.259240       3.222310       3.194730       3.174040       3.141940       3.130050       3.125180       3.128460       3.137370       3.161900       3.200360       3.254830    
   4.406250       4.441690       4.468120       4.388200       4.323360       4.239020       4.205510       4.141560       4.071400       3.995420       3.910690       3.826340       3.739760       3.652870       3.567700       3.485710       3.409480       3.341280       3.283860       3.235460       3.192050       3.155680       3.124110       3.097730       3.077530       3.065090       3.062500       3.067950       3.092870       3.134810    
   4.454900       4.468120       4.393230       4.323360       4.255960       4.205510       4.173540       4.139490       4.052310       4.000850       3.925380       3.846530       3.765490       3.683630       3.616770       3.535660       3.426860       3.362200       3.302610       3.248390       3.197560       3.144250       3.097870       3.055220       3.017640       2.987080       2.966110       2.957810       2.961440       2.988920    
   4.468120       4.394900       4.323360       4.261610       4.205510       4.189520       4.172850       4.091550       4.000850       3.963120       3.908940       3.870660       3.815150       3.737400       3.595820       3.527100       3.457400       3.390590       3.325660       3.262560       3.200500       3.139030       3.078320       3.012360       2.955770       2.904840       2.862590       2.832640       2.818990       2.818900    
   4.395460       4.323360       4.263490       4.205510       4.197520       4.189290       4.113690       4.000850       3.981980       3.932020       3.885960       3.901260       3.834720       3.692330       3.626920       3.560040       3.489660       3.420580       3.350570       3.279350       3.206400       3.131420       3.054660       2.977050       2.893520       2.819950       2.753530       2.698510       2.659590       2.638690    
   4.323360       4.264120       4.205510       4.201510       4.197440       4.125340       4.000850       3.991420       3.941950       3.893610       3.901260       3.867990       3.787770       3.722760       3.660540       3.595610       3.527950       3.453800       3.379330       3.300800       3.217630       3.129450       3.036460       2.939560       2.840620       2.742540       2.642920       2.559600       2.489280       2.435160    
   4.264330       4.205510       4.203510       4.201490       4.131290       4.000850       3.996130       3.946580       3.897430       3.901260       3.884620       3.819940       3.722760       3.691650       3.659640       3.594700       3.525790       3.453690       3.366110       3.329310       3.236970       3.136360       3.027420       2.910940       2.788790       2.664090       2.530920       2.410840       2.328960       2.249200    
   4.205510       4.204510       4.203500       4.134280       4.000850       3.998490       3.948830       3.899350       3.901260       3.892940       3.832150       3.722760       3.707200       3.691350       3.648660       3.593370       3.524730       3.412250       3.348320       3.367320       3.267430       3.155760       3.031830       2.883060       2.738520       2.587060       2.448630       2.298850       2.162350       2.049050    
   4.205010       4.204510       4.135790       4.000850       3.999670       3.949950       3.900300       3.901260       3.897100       3.837280       3.722760       3.714980       3.707100       3.682410       3.644460       3.588920       3.451100       3.357820       3.367320       3.309060       3.292420       3.174480       3.039550       2.887650       2.741600       2.558460       2.370360       2.183050       2.006750       1.854190    
   4.205010       4.136540       4.000850       4.000260       3.950500       3.900780       3.901260       3.899180       3.839600       3.722760       3.718870       3.714950       3.701500       3.677990       3.638600       3.536620       3.362570       3.367320       3.385760       3.364590       3.293820       3.229980       3.109540       2.941500       2.749730       2.540330       2.318160       2.091380       1.871380       1.674000    
   4.136910       4.000850       4.000560       3.950780       3.901020       3.901260       3.900220       3.840700       3.722760       3.720820       3.718860       3.711770       3.698150       3.765410       3.737980       3.639590       3.636050       3.563540       3.478110       3.502050       3.436770       3.335430       3.186230       3.004200       2.794150       2.558730       2.303630       2.037370       1.771410       1.530770    
   4.000850       4.000700       3.950920       3.901140       3.901260       3.900740       3.841230       3.722760       3.721790       3.720810       3.717150       3.709590       3.853740       4.045770       4.043550       3.891500       3.920160       3.904780       3.681730       3.567680       3.567340       3.451760       3.293730       3.105100       2.880740       2.623040       2.338440       2.036390       1.736380       1.432170    
   4.000780       3.950990       3.901200       3.901260       3.901000       3.841500       3.722760       3.722270       3.721790       3.719920       3.844930       4.038540       4.044870       4.047620       4.047990       4.043550       3.966250       3.935540       3.904780       3.752390       3.698920       3.586330       3.439650       3.248670       3.016270       2.741340       2.432440       2.110120       1.770650       1.434770    
   3.951020       3.901230       3.901260       3.901130       3.841630       3.722760       3.722520       3.722270       3.721330       3.872740       4.038540       4.038540       4.038540       4.047550       4.051310       4.052430       4.043550       3.981120       3.966310       3.904780       3.838530       3.746380       3.617780       3.441170       3.205820       2.918690       2.596740       2.246590       1.893640       1.558070    
   3.901240       3.901260       3.901200       3.841690       3.722760       3.722640       3.722520       3.714970       3.828640       4.038420       4.038540       4.038540       4.038540       4.038540       4.052380       4.057940       4.061320       4.043550       4.009860       4.027830       3.987770       3.925810       3.828610       3.677420       3.454910       3.159260       2.813430       2.447110       2.089390       1.765820    
   3.901260       3.901230       3.841730       3.722760       3.722700       3.674760       3.603060       3.648420       3.693780       3.923290       4.038180       4.038540       4.038540       4.038540       4.038540       4.060590       4.068960       4.079090       4.043550       4.063280       4.073690       4.067970       4.017520       3.950310       3.756970       3.450780       3.075590       2.690290       2.328210       2.012720    
   3.901240       3.841740       3.722760       3.722730       3.665080       3.602830       3.602830       3.603060       3.648410       3.693780       3.922650       4.037460       4.038540       4.038540       4.038540       4.038540       4.073550       4.084250       4.114620       4.157940       4.160190       4.208890       4.243780       4.240700       4.112620       3.779110       3.366850       2.945180       2.578680       2.267570    
