iMOD/TUTORIALS/TUT_MetaswapAnalyser/model_MetaSWAP/meteo/Precipitation/Precipitation_20061203_L1.ASC
NCOLS                30
NROWS                30
XLLCORNER     160000.00
YLLCORNER     340000.00
CELLSIZE        1000.00
NODATA_VALUE   -9999.00
   6.946450       7.105470       7.268830       7.436640       7.594520       7.767190       7.931500       8.084390       8.204420       8.210280       8.087900       7.934220       7.783590       7.643400       7.518380       7.410360       7.311360       7.241400       7.188750       7.150710       7.124160       7.104760       7.091600       7.080780       7.071790       7.062720       7.052430       7.039700       7.022910       6.999700    
   7.055420       7.214380       7.342580       7.514470       7.670180       7.850800       8.030510       8.209660       8.390620       8.422260       8.235470       8.060020       7.897480       7.748900       7.616990       7.495840       7.403870       7.334200       7.283310       7.249020       7.226710       7.211270       7.201150       7.192520       7.184920       7.176860       7.167620       7.156460       7.132410       7.113610    
   7.119340       7.278470       7.441310       7.576050       7.714760       7.892590       8.067590       8.233630       8.368490       8.386190       8.273740       8.119270       7.965020       7.818710       7.685280       7.566500       7.474110       7.406700       7.362320       7.335910       7.321490       7.312660       7.306860       7.301590       7.295480       7.287970       7.269230       7.260460       7.250160       7.236790    
   7.173120       7.329460       7.488570       7.610120       7.775110       7.936820       8.089390       8.195440       8.290350       8.312840       8.247210       8.128150       7.992360       7.856630       7.726930       7.612040       7.520630       7.459970       7.427460       7.414590       7.412070       7.412900       7.411880       7.399050       7.394520       7.387360       7.378010       7.366970       7.354600       7.340630    
   7.217770       7.369160       7.470470       7.627530       7.782280       7.930360       8.064750       8.196920       8.262290       8.272480       8.212870       8.124920       8.006800       7.879870       7.750120       7.637050       7.539990       7.488180       7.474100       7.480980       7.494390       7.505650       7.510910       7.510500       7.504710       7.494350       7.480380       7.463400       7.443210       7.416860    
   7.254590       7.335460       7.484920       7.633280       7.777450       7.912830       8.064330       8.157170       8.188150       8.207040       8.181580       8.117180       8.016020       7.901410       7.787130       7.650810       7.547780       7.512200       7.531000       7.566380       7.598020       7.618780       7.627190       7.625980       7.616360       7.598820       7.577440       7.551820       7.521550       7.484470    
   7.226710       7.349800       7.491810       7.631750       7.811110       7.933070       8.039730       8.087560       8.147860       8.174150       8.164550       8.120550       8.045470       7.937830       7.833520       7.677530       7.539540       7.534850       7.608950       7.676050       7.721960       7.747050       7.754380       7.746680       7.729160       7.703820       7.672670       7.636770       7.593880       7.547510    
   7.228800       7.443330       7.551040       7.680600       7.804550       7.862480       7.971370       8.058030       8.121370       8.157680       8.164900       8.142720       8.091620       8.011570       7.927970       7.775350       7.594910       7.638100       7.751860       7.830600       7.877010       7.896180       7.893840       7.874430       7.844420       7.806450       7.763020       7.715370       7.663740       7.609960    
   7.319340       7.457770       7.582260       7.679940       7.728180       7.842650       7.949600       8.037530       8.107220       8.156030       8.182220       8.184990       8.164020       8.174930       8.083860       7.985860       7.906440       7.916910       7.984040       8.039870       8.067470       8.067830       8.046560       8.008690       7.961330       7.907480       7.849600       7.788330       7.727330       7.664260    
   7.335400       7.469370       7.588290       7.614630       7.713410       7.825320       7.932850       8.024400       8.102670       8.165890       8.213000       8.243570       8.257710       8.324500       8.288390       8.247840       8.227620       8.241450       8.272910       8.293100       8.288070       8.258060       8.209000       8.147390       8.077270       8.004680       7.929790       7.856880       7.784270       7.711940    
   7.340000       7.464350       7.569260       7.604740       7.718310       7.811820       7.919310       8.016020       8.104030       8.182560       8.251380       8.310890       8.462620       8.498520       8.508600       8.527660       8.548520       8.574490       8.586580       8.570850       8.524730       8.455000       8.370700       8.279250       8.184420       8.091410       8.001610       7.914800       7.830990       7.751470    
   7.340070       7.494590       7.604740       7.680220       7.705040       7.816030       7.924630       8.009280       8.107090       8.200500       8.323610       8.406780       8.595390       8.651780       8.716690       8.790170       8.860930       8.909150       8.913630       8.861920       8.767680       8.651100       8.525940       8.402470       8.283460       8.169650       8.063120       7.962920       7.868480       7.779120    
   7.414330       7.604740       7.669170       7.698920       7.692790       7.805530       7.912640       8.018560       8.167830       8.256060       8.360020       8.598490       8.688540       8.789180       8.899700       9.026780       9.154310       9.246780       9.249720       9.150250       8.995140       8.826190       8.661150       8.506160       8.362840       8.231000       8.108830       7.996960       7.893420       7.797060    
   7.604740       7.665640       7.695850       7.692790       7.762350       7.788740       7.952620       8.059650       8.168240       8.265060       8.382890       8.647950       8.761290       8.890930       9.041080       9.211620       9.408600       9.578680       9.589820       9.406720       9.177940       8.958690       8.752590       8.571120       8.407810       8.260640       8.127040       8.006190       7.895970       7.794870    
   7.664370       7.694320       7.692790       7.747960       7.788740       7.899690       7.957710       8.065660       8.177150       8.293680       8.620410       8.725820       8.845600       8.983900       9.145450       9.318240       9.547140       9.809740       9.866740       9.546410       9.266450       9.017420       8.796660       8.600430       8.425500       8.269090       8.128790       8.001860       7.887500       7.782320    
   7.693560       7.692790       7.743160       7.788740       7.882050       7.957710       8.011690       8.066840       8.263740       8.518460       8.616720       8.726160       8.849540       8.989830       9.127620       9.314440       9.528670       9.702130       9.704770       9.494440       9.242010       9.002970       8.784210       8.586810       8.409440       8.250250       8.107370       7.979010       7.863020       7.758620    
   7.692790       7.741560       7.788740       7.876170       7.957710       7.984700       8.012080       8.215180       8.518460       8.567590       8.641730       8.698010       8.780030       8.917510       9.107780       9.251980       9.380400       9.470460       9.453710       9.320270       9.126490       8.918440       8.716400       8.530220       8.358800       8.203180       8.062640       7.936120       7.822420       7.720060    
   7.741030       7.788740       7.874210       7.957710       7.971200       7.984830       8.182600       8.518460       8.543030       8.610150       8.673670       8.649320       8.757530       8.890090       9.002390       9.110170       9.189670       9.234350       9.208690       9.109660       8.959960       8.786940       8.609340       8.437360       8.277460       8.129940       7.995440       7.873770       7.764380       7.666680    
   7.788740       7.873550       7.957710       7.964460       7.971250       8.164270       8.518460       8.530740       8.596490       8.661490       8.649320       8.703420       8.770050       8.783270       8.869460       8.945040       8.997930       9.006360       8.974630       8.892580       8.771250       8.626590       8.472580       8.318870       8.171370       8.033330       7.908160       7.793540       7.690650       7.600420    
   7.873330       7.957710       7.961080       7.964470       8.154610       8.518460       8.524600       8.590080       8.655410       8.649320       8.676370       8.726520       8.783270       8.826360       8.865920       8.937480       8.983110       8.992970       8.804600       8.678540       8.575000       8.451140       8.316900       8.180330       8.047080       7.920790       7.806070       7.699670       7.608010       7.522280    
   7.957710       7.959400       7.961090       8.149660       8.518460       8.521530       8.586970       8.652360       8.649320       8.662850       8.708870       8.783270       8.804820       8.825190       8.876590       8.928840       8.971190       8.765260       8.574720       8.470900       8.378260       8.268920       8.150110       8.034920       7.913510       7.797690       7.696740       7.598070       7.508790       7.429570    
   7.958550       7.959400       8.147150       8.518460       8.519990       8.585420       8.650840       8.649320       8.656080       8.701080       8.783270       8.794040       8.804420       8.835530       8.876870       8.925540       8.731800       8.522810       8.470900       8.349120       8.198200       8.096230       7.986750       7.874970       7.766940       7.671250       7.573550       7.483450       7.401660       7.326640    
   7.958550       8.145890       8.518460       8.519230       8.584660       8.650080       8.649320       8.652700       8.697440       8.783270       8.788660       8.793910       8.811330       8.838940       8.879310       8.594730       8.496850       8.470900       8.143470       8.019300       7.957410       7.918200       7.814800       7.714420       7.620370       7.514380       7.428700       7.349470       7.276810       7.211480    
   8.145260       8.518460       8.518840       8.584270       8.649700       8.649320       8.651010       8.695680       8.783270       8.785960       8.788610       8.797970       8.814730       8.431380       8.153210       7.945620       7.942580       7.878450       7.800290       7.734540       7.840400       7.734010       7.626520       7.534360       7.446450       7.364780       7.289830       7.220850       7.156690       7.098150    
   8.518460       8.518650       8.584080       8.649510       8.649320       8.650170       8.694820       8.783270       8.784620       8.785950       8.790850       8.800440       8.085490       7.193130       7.195930       7.464750       7.397430       7.414260       7.563330       7.647040       7.628680       7.546920       7.452010       7.364230       7.283720       7.212240       7.149300       7.092640       7.039570       6.986880    
   8.518560       8.583990       8.649410       8.649320       8.649740       8.694390       8.783270       8.783940       8.784610       8.787140       8.079490       7.010120       7.129740       7.190240       7.190340       7.195930       7.323050       7.380600       7.414260       7.457500       7.472030       7.376110       7.281470       7.192950       7.118630       7.058020       7.009460       6.967600       6.930310       6.890560    
   8.583940       8.649370       8.649320       8.649530       8.694180       8.783270       8.783610       8.783940       8.785230       7.934300       7.010120       7.010120       7.010120       7.125470       7.184460       7.184750       7.195930       7.301410       7.346930       7.414260       7.315040       7.211780       7.111300       7.021960       6.950940       6.902590       6.869370       6.850430       6.834030       6.815520    
   8.649340       8.649320       8.649430       8.694080       8.783270       8.783440       8.783610       8.329000       7.745200       7.010100       7.010120       7.010120       7.010120       7.010120       7.116950       7.172690       7.173570       7.195930       7.248530       7.279600       7.171130       7.057070       6.945440       6.848590       6.773460       6.742050       6.736530       6.743200       6.751880       6.757920    
   8.649320       8.649370       8.694020       8.783270       8.783350       8.052490       6.956120       6.959670       6.963230       6.994430       7.010050       7.010120       7.010120       7.010120       7.010120       7.100220       7.148580       7.151210       7.195930       7.104310       6.999020       6.883170       6.748610       6.665670       6.598360       6.587150       6.613000       6.650300       6.685560       6.714700    
   8.649350       8.694000       8.783270       8.783310       7.906180       6.956010       6.956010       6.956120       6.959670       6.963230       6.994310       7.009920       7.010120       7.010120       7.010120       7.010120       7.068620       7.098610       7.106480       7.011500       6.870500       6.751430       6.619560       6.488780       6.410780       6.439230       6.510900       6.581230       6.639700       6.687470    
