iMOD/TUTORIALS/TUT_MetaswapAnalyser/model_MetaSWAP/meteo/Precipitation/Precipitation_20051224_L1.ASC
NCOLS                30
NROWS                30
XLLCORNER     160000.00
YLLCORNER     340000.00
CELLSIZE        1000.00
NODATA_VALUE   -9999.00
   0.000000       0.000000      0.1954400      0.2010300      0.2036100      0.1979700       0.000000       0.000000       0.000000       0.000000       0.000000       0.000000       0.000000       0.000000       0.000000      0.2013800      0.2165800      0.2365900      0.2595900      0.2856700      0.3146300      0.3471300      0.3809100      0.4160600      0.4528500      0.4905800      0.5289500      0.5677200      0.6066200      0.6444700    
  0.1944800      0.2005500      0.2040900      0.2073300      0.2068100      0.1990000       0.000000       0.000000       0.000000       0.000000       0.000000       0.000000       0.000000       0.000000      0.2022500      0.2166400      0.2345600      0.2548300      0.2781500      0.3042800      0.3330300      0.3649800      0.3980000      0.4322200      0.4680000      0.5047300      0.5422500      0.5804100      0.6157900      0.6545400    
  0.2045300      0.2098600      0.2138000      0.2159100      0.2114700      0.2034100       0.000000       0.000000       0.000000       0.000000       0.000000       0.000000       0.000000      0.2028800      0.2183100      0.2331200      0.2510200      0.2716000      0.2951500      0.3215000      0.3502900      0.3818800      0.4139000      0.4475600      0.4822400      0.5178000      0.5508400      0.5884700      0.6263000      0.6662400    
  0.2139300      0.2186100      0.2217500      0.2233100      0.2205400      0.2134500      0.2019600       0.000000       0.000000       0.000000       0.000000       0.000000      0.2063700      0.2201900      0.2343600      0.2487100      0.2658900      0.2863800      0.3103000      0.3371000      0.3660300      0.3961300      0.4288300      0.4582900      0.4918400      0.5262100      0.5614300      0.5975700      0.6341400      0.6729300    
  0.2229600      0.2272000      0.2310700      0.2316800      0.2296000      0.2245300      0.2168700      0.2088400      0.2021000      0.2005700      0.2066500      0.2157800      0.2265300      0.2378900      0.2499400      0.2628600      0.2772500      0.2971500      0.3214900      0.3488400      0.3772800      0.4074200      0.4395400      0.4712300      0.5033700      0.5360500      0.5693500      0.6024900      0.6375200      0.6731300    
  0.2317800      0.2372300      0.2398900      0.2408600      0.2398600      0.2369000      0.2333700      0.2287200      0.2290400      0.2284700      0.2317800      0.2381700      0.2467300      0.2562500      0.2663900      0.2749700      0.2874500      0.3072600      0.3332800      0.3619900      0.3909800      0.4208200      0.4520300      0.4823000      0.5127400      0.5434700      0.5744000      0.6048600      0.6366800      0.6686200    
  0.2359800      0.2461600      0.2489800      0.2505200      0.2519400      0.2507800      0.2488400      0.2521800      0.2508100      0.2515100      0.2546100      0.2597500      0.2661400      0.2744100      0.2832600      0.2873600      0.2942600      0.3151000      0.3446700      0.3743700      0.4039500      0.4330500      0.4618000      0.4916600      0.5201000      0.5484000      0.5756400      0.6039300      0.6321800      0.6601900    
  0.2398100      0.2496300      0.2598200      0.2619300      0.2630800      0.2711000      0.2704800      0.2701000      0.2704100      0.2720800      0.2753100      0.2799100      0.2853800      0.2935400      0.3017800      0.3036300      0.3044000      0.3275900      0.3585700      0.3881400      0.4166000      0.4442600      0.4713200      0.4992500      0.5254500      0.5501200      0.5754300      0.6002400      0.6233000      0.6476600    
  0.2480300      0.2579000      0.2615600      0.2719200      0.2834600      0.2845800      0.2854200      0.2865400      0.2881000      0.2905800      0.2941400      0.2986900      0.3039700      0.3203400      0.3228500      0.3266600      0.3342200      0.3520300      0.3766500      0.4027500      0.4287500      0.4543300      0.4793700      0.5051700      0.5279400      0.5509700      0.5731100      0.5927700      0.6134500      0.6332500    
  0.2550000      0.2659700      0.2699000      0.2864800      0.2953500      0.2974400      0.2995600      0.3016300      0.3041400      0.3073100      0.3112800      0.3160300      0.3215200      0.3359800      0.3443500      0.3497000      0.3598500      0.3746700      0.3943600      0.4166200      0.4398600      0.4629200      0.4858800      0.5081100      0.5300000      0.5502800      0.5676200      0.5854600      0.6018900      0.6169500    
  0.2567700      0.2636230      0.2797320      0.2965800      0.3000800      0.3100500      0.3126100      0.3155100      0.3187400      0.3224700      0.3268100      0.3318100      0.3498100      0.3619600      0.3705500      0.3741400      0.3808100      0.3919500      0.4071800      0.4255600      0.4458300      0.4668200      0.4876400      0.5068000      0.5239700      0.5432000      0.5592800      0.5735600      0.5859400      0.5997300    
  0.2565670      0.2741760      0.2965800      0.3069420      0.3102700      0.3147800      0.3184000      0.3282800      0.3320500      0.3362100      0.3556300      0.3591500      0.3776400      0.3817400      0.3877800      0.3899600      0.3946000      0.4028700      0.4156100      0.4323200      0.4514900      0.4714600      0.4889500      0.5073100      0.5241700      0.5412700      0.5544300      0.5652900      0.5736700      0.5795400    
  0.2693020      0.2965800      0.3099790      0.3155550      0.3208400      0.3246600      0.3290100      0.3335100      0.3595100      0.3675500      0.3707700      0.3980700      0.3974400      0.3972600      0.4023600      0.4020500      0.4032100      0.4076200      0.4182700      0.4348700      0.4534400      0.4731800      0.4919500      0.5090900      0.5242200      0.5370700      0.5496100      0.5573600      0.5620900      0.5636400    
  0.2965800      0.3113990      0.3181970      0.3208400      0.3265400      0.3341200      0.3653800      0.3692000      0.3730100      0.3775300      0.3812800      0.4140700      0.4128000      0.4115400      0.4101400      0.4122500      0.4090400      0.4071100      0.4149500      0.4344100      0.4561600      0.4766400      0.4831600      0.4972000      0.5091800      0.5189400      0.5285700      0.5335300      0.5355700      0.5344000    
  0.3120840      0.3195190      0.3208400      0.3271670      0.3341200      0.3597070      0.3796200      0.3836100      0.3875300      0.3913700      0.4254300      0.4246000      0.4236300      0.4223100      0.4203500      0.4239600      0.4167600      0.4072800      0.4105600      0.4322000      0.4529200      0.4704800      0.4856100      0.4984200      0.5089200      0.5170400      0.5226300      0.5276200      0.5275600      0.5252400    
  0.3201790      0.3208400      0.3273760      0.3341200      0.3578160      0.3796200      0.3816150      0.3835870      0.4008200      0.4407700      0.4400100      0.4391400      0.4380000      0.4364000      0.4351600      0.4315300      0.4322300      0.4247000      0.4273900      0.4426200      0.4595700      0.4756900      0.4892700      0.5006700      0.5098300      0.5166700      0.5210500      0.5227400      0.5234700      0.5189500    
  0.3208400      0.3274450      0.3341200      0.3571850      0.3796200      0.3806170      0.3816070      0.4016980      0.4407700      0.4403900      0.4518640      0.4535500      0.4545000      0.4526100      0.4568900      0.4511900      0.4499900      0.4461000      0.4485300      0.4576500      0.4697600      0.4819600      0.4930000      0.5033600      0.5110800      0.5167600      0.5202300      0.5213300      0.5198500      0.5176900    
  0.3274680      0.3341200      0.3569750      0.3796200      0.3801190      0.3806150      0.4011730      0.4407700      0.4405800      0.4577150      0.4697000      0.4858500      0.4825400      0.4770000      0.4718100      0.4671500      0.4681400      0.4656400      0.4672200      0.4728900      0.4811000      0.4901000      0.4987000      0.5062900      0.5134100      0.5181700      0.5211300      0.5221600      0.5211700      0.5185000    
  0.3341200      0.3569050      0.3796200      0.3798690      0.3801180      0.4006690      0.4407700      0.4406750      0.4605380      0.4777750      0.4858500      0.4841950      0.4841470      0.4912000      0.4865300      0.4826500      0.4801600      0.4828700      0.4834700      0.4868100      0.4921500      0.4984500      0.5048600      0.5107900      0.5158500      0.5198000      0.5234100      0.5247900      0.5250900      0.5218700    
  0.3568820      0.3796200      0.3797450      0.3798690      0.4003570      0.4407700      0.4407230      0.4619290      0.4818130      0.4858500      0.4850220      0.4863480      0.4912000      0.4888650      0.4867930      0.4831130      0.4818930      0.4821670      0.4923660      0.4990600      0.5022000      0.5063500      0.5109300      0.5154900      0.5196700      0.5232200      0.5233700      0.5252000      0.5341000      0.5350600    
  0.3796200      0.3796820      0.3797450      0.4001850      0.4407700      0.4407460      0.4626210      0.4838310      0.4858500      0.4854360      0.4871050      0.4912000      0.4900320      0.4889530      0.4862570      0.4839330      0.4823910      0.4940770      0.5043400      0.5096200      0.5110100      0.5134300      0.5165400      0.5185600      0.5217900      0.5249400      0.5361700      0.5388300      0.5407700      0.5422800    
  0.3796510      0.3796820      0.4000950      0.4407700      0.4407580      0.4629650      0.4848410      0.4858500      0.4856430      0.4873980      0.4912000      0.4906160      0.4900620      0.4884140      0.4863810      0.4841940      0.4954000      0.5069800      0.5096200      0.5131130      0.5187100      0.5192100      0.5206900      0.5229900      0.5329300      0.5388900      0.5426700      0.5460800      0.5490800      0.5509800    
  0.3796510      0.4000500      0.4407700      0.4407640      0.4631380      0.4853450      0.4858500      0.4857470      0.4875230      0.4912000      0.4909080      0.4906260      0.4896970      0.4882860      0.4863300      0.5009980      0.5083000      0.5096200      0.5211700      0.5258550      0.5264420      0.5261500      0.5324600      0.5351300      0.5387800      0.5429800      0.5477900      0.5524600      0.5567000      0.5606800    
  0.4000270      0.4407700      0.4407670      0.4632240      0.4855980      0.4858500      0.4857980      0.4875800      0.4912000      0.4910540      0.4909110      0.4904110      0.4895360      0.5057810      0.5190420      0.5305630      0.5307150      0.5316990      0.5333130      0.5360900      0.5330000      0.5351400      0.5350700      0.5373900      0.5414700      0.5470000      0.5534000      0.5598500      0.5656000      0.5683100    
  0.4407700      0.4407690      0.4632670      0.4857240      0.4858500      0.4858240      0.4876070      0.4912000      0.4911270      0.4910550      0.4907920      0.4902860      0.5209420      0.5592380      0.5588100      0.5492670      0.5526740      0.5518100      0.5425810      0.5379930      0.5391800      0.5375500      0.5367900      0.5387100      0.5434000      0.5506100      0.5594900      0.5687600      0.5752700      0.5814400    
  0.4407690      0.4632880      0.4857870      0.4858500      0.4858370      0.4876200      0.4912000      0.4911630      0.4911270      0.4909910      0.5453910      0.6274100      0.5823840      0.5597450      0.5596670      0.5588100      0.5548690      0.5535370      0.5518100      0.5444330      0.5418000      0.5386800      0.5378300      0.5383500      0.5439200      0.5536200      0.5662800      0.5788800      0.5913300      0.6010500    
  0.4632990      0.4858180      0.4858500      0.4858440      0.4876270      0.4912000      0.4911820      0.4911640      0.4910940      0.5564660      0.6274100      0.6274100      0.6274100      0.5831420      0.5607570      0.5605240      0.5588100      0.5553190      0.5552650      0.5518100      0.5449400      0.5391700      0.5359600      0.5372300      0.5425500      0.5557700      0.5736400      0.5934200      0.6126400      0.6292600    
  0.4858340      0.4858500      0.4858470      0.4876300      0.4912000      0.4911910      0.4911820      0.5487600      0.5911290      0.6274730      0.6274100      0.6274100      0.6274100      0.6274100      0.5847330      0.5629370      0.5622380      0.5588100      0.5553930      0.5587200      0.5491800      0.5400500      0.5332300      0.5319800      0.5415500      0.5573700      0.5827600      0.6115300      0.6395800      0.6647400    
  0.4858500      0.4858480      0.4876320      0.4912000      0.4911950      0.5862060      0.7287200      0.7251610      0.7216000      0.6589790      0.6276000      0.6274100      0.6274100      0.6274100      0.6274100      0.5880620      0.5677630      0.5656650      0.5588100      0.5522300      0.5438700      0.5342000      0.5292100      0.5277500      0.5335700      0.5585700      0.5946400      0.6349900      0.6731000      0.7068300    
  0.4858490      0.4876330      0.4912000      0.4911980      0.6052200      0.7287360      0.7287360      0.7287200      0.7251620      0.7216000      0.6593050      0.6279810      0.6274100      0.6274100      0.6274100      0.6274100      0.5948390      0.5788130      0.5725200      0.5658000      0.5653300      0.5502700      0.5328800      0.5170800      0.5200700      0.5604900      0.6159800      0.6677500      0.7157200      0.7570200    
