iMOD/TUTORIALS/TUT_MetaswapAnalyser/model_MetaSWAP/meteo/Precipitation/Precipitation_20060514_L1.ASC
NCOLS                30
NROWS                30
XLLCORNER     160000.00
YLLCORNER     340000.00
CELLSIZE        1000.00
NODATA_VALUE   -9999.00
   0.000000       0.000000       0.000000       0.000000       0.000000       0.000000      0.1872000E-01  0.3627000E-01  0.5778000E-01  0.6773000E-01  0.6027000E-01  0.4892000E-01  0.3863000E-01  0.2988000E-01  0.2347000E-01  0.1753000E-01   0.000000       0.000000       0.000000       0.000000       0.000000       0.000000      0.1631000E-01  0.1942000E-01  0.2336000E-01  0.2818000E-01  0.3389000E-01  0.4043000E-01  0.4764000E-01  0.5522000E-01
   0.000000       0.000000       0.000000       0.000000       0.000000       0.000000      0.2761000E-01  0.4797000E-01  0.7751000E-01  0.9039000E-01  0.6980000E-01  0.5354000E-01  0.4073000E-01  0.2933000E-01  0.2210000E-01  0.1694000E-01   0.000000       0.000000       0.000000       0.000000       0.000000       0.000000      0.1747000E-01  0.2135000E-01  0.2626000E-01  0.3230000E-01  0.3949000E-01  0.4783000E-01  0.5733000E-01  0.6728000E-01
   0.000000       0.000000       0.000000       0.000000       0.000000      0.2018000E-01  0.3237000E-01  0.4991000E-01  0.6932000E-01  0.7627000E-01  0.6501000E-01  0.5086000E-01  0.3754000E-01  0.2742000E-01  0.2014000E-01   0.000000       0.000000       0.000000       0.000000       0.000000       0.000000       0.000000      0.1836000E-01  0.2308000E-01  0.2907000E-01  0.3641000E-01  0.4532000E-01  0.5557000E-01  0.6736000E-01  0.8033000E-01
   0.000000       0.000000       0.000000       0.000000       0.000000      0.2245000E-01  0.3247000E-01  0.4473000E-01  0.5487000E-01  0.5827000E-01  0.5269000E-01  0.4266000E-01  0.3225000E-01  0.2330000E-01  0.1668000E-01   0.000000       0.000000       0.000000       0.000000       0.000000       0.000000       0.000000      0.1889000E-01  0.2464000E-01  0.3177000E-01  0.4048000E-01  0.5085000E-01  0.6293000E-01  0.7681000E-01  0.9228000E-01
   0.000000       0.000000       0.000000       0.000000      0.1654000E-01  0.2240000E-01  0.2976000E-01  0.3686000E-01  0.4258000E-01  0.4390000E-01  0.4101000E-01  0.3364000E-01  0.2559000E-01  0.1817000E-01   0.000000       0.000000       0.000000       0.000000       0.000000       0.000000       0.000000       0.000000      0.1919000E-01  0.2588000E-01  0.3419000E-01  0.4427000E-01  0.5618000E-01  0.6995000E-01  0.8528000E-01  0.1016300    
   0.000000       0.000000       0.000000       0.000000      0.1645000E-01  0.2091000E-01  0.2600000E-01  0.2995000E-01  0.3650000E-01  0.3480000E-01  0.3112000E-01  0.2536000E-01  0.1915000E-01   0.000000       0.000000       0.000000       0.000000       0.000000       0.000000       0.000000       0.000000       0.000000      0.1936000E-01  0.2699000E-01  0.3650000E-01  0.4802000E-01  0.6145000E-01  0.7675000E-01  0.9349000E-01  0.1110600    
   0.000000       0.000000       0.000000       0.000000       0.000000      0.1882000E-01  0.2210000E-01  0.2896000E-01  0.2828000E-01  0.2688000E-01  0.2352000E-01  0.1884000E-01   0.000000       0.000000       0.000000       0.000000       0.000000       0.000000       0.000000       0.000000       0.000000       0.000000      0.1983000E-01  0.2823000E-01  0.3899000E-01  0.5191000E-01  0.6696000E-01  0.8381000E-01  0.1021500      0.1213400    
   0.000000       0.000000       0.000000       0.000000       0.000000      0.2517000E-01  0.2415000E-01  0.2344000E-01  0.2297000E-01  0.2112000E-01  0.1800000E-01   0.000000       0.000000       0.000000       0.000000       0.000000       0.000000       0.000000       0.000000       0.000000       0.000000       0.000000      0.2031000E-01  0.2975000E-01  0.4183000E-01  0.5634000E-01  0.7300000E-01  0.9159000E-01  0.1118200      0.1328600    
   0.000000       0.000000       0.000000       0.000000      0.2323000E-01  0.2421000E-01  0.2197000E-01  0.2026000E-01  0.1916000E-01  0.1709000E-01   0.000000       0.000000       0.000000       0.000000       0.000000       0.000000       0.000000       0.000000       0.000000       0.000000       0.000000       0.000000      0.2118000E-01  0.3175000E-01  0.4532000E-01  0.6143000E-01  0.7992000E-01  0.1005900      0.1226700      0.1458000    
   0.000000       0.000000       0.000000      0.2241000E-01  0.2332000E-01  0.2359000E-01  0.1880000E-01  0.1804000E-01  0.1657000E-01   0.000000       0.000000       0.000000       0.000000       0.000000       0.000000       0.000000       0.000000       0.000000       0.000000       0.000000       0.000000       0.000000      0.2258000E-01  0.3479000E-01  0.4959000E-01  0.6755000E-01  0.8822000E-01  0.1108500      0.1351400      0.1605400    
   0.000000       0.000000      0.1141250E-01  0.2324000E-01  0.2338000E-01  0.1880000E-01  0.1779000E-01  0.1666000E-01   0.000000       0.000000       0.000000       0.000000       0.000000       0.000000       0.000000       0.000000       0.000000       0.000000       0.000000       0.000000       0.000000       0.000000      0.2410000E-01  0.3769000E-01  0.5475000E-01  0.7400000E-01  0.9658000E-01  0.1214300      0.1480400      0.1774200    
   0.000000      0.8663130E-02  0.2324000E-01  0.2258250E-01  0.2409000E-01  0.1847000E-01  0.1714000E-01  0.1602000E-01   0.000000       0.000000       0.000000       0.000000       0.000000       0.000000       0.000000       0.000000       0.000000       0.000000       0.000000       0.000000       0.000000       0.000000      0.2713000E-01  0.4256000E-01  0.6162000E-01  0.8318000E-01  0.1082000      0.1355700      0.1647200      0.1950800    
  0.7975780E-02  0.2324000E-01  0.2182440E-01  0.2185500E-01  0.1962000E-01  0.1841000E-01  0.1732000E-01  0.1585000E-01   0.000000       0.000000       0.000000       0.000000       0.000000       0.000000       0.000000       0.000000       0.000000       0.000000       0.000000       0.000000       0.000000      0.1786000E-01  0.3137000E-01  0.4902000E-01  0.7050000E-01  0.9543000E-01  0.1222100      0.1522500      0.1840700      0.2170700    
  0.2324000E-01  0.2135550E-01  0.2073750E-01  0.1962000E-01  0.1911330E-01  0.1931000E-01  0.2044000E-01  0.1860000E-01  0.1643000E-01   0.000000       0.000000       0.000000       0.000000       0.000000       0.000000       0.000000       0.000000       0.000000       0.000000       0.000000       0.000000      0.2171000E-01  0.3548000E-01  0.5468000E-01  0.7779000E-01  0.1044200      0.1332500      0.1653400      0.1994100      0.2348400    
  0.2109860E-01  0.2017880E-01  0.1962000E-01  0.1934780E-01  0.1931000E-01  0.2071000E-01  0.2238000E-01  0.2047000E-01  0.1827000E-01  0.1582000E-01   0.000000       0.000000       0.000000       0.000000       0.000000       0.000000       0.000000       0.000000       0.000000       0.000000       0.000000      0.2629000E-01  0.4376000E-01  0.6551000E-01  0.9126000E-01  0.1206400      0.1531500      0.1871700      0.2240800      0.2625600    
  0.1989940E-01  0.1962000E-01  0.1942590E-01  0.1931000E-01  0.2080000E-01  0.2238000E-01  0.2142500E-01  0.2037330E-01  0.1860500E-01  0.1986000E-01  0.1705000E-01   0.000000       0.000000       0.000000       0.000000       0.000000       0.000000       0.000000       0.000000       0.000000      0.1964000E-01  0.3567000E-01  0.5564000E-01  0.8002000E-01  0.1085100      0.1407400      0.1761700      0.2142100      0.2529100      0.2939600    
  0.1962000E-01  0.1945200E-01  0.1931000E-01  0.2083000E-01  0.2238000E-01  0.2190250E-01  0.2139280E-01  0.2006580E-01  0.1986000E-01  0.1845500E-01  0.1562400E-01  0.1854000E-01   0.000000       0.000000       0.000000       0.000000       0.000000       0.000000       0.000000      0.1876000E-01  0.3090000E-01  0.4785000E-01  0.6950000E-01  0.9833000E-01  0.1295000      0.1645400      0.2029100      0.2439400      0.2868400      0.3268800    
  0.1946070E-01  0.1931000E-01  0.2084000E-01  0.2238000E-01  0.2214130E-01  0.2189180E-01  0.2080530E-01  0.1986000E-01  0.1915750E-01  0.1944280E-01  0.2060500E-01  0.2267000E-01  0.2054000E-01  0.1744000E-01  0.1614000E-01   0.000000      0.1596000E-01  0.1817000E-01  0.2331000E-01  0.3254000E-01  0.4653000E-01  0.6548000E-01  0.8936000E-01  0.1180000      0.1545300      0.1924000      0.2337600      0.2778700      0.3238300      0.3681700    
  0.1931000E-01  0.2084330E-01  0.2238000E-01  0.2226060E-01  0.2213770E-01  0.2117460E-01  0.1986000E-01  0.1950870E-01  0.2055360E-01  0.2163750E-01  0.2267000E-01  0.2160500E-01  0.2149000E-01  0.2531000E-01  0.2489000E-01  0.2539000E-01  0.2732000E-01  0.3160000E-01  0.3884000E-01  0.5012000E-01  0.6611000E-01  0.8711000E-01  0.1132100      0.1443000      0.1801400      0.2203400      0.2687100      0.3160500      0.3629000      0.4117200    
  0.2084440E-01  0.2238000E-01  0.2232030E-01  0.2225940E-01  0.2135820E-01  0.1986000E-01  0.1968440E-01  0.2094920E-01  0.2215380E-01  0.2267000E-01  0.2213750E-01  0.2276880E-01  0.2531000E-01  0.2510000E-01  0.2519670E-01  0.2586670E-01  0.2810330E-01  0.3258670E-01  0.5723800E-01  0.7099000E-01  0.8910000E-01  0.1122500      0.1406200      0.1742000      0.2127900      0.2560400      0.3018600      0.3487500      0.4188800      0.4770700    
  0.2238000E-01  0.2235020E-01  0.2231990E-01  0.2144950E-01  0.1986000E-01  0.1977220E-01  0.2111510E-01  0.2241190E-01  0.2267000E-01  0.2240380E-01  0.2322160E-01  0.2531000E-01  0.2520500E-01  0.2520220E-01  0.2538780E-01  0.2638890E-01  0.2885220E-01  0.5907660E-01  0.8281500E-01  0.9464000E-01  0.1149500      0.1403300      0.1710400      0.2056600      0.2470600      0.2934800      0.3601600      0.4147900      0.4708700      0.5262000    
  0.2236510E-01  0.2235000E-01  0.2149490E-01  0.1986000E-01  0.1981610E-01  0.2119160E-01  0.2254090E-01  0.2267000E-01  0.2253690E-01  0.2340130E-01  0.2531000E-01  0.2525750E-01  0.2523910E-01  0.2526500E-01  0.2565960E-01  0.2687630E-01  0.5953700E-01  0.8872750E-01  0.9464000E-01  0.1169570      0.1412800      0.1689900      0.2021200      0.2408300      0.3029600      0.3531400      0.4081800      0.4668600      0.5273700      0.5863400    
  0.2236500E-01  0.2151750E-01  0.1986000E-01  0.1983800E-01  0.2122860E-01  0.2260550E-01  0.2267000E-01  0.2260340E-01  0.2347960E-01  0.2531000E-01  0.2528380E-01  0.2526890E-01  0.2525390E-01  0.2538790E-01  0.2593360E-01  0.7977330E-01  0.9168380E-01  0.9464000E-01  0.1523540      0.1707350      0.1927560      0.2004200      0.2547700      0.2971800      0.3443400      0.3975700      0.4562200      0.5193400      0.5852400      0.6509100    
  0.2152880E-01  0.1986000E-01  0.1984900E-01  0.2124690E-01  0.2263770E-01  0.2267000E-01  0.2263670E-01  0.2351570E-01  0.2531000E-01  0.2529690E-01  0.2528750E-01  0.2526880E-01  0.2530350E-01  0.1029840      0.1579500      0.1954520      0.1951100      0.2047630      0.2155020      0.2270850      0.2001900      0.2529000      0.2927000      0.3360400      0.3856600      0.4415700      0.5035600      0.5710200      0.6427300      0.7206800    
  0.1986000E-01  0.1985450E-01  0.2125600E-01  0.2265390E-01  0.2267000E-01  0.2265340E-01  0.2353310E-01  0.2531000E-01  0.2530340E-01  0.2529810E-01  0.2528440E-01  0.2528660E-01  0.1654220      0.3363250      0.3353600      0.2857910      0.2995610      0.2955800      0.2657370      0.2486870      0.2539800      0.2910600      0.3294800      0.3742900      0.4255900      0.4835100      0.5480200      0.6188300      0.6993600      0.7799300    
  0.1985730E-01  0.2126050E-01  0.2266190E-01  0.2267000E-01  0.2266170E-01  0.2354160E-01  0.2531000E-01  0.2530670E-01  0.2530390E-01  0.2529530E-01  0.1699580      0.3869600      0.3539480      0.3372280      0.3372890      0.3353600      0.3131330      0.3035420      0.2955800      0.2915970      0.2918900      0.3257500      0.3653000      0.4107700      0.4630100      0.5220100      0.5877400      0.6632500      0.7414100      0.8245900    
  0.2126270E-01  0.2266600E-01  0.2267000E-01  0.2266580E-01  0.2354580E-01  0.2531000E-01  0.2530840E-01  0.2530690E-01  0.2530200E-01  0.1988950      0.3869600      0.3869600      0.3869600      0.3552810      0.3390340      0.3392190      0.3353600      0.3180510      0.3115050      0.2955800      0.3249400      0.3592900      0.3991400      0.4450100      0.4971600      0.5562200      0.6241200      0.6958200      0.7716800      0.8496300    
  0.2266800E-01  0.2267000E-01  0.2266790E-01  0.2354790E-01  0.2531000E-01  0.2530920E-01  0.2530840E-01  0.1503990      0.2659440      0.3870460      0.3869600      0.3869600      0.3869600      0.3869600      0.3578410      0.3425230      0.3430770      0.3353600      0.3297600      0.3274300      0.3571200      0.3914700      0.4309700      0.4762200      0.5279700      0.5871800      0.6523200      0.7214900      0.7924900      0.8618900    
  0.2267000E-01  0.2266900E-01  0.2354900E-01  0.2531000E-01  0.2530960E-01  0.2361690      0.5524200      0.5390510      0.5256800      0.4334340      0.3872180      0.3869600      0.3869600      0.3869600      0.3869600      0.3626630      0.3491310      0.3507950      0.3353600      0.3606700      0.3899700      0.4235400      0.4580200      0.5027900      0.5547300      0.6132700      0.6766200      0.7426800      0.8082600      0.8697000    
  0.2266950E-01  0.2354950E-01  0.2531000E-01  0.2530980E-01  0.2783870      0.5524970      0.5524970      0.5524200      0.5390540      0.5256800      0.4338770      0.3877340      0.3869600      0.3869600      0.3869600      0.3869600      0.3714830      0.3612370      0.3662300      0.3916700      0.4120700      0.4475700      0.4866600      0.5296600      0.5787500      0.6364200      0.6986200      0.7624000      0.8229000      0.8777600    
