iMOD/TUTORIALS/TUT_MetaswapAnalyser/model_MetaSWAP/meteo/Precipitation/Precipitation_20060527_L1.ASC
NCOLS                30
NROWS                30
XLLCORNER     160000.00
YLLCORNER     340000.00
CELLSIZE        1000.00
NODATA_VALUE   -9999.00
   12.05320       12.03140       11.99890       11.94450       11.84340       11.64350       11.33660       10.97740       10.63020       10.41290       10.34640       10.33060       10.33170       10.31960       10.33710       10.37910       10.47280       10.54680       10.62850       10.72800       10.84520       10.97640       11.12750       11.27300       11.45790       11.65740       11.86930       12.09000       12.31220       12.52190    
   11.79880       11.75360       11.71640       11.61710       11.47050       11.25150       10.95920       10.61260       10.23480       10.01290       10.03840       10.05800       10.07930       10.09100       10.12020       10.20050       10.25480       10.31880       10.41500       10.51820       10.63870       10.77380       10.92890       11.08100       11.27260       11.48110       11.70580       11.94460       12.15420       12.39680    
   11.57650       11.50450       11.41240       11.29250       11.14160       10.92010       10.64960       10.34610       10.05350       9.872630       9.835210       9.839030       9.860780       9.869570       9.899090       9.970510       10.02730       10.09820       10.18480       10.28810       10.42170       10.55840       10.69400       10.87010       11.06430       11.27700       11.46940       11.72670       12.00060       12.28950    
   11.35500       11.26200       11.14890       11.01140       10.83820       10.62970       10.39140       10.14760       9.925860       9.767770       9.690170       9.661990       9.662560       9.663050       9.686630       9.744710       9.799960       9.869940       9.956000       10.05890       10.17900       10.30770       10.46180       10.59560       10.79040       11.00510       11.24020       11.49660       11.77210       12.07090    
   11.13990       11.03150       10.90740       10.75860       10.58570       10.38970       10.17780       9.968550       9.780830       9.636120       9.541100       9.493320       9.467900       9.453920       9.479420       9.518860       9.549520       9.613070       9.693510       9.791290       9.879050       10.01210       10.16530       10.34890       10.53760       10.74450       10.96910       11.20660       11.46060       11.70980    
   10.93430       10.81720       10.68260       10.53090       10.36180       10.17810       9.979250       9.802990       9.626010       9.497810       9.398540       9.331660       9.288740       9.266560       9.256730       9.281010       9.321040       9.378750       9.454680       9.548320       9.635620       9.763150       9.909960       10.07280       10.25240       10.45640       10.66440       10.87950       11.10220       11.31450    
   10.73190       10.61470       10.47610       10.32410       10.14820       9.976550       9.801480       9.624130       9.481600       9.352710       9.249360       9.171510       9.116760       9.076320       9.045040       9.058180       9.087680       9.138120       9.208550       9.278810       9.381630       9.502220       9.639680       9.794350       9.961940       10.14200       10.32790       10.52450       10.72440       10.91060    
   10.72740       10.39840       10.27000       10.12080       9.962920       9.718620       9.614420       9.470820       9.328350       9.202010       9.094970       9.008180       8.941060       8.886440       8.830540       8.833110       8.851840       8.894130       8.947260       9.023950       9.119380       9.232360       9.361210       9.505470       9.660190       9.819890       9.990930       10.16470       10.34660       10.50740    
   10.54430       10.22200       10.08320       9.946190       9.686200       9.537950       9.447920       9.312480       9.174450       9.048670       8.937700       8.842840       8.764570       8.639180       8.618470       8.609850       8.618910       8.647310       8.695230       8.763370       8.851370       8.956970       9.077470       9.211520       9.349210       9.498070       9.650620       9.815680       9.962610       10.10420    
   10.39070       10.05820       9.919420       9.641390       9.510100       9.366490       9.300260       9.157860       9.021990       8.895390       8.780120       8.677560       8.588720       8.449000       8.403550       8.385550       8.389490       8.401040       8.436460       8.495600       8.576200       8.679790       8.793080       8.916420       9.044190       9.178520       9.326420       9.458090       9.585900       9.708680    
   10.32050       10.12280       9.772650       9.471590       9.333770       9.259920       9.148010       9.008080       8.872960       8.744690       8.624910       8.514870       8.316420       8.328900       8.272510       8.208510       8.167110       8.148270       8.158800       8.199070       8.265180       8.351140       8.451200       8.556900       8.684780       8.812950       8.931370       9.047660       9.160280       9.325670    
   10.31770       9.921870       9.471590       9.269160       9.176150       9.100750       8.995170       8.864320       8.729210       8.598960       8.606270       8.469310       8.252510       8.196120       8.081790       7.997780       7.932500       7.897830       7.896770       7.933050       7.998650       8.083390       8.185730       8.288570       8.393940       8.503460       8.607330       8.707570       8.803010       8.893200    
   10.04900       9.471590       9.242870       9.135630       9.095110       8.994760       8.857050       8.720260       8.780700       8.633310       8.483700       8.295960       8.164040       8.037720       7.903000       7.797490       7.706860       7.644730       7.634120       7.673630       7.747180       7.834790       7.929030       8.025430       8.121430       8.215210       8.309850       8.395390       8.475010       8.548210    
   9.471590       9.231240       9.115370       9.095110       8.984350       8.863190       8.991740       8.834080       8.677040       8.481610       8.333480       8.176040       8.035410       7.897390       7.762310       7.618120       7.502810       7.402010       7.372090       7.431110       7.515130       7.605280       7.638190       7.716620       7.794260       7.870270       7.950420       8.021200       8.087890       8.149880    
   9.225790       9.105240       9.095110       8.980880       8.863190       8.918360       8.900160       8.742830       8.585210       8.427920       8.245590       8.094400       7.944170       7.794860       7.646260       7.480680       7.338790       7.192440       7.138140       7.205710       7.281830       7.353100       7.423200       7.491920       7.558970       7.623950       7.686400       7.752540       7.808500       7.859880    
   9.100170       9.095110       8.979730       8.863190       8.893900       8.900160       8.821500       8.742730       8.517720       8.314930       8.161840       8.008950       7.856500       7.704700       7.525880       7.380730       7.196320       7.088020       7.041240       7.068050       7.116490       7.180610       7.237400       7.293760       7.349090       7.403000       7.455160       7.505260       7.559620       7.604520    
   9.095110       8.979340       8.863190       8.885750       8.900160       8.860830       8.821460       8.599220       8.314930       8.238390       8.051960       7.941550       7.749880       7.600950       7.396500       7.267110       7.122960       7.032370       6.982820       6.976970       6.997430       7.029850       7.067520       7.122280       7.165050       7.207900       7.250540       7.292860       7.334960       7.398990    
   8.979210       8.863190       8.883030       8.900160       8.880490       8.860820       8.649110       8.314930       8.276660       8.064970       7.887040       7.832530       7.685460       7.468660       7.337380       7.215270       7.070260       6.986180       6.931180       6.906080       6.903810       6.915890       6.936380       6.961880       7.005430       7.037460       7.071240       7.106940       7.145130       7.200910    
   8.863190       8.882130       8.900160       8.890330       8.880490       8.676340       8.314930       8.295790       8.069770       7.859790       7.832530       7.759000       7.602070       7.421640       7.295030       7.178620       7.077220       6.946470       6.885570       6.847000       6.827430       6.822060       6.826630       6.838180       6.854930       6.876010       6.915630       6.945440       6.993900       7.036560    
   8.881830       8.900160       8.895240       8.890330       8.690520       8.314930       8.305360       8.071840       7.846160       7.832530       7.795760       7.653810       7.421640       7.358340       7.298430       7.183620       7.067440       6.969750       6.846750       6.797500       6.764400       6.744560       6.735210       6.734130       6.739850       6.751580       6.762000       6.803800       6.771880       6.837610    
   8.900160       8.897700       8.895240       8.697750       8.314930       8.310150       8.072800       7.839340       7.832530       7.814150       7.675940       7.421640       7.389990       7.359470       7.280130       7.183160       7.073600       6.883700       6.777360       6.757210       6.713100       6.681260       6.660030       6.639200       6.635820       6.639740       6.590790       6.614180       6.650080       6.702980    
   8.898930       8.897700       8.701410       8.314930       8.312540       8.073270       7.835940       7.832530       7.823340       7.686060       7.421640       7.405810       7.390370       7.343190       7.274250       7.178970       6.932990       6.767280       6.757210       6.710180       6.660230       6.619980       6.590040       6.569620       6.481280       6.504400       6.510160       6.526710       6.556620       6.598340    
   8.898930       8.703240       8.314930       8.313730       8.073500       7.834230       7.832530       7.827930       7.690890       7.421640       7.413730       7.405940       7.379790       7.335940       7.265470       6.981970       6.762250       6.757210       6.704040       6.673920       6.612050       6.564160       6.501730       6.466400       6.447690       6.436990       6.437480       6.448960       6.473550       6.516320    
   8.704160       8.314930       8.314330       8.073620       7.833380       7.832530       7.830230       7.693250       7.421640       7.417680       7.413770       7.399820       7.373890       7.261180       7.046500       6.765130       6.761390       6.719230       6.671380       6.674840       6.687610       6.528280       6.467750       6.430610       6.405600       6.392350       6.390180       6.398470       6.417690       6.454050    
   8.314930       8.314630       8.073670       7.832960       7.832530       7.831380       7.694410       7.421640       7.419660       7.417700       7.410420       7.395830       7.234260       7.066630       7.063500       6.867000       6.771750       6.765570       6.697980       6.665390       6.662060       6.570160       6.452530       6.410860       6.383390       6.369780       6.368620       6.377860       6.397960       6.423010    
   8.314780       8.073700       7.832740       7.832530       7.831960       7.694990       7.421640       7.420650       7.419670       7.415930       7.503110       7.645790       7.262310       7.069810       7.069770       7.063500       6.871360       6.777930       6.765570       6.686110       6.646500       6.570640       6.508420       6.407750       6.380090       6.369800       6.374870       6.394000       6.419240       6.449440    
   8.073720       7.832640       7.832530       7.832240       7.695280       7.421640       7.421150       7.420650       7.418750       7.526060       7.645790       7.645790       7.645790       7.267030       7.076150       7.076030       7.063500       6.878430       6.790280       6.765570       6.670320       6.586360       6.517040       6.466480       6.394800       6.392000       6.411070       6.444430       6.489000       6.543820    
   7.832580       7.832530       7.832390       7.695420       7.421640       7.421390       7.421150       7.768840       7.810580       7.646310       7.645790       7.645790       7.645790       7.645790       7.276390       7.088930       7.088570       7.063500       6.894360       6.814990       6.711970       6.619310       6.541550       6.485640       6.459330       6.435800       6.473240       6.530370       6.602380       6.690180    
   7.832530       7.832460       7.695490       7.421640       7.421520       8.146890       9.234830       9.024820       8.814810       8.036890       7.647360       7.645790       7.645790       7.645790       7.645790       7.294820       7.114720       7.113640       7.063500       6.933380       6.811210       6.699210       6.598830       6.517560       6.493840       6.518940       6.563210       6.649930       6.752400       6.871870    
   7.832490       7.695530       7.421640       7.421580       8.292440       9.235450       9.235450       9.234830       9.024830       8.814810       8.039620       7.650500       7.645790       7.645790       7.645790       7.645790       7.330220       7.167030       7.163770       7.028980       6.893150       6.775580       6.667910       6.578950       6.541660       6.590470       6.684670       6.809340       6.935970       7.082460    
