iMOD/TUTORIALS/TUT_MetaswapAnalyser/model_MetaSWAP/meteo/Precipitation/Precipitation_20060730_L1.ASC
NCOLS                30
NROWS                30
XLLCORNER     160000.00
YLLCORNER     340000.00
CELLSIZE        1000.00
NODATA_VALUE   -9999.00
   10.65480       10.62170       10.62260       10.68020       10.86240       11.25810       11.91690       12.71640       13.48740       13.80710       13.63480       13.30270       12.95130       12.56680       12.21330       11.92670       11.66850       11.33470       11.02630       10.72170       10.41590       10.14870       9.829490       9.509960       9.161720       8.803520       8.445460       8.108840       7.834910       7.697070    
   10.80960       10.82130       10.90740       11.03440       11.29240       11.70820       12.31360       13.07360       13.94110       14.27180       13.73570       13.25670       12.79780       12.38190       11.97990       11.66400       11.32140       10.94300       10.62780       10.34660       10.07410       9.842650       9.566400       9.287780       8.978810       8.650860       8.307110       7.959790       7.584420       7.405790    
   10.99790       11.03710       11.13050       11.31420       11.58990       11.97660       12.49070       13.09460       13.62340       13.78560       13.45100       12.98880       12.53590       12.06220       11.60590       11.24480       10.89250       10.58430       10.31560       10.07630       9.834030       9.652160       9.443310       9.207120       8.949750       8.665790       8.284110       7.952160       7.599140       7.273330    
   11.15810       11.21250       11.31830       11.50270       11.74840       12.07710       12.47340       12.88690       13.11600       13.17940       12.94580       12.57070       12.13650       11.65930       11.21480       10.83700       10.49320       10.21130       9.986480       9.803700       9.645570       9.490860       9.374770       9.134970       8.957730       8.755810       8.523510       8.256350       7.953440       7.629960    
   11.28350       11.34100       11.45600       11.60550       11.80890       12.06050       12.33820       12.51870       12.64830       12.61270       12.43690       12.08570       11.66930       11.20420       10.78880       10.39770       10.02600       9.777450       9.608860       9.495290       9.418560       9.350960       9.323200       9.241130       9.161650       9.065560       8.951420       8.825720       8.712780       8.710120    
   11.37270       11.43470       11.51860       11.63840       11.79170       11.96800       12.17850       12.19780       12.22390       12.18090       11.95250       11.61850       11.23340       10.78070       10.32560       9.920730       9.593580       9.395760       9.311560       9.289530       9.303830       9.330320       9.399670       9.439800       9.478080       9.503560       9.543840       9.604980       9.726260       9.994250    
   11.46490       11.47110       11.53350       11.61910       11.77280       11.87560       11.96630       11.90530       11.91970       11.76900       11.52420       11.19630       10.80680       10.39070       9.919780       9.498880       9.144600       9.017310       9.048820       9.130940       9.236100       9.361340       9.502960       9.695150       9.866560       10.05380       10.26820       10.52830       10.86890       11.35970    
   11.33570       11.58650       11.57780       11.62230       11.67360       12.27480       11.69670       11.72860       11.60980       11.42120       11.15980       10.83270       10.45450       10.04330       9.590260       9.177520       8.782470       8.743770       8.871320       9.029460       9.219730       9.441250       9.692190       10.00870       10.32140       10.67030       11.06460       11.52650       12.04700       12.75490    
   11.41100       11.56400       11.57020       11.54360       12.27910       12.22310       11.52080       11.51470       11.35380       11.13640       10.86150       10.53490       10.16840       9.712480       9.351540       9.003410       8.745060       8.686830       8.793930       8.991020       9.250470       9.562820       9.922650       10.36600       10.82420       11.33380       11.90890       12.51850       13.29520       14.20120    
   11.37900       11.52160       11.50630       12.40370       12.28110       12.18600       11.49280       11.34340       11.15180       10.91350       10.62900       10.30380       9.949110       9.503760       9.172160       8.896260       8.703800       8.660960       8.768320       8.997360       9.322340       9.714830       10.18300       10.71320       11.35360       12.02230       12.71980       13.57600       14.54990       15.65520    
   11.43690       11.46900       11.97010       12.44890       12.34270       12.05050       11.39370       11.21710       11.00370       10.75120       10.46060       10.13760       9.673480       9.205260       8.936180       8.720870       8.610830       8.615460       8.769070       9.065750       9.483950       9.999980       10.59670       11.26840       11.95780       12.81830       13.74240       14.77740       15.93900       17.08650    
   11.43940       11.83120       12.44890       12.36440       12.37750       12.09470       11.36650       11.13680       10.90930       10.64820       10.05580       9.782280       9.339130       9.070140       8.826680       8.623080       8.498740       8.525830       8.705930       9.063790       9.570660       10.19060       10.86240       11.64860       12.51850       13.53480       14.61140       15.81140       17.15140       18.64340    
   11.78820       12.44890       12.35870       12.33300       12.28860       11.52740       11.34520       11.13680       10.45580       10.20650       9.965410       9.476030       9.242610       8.999180       8.761270       8.549930       8.401910       8.380960       8.603950       9.045720       9.648430       10.37540       11.18990       12.08630       13.07010       14.15340       15.41520       16.75630       18.25140       19.91680    
   12.44890       12.35180       12.31080       12.28860       11.78970       11.55320       10.75860       10.59400       10.40650       10.19360       9.960410       9.441510       9.223840       8.993920       8.760630       8.536690       8.331670       8.237440       8.441680       9.045350       9.797100       10.63470       11.72090       12.74790       13.85830       15.06650       16.44250       17.90790       19.53050       21.33100    
   12.34720       12.29970       12.28860       11.87720       11.55320       10.97410       10.61050       10.46130       10.29350       10.10680       9.605580       9.434150       9.245930       9.045130       8.836610       8.616690       8.410530       8.222310       8.390430       9.235310       10.18130       11.14410       12.16640       13.25830       14.43250       15.70470       17.09350       18.67700       20.36920       22.29420    
   12.29420       12.28860       11.90630       11.55320       11.04590       10.61050       10.53590       10.45510       10.16480       9.797410       9.667270       9.522090       9.364870       9.199740       9.118900       8.947000       8.849040       8.766940       9.030560       9.731010       10.60010       11.64080       12.69000       13.81280       15.01860       16.32080       17.73620       19.28470       21.04440       22.92730    
   12.28860       11.91600       11.55320       11.06990       10.61050       10.57320       10.53380       10.23830       9.797410       9.732340       9.744320       9.665310       9.671200       9.553350       9.562130       9.455190       9.404080       9.487680       9.814070       10.41570       11.21010       12.12560       13.13180       14.35250       15.54860       16.83790       18.23350       19.75160       21.41020       23.22460    
   11.91930       11.55320       11.07790       10.61050       10.59190       10.57250       10.28570       9.797410       9.764880       9.842190       9.867400       10.06950       9.990310       10.04430       9.987220       9.972110       10.02870       10.21690       10.58580       11.15280       11.88900       12.75390       13.71960       14.77290       16.05140       17.29320       18.62960       20.07200       21.63330       23.27230    
   11.55320       11.08050       10.61050       10.60120       10.59160       10.31190       9.797410       9.781140       9.888490       9.968450       10.06950       10.02990       10.13620       10.44050       10.45730       10.52600       10.67430       10.92860       11.33150       11.88750       12.58500       13.40150       14.31620       15.31520       16.39170       17.54540       18.92990       20.25870       21.63200       23.20340    
   11.08140       10.61050       10.60580       10.60110       10.32550       9.797410       9.789280       9.911100       10.01900       10.06950       10.04970       10.16900       10.44050       10.44890       10.47460       10.55250       10.70960       10.97810       12.00580       12.59980       13.27060       14.04420       14.90440       15.83790       16.83590       17.89420       19.06930       20.19870       21.36220       22.82550    
   10.61050       10.60820       10.60580       10.33250       9.797410       9.793340       9.922310       10.04420       10.06950       10.05960       10.18220       10.44050       10.44470       10.45470       10.49200       10.57890       10.74680       11.98310       12.94060       13.28140       13.93290       14.66840       15.47410       16.39750       17.30350       18.24850       19.09180       20.10940       21.17390       22.29160    
   10.60930       10.60820       10.33600       9.797410       9.795380       9.927890       10.05690       10.06950       10.06460       10.18790       10.44050       10.44260       10.44660       10.46380       10.50850       10.60590       11.94020       13.11100       13.28140       13.95330       14.64570       15.34090       16.08880       16.87430       17.58920       18.39710       19.22160       20.05920       20.91490       21.79380    
   10.60930       10.33770       9.797410       9.796390       9.930670       10.06320       10.06950       10.06700       10.19060       10.44050       10.44160       10.44320       10.45100       10.47300       10.52610       12.25350       13.19620       13.28140       14.64560       15.24550       15.63170       15.89800       16.56250       17.26720       17.95770       18.64240       19.31170       19.96270       20.60110       21.24430    
   10.33860       9.797410       9.796900       9.932060       10.06630       10.06950       10.06830       10.19190       10.44050       10.44100       10.44180       10.44530       10.45570       12.05590       13.56290       15.00280       15.01680       15.42120       15.90740       16.10230       15.84530       16.42870       17.09400       17.72020       18.32310       18.88710       19.40280       19.86750       20.28620       20.76020    
   9.797410       9.797160       9.932760       10.06790       10.06950       10.06890       10.19250       10.44050       10.44080       10.44110       10.44270       10.44760       13.30250       16.77700       16.77360       16.34820       16.79540       16.75210       16.51960       16.37440       16.35930       17.01840       17.60270       18.17650       18.69740       19.14680       19.51600       19.80450       20.09080       20.22180    
   9.797280       9.933110       10.06870       10.06950       10.06920       10.19290       10.44050       10.44060       10.44080       10.44150       12.49050       15.56050       16.37280       16.77870       16.78050       16.77360       16.80690       16.83870       16.75210       16.84970       16.91850       17.52580       18.11660       18.63840       19.09050       19.43500       19.66770       19.86060       19.89590       19.84510    
   9.933280       10.06910       10.06950       10.06930       10.19300       10.44050       10.44060       10.44060       10.44100       12.89880       15.56050       15.56050       15.56050       16.37480       16.78190       16.78740       16.77360       16.86330       16.92530       16.75210       17.36880       17.99690       18.59840       19.12370       19.50960       19.75670       19.90550       19.89730       19.80250       19.65850    
   10.06930       10.06950       10.06940       10.19310       10.44050       10.44050       10.44060       11.29610       13.03250       15.55970       15.56050       15.56050       15.56050       15.56050       16.37650       16.78470       16.80110       16.77360       17.00240       17.09850       17.74610       18.41250       19.05370       19.59930       19.97230       20.13010       20.10650       19.95830       19.75390       19.55180    
   10.06950       10.06950       10.19310       10.44050       10.44050       11.79010       13.81470       13.83850       13.86240       14.99240       15.55820       15.56050       15.56050       15.56050       15.56050       16.37340       16.77950       16.82860       16.77360       17.38540       18.05320       18.76020       19.38860       20.03030       20.43680       20.48920       20.27860       19.97570       19.66440       19.40290    
   10.06950       10.19310       10.44050       10.44050       12.05960       13.81400       13.81400       13.81470       13.83850       13.86240       14.98850       15.55370       15.56050       15.56050       15.56050       15.56050       16.35260       16.73630       16.88370       17.49720       17.99130       18.79580       19.64040       20.44940       20.92950       20.76530       20.31380       19.86160       19.45060       19.13420    
