iMOD/TUTORIALS/TUT_MetaswapAnalyser/model_MetaSWAP/meteo/Precipitation/Precipitation_20060817_L1.ASC
NCOLS                30
NROWS                30
XLLCORNER     160000.00
YLLCORNER     340000.00
CELLSIZE        1000.00
NODATA_VALUE   -9999.00
   0.000000       0.000000       0.000000       0.000000       0.000000       0.000000       0.000000      0.3022800      0.4950100      0.7407400       1.024920       1.333500       1.656320       1.979140       2.297100       2.600220       2.901590       3.146090       3.351410       3.519610       3.653520       3.754670       3.833720       3.886180       3.930900       3.964140       3.988940       4.007740       4.022340       4.034140    
   0.000000       0.000000       0.000000       0.000000       0.000000       0.000000       0.000000      0.3821300      0.5653100      0.8047300       1.087450       1.393970       1.716440       2.043720       2.366430       2.694410       2.973530       3.214250       3.417330       3.578020       3.702730       3.794740       3.865060       3.910400       3.948800       3.976890       3.997520       4.012890       4.014830       4.025650    
  0.2985900       0.000000       0.000000       0.000000       0.000000      0.2778200      0.3572200      0.4855300      0.6662200      0.8982900       1.172850       1.475520       1.798760       2.128680       2.457200       2.786060       3.068310       3.307190       3.498490       3.645140       3.757070       3.834540       3.885130       3.926670       3.956340       3.977470       3.981850       3.994660       4.004830       4.013430    
  0.3548200      0.3303300      0.3158100      0.3157300      0.3362500      0.3855800      0.4721700      0.6011900      0.7800300       1.005770       1.271860       1.570780       1.893710       2.229030       2.566330       2.899610       3.186810       3.420110       3.595400       3.720340       3.807140       3.862620       3.901850       3.918550       3.938710       3.953000       3.963370       3.971160       3.977210       3.982440    
  0.4197400      0.4030300      0.3976800      0.4077200      0.4387200      0.4972400      0.5900000      0.7233400      0.8991600       1.117850       1.375000       1.669060       1.991510       2.332990       2.685820       3.029720       3.321660       3.544790       3.692550       3.784310       3.832060       3.867500       3.888900       3.907070       3.916740       3.923030       3.927100       3.929510       3.931100       3.931600    
  0.4911300      0.4819700      0.4850300      0.5040700      0.5438100      0.6096200      0.7074000      0.8412000       1.010170       1.224030       1.475690       1.763400       2.083700       2.432860       2.794040       3.164300       3.483240       3.690750       3.793050       3.839840       3.854170       3.864720       3.868570       3.870800       3.871460       3.873580       3.872220       3.870040       3.867450       3.864010    
  0.5682400      0.5645500      0.5751100      0.6016900      0.6490200      0.7200000      0.8198300      0.9472200       1.117080       1.322780       1.565420       1.844260       2.158260       2.506270       2.873360       3.282110       3.660270       3.832180       3.856210       3.846220       3.836660       3.827510       3.819780       3.812050       3.806560       3.801620       3.796560       3.791640       3.787590       3.781250    
  0.6509900      0.6514000      0.6664000      0.6988600      0.7503900      0.8129700      0.9170800       1.049110       1.211920       1.408170       1.638550       1.903250       2.202350       2.537020       2.887060       3.300550       3.743820       3.853900       3.817220       3.787740       3.765080       3.748310       3.736080       3.725640       3.718340       3.711650       3.705470       3.698930       3.704440       3.692260    
  0.7315200      0.7356600      0.7573000      0.7920200      0.8313100      0.9073400       1.010810       1.138630       1.293330       1.477580       1.692000       1.936660       2.211180       2.481310       2.818880       3.168100       3.475160       3.625760       3.654240       3.647440       3.635840       3.626080       3.619040       3.612610       3.607980       3.603620       3.598530       3.607550       3.596460       3.584140    
  0.8102300      0.8182800      0.8436800      0.8617500      0.9176000      0.9931900       1.095770       1.215930       1.360530       1.530380       1.725540       1.945320       2.187950       2.408300       2.693560       2.968380       3.201440       3.346260       3.413840       3.440430       3.451470       3.467490       3.473590       3.478320       3.479600       3.480370       3.494810       3.488090       3.478540       3.466620    
  0.8116500      0.8240630      0.8661630      0.9409400      0.9974900       1.074690       1.168800       1.281120       1.414030       1.567700       1.741480       1.933680       2.083560       2.262640       2.512830       2.737610       2.928840       3.071620       3.167920       3.232460       3.278750       3.314110       3.341560       3.362290       3.392450       3.409490       3.411130       3.406750       3.396960       3.342510    
  0.8150040      0.8607040      0.9409400       1.036690       1.069230       1.144550       1.232910       1.335110       1.455340       1.591980       1.661530       1.833300       1.949000       2.158180       2.352540       2.529350       2.681430       2.804800       2.905100       2.989440       3.060970       3.120200       3.179780       3.217170       3.243930       3.259120       3.267210       3.267330       3.260270       3.246870    
  0.8570430      0.9409400       1.055230       1.104170       1.139110       1.207360       1.287130       1.380610       1.379180       1.504580       1.641680       1.721700       1.882900       2.043670       2.198660       2.334940       2.450570       2.549940       2.647060       2.750240       2.851460       2.935450       3.003380       3.055960       3.094610       3.120810       3.133890       3.138820       3.134750       3.122570    
  0.9409400       1.064230       1.121640       1.139110       1.202430       1.260820       1.201090       1.288580       1.387590       1.493130       1.611400       1.670210       1.805250       1.936470       2.057210       2.162060       2.244670       2.309190       2.398140       2.526630       2.649320       2.752840       2.842280       2.908370       2.957840       2.992540       3.012030       3.021540       3.020290       3.009190    
   1.068660       1.130370       1.139110       1.200790       1.260820       1.231060       1.231270       1.309580       1.396910       1.492000       1.514030       1.627220       1.739820       1.846920       1.942800       2.022950       2.077910       2.105640       2.177170       2.343530       2.482720       2.598510       2.692330       2.766390       2.822780       2.863350       2.889680       2.901120       2.902740       2.891000    
   1.134740       1.139110       1.200240       1.260820       1.241050       1.231270       1.270420       1.312590       1.396210       1.386340       1.482280       1.580040       1.676300       1.767100       1.849190       1.916710       1.967300       2.012500       2.093270       2.223470       2.353330       2.466240       2.561090       2.637740       2.697340       2.741240       2.770760       2.787120       2.789660       2.782920    
   1.139110       1.200060       1.260820       1.244380       1.231270       1.250850       1.271430       1.341390       1.386340       1.434310       1.493780       1.537470       1.622790       1.702910       1.770210       1.837410       1.897750       1.960240       2.042180       2.146770       2.257750       2.361510       2.452110       2.526570       2.586580       2.631800       2.663120       2.681550       2.688170       2.658730    
   1.200000       1.260820       1.245490       1.231270       1.241060       1.251180       1.312500       1.386340       1.410330       1.461460       1.510120       1.482770       1.561150       1.640830       1.712500       1.780280       1.845220       1.914470       1.994510       2.086020       2.182250       2.275020       2.358710       2.430350       2.487680       2.532460       2.564210       2.583730       2.592080       2.568600    
   1.260820       1.245860       1.231270       1.236160       1.241170       1.297770       1.386340       1.398330       1.447470       1.496440       1.482770       1.521960       1.570000       1.595260       1.664580       1.732850       1.802030       1.870730       1.948170       2.031690       2.117700       2.201240       2.277920       2.344790       2.400150       2.443350       2.473450       2.493070       2.481420       2.491580    
   1.245980       1.231270       1.233720       1.236200       1.290360       1.386340       1.392340       1.440900       1.489610       1.482770       1.502360       1.542500       1.595260       1.629920       1.664230       1.733150       1.801870       1.873640       1.952310       1.980390       2.059280       2.135700       2.206330       2.268500       2.320440       2.361240       2.409530       2.403330       2.413520       2.411160    
   1.231270       1.232490       1.233730       1.286650       1.386340       1.389340       1.437710       1.486190       1.482770       1.492570       1.530720       1.595260       1.612590       1.629800       1.675770       1.733080       1.802890       1.902770       1.955470       1.930560       2.004390       2.075540       2.141340       2.218640       2.266660       2.304090       2.312000       2.327380       2.334480       2.335040    
   1.231880       1.232500       1.284800       1.386340       1.387840       1.436130       1.484480       1.482770       1.487670       1.525330       1.595260       1.603920       1.612550       1.639390       1.679550       1.737250       1.862460       1.943020       1.930560       1.969530       1.973650       2.039620       2.100660       2.154450       2.197770       2.222660       2.243650       2.255540       2.259390       2.256380    
   1.231880       1.283880       1.386340       1.387090       1.435340       1.483620       1.482770       1.485220       1.522760       1.595260       1.599590       1.603910       1.618620       1.643830       1.685400       1.804970       1.936790       1.930560       1.921840       1.928830       1.963520       1.984140       2.047130       2.097200       2.133320       2.160410       2.177930       2.185980       2.185630       2.179070    
   1.283420       1.386340       1.386710       1.434950       1.483200       1.482770       1.483990       1.521500       1.595260       1.597430       1.599590       1.607380       1.622120       1.600580       1.672020       1.807970       1.808780       1.840620       1.875770       1.858440       1.884010       1.936190       2.001350       2.043340       2.077350       2.101810       2.115940       2.119810       2.114370       2.079840    
   1.386340       1.386530       1.434750       1.482980       1.482770       1.483380       1.520880       1.595260       1.596340       1.597420       1.601460       1.609690       1.546270       1.451820       1.454470       1.635500       1.678350       1.687010       1.787920       1.840040       1.832870       1.912600       1.949350       1.990940       2.023850       2.046240       2.057280       2.057110       2.027330       2.011410    
   1.386430       1.434650       1.482880       1.482770       1.483080       1.520570       1.595260       1.595800       1.596340       1.598410       1.452270       1.226380       1.374710       1.449430       1.449180       1.454470       1.600390       1.669690       1.687010       1.766180       1.803230       1.856700       1.906960       1.939150       1.972080       1.993040       2.001360       1.981690       1.968560       1.948140    
   1.434600       1.482820       1.482770       1.482920       1.520420       1.595260       1.595530       1.595800       1.596850       1.419960       1.226380       1.226380       1.226380       1.371190       1.444640       1.443880       1.454470       1.590370       1.652360       1.687010       1.741590       1.797080       1.850100       1.896210       1.921250       1.941240       1.935470       1.927300       1.911510       1.890420    
   1.482800       1.482770       1.482850       1.520340       1.595260       1.595400       1.595530       1.380630       1.272430       1.226090       1.226380       1.226380       1.226380       1.226380       1.364590       1.435560       1.433290       1.454470       1.567650       1.617720       1.673410       1.731870       1.789500       1.840450       1.877320       1.884000       1.882100       1.870220       1.852490       1.832350    
   1.482770       1.482810       1.520300       1.595260       1.595330       1.228610      0.6784900      0.7064070      0.7343300       1.061570       1.225500       1.226380       1.226380       1.226380       1.226380       1.352520       1.418920       1.412120       1.454470       1.511400       1.574400       1.642180       1.730720       1.791610       1.824540       1.834420       1.822710       1.806200       1.786810       1.767890    
   1.482790       1.520290       1.595260       1.595290       1.155150      0.6783790      0.6783790      0.6784900      0.7064000      0.7343300       1.060060       1.223750       1.226380       1.226380       1.226380       1.226380       1.331480       1.390190       1.369760       1.424330       1.530560       1.587600       1.652250       1.718990       1.767440       1.774260       1.760080       1.731530       1.710360       1.693630    
