iMOD/TUTORIALS/TUT_MetaswapAnalyser/model_MetaSWAP/meteo/Precipitation/Precipitation_20050529_L1.ASC
NCOLS                30
NROWS                30
XLLCORNER     160000.00
YLLCORNER     340000.00
CELLSIZE        1000.00
NODATA_VALUE   -9999.00
   1.573590       1.499690       1.413250       1.317690       1.224370       1.134260       1.058170      0.9886100      0.9234600      0.8798000      0.8612700      0.8497100      0.8396700      0.8303400      0.8250700      0.8257700      0.8299900      0.8426900      0.8602800      0.8844300      0.9148500      0.9522400      0.9940100       1.023070       1.075620       1.132130       1.191740       1.252990       1.313200       1.378360    
   1.485040       1.411450       1.319470       1.234240       1.152930       1.069400      0.9921900      0.9183400      0.8449400      0.8001200      0.7984200      0.7943400      0.7898300      0.7860400      0.7846400      0.7869700      0.7949600      0.8073800      0.8305200      0.8587000      0.8932700      0.9347200      0.9806500       1.015100       1.071980       1.133310       1.198640       1.267040       1.349070       1.420990    
   1.399470       1.330150       1.254430       1.182040       1.095180       1.018340      0.9453800      0.8764700      0.8149200      0.7764200      0.7625400      0.7559500      0.7518600      0.7478000      0.7463700      0.7495000      0.7590400      0.7758400      0.8003000      0.8320400      0.8726700      0.9179200      0.9506600       1.006010       1.066130       1.130910       1.213340       1.285140       1.371290       1.441710    
   1.329520       1.264590       1.195070       1.129290       1.055500      0.9840100      0.9165100      0.8526100      0.8015000      0.7640700      0.7437300      0.7310500      0.7230100      0.7163800      0.7137600      0.7159200      0.7255400      0.7440600      0.7716700      0.8072900      0.8494800      0.8830800      0.9368300       1.007310       1.068910       1.134400       1.203760       1.276990       1.363210       1.437740    
   1.272440       1.211730       1.154110       1.087200       1.020540      0.9560300      0.8954200      0.8410400      0.7950100      0.7597100      0.7358600      0.7192900      0.7066000      0.6967300      0.6855300      0.6845000      0.6992800      0.7199000      0.7521600      0.7932200      0.8244000      0.8754700      0.9316300      0.9913600       1.053400       1.118590       1.186700       1.269850       1.337200       1.399930    
   1.225980       1.174240       1.114520       1.053730      0.9934400      0.9352300      0.8805300      0.8317200      0.7893000      0.7564300      0.7293500      0.7082400      0.6912900      0.6773200      0.6660400      0.6595400      0.6635700      0.6851700      0.7224900      0.7685600      0.8055600      0.8585100      0.9154200      0.9740700       1.035170       1.099200       1.164110       1.241660       1.302200       1.356500    
   1.185470       1.137370       1.082620       1.027250      0.9723200      0.9196300      0.8702100      0.8253800      0.7881900      0.7545900      0.7265800      0.7031700      0.6830800      0.6649200      0.6488600      0.6342300      0.6280300      0.6526300      0.6986400      0.7396900      0.7911400      0.8446300      0.9000100      0.9583000       1.017200       1.077350       1.152220       1.209900       1.264790       1.313540    
   1.194000       1.101450       1.056720       1.006170      0.9564000      0.9053800      0.8630400      0.8246700      0.7877300      0.7553900      0.7274200      0.7031500      0.6816400      0.6616200      0.6431900      0.6246600      0.6068500      0.6372200      0.6828800      0.7323100      0.7830200      0.8350300      0.8883500      0.9439900      0.9996400       1.070790       1.125260       1.177960       1.231560       1.274450    
   1.167100       1.076630       1.030850      0.9900200      0.9403300      0.8969900      0.8587800      0.8240400      0.7895400      0.7588200      0.7317300      0.7078600      0.6866900      0.6675500      0.6510400      0.6376500      0.6344200      0.6545300      0.6914900      0.7351400      0.7817200      0.8301200      0.8798700      0.9317500      0.9980900       1.049070       1.098960       1.151760       1.195320       1.234750    
   1.145700       1.056560       1.014370      0.9672100      0.9310500      0.8914100      0.8606500      0.8255300      0.7934800      0.7646800      0.7391100      0.7166400      0.6971000      0.6809000      0.6675400      0.6607400      0.6676600      0.6816600      0.7091600      0.7449600      0.7853400      0.8293800      0.8744400      0.9206300      0.9824600       1.028850       1.079060       1.121430       1.160970       1.197020    
   1.129470       1.072210      0.9987550      0.9568800      0.9195100      0.8970700      0.8612000      0.8288700      0.7992700      0.7725900      0.7489600      0.7284400      0.7117600      0.6871700      0.6947500      0.6897300      0.6940800      0.7086500      0.7329700      0.7645200      0.8008200      0.8401100      0.8812300      0.9348900      0.9826400       1.026860       1.067000       1.104940       1.140130       1.161310    
   1.129080       1.039330      0.9568800      0.9286350      0.9149100      0.8918700      0.8593700      0.8337400      0.8065400      0.7820800      0.7398500      0.7246800      0.7112600      0.7270700      0.7169000      0.7143700      0.7194300      0.7329000      0.7534100      0.7798700      0.8107400      0.8446900      0.8947000      0.9326300      0.9703500       1.009080       1.044780       1.078520       1.109820       1.138320    
   1.076240      0.9568800      0.9319570      0.9190750      0.9232400      0.8915800      0.8627000      0.8358300      0.7801900      0.7648500      0.7489900      0.7772000      0.7593100      0.7464300      0.7380800      0.7370800      0.7425800      0.7544800      0.7724600      0.7945900      0.8299800      0.8609000      0.8933100      0.9264200      0.9595000      0.9919300       1.025220       1.054910       1.082470       1.107540    
  0.9568800      0.9333090      0.9211570      0.9232400      0.9028030      0.8935900      0.8239300      0.8031600      0.7846200      0.7504200      0.7395700      0.7919400      0.7759300      0.7647400      0.7587300      0.7574100      0.7622200      0.7737000      0.7891800      0.8137400      0.8379300      0.8643600      0.8760900      0.9015900      0.9276900      0.9538700      0.9822600       1.007500       1.031610       1.054330    
  0.9339070      0.9221990      0.9232400      0.9065440      0.8935900      0.8332430      0.7822100      0.7677500      0.7553600      0.7453000      0.8116200      0.7946700      0.7820000      0.7738400      0.7704100      0.7736900      0.7795600      0.7890300      0.8040300      0.8157500      0.8322500      0.8506800      0.8709700      0.8925100      0.9147400      0.9371900      0.9594800      0.9839800       1.005140       1.024650    
  0.9227190      0.9232400      0.9077910      0.8935900      0.8363480      0.7822100      0.7749800      0.7684400      0.7775050      0.8416100      0.8223000      0.8068800      0.7954900      0.7882900      0.7764600      0.7790400      0.7712900      0.7881000      0.8037700      0.8165400      0.8301000      0.8474800      0.8647300      0.8830100      0.9019200      0.9210900      0.9402200      0.9591000      0.9802800      0.9982000    
  0.9232400      0.9082070      0.8935900      0.8373830      0.7822100      0.7785950      0.7752100      0.7906340      0.8416100      0.8319550      0.8096980      0.8176900      0.7946200      0.7883700      0.7525300      0.7618900      0.7731500      0.7870400      0.8008600      0.8138500      0.8268800      0.8406600      0.8553200      0.8736300      0.8898400      0.9062200      0.9226100      0.9389100      0.9550800      0.9775600    
  0.9083460      0.8935900      0.8377270      0.7822100      0.7804020      0.7786720      0.7965120      0.8416100      0.8367830      0.8064250      0.7888500      0.7600100      0.7599100      0.7484400      0.7545400      0.7631300      0.7726300      0.7846900      0.7971600      0.8095700      0.8220100      0.8347500      0.8478800      0.8613500      0.8780100      0.8919800      0.9059200      0.9198600      0.9339400      0.9518600    
  0.8935900      0.8378420      0.7822100      0.7813060      0.7804280      0.7992990      0.8416100      0.8391960      0.8038510      0.7744300      0.7600100      0.7599600      0.7543000      0.7488400      0.7546400      0.7625400      0.7722000      0.7815100      0.7929700      0.8046600      0.8164300      0.8282900      0.8402100      0.8521200      0.8639500      0.8756500      0.8902100      0.9019300      0.9172300      0.9304800    
  0.8378810      0.7822100      0.7817580      0.7813150      0.8006610      0.8416100      0.8404030      0.8023780      0.7672200      0.7600100      0.7599850      0.7557770      0.7488400      0.7517400      0.7553400      0.7631270      0.7720830      0.7822270      0.7945900      0.7995000      0.8106700      0.8218000      0.8327500      0.8434000      0.8536700      0.8635200      0.8719600      0.8858300      0.8886600      0.9031400    
  0.7822100      0.7819840      0.7817610      0.8013360      0.8416100      0.8410070      0.8016030      0.7636150      0.7600100      0.7599970      0.7561530      0.7488400      0.7502900      0.7519730      0.7567360      0.7635170      0.7724790      0.7880230      0.7969050      0.7943100      0.8050700      0.8156900      0.8259400      0.8343100      0.8433600      0.8516500      0.8546100      0.8624200      0.8707600      0.8808100    
  0.7820970      0.7819850      0.8016730      0.8416100      0.8413080      0.8012080      0.7618130      0.7600100      0.7600040      0.7562500      0.7488400      0.7495650      0.7503680      0.7530000      0.7574080      0.7642440      0.7827870      0.7956070      0.7943100      0.7991170      0.7979700      0.8086000      0.8186500      0.8278500      0.8274700      0.8385400      0.8445600      0.8498800      0.8553600      0.8617700    
  0.7820970      0.8018410      0.8416100      0.8414590      0.8010100      0.7609110      0.7600100      0.7600070      0.7562760      0.7488400      0.7492020      0.7495910      0.7509770      0.7535920      0.7582170      0.7749570      0.7949590      0.7943100      0.7939270      0.7943300      0.7992660      0.8021400      0.8092400      0.8174600      0.8256200      0.8316600      0.8360100      0.8389600      0.8413200      0.8447600    
  0.8019260      0.8416100      0.8415350      0.8009100      0.7604610      0.7600100      0.7600080      0.7562830      0.7488400      0.7490210      0.7492110      0.7499240      0.7513870      0.7456420      0.7550860      0.7753620      0.7753850      0.7817570      0.7887790      0.7879500      0.7906900      0.7969300      0.8049900      0.8148100      0.8227000      0.8283100      0.8314800      0.8323300      0.8314300      0.8314700    
  0.8416100      0.8415720      0.8008600      0.7602350      0.7600100      0.7600090      0.7562850      0.7488400      0.7489310      0.7490240      0.7493850      0.7501740      0.7370950      0.7194440      0.7197800      0.7486080      0.7557430      0.7564600      0.7753100      0.7840570      0.7852100      0.7928800      0.8036300      0.8145400      0.8231900      0.8290500      0.8318000      0.8313900      0.8291400      0.8230700    
  0.8415910      0.8008350      0.7601230      0.7600100      0.7600100      0.7562860      0.7488400      0.7488850      0.7489320      0.7491130      0.7174690      0.6693800      0.7024530      0.7190760      0.7191090      0.7197800      0.7435240      0.7550250      0.7564600      0.7727750      0.7762700      0.7913300      0.8057600      0.8170600      0.8273400      0.8343400      0.8377200      0.8384400      0.8346200      0.8273700    
  0.8008220      0.7600660      0.7600100      0.7600100      0.7562860      0.7488400      0.7488630      0.7488860      0.7489770      0.7108550      0.6693800      0.6693800      0.6693800      0.7019120      0.7183390      0.7184380      0.7197800      0.7428330      0.7535900      0.7564600      0.7731600      0.7906400      0.8078900      0.8236100      0.8352200      0.8443100      0.8501000      0.8516200      0.8501200      0.8467800    
  0.7600380      0.7600100      0.7600100      0.7562870      0.7488400      0.7488510      0.7488630      0.7081910      0.6842580      0.6693290      0.6693800      0.6693800      0.6693800      0.6693800      0.7008190      0.7168000      0.7170950      0.7197800      0.7415000      0.7507200      0.7696300      0.7901800      0.8112600      0.8311100      0.8476500      0.8589500      0.8666300      0.8709100      0.8733700      0.8760700    
  0.7600100      0.7600100      0.7562870      0.7488400      0.7488460      0.6911490      0.6045900      0.5953150      0.5860400      0.6414610      0.6692270      0.6693800      0.6693800      0.6693800      0.6693800      0.6986590      0.7135240      0.7144100      0.7197800      0.7390400      0.7613900      0.7864500      0.8117600      0.8398000      0.8619900      0.8773100      0.8866300      0.8939700      0.9008700      0.9093900    
  0.7600100      0.7562870      0.7488400      0.7488430      0.6796120      0.6046010      0.6046010      0.6045900      0.5953130      0.5860400      0.6411980      0.6689200      0.6693800      0.6693800      0.6693800      0.6693800      0.6946370      0.7063830      0.7090400      0.7294900      0.7507000      0.7805100      0.8138500      0.8488500      0.8790000      0.8968400      0.9086000      0.9181300      0.9295400      0.9434800    
