iMOD/TUTORIALS/TUT_MetaswapAnalyser/model_MetaSWAP/meteo/Precipitation/Precipitation_20060810_L1.ASC
NCOLS                30
NROWS                30
XLLCORNER     160000.00
YLLCORNER     340000.00
CELLSIZE        1000.00
NODATA_VALUE   -9999.00
   5.179850       5.287160       5.401810       5.525140       5.648720       5.799700       5.951700       6.084020       6.152570       6.012680       5.648810       5.241920       4.848400       4.480470       4.168280       3.894360       3.649380       3.495460       3.385320       3.315000       3.275880       3.297990       3.299620       3.325200       3.337110       3.350360       3.365420       3.387030       3.426940       3.495840    
   5.193890       5.302750       5.424660       5.544880       5.661880       5.803660       5.948000       6.089020       6.222970       6.092260       5.593780       5.122930       4.695070       4.290430       3.954140       3.644160       3.424230       3.236590       3.131250       3.066770       3.035330       3.060110       3.067150       3.093460       3.105000       3.113400       3.117450       3.119300       3.105690       3.144220    
   5.201680       5.304310       5.410790       5.503730       5.622140       5.737080       5.844380       5.929940       5.950140       5.766510       5.362180       4.912320       4.473360       4.065630       3.700410       3.380240       3.151400       2.991820       2.894240       2.845370       2.833970       2.869520       2.901400       2.919780       2.934030       2.940320       2.912360       2.901040       2.870360       2.860150    
   5.190270       5.282460       5.374590       5.449660       5.539150       5.617170       5.672150       5.680820       5.605390       5.390250       5.050770       4.641240       4.223480       3.808410       3.440460       3.115840       2.882320       2.732510       2.656730       2.634630       2.645080       2.688470       2.749060       2.754200       2.777840       2.791070       2.791960       2.779400       2.744890       2.715530    
   5.162820       5.241700       5.301090       5.371300       5.429360       5.467030       5.471360       5.403290       5.280410       5.058120       4.777980       4.385060       3.965440       3.547050       3.174010       2.838510       2.582060       2.447070       2.404890       2.420230       2.474720       2.526670       2.609460       2.656260       2.691540       2.714940       2.726760       2.717500       2.723420       2.755400    
   5.123310       5.176310       5.233810       5.279630       5.307840       5.309940       5.247700       5.163240       5.096700       4.853830       4.533050       4.157210       3.746000       3.326510       2.927150       2.557900       2.291760       2.182310       2.197320       2.265360       2.356920       2.436400       2.536440       2.597460       2.645540       2.682380       2.709460       2.721810       2.758540       2.828040    
   5.083300       5.121940       5.160630       5.184290       5.146860       5.126950       5.068330       5.088480       4.907440       4.655890       4.344060       3.982470       3.585330       3.164280       2.756350       2.335280       1.998880       1.937910       2.045150       2.177520       2.293990       2.395080       2.480160       2.581540       2.640390       2.688090       2.714910       2.759450       2.817230       2.903150    
   5.022660       5.021370       5.035850       5.046550       5.034890       5.166970       5.095300       4.959900       4.764780       4.516140       4.216580       3.873010       3.494930       3.092000       2.698740       2.262130       1.838400       1.848100       2.021340       2.172210       2.301560       2.410730       2.501640       2.608250       2.673270       2.712700       2.764820       2.819830       2.889080       2.978520    
   4.919270       4.968990       4.981620       4.964480       5.161890       5.088400       5.007720       4.866520       4.671920       4.432380       4.150330       3.831280       3.483210       3.169310       2.776630       2.406910       2.128550       2.064630       2.152500       2.271190       2.385130       2.485730       2.571650       2.676480       2.725480       2.783390       2.838500       2.899280       2.967210       3.052910    
   4.882260       4.921450       4.922620       5.190710       5.118860       5.036420       4.963570       4.812990       4.625050       4.399920       4.140320       3.851620       3.541940       3.285060       2.954210       2.660020       2.448570       2.366370       2.385680       2.453350       2.534260       2.615510       2.686980       2.749560       2.826610       2.880490       2.935450       2.990150       3.052880       3.128960    
   4.887160       4.908780       5.052660       5.175870       5.114300       5.044530       4.941380       4.795790       4.619060       4.412220       4.178440       3.923330       3.756470       3.423740       3.144920       2.924050       2.765710       2.686340       2.674880       2.705640       2.755550       2.810670       2.864120       2.899180       2.945470       3.032420       3.076500       3.122350       3.173580       3.208840    
   4.883650       5.006120       5.175870       5.143440       5.113490       5.062210       4.961990       4.810600       4.648140       4.461880       4.189830       3.979550       3.863120       3.602000       3.391750       3.216100       3.088490       3.011080       2.979500       2.978440       2.995530       3.022030       3.041150       3.071070       3.100230       3.174410       3.206890       3.240680       3.277920       3.320870    
   4.980180       5.175870       5.157810       5.141800       5.170110       5.098290       4.993290       4.866950       4.622190       4.452510       4.284810       4.207010       4.007270       3.817510       3.647830       3.509020       3.407510       3.341670       3.297740       3.272130       3.250000       3.247290       3.252850       3.263050       3.275500       3.289040       3.355130       3.374480       3.395570       3.419420    
   5.175870       5.164940       5.155960       5.170110       5.136890       5.142280       4.910550       4.807810       4.689250       4.579710       4.434320       4.361570       4.195090       4.040050       3.904710       3.795500       3.722480       3.672760       3.627580       3.566610       3.523710       3.496260       3.501970       3.496960       3.495510       3.495720       3.545120       3.549240       3.552960       3.556300    
   5.168490       5.163030       5.170110       5.149760       5.142280       5.037970       5.061080       4.963380       4.853260       4.733030       4.714790       4.566080       4.422660       4.290720       4.176720       4.073000       4.015390       3.987390       3.946080       3.871410       3.809980       3.768990       3.739860       3.718370       3.701370       3.686700       3.672990       3.710480       3.697810       3.695870    
   5.166570       5.170110       5.154050       5.142280       5.080440       5.061080       5.012230       4.959240       4.884200       4.987140       4.861130       4.736690       4.618240       4.510550       4.412240       4.339840       4.308410       4.263800       4.214150       4.151360       4.095980       4.034680       3.995350       3.962370       3.933140       3.905680       3.878630       3.851120       3.872960       3.841740    
   5.170110       5.155480       5.142280       5.094600       5.061080       5.036650       5.010850       4.960700       4.987140       4.924140       4.922270       4.908760       4.803190       4.715710       4.701300       4.631120       4.560360       4.511730       4.462250       4.408450       4.355820       4.308120       4.265360       4.202790       4.162560       4.123090       4.083370       4.042860       4.001400       4.000140    
   5.155960       5.142280       5.099320       5.061080       5.048870       5.036190       4.998840       4.987140       4.955640       4.992880       5.013200       5.117640       5.029350       5.005310       4.934260       4.875240       4.801740       4.754780       4.708470       4.660400       4.611600       4.563650       4.516880       4.470590       4.399790       4.350010       4.298930       4.246590       4.193510       4.135780    
   5.142280       5.100890       5.061080       5.054970       5.048710       5.017760       4.987140       4.971390       5.023740       5.065420       5.117640       5.073490       5.092330       5.217040       5.159400       5.111140       5.071180       4.994800       4.953550       4.910940       4.866360       4.819910       4.771460       4.720510       4.666440       4.608870       4.524110       4.460610       4.391560       4.325000    
   5.101420       5.061080       5.058030       5.054920       5.027150       4.987140       4.979260       5.038290       5.091530       5.117640       5.095570       5.125130       5.217040       5.188220       5.162530       5.113910       5.059040       5.006510       5.086350       5.161180       5.121710       5.078160       5.029830       4.976020       4.916260       4.850500       4.779510       4.697500       4.594140       4.504650    
   5.061080       5.059550       5.058010       5.031810       4.987140       4.983200       5.045380       5.104580       5.117640       5.106600       5.138840       5.217040       5.202630       5.189260       5.154880       5.111820       5.059820       5.169890       5.286230       5.411290       5.378290       5.339220       5.292690       5.237820       5.173560       5.100230       4.980460       4.894920       4.808480       4.726010    
   5.060320       5.059550       5.034130       4.987140       4.985170       5.048900       5.111110       5.117640       5.112120       5.145030       5.217040       5.209840       5.202980       5.182260       5.151990       5.108840       5.220320       5.348760       5.411290       5.475340       5.636450       5.603720       5.560840       5.506090       5.403840       5.321300       5.229300       5.129950       5.027720       4.928280    
   5.060310       5.035280       4.987140       4.986160       5.050640       5.114380       5.117640       5.114880       5.147960       5.217040       5.213440       5.209950       5.198360       5.179080       5.147700       5.402870       5.380030       5.411290       5.795330       5.941060       5.893460       5.867660       5.804720       5.750520       5.677440       5.588600       5.485190       5.370310       5.249170       5.129490    
   5.035860       4.987140       4.986650       5.051520       5.116010       5.117640       5.116260       5.149380       5.217040       5.215240       5.213480       5.207250       5.195790       5.711710       6.011000       6.150560       6.153180       6.195540       6.256360       6.353620       6.245680       6.113780       6.086400       6.034620       5.961630       5.866660       5.751230       5.619050       5.475740       5.368190    
   4.987140       4.986890       5.051950       5.116820       5.117640       5.116950       5.150080       5.217040       5.216140       5.215250       5.211990       5.205510       6.153410       7.324980       7.321690       6.864110       6.918480       6.895080       6.619640       6.474390       6.461560       6.471650       6.372040       6.328290       6.256860       6.156200       6.028240       5.877700       5.746760       5.563340    
   4.987020       5.052170       5.117230       5.117640       5.117300       5.150430       5.217040       5.216590       5.216140       5.214460       6.025690       7.247840       7.301150       7.327310       7.328260       7.321690       7.063070       6.941870       6.895080       6.755450       6.715940       6.736220       6.736330       6.630680       6.563490       6.457580       6.316150       6.178600       5.986750       5.779860    
   5.052280       5.117440       5.117640       5.117470       5.150600       5.217040       5.216810       5.216590       5.215730       6.190390       7.247840       7.247840       7.247840       7.304460       7.331970       7.334840       7.321690       7.093630       6.988670       6.895080       6.949220       6.993830       7.017350       7.005520       6.881450       6.769710       6.636660       6.448660       6.238480       6.020000    
   5.117540       5.117640       5.117550       5.150690       5.217040       5.216930       5.216820       5.670580       6.346580       7.247680       7.247840       7.247840       7.247840       7.247840       7.309780       7.339390       7.347990       7.321690       7.169100       7.082250       7.161650       7.236440       7.292580       7.308480       7.262760       7.102460       6.929210       6.716250       6.487270       6.260660    
   5.117640       5.117600       5.150730       5.217040       5.216980       6.012670       7.206240       7.119720       7.033200       7.175860       7.247360       7.247840       7.247840       7.247840       7.247840       7.317040       7.348490       7.374280       7.321690       7.377380       7.447610       7.526510       7.557180       7.588470       7.582590       7.454810       7.208550       6.962010       6.711590       6.475230    
   5.117620       5.150750       5.217040       5.217010       6.171890       7.206300       7.206300       7.206240       7.119720       7.033200       7.175030       7.246400       7.247840       7.247840       7.247840       7.247840       7.323820       7.349510       7.426870       7.492090       7.471340       7.613500       7.764680       7.898600       7.917920       7.721230       7.428150       7.170390       6.888580       6.644280    
