iMOD/TUTORIALS/TUT_MetaswapAnalyser/model_MetaSWAP/meteo/Precipitation/Precipitation_20051231_L1.ASC
NCOLS                30
NROWS                30
XLLCORNER     160000.00
YLLCORNER     340000.00
CELLSIZE        1000.00
NODATA_VALUE   -9999.00
   2.614040       2.593940       2.570130       2.547390       2.540160       2.564770       2.630170       2.714580       2.797420       2.852830       2.874150       2.886450       2.900980       2.915630       2.942620       2.988150       3.037510       3.093770       3.163380       3.243850       3.334580       3.432450       3.541180       3.656570       3.780350       3.909240       4.039820       4.165010       4.270580       4.335900    
   2.669770       2.660230       2.640680       2.638960       2.656480       2.693870       2.758440       2.843000       2.938810       3.001400       3.008470       3.019460       3.037000       3.063090       3.095020       3.137140       3.187500       3.251380       3.320190       3.401560       3.493060       3.592230       3.703370       3.823430       3.955160       4.097180       4.248590       4.405740       4.546350       4.662490    
   2.720950       2.722310       2.726960       2.747520       2.760080       2.804610       2.868100       2.945960       3.025500       3.084490       3.112940       3.132370       3.160900       3.188910       3.226920       3.273250       3.326900       3.389710       3.461980       3.543760       3.632110       3.730680       3.840130       3.962410       4.097220       4.246130       4.399580       4.583250       4.787470       4.984720    
   2.773370       2.784040       2.799190       2.833320       2.866230       2.912310       2.971070       3.028190       3.094490       3.153680       3.195990       3.224910       3.261100       3.299340       3.342640       3.392540       3.448960       3.513330       3.585980       3.666800       3.755780       3.848950       3.953750       4.059660       4.190930       4.337470       4.501730       4.686260       4.896380       5.119250    
   2.824700       2.842830       2.881660       2.910520       2.948190       2.995520       3.051460       3.106300       3.170180       3.227470       3.257050       3.304990       3.346920       3.393890       3.444300       3.497440       3.550970       3.615340       3.686790       3.764600       3.846210       3.936790       4.032660       4.138350       4.257380       4.389200       4.534600       4.696500       4.855450       4.982350    
   2.873440       2.918600       2.946030       2.979500       3.020060       3.067870       3.125560       3.171520       3.185180       3.254370       3.316870       3.374940       3.421710       3.479210       3.531960       3.587030       3.645610       3.710800       3.781880       3.856230       3.931150       4.011520       4.094360       4.186060       4.285620       4.391980       4.506840       4.627240       4.729420       4.789770    
   2.948580       2.973080       3.004440       3.041060       3.088820       3.136610       3.189120       3.159290       3.231520       3.301730       3.369630       3.434870       3.497690       3.553600       3.611860       3.669190       3.726300       3.792840       3.864100       3.931580       3.998430       4.064910       4.132920       4.201430       4.276530       4.355310       4.440180       4.513200       4.567460       4.587060    
   2.975520       3.033660       3.064310       3.102810       3.146170       3.061600       3.126480       3.196740       3.269200       3.342350       3.415080       3.486680       3.556650       3.627920       3.683440       3.745290       3.800660       3.869360       3.937060       3.996820       4.049940       4.098780       4.145750       4.190050       4.237700       4.291160       4.335540       4.371400       4.387100       4.379910    
   3.021210       3.080860       3.116520       3.153060       3.029970       3.088960       3.154160       3.225160       3.299240       3.375300       3.452480       3.530000       3.607050       3.686290       3.749000       3.819490       3.885070       3.949070       4.005980       4.051930       4.087330       4.114900       4.137720       4.155450       4.180130       4.196830       4.209260       4.209470       4.200410       4.171590    
   3.056780       3.123760       3.160790       2.994890       3.049200       3.108380       3.173370       3.245240       3.320830       3.399520       3.480690       3.563700       3.647700       3.729110       3.816270       3.886210       3.960650       4.021580       4.068040       4.097640       4.111950       4.114370       4.110540       4.103080       4.095880       4.083530       4.063210       4.040740       4.007890       3.961440    
   3.066310       3.113780       3.071550       3.006780       3.060980       3.116660       3.184230       3.256510       3.333150       3.413840       3.498280       3.586040       3.673130       3.708200       3.825370       3.923450       4.009270       4.082140       4.128740       4.147170       4.142100       4.121240       4.091500       4.062470       4.022570       3.978640       3.936760       3.889820       3.835520       3.749820    
   3.066500       3.064610       3.006780       3.046430       3.065600       3.118440       3.185430       3.258490       3.335390       3.417110       3.403510       3.506760       3.602870       3.725420       3.848610       3.959760       4.059310       4.135590       4.175040       4.172230       4.138040       4.086450       4.029040       3.967460       3.905500       3.838920       3.775270       3.708990       3.638500       3.562600    
   3.040280       3.006780       3.041130       3.058970       3.052350       3.112770       3.178810       3.249820       3.188010       3.281860       3.380480       3.481190       3.594830       3.715360       3.849480       3.974980       4.092690       4.181160       4.215770       4.182480       4.114580       4.029840       3.942000       3.855380       3.771100       3.688830       3.602970       3.521080       3.437670       3.351800    
   3.006780       3.038980       3.055660       3.052350       3.088220       3.099540       2.990290       3.067750       3.151540       3.246510       3.343780       3.441700       3.556110       3.679280       3.811300       3.957370       4.098700       4.218970       4.245690       4.170140       4.056400       3.940220       3.807620       3.697880       3.593850       3.494570       3.395610       3.302150       3.210120       3.118710    
   3.038030       3.054010       3.052350       3.080040       3.099540       3.018410       2.965410       3.038360       3.117510       3.203290       3.290770       3.392070       3.501780       3.620580       3.749170       3.893740       4.041710       4.200790       4.242640       4.074950       3.932440       3.793100       3.662750       3.540280       3.424580       3.314590       3.209350       3.104690       3.006410       2.912260    
   3.053180       3.052350       3.077310       3.099540       3.027790       2.965410       3.001880       3.040430       3.123260       3.133860       3.221140       3.315400       3.417010       3.526200       3.641160       3.765070       3.881700       3.990210       4.000380       3.889580       3.748760       3.620530       3.487910       3.361030       3.239890       3.124190       3.013550       2.907700       2.803340       2.706510    
   3.052350       3.076400       3.099540       3.030910       2.965410       2.983650       3.002570       3.074860       3.133860       3.177500       3.192840       3.221550       3.308190       3.403860       3.475580       3.575680       3.671580       3.727630       3.721010       3.646380       3.533260       3.406160       3.276300       3.164740       3.043070       2.925520       2.812660       2.704990       2.603000       2.504180    
   3.076100       3.099540       3.031950       2.965410       2.974530       2.983880       3.048730       3.133860       3.155680       3.144670       3.146900       3.072260       3.154290       3.230330       3.309320       3.382110       3.445920       3.471540       3.454770       3.393810       3.300350       3.188650       3.068770       2.946540       2.840210       2.723610       2.610840       2.503230       2.402140       2.308440    
   3.099540       3.032300       2.965410       2.969970       2.974610       3.035250       3.133860       3.144770       3.123210       3.109580       3.072260       3.113280       3.132910       3.074750       3.133030       3.182350       3.215780       3.228910       3.204600       3.148850       3.067120       2.967530       2.857360       2.741990       2.625100       2.509400       2.410950       2.304360       2.204410       2.110090    
   3.032420       2.965410       2.967690       2.969990       3.028420       3.133860       3.139320       3.113000       3.090920       3.072260       3.092770       3.098300       3.074750       3.103890       3.130040       3.177050       3.209010       3.216430       3.039770       2.916860       2.842120       2.751290       2.649350       2.540610       2.428490       2.315860       2.198730       2.091450       1.996500       1.921370    
   2.965410       2.966550       2.967700       3.024990       3.133860       3.136590       3.108010       3.081590       3.072260       3.082510       3.084520       3.074750       3.089320       3.102890       3.137000       3.172040       3.200830       2.994620       2.808250       2.699640       2.629360       2.544970       2.449810       2.342440       2.234460       2.124610       2.017340       1.911900       1.814050       1.728200    
   2.965980       2.966550       3.023270       3.133860       3.135220       3.105530       3.076930       3.072260       3.077390       3.078510       3.074750       3.082040       3.088990       3.109740       3.137310       3.169950       2.964220       2.753940       2.699640       2.586040       2.429130       2.349060       2.258940       2.161060       2.059760       1.957040       1.848310       1.741900       1.641790       1.551830    
   2.965980       3.022420       3.133860       3.134540       3.104290       3.074590       3.072260       3.074820       3.075730       3.074750       3.078390       3.081920       3.093590       3.112010       3.139000       2.841560       2.726790       2.699640       2.388550       2.257980       2.211650       2.176920       2.094470       2.000940       1.902570       1.798100       1.690800       1.583450       1.479720       1.385750    
   3.021990       3.133860       3.134200       3.103680       3.073430       3.072260       3.073540       3.074390       3.074750       3.076570       3.078360       3.084630       3.095840       2.717300       2.433210       2.213250       2.209530       2.147850       2.069400       2.010540       2.086820       2.016340       1.940100       1.850960       1.755750       1.655330       1.550710       1.443310       1.335580       1.231720    
   3.133860       3.134030       3.103370       3.072840       3.072260       3.072900       3.073740       3.074750       3.075660       3.076560       3.079850       3.086280       2.387210       1.520940       1.524610       1.768820       1.703420       1.719410       1.862230       1.939700       1.934250       1.872750       1.795890       1.713390       1.624930       1.530800       1.431270       1.326760       1.217280       1.106220    
   3.133950       3.103210       3.072550       3.072260       3.072580       3.073410       3.074750       3.075210       3.075660       3.077360       2.340910       1.230930       1.421280       1.517320       1.517270       1.524610       1.637720       1.687430       1.719410       1.779280       1.798040       1.734700       1.666090       1.590420       1.510390       1.424900       1.333860       1.236680       1.134390       1.026750    
   3.103140       3.072410       3.072260       3.072420       3.073250       3.074750       3.074980       3.075200       3.076070       2.191160       1.230930       1.230930       1.230930       1.415930       1.510080       1.509940       1.524610       1.619430       1.655450       1.719410       1.665440       1.608030       1.546930       1.481820       1.410790       1.336390       1.257150       1.173470       1.086240      0.9981000    
   3.072330       3.072260       3.072340       3.073170       3.074750       3.074860       3.074980       2.512300       1.915040       1.230660       1.230930       1.230930       1.230930       1.230930       1.405440       1.495700       1.495260       1.524610       1.578270       1.591490       1.542040       1.491010       1.438080       1.382840       1.325380       1.262640       1.198060       1.131200       1.063890       1.000690    
   3.072260       3.072300       3.073130       3.074750       3.074810       2.178230      0.8333200      0.8281260      0.8229400       1.094190       1.230110       1.230930       1.230930       1.230930       1.230930       1.385180       1.467230       1.465910       1.524610       1.477570       1.431250       1.385480       1.341970       1.293740       1.247500       1.200440       1.151520       1.103000       1.056260       1.015710    
   3.072280       3.073110       3.074750       3.074780       1.998820      0.8332420      0.8332420      0.8333200      0.8281190      0.8229400       1.092780       1.228460       1.230930       1.230930       1.230930       1.230930       1.347310       1.411170       1.407220       1.362830       1.325440       1.285030       1.246970       1.210740       1.176460       1.144340       1.113020       1.083150       1.055570       1.034240    
