iMOD/TUTORIALS/TUT_MetaswapAnalyser/model_MetaSWAP/meteo/Precipitation/Precipitation_20060825_L1.ASC
NCOLS                30
NROWS                30
XLLCORNER     160000.00
YLLCORNER     340000.00
CELLSIZE        1000.00
NODATA_VALUE   -9999.00
   3.612860       3.419020       3.212800       3.032360       2.971210       3.255620       3.966400       4.941440       5.967350       6.653900       6.849300       6.895850       6.928750       7.004130       7.136620       7.357500       7.668190       8.119660       8.704860       9.427260       10.28570       11.28020       12.39560       13.62630       14.95900       16.37290       17.82980       19.25510       20.50220       21.31750    
   3.899140       3.766220       3.615030       3.571140       3.658430       4.014310       4.670770       5.594310       6.730610       7.433650       7.300790       7.197560       7.147740       7.162920       7.249410       7.417620       7.716360       8.153040       8.728220       9.449830       10.31630       11.32830       12.47520       13.75730       15.17150       16.71250       18.36540       20.08860       21.73690       23.02380    
   4.188710       4.118380       4.085130       4.102950       4.243480       4.615080       5.198760       5.967430       6.790930       7.310030       7.347430       7.260590       7.186630       7.163680       7.210100       7.349080       7.618360       8.033650       8.605410       9.333500       10.21080       11.23870       12.40750       13.72130       15.18480       16.80550       18.56890       20.52910       22.64480       24.73890    
   4.493060       4.472320       4.495140       4.556510       4.763120       5.103600       5.580120       6.113720       6.656500       7.015350       7.154580       7.116090       7.049100       7.008060       7.022980       7.126840       7.361530       7.761980       8.338210       9.080570       9.974230       11.00790       12.18560       13.48080       14.94590       16.57140       18.37100       20.36000       22.54980       24.88930    
   4.794120       4.807170       4.815220       4.935220       5.135900       5.426760       5.797560       6.130480       6.520010       6.793580       6.852880       6.875350       6.811850       6.743510       6.712050       6.764920       6.945620       7.332280       7.927020       8.695560       9.605680       10.64190       11.80430       13.08790       14.50210       16.04980       17.72870       19.51630       21.31970       22.81020    
   5.080810       5.053430       5.124890       5.244690       5.421520       5.655560       5.876330       6.124270       6.273470       6.475350       6.579960       6.590380       6.511990       6.416040       6.345770       6.292550       6.395580       6.779350       7.427590       8.241590       9.168840       10.19460       11.32090       12.54240       13.86180       15.27460       16.75130       18.23420       19.58450       20.52670    
   5.115860       5.317570       5.389340       5.496390       5.565040       5.748060       5.951640       5.933680       6.123960       6.262670       6.326370       6.314230       6.236760       6.075440       5.958450       5.783580       5.718940       6.135750       6.898420       7.761070       8.689540       9.684300       10.74890       11.88790       13.08680       14.33170       15.58540       16.77600       17.78860       18.43410    
   4.991920       5.266790       5.518290       5.610040       5.725490       5.569230       5.711480       5.860420       5.991040       6.075120       6.100790       6.064710       5.970520       5.793000       5.645780       5.412580       5.159900       5.653000       6.473580       7.322160       8.210120       9.145930       10.13220       11.16960       12.23760       13.31690       14.36500       15.31830       16.08560       16.55750    
   4.971120       5.440320       5.504890       5.769900       5.498780       5.608690       5.698240       5.792040       5.871000       5.911680       5.905760       5.850470       5.748510       5.640250       5.455720       5.295590       5.264190       5.593270       6.214640       6.950600       7.750990       8.602530       9.496560       10.42610       11.36570       12.29140       13.16530       13.93570       14.53420       14.89690    
   5.083170       5.591850       5.642140       5.318340       5.555890       5.629790       5.663620       5.725710       5.764170       5.770560       5.739490       5.669920       5.566220       5.532350       5.339180       5.244060       5.287800       5.543030       6.005130       6.608990       7.304740       8.062420       8.861370       9.681490       10.50640       11.29870       12.03050       12.65760       13.13610       13.42370    
   5.228200       5.439050       5.480840       5.371020       5.427120       5.606970       5.636040       5.663980       5.670310       5.649320       5.597790       5.516280       5.544160       5.359990       5.197600       5.140090       5.184080       5.384220       5.746880       6.249980       6.857100       7.532510       8.246150       8.972660       9.688930       10.37090       10.98470       11.50190       11.89010       12.11630    
   5.226810       5.379780       5.371020       5.413960       5.443970       5.440240       5.454250       5.608370       5.588840       5.545510       5.425390       5.338750       5.362220       5.225040       5.048950       4.976900       4.985340       5.115920       5.403310       5.839930       6.388060       7.002300       7.647140       8.293220       8.919020       9.506890       10.02640       10.45730       10.77620       10.96390    
   5.260330       5.371020       5.406880       5.428840       5.413710       5.412050       5.417120       5.408280       5.328950       5.392900       5.315370       5.392900       5.243340       5.085930       4.881530       4.766540       4.703620       4.746280       4.968570       5.381020       5.910770       6.489870       7.080760       7.660310       8.210580       8.714680       9.159750       9.520290       9.783200       9.934650    
   5.371020       5.403220       5.421280       5.413710       5.407480       5.396690       5.315850       5.293400       5.254880       5.188970       5.113310       5.294980       5.132760       4.957530       4.773900       4.549130       4.389780       4.293840       4.447680       4.907790       5.458010       6.018130       6.606640       7.135910       7.627030       8.068260       8.449260       8.753320       8.969780       9.088240    
   5.401360       5.417490       5.413710       5.405960       5.396690       5.316030       5.235560       5.201970       5.153530       5.088310       5.203080       5.070740       4.921340       4.755220       4.572290       4.380880       4.152710       3.889030       3.946360       4.549600       5.119630       5.657820       6.164190       6.634780       7.063530       7.442750       7.763700       8.019240       8.196910       8.303050    
   5.415600       5.413710       5.405450       5.396690       5.316090       5.235560       5.218770       5.197020       5.175600       5.258590       5.137060       4.999870       4.846680       4.677390       4.460000       4.269540       4.018380       3.885450       3.993650       4.403540       4.880050       5.346650       5.787510       6.195170       6.563700       6.886850       7.157890       7.369920       7.517490       7.592510    
   5.413710       5.405280       5.396690       5.316110       5.235560       5.227160       5.217110       5.212490       5.258590       5.197830       5.023500       4.948270       4.743410       4.591610       4.367620       4.222400       4.064020       4.018380       4.121990       4.388710       4.740960       5.114150       5.477760       5.816190       6.122520       6.389740       6.612120       6.784440       6.902110       6.961360    
   5.405230       5.396690       5.316120       5.235560       5.231360       5.226610       5.228840       5.258590       5.228210       5.022920       4.860980       4.773700       4.650160       4.491590       4.368910       4.255010       4.133520       4.123410       4.209010       4.394090       4.647150       4.929880       5.214980       5.485800       5.731160       5.945010       6.121890       6.257770       6.349790       6.398380    
   5.396690       5.316120       5.235560       5.233460       5.231180       5.236350       5.258590       5.243400       5.020150       4.817340       4.773700       4.711930       4.600830       4.487870       4.383660       4.293430       4.233150       4.190360       4.254660       4.384000       4.562980       4.769360       4.983180       5.189660       5.378540       5.542720       5.676350       5.777940       5.849760       5.888520    
   5.316120       5.235560       5.234510       5.233400       5.239890       5.258590       5.250990       5.018270       4.795520       4.773700       4.742820       4.643580       4.487870       4.435770       4.388320       4.303410       4.238980       4.226060       4.294420       4.350340       4.472070       4.615910       4.768090       4.916960       5.053520       5.171210       5.269480       5.345860       5.387980       5.409010    
   5.235560       5.235030       5.234490       5.241600       5.258590       5.254790       5.017230       4.784610       4.773700       4.758260       4.661990       4.487870       4.461820       4.437320       4.375830       4.310240       4.256150       4.274750       4.321550       4.292760       4.368030       4.460150       4.559810       4.669050       4.756510       4.829760       4.899760       4.931400       4.945910       4.948290    
   5.235300       5.235030       5.242430       5.258590       5.256690       5.016690       4.779160       4.773700       4.765980       4.670450       4.487870       4.474840       4.462340       4.424990       4.374460       4.314070       4.288210       4.307150       4.292760       4.310370       4.270330       4.315260       4.366780       4.418590       4.464430       4.516200       4.531490       4.530930       4.516040       4.497520    
   5.235300       5.242840       5.258590       5.257640       5.016420       4.776430       4.773700       4.769840       4.674500       4.487870       4.481360       4.475020       4.454060       4.420600       4.371180       4.258410       4.299960       4.292760       4.166030       4.137660       4.136380       4.136350       4.149800       4.164070       4.204930       4.197590       4.182060       4.150830       4.103680       4.048100    
   5.243040       5.258590       5.258120       5.016280       4.775060       4.773700       4.771770       4.676480       4.487870       4.484610       4.481410       4.470140       4.449890       4.227430       4.083110       4.011600       4.015330       3.997390       3.976150       3.923350       4.004990       3.954960       3.978050       3.948960       3.921920       3.891710       3.851590       3.794460       3.715530       3.619740    
   5.258590       5.258350       5.016210       4.774380       4.773700       4.772730       4.677450       4.487870       4.486240       4.484630       4.478720       4.467150       4.093140       3.660750       3.663910       3.772940       3.719530       3.737890       3.814140       3.867440       3.841700       3.839210       3.751590       3.692940       3.641820       3.593250       3.538590       3.466690       3.367040       3.230200    
   5.258470       5.016180       4.774040       4.773700       4.773220       4.677940       4.487870       4.487060       4.486250       4.483200       4.058950       3.432130       3.581800       3.657470       3.657590       3.663910       3.693010       3.701170       3.737890       3.727880       3.755630       3.634950       3.525530       3.426340       3.356410       3.298860       3.243060       3.172760       3.075270       2.933310    
   5.016160       4.773870       4.773700       4.773460       4.678180       4.487870       4.487460       4.487060       4.485500       3.978530       3.432130       3.432130       3.432130       3.576850       3.650910       3.651270       3.663910       3.669070       3.664450       3.737890       3.576290       3.418870       3.273700       3.151440       3.059220       3.002700       2.958210       2.913560       2.845900       2.747160    
   4.773790       4.773700       4.773580       4.678300       4.487870       4.487670       4.487460       4.208400       3.861490       3.431990       3.432130       3.432130       3.432130       3.432130       3.566780       3.637570       3.638620       3.663910       3.610040       3.591010       3.394060       3.195800       3.007760       2.849820       2.737000       2.692220       2.684440       2.680520       2.660990       2.623900    
   4.773700       4.773640       4.678360       4.487870       4.487770       4.045460       3.382170       3.377880       3.373590       3.412250       3.431720       3.432130       3.432130       3.432130       3.432130       3.546140       3.610170       3.613340       3.663910       3.447370       3.216720       2.975100       2.719350       2.514470       2.390620       2.373140       2.416800       2.467050       2.500600       2.519050    
   4.773670       4.678390       4.487870       4.487820       3.957040       3.382110       3.382110       3.382170       3.377870       3.373590       3.411570       3.430910       3.432130       3.432130       3.432130       3.432130       3.503640       3.553270       3.562760       3.324130       3.036220       2.761880       2.467630       2.178650       2.002220       2.047570       2.171650       2.281800       2.357540       2.417180    
