iMOD/TUTORIALS/TUT_MetaswapAnalyser/model_MetaSWAP/meteo/Precipitation/Precipitation_20060923_L1.ASC
NCOLS                30
NROWS                30
XLLCORNER     160000.00
YLLCORNER     340000.00
CELLSIZE        1000.00
NODATA_VALUE   -9999.00
   0.000000       0.000000       0.000000       0.000000       0.000000       0.000000      0.8339000E-01  0.1545400      0.2449600      0.3121100      0.3300600      0.3291600      0.3207200      0.3047700      0.2882800      0.2708600      0.2431100      0.2220100      0.1979200      0.1734600      0.1493300      0.1236800      0.1020700      0.8468000E-01  0.6684000E-01   0.000000       0.000000       0.000000       0.000000       0.000000    
   0.000000       0.000000       0.000000       0.000000       0.000000      0.7722000E-01  0.1267600      0.2061500      0.3175600      0.3922000      0.3743400      0.3567200      0.3387700      0.3175400      0.2960700      0.2675700      0.2435000      0.2151100      0.1922700      0.1678600      0.1441600      0.1193700      0.9829000E-01  0.8107000E-01  0.6347000E-01   0.000000       0.000000       0.000000       0.000000       0.000000    
   0.000000       0.000000      0.5420000E-01  0.6313000E-01  0.7951000E-01  0.1112300      0.1625100      0.2356600      0.3221500      0.3775900      0.3794000      0.3646000      0.3458200      0.3211000      0.2949200      0.2646900      0.2386500      0.2129900      0.1880000      0.1638000      0.1424000      0.1182400      0.9987000E-01  0.8025000E-01  0.6258000E-01   0.000000       0.000000       0.000000       0.000000       0.000000    
  0.6029000E-01  0.6479000E-01  0.7255000E-01  0.8569000E-01  0.1071500      0.1403100      0.1874600      0.2459300      0.3076100      0.3484000      0.3619600      0.3563900      0.3412100      0.3169800      0.2918500      0.2621300      0.2353000      0.2095700      0.1851300      0.1618000      0.1393800      0.1222400      0.9962000E-01  0.8425000E-01  0.6587000E-01   0.000000       0.000000       0.000000       0.000000       0.000000    
  0.7334000E-01  0.8033000E-01  0.9091000E-01  0.1067300      0.1297900      0.1617500      0.2028000      0.2479400      0.2938500      0.3278200      0.3479400      0.3456100      0.3335400      0.3122700      0.2852900      0.2569700      0.2330900      0.2082500      0.1854100      0.1636800      0.1465000      0.1253300      0.1030600      0.8463000E-01  0.6665000E-01   0.000000       0.000000       0.000000       0.000000       0.000000    
  0.8673000E-01  0.9568000E-01  0.1081400      0.1253000      0.1483000      0.1776800      0.2092200      0.2479300      0.2878000      0.3172400      0.3311200      0.3322000      0.3223400      0.3025700      0.2803100      0.2521800      0.2248400      0.2014600      0.1813000      0.1618900      0.1457800      0.1257700      0.1043500      0.8547000E-01  0.6807000E-01  0.5308000E-01   0.000000       0.000000       0.000000       0.000000    
  0.9809000E-01  0.1102300      0.1237600      0.1412500      0.1588300      0.1854600      0.2154700      0.2530800      0.2848400      0.3061700      0.3180500      0.3196600      0.3117000      0.2948000      0.2744500      0.2451500      0.2154600      0.1948100      0.1790600      0.1651500      0.1470000      0.1278500      0.1085600      0.8843000E-01  0.7132000E-01  0.5619000E-01   0.000000       0.000000       0.000000       0.000000    
  0.9668000E-01  0.1159600      0.1325500      0.1498300      0.1705400      0.1971600      0.2279900      0.2580600      0.2810700      0.2986300      0.3087600      0.3105200      0.3039600      0.2889700      0.2732500      0.2442300      0.2112600      0.1944700      0.1836100      0.1684400      0.1507900      0.1318200      0.1125700      0.9243000E-01  0.7536000E-01  0.6040000E-01   0.000000       0.000000       0.000000       0.000000    
  0.1008800      0.1274900      0.1413900      0.1610400      0.1836100      0.2048400      0.2329900      0.2598000      0.2791300      0.2939800      0.3028600      0.3049000      0.2999100      0.2972700      0.2769700      0.2521900      0.2270100      0.2079400      0.1924900      0.1758800      0.1573400      0.1376700      0.1178800      0.9727000E-01  0.7998000E-01  0.6479000E-01  0.5210000E-01   0.000000       0.000000       0.000000    
  0.1096600      0.1379300      0.1515200      0.1712000      0.1923400      0.2113800      0.2430700      0.2620300      0.2786900      0.2916500      0.2997700      0.3023500      0.2991600      0.3024100      0.2843100      0.2646200      0.2422100      0.2239300      0.2061500      0.1873300      0.1671000      0.1450800      0.1241900      0.1044100      0.8477000E-01  0.6914000E-01  0.5555000E-01   0.000000       0.000000       0.000000    
  0.1164100      0.1330370      0.1601320      0.1798800      0.1961700      0.2303500      0.2479800      0.2647100      0.2794200      0.2910800      0.2988300      0.3021300      0.3193900      0.2961000      0.2787100      0.2681800      0.2556600      0.2408100      0.2238000      0.2043700      0.1829700      0.1606300      0.1384500      0.1174800      0.9745000E-01  0.7755000E-01  0.6333000E-01  0.5172000E-01   0.000000       0.000000    
  0.1171930      0.1473650      0.1798800      0.2006100      0.2026300      0.2328400      0.2490200      0.2677000      0.2809700      0.2917200      0.2779900      0.2848700      0.3047700      0.2913400      0.2857700      0.2792900      0.2697300      0.2570900      0.2396600      0.2182400      0.1943700      0.1698200      0.1453000      0.1229300      0.1026700      0.8260000E-01  0.6752000E-01  0.5507000E-01   0.000000       0.000000    
  0.1372810      0.1798800      0.2043610      0.2131950      0.2237600      0.2387400      0.2533100      0.2670500      0.2499500      0.2656800      0.2759100      0.2887900      0.2930300      0.2946600      0.2918700      0.2891700      0.2834300      0.2729700      0.2560900      0.2321600      0.2050100      0.1779900      0.1522600      0.1285600      0.1072500      0.8856000E-01  0.7032000E-01  0.5710000E-01   0.000000       0.000000    
  0.1798800      0.2066200      0.2184770      0.2237600      0.2355070      0.2440200      0.2205800      0.2346700      0.2479900      0.2678600      0.2775900      0.2876700      0.2931500      0.2966400      0.2982700      0.2963700      0.2944400      0.2890100      0.2723400      0.2446800      0.2143700      0.1851600      0.1583500      0.1335600      0.1113600      0.9185000E-01  0.7291000E-01  0.5892000E-01   0.000000       0.000000    
  0.2078450      0.2211190      0.2237600      0.2344290      0.2440200      0.2291200      0.2227600      0.2357700      0.2481700      0.2596400      0.2700400      0.2786900      0.2858300      0.2914400      0.2956000      0.2982700      0.2998600      0.3002500      0.2862100      0.2517200      0.2202700      0.1901600      0.1623200      0.1369300      0.1141200      0.9400000E-01  0.7656000E-01  0.5985000E-01   0.000000       0.000000    
  0.2224390      0.2237600      0.2340700      0.2440200      0.2319670      0.2227600      0.2292650      0.2355670      0.2501550      0.2570400      0.2668100      0.2754400      0.2828000      0.2887900      0.2931400      0.2961300      0.2954900      0.2924400      0.2771400      0.2487100      0.2177700      0.1908300      0.1632200      0.1377600      0.1147300      0.9428000E-01  0.7649000E-01  0.6134000E-01   0.000000       0.000000    
  0.2237600      0.2339500      0.2440200      0.2329160      0.2227600      0.2260120      0.2291970      0.2430070      0.2570400      0.2619250      0.2678120      0.2710300      0.2779200      0.2837000      0.2898400      0.2914100      0.2859300      0.2793500      0.2644400      0.2415600      0.2147400      0.1871600      0.1604200      0.1386300      0.1156900      0.9507000E-01  0.7697000E-01  0.6147000E-01   0.000000       0.000000    
  0.2339100      0.2440200      0.2332320      0.2227600      0.2243860      0.2259900      0.2388140      0.2570400      0.2594830      0.2650800      0.2698850      0.2687400      0.2748100      0.2799400      0.2828000      0.2832800      0.2747900      0.2669300      0.2529900      0.2333500      0.2099500      0.1849000      0.1597700      0.1355700      0.1159500      0.9530000E-01  0.7698000E-01  0.6121000E-01   0.000000       0.000000    
  0.2440200      0.2333370      0.2227600      0.2235730      0.2243790      0.2365580      0.2570400      0.2582610      0.2639310      0.2693130      0.2687400      0.2717750      0.2739970      0.2725000      0.2746500      0.2743300      0.2707800      0.2557700      0.2429300      0.2255800      0.2048200      0.1820400      0.1585100      0.1352600      0.1131000      0.9266000E-01  0.7661000E-01  0.6058000E-01   0.000000       0.000000    
  0.2333720      0.2227600      0.2231670      0.2235710      0.2353870      0.2570400      0.2576510      0.2634000      0.2690260      0.2687400      0.2702580      0.2717530      0.2725000      0.2735750      0.2738270      0.2732530      0.2669600      0.2564930      0.2311420      0.2186800      0.2000600      0.1792200      0.1571600      0.1348200      0.1130500      0.9259000E-01  0.7545000E-01  0.5676000E-01   0.000000       0.000000    
  0.2227600      0.2229630      0.2231660      0.2347910      0.2570400      0.2573450      0.2631430      0.2688830      0.2687400      0.2694990      0.2708130      0.2725000      0.2730370      0.2733010      0.2735520      0.2713470      0.2655690      0.2366120      0.2157150      0.2127500      0.1959900      0.1768700      0.1561400      0.1370600      0.1151700      0.9420000E-01  0.7239000E-01  0.5584000E-01   0.000000       0.000000    
  0.2228620      0.2229630      0.2344900      0.2570400      0.2571930      0.2630160      0.2688120      0.2687400      0.2691190      0.2703880      0.2725000      0.2727690      0.2729460      0.2732970      0.2727330      0.2701560      0.2401020      0.2142330      0.2127500      0.2019370      0.1970700      0.1788400      0.1587500      0.1374700      0.1155300      0.9233000E-01  0.7246000E-01  0.5498000E-01   0.000000       0.000000    
  0.2228620      0.2343390      0.2570400      0.2571160      0.2629530      0.2687760      0.2687400      0.2689300      0.2701870      0.2725000      0.2726340      0.2727380      0.2730040      0.2729920      0.2720620      0.2420090      0.2134910      0.2127500      0.2049000      0.2011750      0.1875020      0.1780600      0.1591800      0.1386100      0.1158800      0.9384000E-01  0.7301000E-01  0.5432000E-01   0.000000       0.000000    
  0.2342630      0.2570400      0.2570780      0.2629210      0.2687580      0.2687400      0.2688350      0.2700890      0.2725000      0.2725670      0.2726240      0.2727920      0.2729110      0.2544920      0.2349140      0.2135580      0.2135650      0.2086240      0.2033480      0.2037400      0.2052800      0.1782600      0.1625200      0.1413800      0.1190800      0.9645000E-01  0.7452000E-01  0.5438000E-01   0.000000       0.000000    
  0.2570400      0.2570590      0.2629060      0.2687490      0.2687400      0.2687870      0.2700410      0.2725000      0.2725340      0.2725640      0.2726610      0.2727760      0.2397370      0.1994790      0.1999100      0.2089520      0.2136190      0.2143800      0.2077420      0.2051300      0.2022000      0.1932300      0.1659800      0.1458700      0.1238100      0.1006300      0.7753000E-01  0.5585000E-01   0.000000       0.000000    
  0.2570500      0.2628980      0.2687440      0.2687400      0.2687640      0.2700170      0.2725000      0.2725170      0.2725320      0.2725860      0.2198120      0.1405300      0.1794390      0.1990090      0.1990480      0.1999100      0.2087160      0.2128570      0.2143800      0.2077170      0.2079100      0.1947600      0.1788000      0.1519300      0.1303900      0.1067600      0.8253000E-01  0.5993000E-01   0.000000       0.000000    
  0.2628940      0.2687420      0.2687400      0.2687520      0.2700050      0.2725000      0.2725080      0.2725160      0.2725450      0.2091980      0.1405300      0.1405300      0.1405300      0.1787380      0.1980710      0.1981850      0.1999100      0.2077160      0.2113350      0.2143800      0.2063800      0.1963300      0.1833000      0.1663400      0.1390900      0.1151000      0.9021000E-01  0.6567000E-01   0.000000       0.000000    
  0.2687410      0.2687400      0.2687460      0.2699990      0.2725000      0.2725040      0.2725080      0.2188150      0.1775340      0.1404790      0.1405300      0.1405300      0.1405300      0.1405300      0.1773060      0.1961180      0.1964600      0.1999100      0.2052370      0.2082900      0.2034500      0.1971500      0.1881000      0.1745000      0.1548800      0.1259200      0.9912000E-01  0.7319000E-01   0.000000       0.000000    
  0.2687400      0.2687430      0.2699960      0.2725000      0.2725020      0.1847980      0.5329000E-01  0.5548720E-01  0.5769000E-01  0.1127760      0.1403760      0.1405300      0.1405300      0.1405300      0.1405300      0.1743890      0.1919830      0.1930100      0.1999100      0.1983700      0.1970000      0.1951800      0.1899400      0.1828700      0.1667100      0.1409200      0.1087500      0.8110000E-01  0.5794000E-01   0.000000    
  0.2687410      0.2699950      0.2725000      0.2725010      0.1671960      0.5318680E-01  0.5318590E-01  0.5329000E-01  0.5548150E-01  0.5769000E-01  0.1125080      0.1400680      0.1405300      0.1405300      0.1405300      0.1405300      0.1685840      0.1830300      0.1861100      0.1862800      0.1835600      0.1868400      0.1901600      0.1910500      0.1806200      0.1515600      0.1178200      0.8787000E-01  0.6389000E-01   0.000000    
