iMOD/TUTORIALS/TUT_MetaswapAnalyser/model_MetaSWAP/meteo/Precipitation/Precipitation_20061219_L1.ASC
NCOLS                30
NROWS                30
XLLCORNER     160000.00
YLLCORNER     340000.00
CELLSIZE        1000.00
NODATA_VALUE   -9999.00
  0.4272000E-01  0.4692000E-01  0.5277000E-01  0.6058000E-01  0.7815000E-01  0.9904000E-01  0.1210500      0.1438000      0.1598500      0.1494000      0.1137700      0.8466000E-01  0.5977000E-01  0.4992000E-01  0.4286000E-01  0.4662000E-01  0.4969000E-01  0.4662000E-01  0.4662000E-01  0.4662000E-01  0.4662000E-01  0.4405000E-01  0.4405000E-01  0.4662000E-01  0.4662000E-01  0.4546000E-01  0.4197000E-01  0.3710000E-01   0.000000       0.000000    
  0.4436000E-01  0.4719000E-01  0.4842000E-01  0.5422000E-01  0.6964000E-01  0.8908000E-01  0.1135400      0.1422900      0.1771700      0.1756900      0.1268700      0.8645000E-01  0.6243000E-01  0.5693000E-01  0.4864000E-01  0.4958000E-01  0.4942000E-01  0.5725000E-01  0.5374000E-01  0.5377000E-01  0.5377000E-01  0.5059000E-01  0.5059000E-01  0.5376000E-01  0.5360000E-01  0.5041000E-01  0.4401000E-01   0.000000       0.000000       0.000000    
  0.4353000E-01  0.4483000E-01  0.4719000E-01  0.5418000E-01  0.5985000E-01  0.7514000E-01  0.9564000E-01  0.1196400      0.1394700      0.1407100      0.1112800      0.8082000E-01  0.6624000E-01  0.5538000E-01  0.5369000E-01  0.5386000E-01  0.5288000E-01  0.5318000E-01  0.5459000E-01  0.5640000E-01  0.5375000E-01  0.5059000E-01  0.5376000E-01  0.5376000E-01  0.5326000E-01  0.4905000E-01  0.4385000E-01   0.000000       0.000000       0.000000    
  0.4346000E-01  0.4353000E-01  0.4436000E-01  0.4931000E-01  0.5471000E-01  0.6496000E-01  0.7898000E-01  0.9064000E-01  0.9944000E-01  0.9604000E-01  0.8797000E-01  0.7462000E-01  0.6721000E-01  0.5665000E-01  0.4772000E-01  0.4654000E-01  0.4466000E-01  0.4521000E-01  0.4799000E-01  0.5194000E-01  0.5562000E-01  0.5748000E-01  0.5376000E-01  0.5752000E-01  0.5689000E-01  0.5204000E-01  0.4344000E-01   0.000000       0.000000       0.000000    
  0.4346000E-01  0.4346000E-01  0.4702000E-01  0.4711000E-01  0.4890000E-01  0.5460000E-01  0.6310000E-01  0.6382000E-01  0.7085000E-01  0.7159000E-01  0.8385000E-01  0.7764000E-01  0.6081000E-01  0.5141000E-01  0.4031000E-01  0.3688000E-01   0.000000      0.3668000E-01  0.4154000E-01  0.4854000E-01  0.6009000E-01  0.6580000E-01  0.6200000E-01  0.5752000E-01  0.5721000E-01  0.5322000E-01  0.4562000E-01   0.000000       0.000000       0.000000    
  0.4346000E-01  0.4702000E-01  0.4702000E-01  0.4702000E-01  0.4705000E-01  0.4910000E-01  0.4886000E-01  0.5004000E-01  0.6379000E-01  0.7159000E-01  0.6855000E-01  0.6253000E-01  0.4926000E-01  0.4400000E-01  0.3672000E-01   0.000000       0.000000       0.000000       0.000000      0.4115000E-01  0.5474000E-01  0.6322000E-01  0.6189000E-01  0.6200000E-01  0.6200000E-01  0.5522000E-01  0.4955000E-01  0.4031000E-01   0.000000       0.000000    
  0.5159000E-01  0.4702000E-01  0.4702000E-01  0.4702000E-01  0.4282000E-01  0.4282000E-01  0.4375000E-01  0.5167000E-01  0.6024000E-01  0.6039000E-01  0.5911000E-01  0.5531000E-01  0.4801000E-01  0.3837000E-01   0.000000       0.000000       0.000000       0.000000       0.000000      0.3794000E-01  0.5083000E-01  0.6113000E-01  0.6682000E-01  0.6200000E-01  0.6200000E-01  0.6146000E-01  0.5514000E-01  0.5000000E-01  0.4199000E-01  0.3877000E-01
  0.5760000E-01  0.4696000E-01  0.4282000E-01  0.4282000E-01  0.4282000E-01  0.5330000E-01  0.4881000E-01  0.5571000E-01  0.5580000E-01  0.5582000E-01  0.5571000E-01  0.5365000E-01  0.4734000E-01  0.3965000E-01   0.000000       0.000000       0.000000       0.000000       0.000000       0.000000      0.4975000E-01  0.6053000E-01  0.6665000E-01  0.6200000E-01  0.6200000E-01  0.5898000E-01  0.5833000E-01  0.5589000E-01  0.5748000E-01  0.5510000E-01
  0.5256000E-01  0.4696000E-01  0.4696000E-01  0.4282000E-01  0.5330000E-01  0.5330000E-01  0.4881000E-01  0.5571000E-01  0.5571000E-01  0.5571000E-01  0.5571000E-01  0.5417000E-01  0.4855000E-01  0.4492000E-01   0.000000       0.000000       0.000000       0.000000       0.000000      0.3960000E-01  0.5191000E-01  0.6172000E-01  0.6698000E-01  0.6200000E-01  0.5898000E-01  0.5898000E-01  0.5898000E-01  0.6421000E-01  0.6327000E-01  0.6235000E-01
  0.5256000E-01  0.4696000E-01  0.4696000E-01  0.5909000E-01  0.5330000E-01  0.5330000E-01  0.5571000E-01  0.5571000E-01  0.5571000E-01  0.5571000E-01  0.5571000E-01  0.5511000E-01  0.5107000E-01  0.4791000E-01  0.4070000E-01   0.000000       0.000000       0.000000      0.3861000E-01  0.4741000E-01  0.5536000E-01  0.6417000E-01  0.6739000E-01  0.6741000E-01  0.5898000E-01  0.5898000E-01  0.6434000E-01  0.6434000E-01  0.6434000E-01  0.6434000E-01
  0.5069330E-01  0.4882670E-01  0.5302500E-01  0.5909000E-01  0.5909000E-01  0.6097000E-01  0.5571000E-01  0.5571000E-01  0.5571000E-01  0.5571000E-01  0.5571000E-01  0.5571000E-01  0.5882000E-01  0.5977000E-01  0.6107000E-01  0.5690000E-01  0.5304000E-01  0.5685000E-01  0.6310000E-01  0.6913000E-01  0.7277000E-01  0.7327000E-01  0.7137000E-01  0.6823000E-01  0.7550000E-01  0.7117000E-01  0.7117000E-01  0.7117000E-01  0.7117000E-01  0.6434000E-01
  0.5069330E-01  0.5290870E-01  0.5909000E-01  0.6122000E-01  0.5909000E-01  0.6761000E-01  0.6097000E-01  0.5571000E-01  0.5571000E-01  0.5571000E-01  0.6239000E-01  0.6239000E-01  0.6810000E-01  0.7395000E-01  0.7718000E-01  0.8016000E-01  0.8555000E-01  0.8759000E-01  0.9246000E-01  0.9291000E-01  0.8861000E-01  0.8078000E-01  0.7817000E-01  0.7550000E-01  0.7550000E-01  0.6823000E-01  0.6823000E-01  0.6823000E-01  0.6823000E-01  0.6823000E-01
  0.5365750E-01  0.5909000E-01  0.6281750E-01  0.6335000E-01  0.6761000E-01  0.6097000E-01  0.6097000E-01  0.6097000E-01  0.6827000E-01  0.6239000E-01  0.6239000E-01  0.7550000E-01  0.7567000E-01  0.8015000E-01  0.9139000E-01  0.1026300      0.1158700      0.1276000      0.1264200      0.1242100      0.1075100      0.9302000E-01  0.8209000E-01  0.7621000E-01  0.7550000E-01  0.7550000E-01  0.6823000E-01  0.6823000E-01  0.6823000E-01  0.6823000E-01
  0.5909000E-01  0.6374940E-01  0.6548000E-01  0.6761000E-01  0.6318330E-01  0.6097000E-01  0.6827000E-01  0.6827000E-01  0.6827000E-01  0.7550000E-01  0.7550000E-01  0.7550000E-01  0.7634000E-01  0.8305000E-01  0.9592000E-01  0.1168200      0.1446200      0.1635000      0.1664000      0.1423400      0.1194400      0.9987000E-01  0.7839000E-01  0.7009000E-01  0.6823000E-01  0.6823000E-01  0.6236000E-01  0.6236000E-01  0.6236000E-01  0.6226000E-01
  0.6424860E-01  0.6654500E-01  0.6761000E-01  0.6392110E-01  0.6097000E-01  0.7130670E-01  0.8468000E-01  0.8468000E-01  0.8468000E-01  0.8468000E-01  0.9650000E-01  0.9650000E-01  0.9765000E-01  0.1047400      0.1175800      0.1284600      0.1525700      0.1825400      0.1888400      0.1567900      0.1244900      0.1023400      0.8657000E-01  0.7735000E-01  0.7493000E-01  0.7493000E-01  0.7493000E-01  0.6851000E-01  0.6851000E-01  0.7446000E-01
  0.6707750E-01  0.6761000E-01  0.6416700E-01  0.6097000E-01  0.7231890E-01  0.8468000E-01  0.8468000E-01  0.8468000E-01  0.8763500E-01  0.9650000E-01  0.9650000E-01  0.9650000E-01  0.9736000E-01  0.1037900      0.1228900      0.1383600      0.1492500      0.1680800      0.1710600      0.1541800      0.1338100      0.1071600      0.9304000E-01  0.8475000E-01  0.8281000E-01  0.8281000E-01  0.8281000E-01  0.8281000E-01  0.7493000E-01  0.7449000E-01
  0.6761000E-01  0.6424900E-01  0.6097000E-01  0.7265630E-01  0.8468000E-01  0.8468000E-01  0.8468000E-01  0.8837380E-01  0.9650000E-01  0.9650000E-01  0.9777800E-01  0.9650000E-01  0.1046400      0.1090000      0.1048400      0.1181200      0.1343800      0.1452700      0.1466600      0.1375300      0.1235800      0.1099200      0.9932000E-01  0.8363000E-01  0.8281000E-01  0.8281000E-01  0.8281000E-01  0.8281000E-01  0.8281000E-01  0.7272000E-01
  0.6427630E-01  0.6097000E-01  0.7276880E-01  0.8468000E-01  0.8468000E-01  0.8468000E-01  0.8855840E-01  0.9650000E-01  0.9650000E-01  0.9867260E-01  0.9969500E-01  0.1028900      0.1028900      0.9214000E-01  0.9829000E-01  0.1071400      0.1184000      0.1247500      0.1255100      0.1203000      0.1115600      0.1024600      0.9554000E-01  0.9264000E-01  0.8281000E-01  0.8281000E-01  0.8281000E-01  0.8281000E-01  0.8281000E-01  0.8089000E-01
  0.6097000E-01  0.7280630E-01  0.8468000E-01  0.8468000E-01  0.8468000E-01  0.8860460E-01  0.9650000E-01  0.9650000E-01  0.9917100E-01  0.1012920      0.1028900      0.1028900      0.9707750E-01  0.9039000E-01  0.9281000E-01  0.9759000E-01  0.1028000      0.1085500      0.1089700      0.1060700      0.1011100      0.9607000E-01  0.9294000E-01  0.9263000E-01  0.9263000E-01  0.9263000E-01  0.8281000E-01  0.8281000E-01  0.8089000E-01  0.9109000E-01
  0.7281870E-01  0.8468000E-01  0.8468000E-01  0.8468000E-01  0.8861610E-01  0.9650000E-01  0.9650000E-01  0.9943050E-01  0.1020910      0.1028900      0.1028900      0.9831190E-01  0.9039000E-01  0.9160000E-01  0.9359670E-01  0.9773330E-01  0.1029800      0.1067730      0.1025460      0.9649000E-01  0.9436000E-01  0.9277000E-01  0.9263000E-01  0.9263000E-01  0.9263000E-01  0.9263000E-01  0.1050700      0.1042600      0.1057100      0.9331000E-01
  0.8468000E-01  0.8468000E-01  0.8468000E-01  0.8861900E-01  0.9650000E-01  0.9650000E-01  0.9956220E-01  0.1024910      0.1028900      0.1028900      0.9862050E-01  0.9039000E-01  0.9099500E-01  0.9186220E-01  0.9431000E-01  0.9810330E-01  0.1024960      0.9990390E-01  0.9457000E-01  0.9265000E-01  0.9263000E-01  0.9263000E-01  0.9263000E-01  0.1050700      0.1050700      0.1050700      0.1057100      0.1057100      0.1066200      0.1089000    
  0.8468000E-01  0.8468000E-01  0.8861980E-01  0.9650000E-01  0.9650000E-01  0.9962850E-01  0.1026900      0.1028900      0.1028900      0.9869760E-01  0.9039000E-01  0.9069250E-01  0.9108240E-01  0.9238910E-01  0.9475850E-01  0.9830300E-01  0.9735250E-01  0.9361000E-01  0.9265000E-01  0.9678330E-01  0.1050700      0.1050700      0.1050700      0.1050700      0.1063600      0.9330000E-01  0.9330000E-01  0.9484000E-01  0.9942000E-01  0.1169000    
  0.8468000E-01  0.8861990E-01  0.9650000E-01  0.9650000E-01  0.9966170E-01  0.1027900      0.1028900      0.1028900      0.9871690E-01  0.9039000E-01  0.9054120E-01  0.9072160E-01  0.9138800E-01  0.9274330E-01  0.9515020E-01  0.9409380E-01  0.9313000E-01  0.9265000E-01  0.9346710E-01  0.9770500E-01  0.9754400E-01  0.9263000E-01  0.9461000E-01  0.9461000E-01  0.9330000E-01  0.8380000E-01  0.8451000E-01  0.8969000E-01  0.9856000E-01  0.1090400    
  0.8862000E-01  0.9650000E-01  0.9650000E-01  0.9967840E-01  0.1028400      0.1028900      0.1028900      0.9872170E-01  0.9039000E-01  0.9046560E-01  0.9055100E-01  0.9088360E-01  0.9161770E-01  0.9077040E-01  0.8940940E-01  0.8711210E-01  0.8692500E-01  0.8815900E-01  0.8977390E-01  0.8673000E-01  0.9034000E-01  0.9461000E-01  0.8380000E-01  0.8380000E-01  0.8380000E-01  0.8380000E-01  0.8644000E-01  0.9486000E-01  0.1079100      0.1176400    
  0.9650000E-01  0.9650000E-01  0.9968670E-01  0.1028650      0.1028900      0.1028900      0.9872290E-01  0.9039000E-01  0.9042780E-01  0.9046890E-01  0.9063340E-01  0.9101740E-01  0.8817040E-01  0.8380340E-01  0.8380000E-01  0.8355680E-01  0.8128130E-01  0.8120000E-01  0.8370420E-01  0.8488670E-01  0.8312000E-01  0.8120000E-01  0.8380000E-01  0.8380000E-01  0.8382000E-01  0.8385000E-01  0.8815000E-01  0.9881000E-01  0.1085400      0.1307300    
  0.9650000E-01  0.9969080E-01  0.1028780      0.1028900      0.1028900      0.9872320E-01  0.9039000E-01  0.9040890E-01  0.9042890E-01  0.9051000E-01  0.8875590E-01  0.8583000E-01  0.8445750E-01  0.8377690E-01  0.8380690E-01  0.8380000E-01  0.8222110E-01  0.8136250E-01  0.8120000E-01  0.8200000E-01  0.8120000E-01  0.8163000E-01  0.8393000E-01  0.8900000E-01  0.8994000E-01  0.8888000E-01  0.9117000E-01  0.9303000E-01  0.1105500      0.1345100    
  0.9969290E-01  0.1028840      0.1028900      0.1028900      0.9872330E-01  0.9039000E-01  0.9039950E-01  0.9040930E-01  0.9044930E-01  0.8827100E-01  0.8583000E-01  0.8583000E-01  0.8583000E-01  0.8441950E-01  0.8372380E-01  0.8381380E-01  0.8380000E-01  0.8252190E-01  0.8152500E-01  0.8120000E-01  0.8248000E-01  0.8801000E-01  0.9548000E-01  0.1018000      0.1067700      0.1039200      0.9404000E-01  0.9710000E-01  0.1071700      0.1262000    
  0.1028870      0.1028900      0.1028900      0.9872330E-01  0.9039000E-01  0.9039470E-01  0.9039960E-01  0.8578700E-01  0.8466650E-01  0.8582070E-01  0.8583000E-01  0.8583000E-01  0.8583000E-01  0.8583000E-01  0.8431750E-01  0.8355750E-01  0.8382750E-01  0.8380000E-01  0.8356250E-01  0.8185000E-01  0.8846000E-01  0.1005600      0.1152100      0.1276500      0.1242800      0.1217800      0.1110800      0.1047700      0.1046200      0.1118800    
  0.1028900      0.1028900      0.9872330E-01  0.9039000E-01  0.9039240E-01  0.8890530E-01  0.8667000E-01  0.7928020E-01  0.7189000E-01  0.8115850E-01  0.8580220E-01  0.8583000E-01  0.8583000E-01  0.8583000E-01  0.8583000E-01  0.8406880E-01  0.8304500E-01  0.8385500E-01  0.8380000E-01  0.8740000E-01  0.9963000E-01  0.1192800      0.1365300      0.1565300      0.1659000      0.1543700      0.1339900      0.1144500      0.1030900      0.9971000E-01
  0.1028900      0.9872330E-01  0.9039000E-01  0.9039120E-01  0.8860730E-01  0.8667220E-01  0.8667220E-01  0.8667000E-01  0.7928060E-01  0.7189000E-01  0.8111170E-01  0.8574670E-01  0.8583000E-01  0.8583000E-01  0.8583000E-01  0.8583000E-01  0.8357250E-01  0.8148000E-01  0.8391000E-01  0.9066000E-01  0.9987000E-01  0.1268400      0.1632600      0.2031800      0.2232000      0.1990200      0.1588200      0.1207700      0.1019800      0.9068000E-01
