iMOD/TUTORIALS/TUT_MetaswapAnalyser/model_MetaSWAP/meteo/Precipitation/Precipitation_20050605_L1.ASC
NCOLS                30
NROWS                30
XLLCORNER     160000.00
YLLCORNER     340000.00
CELLSIZE        1000.00
NODATA_VALUE   -9999.00
   2.352360       2.319400       2.265120       2.184680       2.071570       1.898560       1.674150       1.431520       1.230320       1.232900       1.481310       1.814910       2.169180       2.529360       2.863150       3.168940       3.408120       3.593480       3.769390       3.906150       4.009270       4.067380       4.122090       4.154010       4.188070       4.216980       4.241260       4.257590       4.256590       4.227030    
   2.162460       2.108790       2.030440       1.926440       1.790870       1.607560       1.384670       1.132910      0.8646300      0.8307500       1.169780       1.518910       1.868880       2.220650       2.548110       2.828600       3.097780       3.282300       3.438630       3.593620       3.719830       3.807900       3.891460       3.953370       4.018350       4.079490       4.138490       4.193980       4.261700       4.269130    
   1.997970       1.932640       1.844890       1.737270       1.596690       1.425200       1.230250       1.027160      0.8609900      0.8645900       1.080400       1.370930       1.683410       2.004120       2.291490       2.552900       2.806970       3.033840       3.232110       3.402550       3.507050       3.613510       3.705550       3.796370       3.879880       3.959790       4.064770       4.140860       4.222500       4.282160    
   1.866910       1.796460       1.706890       1.601480       1.470590       1.323770       1.170480       1.033540      0.9487100      0.9683900       1.107910       1.326940       1.588830       1.860280       2.128190       2.372720       2.610430       2.827810       3.022520       3.194280       3.344450       3.428520       3.528550       3.655950       3.747680       3.833990       3.917610       4.000730       4.089540       4.167630    
   1.766710       1.696160       1.614290       1.513390       1.400730       1.281950       1.167540       1.080790       1.035660       1.062170       1.196250       1.358770       1.562380       1.791470       2.016470       2.239200       2.470470       2.675700       2.863880       3.033370       3.177620       3.310920       3.405760       3.476260       3.569380       3.654860       3.733670       3.811790       3.867370       3.886380    
   1.693490       1.627680       1.548970       1.461000       1.367320       1.273960       1.194230       1.136170       1.164570       1.196010       1.272540       1.398690       1.561030       1.748540       1.952010       2.147770       2.341020       2.527060       2.701270       2.860720       2.999010       3.127520       3.220790       3.320140       3.407500       3.459530       3.525660       3.583100       3.608110       3.590750    
   1.646160       1.578680       1.509030       1.434110       1.364070       1.290350       1.228380       1.269840       1.265430       1.285140       1.346510       1.446150       1.576530       1.728460       1.905140       2.069300       2.234900       2.400450       2.558820       2.701140       2.834120       2.954330       3.061580       3.133950       3.212850       3.277610       3.334320       3.361230       3.348110       3.312430    
   1.613710       1.562370       1.496570       1.432270       1.369140       1.392990       1.379080       1.360520       1.348440       1.366440       1.416050       1.495370       1.599720       1.722370       1.875590       2.010420       2.147800       2.292450       2.430700       2.560950       2.681530       2.791510       2.889730       2.953880       3.022670       3.084230       3.117980       3.129670       3.117600       3.070360    
   1.602720       1.548310       1.493540       1.434640       1.491260       1.436820       1.440660       1.434200       1.426140       1.441440       1.481070       1.543810       1.626620       1.756390       1.857440       1.966440       2.081430       2.200670       2.318520       2.432360       2.540000       2.639330       2.728060       2.783310       2.850260       2.891460       2.913090       2.915930       2.889790       2.836840    
   1.594510       1.545630       1.497940       1.577740       1.530680       1.485630       1.528660       1.506130       1.499840       1.511740       1.542390       1.590870       1.655050       1.771700       1.845600       1.929930       2.022320       2.116940       2.214690       2.313010       2.408880       2.498240       2.578300       2.645410       2.681950       2.713020       2.727640       2.716610       2.682560       2.625140    
   1.592790       1.546030       1.559510       1.616740       1.571670       1.608110       1.595750       1.576930       1.570940       1.579020       1.601340       1.637090       1.743600       1.789870       1.844890       1.902580       1.965050       2.035900       2.114460       2.199080       2.285400       2.367680       2.440640       2.506980       2.554100       2.553130       2.554840       2.535490       2.494770       2.435020    
   1.591950       1.578770       1.616740       1.643810       1.623190       1.667240       1.661100       1.647490       1.640940       1.645050       1.668620       1.691830       1.785940       1.816740       1.841300       1.872980       1.910870       1.955470       2.016850       2.092330       2.174120       2.252750       2.329870       2.383860       2.419700       2.411210       2.404670       2.377670       2.330620       2.264720    
   1.605760       1.616740       1.679400       1.693410       1.763630       1.755980       1.732460       1.715890       1.712780       1.723130       1.729830       1.842120       1.840420       1.842570       1.844620       1.849670       1.857460       1.877320       1.919680       1.993040       2.082660       2.162780       2.229090       2.277580       2.306280       2.314340       2.275820       2.241420       2.188120       2.117480    
   1.616740       1.697070       1.728520       1.763630       1.782350       1.827430       1.813300       1.797370       1.787210       1.781400       1.782120       1.906620       1.892350       1.878720       1.862900       1.841330       1.816370       1.796790       1.826530       1.912890       2.008040       2.089790       2.127370       2.165050       2.182400       2.179580       2.135150       2.093330       2.034930       1.961680    
   1.705880       1.746080       1.763630       1.791140       1.827430       1.836110       1.867610       1.854310       1.845320       1.840300       1.992450       1.967220       1.943690       1.919210       1.890690       1.861190       1.812380       1.745820       1.748990       1.864460       1.950370       2.021120       2.070780       2.099310       2.107050       2.094790       2.063700       1.993940       1.929950       1.824310    
   1.754850       1.763630       1.794070       1.827430       1.843720       1.867610       1.860960       1.855750       1.913250       2.113090       2.080490       2.050340       2.020680       1.989230       1.936770       1.895930       1.849790       1.807720       1.812660       1.875690       1.942160       1.994330       2.027290       2.040400       2.033910       2.008830       1.966790       1.909850       1.821990       1.743130    
   1.763630       1.795040       1.827430       1.846250       1.867610       1.864280       1.861440       1.935760       2.113090       2.096790       2.119770       2.144030       2.089040       2.053850       2.015530       1.976690       1.941850       1.916330       1.918010       1.947940       1.986470       2.017550       2.033720       2.032730       2.012880       1.975530       1.922470       1.856200       1.779640       1.687760    
   1.795370       1.827430       1.847100       1.867610       1.865950       1.864440       1.943640       2.113090       2.104940       2.143610       2.177470       2.210910       2.177680       2.149340       2.114770       2.080060       2.055600       2.036580       2.032920       2.043500       2.059110       2.069410       2.067400       2.049460       2.015060       1.963670       1.897830       1.820520       1.735410       1.653600    
   1.827430       1.847380       1.867610       1.866780       1.866000       1.946780       2.113090       2.109010       2.153350       2.194190       2.210910       2.194290       2.199570       2.260350       2.228990       2.198710       2.171370       2.165350       2.156710       2.154350       2.152680       2.144860       2.125280       2.090500       2.039250       1.972170       1.892110       1.801490       1.712600       1.639590    
   1.847470       1.867610       1.867190       1.866800       1.948160       2.113090       2.111050       2.157780       2.202550       2.210910       2.202600       2.216280       2.260350       2.244670       2.229350       2.199690       2.178480       2.164480       2.234440       2.278770       2.264220       2.241440       2.205960       2.154750       2.086640       2.002400       1.939250       1.847390       1.710560       1.591180    
   1.867610       1.867400       1.867200       1.948810       2.113090       2.112070       2.159910       2.206730       2.210910       2.206760       2.222540       2.260350       2.252510       2.244790       2.224570       2.202510       2.180880       2.268460       2.347890       2.417010       2.393240       2.358710       2.309510       2.284450       2.196420       2.090820       1.958880       1.830670       1.700170       1.576390    
   1.867510       1.867400       1.949130       2.113090       2.112580       2.160960       2.208820       2.210910       2.208830       2.225140       2.260350       2.256430       2.252550       2.240620       2.223960       2.202650       2.290260       2.382450       2.417010       2.469260       2.597530       2.548810       2.483670       2.398990       2.266120       2.141740       2.003230       1.852650       1.699120       1.557240    
   1.867510       1.949280       2.113090       2.112840       2.161480       2.209870       2.210910       2.209870       2.226310       2.260350       2.258390       2.256440       2.249870       2.239040       2.222410       2.411480       2.399730       2.417010       2.659300       2.759670       2.724840       2.718150       2.587260       2.495380       2.383330       2.243120       2.081110       1.903030       1.718860       1.543100    
   1.949360       2.113090       2.112960       2.161740       2.210390       2.210910       2.210390       2.226860       2.260350       2.259370       2.258390       2.254900       2.248450       2.616580       2.836160       2.944330       2.940790       2.939470       2.943230       2.991260       2.921800       2.837910       2.758290       2.665520       2.540420       2.383350       2.197700       1.989870       1.769470       1.536830    
   2.113090       2.113030       2.161870       2.210650       2.210910       2.210650       2.227130       2.260350       2.259860       2.259370       2.257560       2.253920       2.929320       3.760450       3.755010       3.444690       3.492450       3.464580       3.213210       3.078770       3.060730       3.000260       2.968080       2.874100       2.741410       2.569730       2.362520       2.126340       1.855720       1.593090    
   2.113060       2.161940       2.210780       2.210910       2.210780       2.227260       2.260350       2.260110       2.259860       2.258930       3.034650       4.201210       3.912140       3.766200       3.765880       3.755010       3.590480       3.520330       3.464580       3.318220       3.253780       3.236730       3.187920       3.126120       2.991940       2.810280       2.585750       2.313550       2.032550       1.738490    
   2.161970       2.210840       2.210910       2.210840       2.227320       2.260350       2.260230       2.260110       2.259630       3.191170       4.201210       4.201210       4.201210       3.920700       3.777710       3.776750       3.755010       3.622020       3.576070       3.464580       3.493790       3.500600       3.474110       3.402010       3.297460       3.110930       2.862450       2.587820       2.294670       1.999670    
   2.210880       2.210910       2.210880       2.227360       2.260350       2.260290       2.260230       2.733600       3.375410       4.201280       4.201210       4.201210       4.201210       4.201210       3.937980       3.801370       3.798490       3.755010       3.692410       3.687560       3.746260       3.786770       3.795700       3.754220       3.642050       3.467640       3.214500       2.927780       2.631380       2.348430    
   2.210910       2.210890       2.227370       2.260350       2.260320       2.952530       3.990910       4.072680       4.154450       4.185810       4.201430       4.201210       4.201210       4.201210       4.201210       3.972590       3.850620       3.841980       3.755010       3.862510       3.966310       4.059120       4.150700       4.165300       4.073610       3.875260       3.616620       3.315600       3.016950       2.743500    
   2.210900       2.227380       2.260350       2.260330       3.090960       3.990850       3.990850       3.990910       4.072690       4.154450       4.186170       4.201860       4.201210       4.201210       4.201210       4.201210       4.040030       3.954870       3.928950       4.064520       4.263300       4.385180       4.501350       4.587910       4.563340       4.346980       4.043760       3.717440       3.422130       3.154790    
