iMOD/TUTORIALS/TUT_MetaswapAnalyser/model_MetaSWAP/meteo/Precipitation/Precipitation_20051215_L1.ASC
NCOLS                30
NROWS                30
XLLCORNER     160000.00
YLLCORNER     340000.00
CELLSIZE        1000.00
NODATA_VALUE   -9999.00
   8.650660       8.712940       8.789780       8.882720       8.995190       9.132840       9.292840       9.454170       9.557360       9.408440       8.973620       8.480130       8.008610       7.585000       7.210380       6.913900       6.676700       6.509380       6.393500       6.332040       6.314950       6.318910       6.358880       6.418110       6.484180       6.555520       6.628760       6.701780       6.773860       6.838800    
   8.645290       8.701340       8.774330       8.859830       8.963720       9.088940       9.235690       9.401170       9.583100       9.437300       8.810130       8.228050       7.694910       7.236040       6.826950       6.498300       6.241960       6.061310       5.971160       5.933870       5.945410       5.980730       6.048980       6.133380       6.221700       6.311770       6.400170       6.484770       6.580450       6.649240    
   8.617500       8.663180       8.719240       8.786660       8.872080       8.962240       9.058390       9.145600       9.169170       8.939960       8.429980       7.860320       7.319600       6.823840       6.386860       6.036260       5.773880       5.608460       5.532340       5.528360       5.588300       5.660660       5.763710       5.872930       5.984220       6.092950       6.212860       6.305370       6.382780       6.459800    
   8.569810       8.600810       8.637520       8.678970       8.722730       8.763340       8.788720       8.778310       8.667570       8.392230       7.951360       7.428610       6.892570       6.382660       5.924930       5.552920       5.286080       5.138910       5.100740       5.144020       5.238880       5.375920       5.501970       5.657380       5.790510       5.915780       6.031000       6.134810       6.221790       6.303910    
   8.505840       8.519230       8.532940       8.544270       8.548240       8.536200       8.493260       8.396410       8.209730       7.906230       7.488440       6.997340       6.472270       5.952070       5.463840       5.060090       4.789400       4.669280       4.688060       4.795650       4.951560       5.120570       5.282670       5.456580       5.610340       5.751750       5.880020       5.988630       6.093530       6.189450    
   8.430290       8.424740       8.414700       8.395890       8.361990       8.303410       8.207540       8.052730       7.799090       7.492510       7.086710       6.611910       6.095300       5.562590       5.042980       4.587670       4.275700       4.192760       4.297560       4.485940       4.701750       4.913710       5.106730       5.292340       5.462160       5.623660       5.761860       5.879710       5.993540       6.098500    
   8.339850       8.324270       8.291840       8.245890       8.182070       8.085880       7.949160       7.725280       7.487750       7.162660       6.765510       6.306660       5.801430       5.266870       4.715780       4.186200       3.770370       3.757100       3.998390       4.274050       4.536740       4.779130       4.999320       5.189380       5.367250       5.527140       5.663180       5.794380       5.918200       6.027530    
   8.256850       8.218230       8.174450       8.105200       8.013320       7.839390       7.682510       7.494540       7.233780       6.912230       6.530910       6.095980       5.616890       5.103370       4.561660       4.013850       3.472930       3.562920       3.895930       4.203150       4.481050       4.730040       4.952170       5.141740       5.317870       5.467420       5.610770       5.741200       5.859110       5.969800    
   8.175760       8.118520       8.051380       7.974890       7.798640       7.665660       7.495750       7.303070       7.044780       6.736860       6.380610       5.980930       5.545710       5.071440       4.608070       4.164810       3.844280       3.831300       4.038800       4.294020       4.542100       4.769500       4.974090       5.148860       5.304080       5.452450       5.587860       5.710550       5.826460       5.934500    
   8.094470       8.026850       7.948480       7.772680       7.664100       7.523000       7.369200       7.161010       6.914250       6.628310       6.305380       5.950770       5.573110       5.170130       4.797730       4.476300       4.266560       4.231350       4.339980       4.515220       4.705620       4.888190       5.058210       5.213870       5.338450       5.469040       5.588560       5.702930       5.811130       5.913920    
   8.089350       8.023270       7.853390       7.665540       7.547140       7.443600       7.260900       7.062380       6.833600       6.575460       6.291270       5.987240       5.648890       5.390010       5.091270       4.854440       4.704150       4.659670       4.704900       4.802210       4.920320       5.042710       5.162730       5.270920       5.379520       5.476260       5.579240       5.679930       5.778860       5.904430    
   8.085480       7.907890       7.665540       7.523070       7.457280       7.353420       7.178780       6.999940       6.793070       6.565730       6.410760       6.144360       5.861590       5.608350       5.394020       5.232590       5.136440       5.102230       5.114380       5.150620       5.200110       5.259160       5.317250       5.388520       5.464010       5.533190       5.613870       5.697210       5.783160       5.871570    
   7.949830       7.665540       7.512690       7.439810       7.422330       7.276510       7.127240       6.960730       6.912720       6.704320       6.485750       6.229940       6.027500       5.846240       5.698780       5.602440       5.559470       5.553960       5.544690       5.520660       5.491620       5.483300       5.493390       5.519350       5.558030       5.606960       5.654020       5.718350       5.789730       5.867740    
   7.665540       7.507910       7.431070       7.422330       7.310470       7.232560       7.277340       7.114580       6.940860       6.760470       6.577420       6.360870       6.205460       6.075670       5.984030       5.940700       5.954240       6.001650       5.989630       5.877980       5.775080       5.703750       5.640770       5.621040       5.621970       5.639810       5.663280       5.707750       5.764190       5.832050    
   7.505620       7.426700       7.422330       7.321790       7.232560       7.266640       7.290030       7.143350       6.990000       6.833810       6.623430       6.488440       6.370390       6.279080       6.225160       6.218570       6.269600       6.383420       6.388200       6.163710       5.990150       5.867980       5.783680       5.729870       5.700870       5.692600       5.702250       5.719040       5.759730       5.818230    
   7.424510       7.422330       7.325560       7.232560       7.263080       7.290030       7.216690       7.141130       6.950910       6.836470       6.717080       6.607860       6.515740       6.448300       6.411570       6.414280       6.450560       6.506580       6.470190       6.309840       6.145410       5.997860       5.891790       5.814580       5.762450       5.732260       5.721740       5.729430       5.745610       5.787870    
   7.422330       7.326820       7.232560       7.261890       7.290030       7.253360       7.215950       7.036300       6.836470       6.776780       6.743590       6.713560       6.635970       6.579800       6.544550       6.533110       6.537640       6.533470       6.476360       6.358350       6.218450       6.087090       5.975660       5.869670       5.800410       5.752100       5.723590       5.714130       5.723420       5.738510    
   7.327240       7.232560       7.261490       7.290030       7.271700       7.253110       7.085520       6.836470       6.806620       6.795610       6.778260       6.842960       6.767890       6.679720       6.637170       6.607950       6.582540       6.544820       6.475540       6.371930       6.249330       6.125740       6.012540       5.915020       5.818230       5.755080       5.710560       5.684880       5.678470       5.687230    
   7.232560       7.261360       7.290030       7.280860       7.271610       7.111700       6.836470       6.821550       6.818450       6.810610       6.842960       6.805420       6.761350       6.754850       6.703110       6.657170       6.609500       6.551740       6.473150       6.373100       6.258770       6.140520       6.027000       5.923760       5.833890       5.759090       5.684050       5.642710       5.616030       5.620720    
   7.261320       7.290030       7.285450       7.280840       7.125160       6.836470       6.829010       6.829240       6.826790       6.842960       6.824190       6.791150       6.754850       6.728980       6.705040       6.656590       6.606140       6.544800       6.427220       6.370300       6.258410       6.142030       6.027290       5.918980       5.820400       5.733860       5.673690       5.612810       5.575640       5.539420    
   7.290030       7.287740       7.285440       7.131980       6.836470       6.832740       6.834510       6.834870       6.842960       6.833580       6.803290       6.754850       6.741910       6.729620       6.696870       6.655920       6.602510       6.463010       6.369060       6.367830       6.254960       6.137670       6.020300       5.919860       5.812560       5.714350       5.627290       5.553460       5.496170       5.459510    
   7.288880       7.287730       7.135410       6.836470       6.834600       6.837120       6.838920       6.842960       6.838270       6.808670       6.754850       6.748380       6.742130       6.722800       6.694140       6.651770       6.491540       6.368450       6.367830       6.297090       6.268490       6.147280       6.025230       5.905230       5.792040       5.680520       5.579650       5.489440       5.413440       5.357750    
   7.288880       7.137120       6.836470       6.835540       6.838420       6.840940       6.842960       6.840610       6.811190       6.754850       6.751620       6.748450       6.737770       6.719690       6.689570       6.528960       6.368140       6.367830       6.305060       6.271550       6.196970       6.145310       6.018870       5.893740       5.770710       5.652000       5.538460       5.431980       5.335710       5.256330    
   7.137980       6.836470       6.836000       6.839070       6.841950       6.842960       6.841790       6.812400       6.754850       6.753230       6.751640       6.745950       6.735310       6.729260       6.622210       6.441940       6.439220       6.367070       6.284640       6.283770       6.274610       6.149170       6.021070       5.889730       5.760290       5.633590       5.509870       5.389290       5.273140       5.199840    
   6.836470       6.836240       6.839390       6.842450       6.842960       6.842370       6.813000       6.754850       6.754040       6.753240       6.750270       6.744300       6.751830       6.773100       6.770010       6.583080       6.518470       6.510610       6.367220       6.298590       6.292930       6.163280       6.030890       5.895440       5.761990       5.630980       5.501650       5.372460       5.271800       5.133980    
   6.836350       6.839550       6.842710       6.842960       6.842670       6.813300       6.754850       6.754450       6.754040       6.752520       6.855850       7.015720       6.855970       6.775540       6.776190       6.770010       6.604630       6.526330       6.510610       6.375910       6.328240       6.189220       6.048920       5.913920       5.779040       5.648170       5.519820       5.416350       5.282070       5.138160    
   6.839630       6.842830       6.842960       6.842810       6.813440       6.754850       6.754650       6.754450       6.753670       6.878770       7.015720       7.015720       7.015720       6.859520       6.780430       6.782360       6.770010       6.611570       6.542060       6.510610       6.371840       6.228610       6.084390       5.943420       5.812650       5.686960       5.585230       5.470070       5.350570       5.228480    
   6.842900       6.842960       6.842890       6.813520       6.754850       6.754750       6.754650       7.011820       7.076790       7.016170       7.015720       7.015720       7.015720       7.015720       6.865760       6.788920       6.794710       6.770010       6.623620       6.573500       6.431590       6.283950       6.134880       5.991080       5.858670       5.754910       5.658470       5.563980       5.469680       5.380610    
   6.842960       6.842920       6.813550       6.754850       6.754800       7.240150       7.968150       7.876330       7.784500       7.273200       7.017060       7.015720       7.015720       7.015720       7.015720       6.876030       6.802040       6.819410       6.770010       6.640350       6.500230       6.351430       6.157600       6.032750       5.921350       5.833850       5.761430       5.693380       5.627120       5.568230    
   6.842940       6.813570       6.754850       6.754820       7.337370       7.968340       7.968340       7.968150       7.876350       7.784500       7.275510       7.019750       7.015720       7.015720       7.015720       7.015720       6.891660       6.816710       6.868810       6.742260       6.502400       6.383960       6.251110       6.112380       5.997360       5.936570       5.896950       5.856140       5.815150       5.779490    
