iMOD/TUTORIALS/TUT_MetaswapAnalyser/model_MetaSWAP/meteo/Precipitation/Precipitation_20060303_L1.ASC
NCOLS                30
NROWS                30
XLLCORNER     160000.00
YLLCORNER     340000.00
CELLSIZE        1000.00
NODATA_VALUE   -9999.00
  0.1585100      0.1606300      0.1641100      0.1712100      0.1892200      0.2267600      0.2905100      0.3702300      0.4494600      0.4826100      0.4562500      0.4163000      0.3763000      0.3418000      0.3122000      0.2880300      0.2677200      0.2514700      0.2389800      0.2296300      0.2228000      0.2177900      0.2141600      0.2114200      0.2088800      0.2062700      0.2032100      0.1993300      0.1941900      0.1874600    
  0.1750800      0.1811100      0.1891000      0.2045000      0.2331400      0.2767000      0.3411000      0.4255500      0.5285500      0.5708900      0.5068500      0.4505300      0.4045500      0.3661900      0.3333300      0.3058100      0.2831200      0.2651000      0.2507800      0.2400300      0.2321200      0.2262800      0.2220500      0.2188900      0.2161000      0.2133900      0.2104100      0.2068000      0.2020400      0.1955000    
  0.1900800      0.1993700      0.2128100      0.2364900      0.2648000      0.3085300      0.3675100      0.4396800      0.5113500      0.5386000      0.5031400      0.4570600      0.4148600      0.3764100      0.3435100      0.3150900      0.2911100      0.2716500      0.2564500      0.2449900      0.2364900      0.2303200      0.2259700      0.2225600      0.2197200      0.2170600      0.2142300      0.2110200      0.2072200      0.2019700    
  0.2033400      0.2147100      0.2303300      0.2565100      0.2862300      0.3255000      0.3738700      0.4250100      0.4683600      0.4816600      0.4694200      0.4408200      0.4073500      0.3732300      0.3420200      0.3144000      0.2903200      0.2706100      0.2553100      0.2439500      0.2357500      0.2298800      0.2255500      0.2223000      0.2195800      0.2170000      0.2142600      0.2111000      0.2074300      0.2026500    
  0.2141900      0.2264000      0.2477900      0.2686800      0.2954300      0.3281800      0.3653800      0.3872500      0.4182800      0.4330800      0.4333500      0.4134800      0.3864600      0.3578500      0.3299000      0.3040400      0.2806200      0.2614800      0.2470600      0.2367400      0.2296100      0.2245800      0.2208900      0.2180300      0.2156000      0.2131300      0.2102700      0.2068900      0.2021900      0.1955000    
  0.2224200      0.2406000      0.2557200      0.2744400      0.2970000      0.3229000      0.3351900      0.3580100      0.3853300      0.3958100      0.3929400      0.3797400      0.3579300      0.3336800      0.3098200      0.2847900      0.2620000      0.2441700      0.2319000      0.2237100      0.2183200      0.2146800      0.2120800      0.2100900      0.2081700      0.2058300      0.2028900      0.1991000      0.1936400      0.1861700    
  0.2383000      0.2461700      0.2595900      0.2754300      0.2756700      0.2956200      0.3158500      0.3377500      0.3521200      0.3575400      0.3545000      0.3437500      0.3270800      0.3042200      0.2825400      0.2581800      0.2346800      0.2191700      0.2109400      0.2058900      0.2027800      0.2009800      0.1999000      0.1989600      0.1978300      0.1960400      0.1934700      0.1893700      0.1835700      0.1760900    
  0.2370500      0.2325500      0.2411200      0.2537900      0.2677700      0.2903800      0.3004400      0.3138300      0.3213400      0.3232400      0.3189000      0.3086300      0.2933900      0.2728600      0.2521800      0.2283700      0.2030000      0.1912900      0.1872100      0.1849600      0.1842200      0.1844700      0.1851400      0.1856400      0.1856000      0.1847800      0.1824600      0.1785900      0.1731800      0.1660000    
  0.2167300      0.2323400      0.2412100      0.2483500      0.2671600      0.2772200      0.2821900      0.2907500      0.2939900      0.2927600      0.2866500      0.2757700      0.2607300      0.2431100      0.2213700      0.1997400      0.1800400      0.1681100      0.1634600      0.1626100      0.1638800      0.1662700      0.1689400      0.1711500      0.1726700      0.1726700      0.1710600      0.1678000      0.1626000      0.1557300    
  0.2165700      0.2309000      0.2377000      0.2534900      0.2580500      0.2644700      0.2672400      0.2701800      0.2700000      0.2660800      0.2580900      0.2461300      0.2306000      0.2151300      0.1928000      0.1722000      0.1553800       0.000000       0.000000       0.000000       0.000000       0.000000       0.000000      0.1565300      0.1595700      0.1607800      0.1601500      0.1573400      0.1525000       0.000000    
  0.2194530      0.2283900      0.2423620      0.2473600      0.2517700      0.2540000      0.2522900      0.2522300      0.2493500      0.2431700      0.2334700      0.2202900      0.2077900      0.1911100      0.1683900       0.000000       0.000000       0.000000       0.000000       0.000000       0.000000       0.000000       0.000000       0.000000       0.000000       0.000000       0.000000       0.000000       0.000000       0.000000    
  0.2196540      0.2343910      0.2473600      0.2451120      0.2435900      0.2459500      0.2413400      0.2369200      0.2319500      0.2240100      0.2183600      0.2032400      0.1891300      0.1685000       0.000000       0.000000       0.000000       0.000000       0.000000       0.000000       0.000000       0.000000       0.000000       0.000000       0.000000       0.000000       0.000000       0.000000       0.000000       0.000000    
  0.2284080      0.2473600      0.2427160      0.2406600      0.2377300      0.2325100      0.2303400      0.2261000      0.2263700      0.2147300      0.2018300      0.1922400      0.1719800       0.000000       0.000000       0.000000       0.000000       0.000000       0.000000       0.000000       0.000000       0.000000       0.000000       0.000000       0.000000       0.000000       0.000000       0.000000       0.000000       0.000000    
  0.2473600      0.2417500      0.2391950      0.2377300      0.2316770      0.2247900      0.2293100      0.2234100      0.2151200      0.2048600      0.1910600      0.1790200      0.1584800       0.000000       0.000000       0.000000       0.000000       0.000000       0.000000       0.000000       0.000000       0.000000       0.000000       0.000000       0.000000       0.000000       0.000000       0.000000       0.000000       0.000000    
  0.2413260      0.2384620      0.2377300      0.2313990      0.2247900      0.2261300      0.2242900      0.2174300      0.2083600      0.1968800      0.1907200      0.1724800       0.000000       0.000000       0.000000       0.000000       0.000000       0.000000       0.000000       0.000000       0.000000       0.000000       0.000000       0.000000       0.000000       0.000000       0.000000       0.000000       0.000000       0.000000    
  0.2380960      0.2377300      0.2313060      0.2247900      0.2250700      0.2242900      0.2208600      0.2166930      0.2057350      0.2002700      0.1849700      0.1674300       0.000000       0.000000       0.000000       0.000000       0.000000       0.000000       0.000000       0.000000       0.000000       0.000000       0.000000       0.000000       0.000000       0.000000       0.000000       0.000000       0.000000       0.000000    
  0.2377300      0.2312750      0.2247900      0.2247170      0.2242900      0.2225750      0.2206140      0.2108900      0.2002700      0.1926200      0.1777600      0.1657600       0.000000       0.000000       0.000000       0.000000       0.000000       0.000000       0.000000       0.000000       0.000000       0.000000       0.000000       0.000000       0.000000       0.000000       0.000000       0.000000       0.000000       0.000000    
  0.2312650      0.2247900      0.2245990      0.2242900      0.2234330      0.2224930      0.2135870      0.2002700      0.1964450      0.1818170      0.1680650      0.1703700      0.1534200       0.000000       0.000000       0.000000       0.000000       0.000000       0.000000       0.000000       0.000000       0.000000       0.000000       0.000000       0.000000       0.000000       0.000000       0.000000       0.000000       0.000000    
  0.2247900      0.2245600      0.2242900      0.2238610      0.2234050      0.2149460      0.2002700      0.1983570      0.1836240      0.1692170      0.1703700      0.1618950      0.8094750E-01   0.000000       0.000000       0.000000       0.000000       0.000000       0.000000       0.000000       0.000000       0.000000       0.000000       0.000000       0.000000       0.000000       0.000000       0.000000       0.000000       0.000000    
  0.2245470      0.2242900      0.2240760      0.2238520      0.2156210      0.2002700      0.1993140      0.1844830      0.1697940      0.1703700      0.1661330      0.1033030       0.000000       0.000000       0.000000       0.000000       0.000000       0.000000       0.000000       0.000000       0.000000       0.000000       0.000000       0.000000       0.000000       0.000000       0.000000       0.000000       0.000000       0.000000    
  0.2242900      0.2241830      0.2240730      0.2159550      0.2002700      0.1997920      0.1849040      0.1700820      0.1703700      0.1682510      0.1099510       0.000000       0.000000       0.000000       0.000000       0.000000       0.000000       0.000000       0.000000       0.000000       0.000000       0.000000       0.000000       0.000000       0.000000       0.000000       0.000000       0.000000       0.000000       0.000000    
  0.2242360      0.2241820      0.2161200      0.2002700      0.2000310      0.1851120      0.1702260      0.1703700      0.1693110      0.1121430       0.000000       0.000000       0.000000       0.000000       0.000000       0.000000       0.000000       0.000000       0.000000       0.000000       0.000000       0.000000       0.000000       0.000000       0.000000       0.000000       0.000000       0.000000       0.000000       0.000000    
  0.2242360      0.2162020      0.2002700      0.2001500      0.1852160      0.1702980      0.1703700      0.1698400      0.1129560       0.000000       0.000000       0.000000       0.000000       0.000000       0.000000      0.1829900E-01   0.000000       0.000000      0.5888500E-01  0.7730500E-01  0.6145400E-01   0.000000       0.000000       0.000000       0.000000       0.000000       0.000000       0.000000       0.000000       0.000000    
  0.2162430      0.2002700      0.2002100      0.1852680      0.1703340      0.1703700      0.1701050      0.1132920       0.000000       0.000000       0.000000       0.000000       0.000000      0.4845500E-01  0.7796880E-01  0.9169460E-01  0.9149500E-01  0.1087320      0.1326740      0.1582350      0.1546100      0.1526600       0.000000       0.000000       0.000000       0.000000       0.000000       0.000000       0.000000       0.000000    
  0.2002700      0.2002400      0.1852940      0.1703520      0.1703700      0.1702380      0.1134420       0.000000       0.000000       0.000000       0.000000       0.000000      0.8730860E-01  0.1939820      0.1938200      0.1639990      0.1835890      0.1829900      0.1691110      0.1624830      0.1618600      0.1612600      0.1563700      0.1541500       0.000000       0.000000       0.000000       0.000000       0.000000       0.000000    
  0.2002550      0.1853070      0.1703610      0.1703700      0.1703040      0.1135120       0.000000       0.000000       0.000000       0.000000      0.8182000E-01  0.2045500      0.1976050      0.1941070      0.1941430      0.1938200      0.1870940      0.1841880      0.1829900      0.1727350      0.1709800      0.1653500      0.1605700      0.1556400      0.1534200       0.000000       0.000000       0.000000       0.000000       0.000000    
  0.1853140      0.1703650      0.1703700      0.1703370      0.1135470       0.000000       0.000000       0.000000       0.000000      0.9818400E-01  0.2045500      0.2045500      0.2045500      0.1977830      0.1943570      0.1944660      0.1938200      0.1873770      0.1853850      0.1829900      0.1751100      0.1676300      0.1610300      0.1559400       0.000000       0.000000       0.000000       0.000000       0.000000       0.000000    
  0.1703680      0.1703700      0.1703530      0.1135630       0.000000       0.000000       0.000000      0.5885250E-01  0.1255070      0.2045660      0.2045500      0.2045500      0.2045500      0.2045500      0.1980830      0.1947840      0.1951120      0.1938200      0.1873120      0.1877800      0.1780600      0.1682800      0.1591300       0.000000       0.000000       0.000000       0.000000       0.000000       0.000000       0.000000    
  0.1703700      0.1703620      0.1135720       0.000000       0.000000      0.9517620E-01  0.2379400      0.2366750      0.2354100      0.2148810      0.2045990      0.2045500      0.2045500      0.2045500      0.2045500      0.1985320      0.1954190      0.1964050      0.1938200      0.1846600      0.1744800      0.1633300       0.000000       0.000000       0.000000       0.000000       0.000000       0.000000      0.1551700      0.1568400    
  0.1703660      0.1135760       0.000000       0.000000      0.1142120      0.2379410      0.2379410      0.2379400      0.2366740      0.2354100      0.2149660      0.2046980      0.2045500      0.2045500      0.2045500      0.2045500      0.1990450      0.1960330      0.1989900      0.1889300      0.1712600      0.1590900       0.000000       0.000000       0.000000       0.000000       0.000000       0.000000      0.1577900      0.1619900    
