iMOD/TUTORIALS/TUT_MetaswapAnalyser/model_MetaSWAP/meteo/Precipitation/Precipitation_20061129_L1.ASC
NCOLS                30
NROWS                30
XLLCORNER     160000.00
YLLCORNER     340000.00
CELLSIZE        1000.00
NODATA_VALUE   -9999.00
  0.1314700      0.1381100      0.1464800      0.1623000      0.1912100      0.2154300      0.2395100      0.2584200      0.2716200      0.2573100      0.2217500      0.1866500      0.1540300      0.1246300      0.1095800      0.9405000E-01  0.9938000E-01  0.9224000E-01  0.9200000E-01  0.9192000E-01  0.9192000E-01  0.9763000E-01  0.9763000E-01  0.1048400      0.1016900      0.9333000E-01  0.8165000E-01  0.6879000E-01   0.000000       0.000000    
  0.1180900      0.1239700      0.1417100      0.1564700      0.1862600      0.2101900      0.2358000      0.2611700      0.2842900      0.2776100      0.2285200      0.1863600      0.1576200      0.1204600      0.1061700      0.1054600      0.1038300      0.1055700      0.9745000E-01  0.9569000E-01  0.9433000E-01  0.9947000E-01  0.9947000E-01  0.1061000      0.1004400      0.8923000E-01  0.7440000E-01   0.000000       0.000000       0.000000    
  0.1151500      0.1192600      0.1251500      0.1491500      0.1763000      0.1973600      0.2201700      0.2421100      0.2531400      0.2431200      0.2089200      0.1798200      0.1478800      0.1235100      0.1144100      0.1152500      0.1147400      0.1142500      0.1117400      0.1080100      0.9734000E-01  0.1000300      0.1064700      0.1055900      0.9853000E-01  0.8576000E-01  0.6483000E-01   0.000000       0.000000       0.000000    
  0.1129500      0.1151500      0.1184700      0.1394600      0.1531700      0.1704800      0.1890100      0.2139400      0.2142300      0.2065800      0.1829500      0.1587100      0.1455200      0.1280700      0.1216300      0.1258200      0.1274700      0.1266500      0.1224900      0.1163100      0.1097400      0.1042000      0.1067500      0.9711000E-01  0.9073000E-01  0.7925000E-01  0.6418000E-01   0.000000       0.000000       0.000000    
  0.1123400      0.1126700      0.1269800      0.1310300      0.1400300      0.1521600      0.1652500      0.1576900      0.1646900      0.1644100      0.1502700      0.1341900      0.1305900      0.1214500      0.1295100      0.1389900      0.1362700      0.1348500      0.1278600      0.1180100      0.1150300      0.1067700      0.1075300      0.9748000E-01  0.9203000E-01  0.8160000E-01  0.6777000E-01   0.000000       0.000000       0.000000    
  0.1123400      0.1255600      0.1255600      0.1261200      0.1305000      0.1379500      0.1386500      0.1339300      0.1416900      0.1326400      0.1295400      0.1279900      0.1310100      0.1223100      0.1360300      0.1482800      0.1563300      0.1538500      0.1426400      0.1284200      0.1216700      0.1108100      0.1094300      0.1058800      0.1017100      0.8603000E-01  0.7459000E-01   0.000000       0.000000       0.000000    
  0.1175300      0.1255600      0.1255600      0.1255600      0.1181700      0.1215400      0.1264200      0.1205600      0.1138700      0.1141800      0.1138700      0.1165800      0.1225000      0.1281300      0.1443500      0.1635100      0.1785500      0.1732600      0.1550300      0.1419900      0.1263700      0.1136700      0.1046500      0.1062700      0.1044100      0.9825000E-01  0.8403000E-01  0.7433000E-01   0.000000       0.000000    
  0.1347100      0.1083900      0.1175300      0.1175300      0.1175300      0.1192700      0.1085300      0.1008300      0.1022200      0.1023600      0.1035000      0.1086800      0.1181300      0.1260600      0.1522400      0.1720700      0.1918200      0.1817600      0.1630600      0.1440700      0.1276600      0.1144500      0.1050600      0.1063900      0.1057700      0.9724000E-01  0.9206000E-01  0.8564000E-01  0.8615000E-01  0.8182000E-01
  0.1253800      0.1083900      0.1083900      0.1175300      0.1191100      0.1191100      0.1068700      0.9721000E-01  0.9733000E-01  0.9735000E-01  0.9899000E-01  0.1053400      0.1157100      0.1293600      0.1471300      0.1635300      0.1752200      0.1756100      0.1578300      0.1411400      0.1256200      0.1129700      0.1042400      0.1061600      0.9946000E-01  0.9944000E-01  0.9775000E-01  0.1029700      0.9911000E-01  0.9651000E-01
  0.1253800      0.1083900      0.1083900      0.1108300      0.1191100      0.1191100      0.9721000E-01  0.9721000E-01  0.9721000E-01  0.9721000E-01  0.9805000E-01  0.1029200      0.1114000      0.1311700      0.1360900      0.1506600      0.1629800      0.1618900      0.1536500      0.1419000      0.1297300      0.1106400      0.1027600      0.9952000E-01  0.9946000E-01  0.9946000E-01  0.1086600      0.1082700      0.1070500      0.1060100    
  0.1197170      0.1140530      0.1096100      0.1108300      0.1108300      0.1068700      0.9721000E-01  0.9721000E-01  0.9721000E-01  0.9721000E-01  0.9729000E-01  0.1000600      0.1154900      0.1304900      0.1392900      0.1471500      0.1523900      0.1517300      0.1465500      0.1386300      0.1299900      0.1223100      0.1170300      0.1088000      0.1200800      0.1152200      0.1152200      0.1152200      0.1152200      0.1086600    
  0.1197170      0.1135530      0.1108300      0.1078650      0.1108300      0.9897000E-01  0.8980000E-01  0.9721000E-01  0.9721000E-01  0.9721000E-01  0.1040400      0.1046400      0.1180600      0.1344400      0.1301800      0.1355800      0.1382700      0.1383100      0.1347800      0.1297000      0.1242300      0.1194600      0.1210500      0.1204300      0.1200900      0.1267900      0.1267900      0.1267900      0.1267900      0.1258400    
  0.1168980      0.1108300      0.1056410      0.1049000      0.9897000E-01  0.8980000E-01  0.8980000E-01  0.8980000E-01  0.9721000E-01  0.1040400      0.1040400      0.1260200      0.1268500      0.1292100      0.1224800      0.1253600      0.1260000      0.1244300      0.1226900      0.1262800      0.1219900      0.1213600      0.1212900      0.1207200      0.1201800      0.1200800      0.1267900      0.1267900      0.1267900      0.1229500    
  0.1108300      0.1043440      0.1019350      0.9897000E-01  0.9285670E-01  0.8980000E-01  0.9721000E-01  0.9721000E-01  0.9721000E-01  0.1066600      0.1066600      0.1260600      0.1263500      0.1265200      0.1264300      0.1179400      0.1209300      0.1154400      0.1136600      0.1152900      0.1186900      0.1208600      0.1118200      0.1102700      0.1090000      0.1086600      0.1152200      0.1152200      0.1150000      0.1091800    
  0.1036490      0.1004520      0.9897000E-01  0.9387560E-01  0.8980000E-01  0.1019100      0.1187200      0.1187200      0.1187200      0.1187200      0.1342900      0.1342800      0.1341000      0.1332100      0.1308700      0.1219900      0.1161200      0.1072200      0.1039800      0.1091200      0.1133900      0.1146200      0.1141300      0.1128100      0.1116000      0.1112100      0.1112100      0.1174700      0.1168900      0.1039400    
  0.9971130E-01  0.9897000E-01  0.9421520E-01  0.8980000E-01  0.1034770      0.1187200      0.1187200      0.1187200      0.1226120      0.1342900      0.1342900      0.1342800      0.1341300      0.1333500      0.1311500      0.1271700      0.1077700      0.1057900      0.1053700      0.1073600      0.1084300      0.1096400      0.1081800      0.1062600      0.1047600      0.1043500      0.1043500      0.1043500      0.1107000      0.1040400    
  0.9897000E-01  0.9432840E-01  0.8980000E-01  0.1039990      0.1187200      0.1187200      0.1187200      0.1235860      0.1342900      0.1342900      0.1327060      0.1342900      0.1339900      0.1335100      0.1162200      0.1160800      0.1084300      0.1080300      0.1079400      0.1083600      0.1083100      0.1072800      0.1054800      0.1057900      0.1045600      0.1043500      0.1043500      0.1043500      0.1042000      0.1016400    
  0.9436610E-01  0.8980000E-01  0.1041730      0.1187200      0.1187200      0.1187200      0.1238290      0.1342900      0.1342900      0.1316000      0.1303350      0.1263800      0.1265100      0.1149400      0.1158300      0.1162700      0.1080500      0.1083500      0.1083800      0.1081700      0.1074700      0.1061400      0.1044300      0.1028600      0.1043700      0.1043500      0.1043500      0.1043500      0.1043500      0.9704000E-01
  0.8980000E-01  0.1042310      0.1187200      0.1187200      0.1187200      0.1238900      0.1342900      0.1342900      0.1309840      0.1283570      0.1263800      0.1264450      0.1205320      0.1143000      0.1150900      0.1157600      0.1161400      0.1071100      0.1071600      0.1067600      0.1058700      0.1046000      0.1032300      0.1022300      0.1020200      0.1020200      0.1043500      0.1043500      0.9944000E-01  0.9096000E-01
  0.1042500      0.1187200      0.1187200      0.1187200      0.1239050      0.1342900      0.1342900      0.1306620      0.1273690      0.1263800      0.1264120      0.1219140      0.1143000      0.1146950      0.1150500      0.1156630      0.1130030      0.1101370      0.1057320      0.1047300      0.1039900      0.1030800      0.1022900      0.1020200      0.1020200      0.1020200      0.9384000E-01  0.8787000E-01  0.7877000E-01  0.8052000E-01
  0.1187200      0.1187200      0.1187200      0.1239090      0.1342900      0.1342900      0.1304990      0.1268740      0.1263800      0.1263960      0.1222520      0.1143000      0.1144970      0.1146820      0.1151360      0.1145720      0.1129340      0.1071170      0.1038150      0.1029000      0.1025000      0.1021200      0.1020200      0.9384000E-01  0.9384000E-01  0.9384000E-01  0.7966000E-01  0.7773000E-01  0.7447000E-01  0.7098000E-01
  0.1187200      0.1187200      0.1239100      0.1342900      0.1342900      0.1304170      0.1266270      0.1263800      0.1263880      0.1223320      0.1143000      0.1143990      0.1144930      0.1147720      0.1147970      0.1142140      0.1081760      0.1033580      0.1029000      0.9974670E-01  0.9384000E-01  0.9384000E-01  0.9384000E-01  0.9384000E-01  0.8526000E-01  0.7353000E-01  0.7189000E-01  0.6814000E-01   0.000000       0.000000    
  0.1187200      0.1239100      0.1342900      0.1342900      0.1303760      0.1265040      0.1263800      0.1263840      0.1223500      0.1143000      0.1143490      0.1143970      0.1145550      0.1146870      0.1145940      0.1058570      0.1031290      0.1029000      0.9577420E-01  0.9384000E-01  0.8905800E-01  0.8526000E-01  0.7851000E-01  0.7851000E-01  0.7355000E-01  0.6866000E-01  0.6557000E-01   0.000000       0.000000       0.000000    
  0.1239100      0.1342900      0.1342900      0.1303560      0.1264420      0.1263800      0.1263820      0.1223540      0.1143000      0.1143250      0.1143490      0.1144340      0.1145460      0.1035090      0.9523860E-01  0.8910420E-01  0.8897000E-01  0.8833620E-01  0.8772890E-01  0.8661000E-01  0.9384000E-01  0.7851000E-01  0.6923000E-01  0.6924000E-01  0.6924000E-01  0.6774000E-01   0.000000       0.000000       0.000000       0.000000    
  0.1342900      0.1342900      0.1303450      0.1264110      0.1263800      0.1263810      0.1223540      0.1143000      0.1143120      0.1143250      0.1143690      0.1144430      0.9453080E-01  0.7021970E-01  0.7020000E-01  0.7698900E-01  0.7521370E-01  0.7504000E-01  0.8023790E-01  0.8273670E-01  0.7938000E-01  0.7455000E-01  0.6997000E-01  0.7044000E-01  0.7058000E-01  0.6812000E-01   0.000000       0.000000       0.000000       0.000000    
  0.1342900      0.1303400      0.1263950      0.1263800      0.1263810      0.1223540      0.1143000      0.1143060      0.1143120      0.1143350      0.6862730E-01   0.000000      0.4659190E-01  0.6994530E-01  0.7023940E-01  0.7020000E-01  0.7357220E-01  0.7538750E-01  0.7504000E-01  0.7656500E-01  0.7499000E-01  0.7624000E-01  0.7759000E-01  0.7366000E-01  0.7396000E-01  0.7097000E-01  0.6410000E-01   0.000000       0.000000       0.000000    
  0.1303380      0.1263880      0.1263800      0.1263800      0.1223540      0.1143000      0.1143030      0.1143060      0.1143180      0.5945500E-01   0.000000       0.000000       0.000000      0.4620270E-01  0.6939650E-01  0.7027870E-01  0.7020000E-01  0.7366130E-01  0.7573500E-01  0.7504000E-01  0.7685000E-01  0.7916000E-01  0.8135000E-01  0.8288000E-01  0.7882000E-01  0.7585000E-01   0.000000       0.000000       0.000000       0.000000    
  0.1263840      0.1263800      0.1263800      0.1223530      0.1143000      0.1143020      0.1143030      0.1018970      0.6240970E-01  0.4473250E-04   0.000000       0.000000       0.000000       0.000000      0.4517490E-01  0.6771080E-01  0.7035750E-01  0.7020000E-01  0.7367000E-01  0.7643000E-01  0.7931000E-01  0.8260000E-01  0.8559000E-01  0.8766000E-01  0.7966000E-01  0.7412000E-01  0.6765000E-01   0.000000       0.000000       0.000000    
  0.1263800      0.1263800      0.1223530      0.1143000      0.1143010      0.6858090E-01   0.000000      0.3232840E-01  0.6466000E-01  0.2167440E-01  0.1341980E-03   0.000000       0.000000       0.000000       0.000000      0.4270980E-01  0.6257500E-01  0.7051500E-01  0.7020000E-01  0.7301000E-01  0.7703000E-01  0.8154000E-01  0.7809000E-01  0.8489000E-01  0.8622000E-01  0.8426000E-01  0.7482000E-01  0.6578000E-01   0.000000       0.000000    
  0.1263800      0.1223530      0.1143000      0.1143000      0.5943630E-01   0.000000       0.000000       0.000000      0.3232510E-01  0.6466000E-01  0.2190360E-01  0.4025930E-03   0.000000       0.000000       0.000000       0.000000      0.3790690E-01  0.4701000E-01  0.7083000E-01  0.7428000E-01  0.7015000E-01  0.7622000E-01  0.8272000E-01  0.8861000E-01  0.9124000E-01  0.8804000E-01  0.8116000E-01  0.7522000E-01   0.000000       0.000000    
