iMOD/TUTORIALS/TUT_MetaswapAnalyser/model_MetaSWAP/meteo/Precipitation/Precipitation_20050425_L1.ASC
NCOLS                30
NROWS                30
XLLCORNER     160000.00
YLLCORNER     340000.00
CELLSIZE        1000.00
NODATA_VALUE   -9999.00
  0.7077200      0.6398300      0.5697300      0.4946900      0.4069200      0.3009300      0.1862200       0.000000       0.000000       0.000000       0.000000       0.000000       0.000000      0.1205500      0.1590000      0.1958300      0.2410600      0.2816900      0.3209000      0.3581400      0.3932000      0.4139000      0.4433300      0.4747300      0.5015100      0.5274100      0.5521900      0.5747300      0.5922400      0.6025800    
  0.6869900      0.6129200      0.5327200      0.4485400      0.3535800      0.2515200      0.1503400       0.000000       0.000000       0.000000       0.000000       0.000000       0.000000      0.1186700      0.1598800      0.2071700      0.2524000      0.2785600      0.3192900      0.3584900      0.3961400      0.4215200      0.4554600      0.4919700      0.5259200      0.5607900      0.5969000      0.6337900      0.6746700      0.7011700    
  0.6661300      0.5889300      0.5072500      0.4181700      0.3256000      0.2317600      0.1435800       0.000000       0.000000       0.000000       0.000000       0.000000       0.000000      0.1299600      0.1671400      0.2118000      0.2564500      0.3009500      0.3444400      0.3864800      0.4271300      0.4560900      0.4963600      0.5337000      0.5719200      0.6119100      0.6608100      0.7061000      0.7582600      0.8047200    
  0.6516600      0.5739400      0.4926000      0.4061100      0.3200000      0.2356700      0.1595700       0.000000       0.000000       0.000000       0.000000       0.000000      0.1155000      0.1518300      0.1933300      0.2388900      0.2851100      0.3312100      0.3761900      0.4196400      0.4616300      0.5056200      0.5344600      0.5798400      0.6197500      0.6613200      0.7055200      0.7534400      0.8090300      0.8640200    
  0.6447600      0.5687700      0.4884600      0.4091800      0.3304700      0.2558700      0.1903100      0.1404100       0.000000       0.000000       0.000000      0.1284400      0.1565900      0.1916900      0.2315300      0.2768300      0.3257900      0.3726800      0.4180900      0.4617500      0.5079600      0.5491400      0.5765100      0.6162500      0.6553000      0.6952700      0.7365600      0.7831500      0.8233300      0.8532000    
  0.6455400      0.5711100      0.4976400      0.4243600      0.3533400      0.2875900      0.2309900      0.1884100      0.1898600      0.1742100      0.1724600      0.1852700      0.2104600      0.2429800      0.2821800      0.3270100      0.3737900      0.4194700      0.4627700      0.5041900      0.5479900      0.5873200      0.6131600      0.6493400      0.6851500      0.7214400      0.7560100      0.7924200      0.8178000      0.8295800    
  0.6448800      0.5841000      0.5157900      0.4488500      0.3855600      0.3275800      0.2781600      0.2997400      0.2693600      0.2492800      0.2448400      0.2541400      0.2749200      0.3056300      0.3415900      0.3853700      0.4319700      0.4746000      0.5131600      0.5534100      0.5905900      0.6268000      0.6618900      0.6817000      0.7124900      0.7414100      0.7723800      0.7929900      0.8059900      0.8060400    
  0.6766400      0.5959000      0.5416000      0.4808200      0.4239100      0.4525100      0.4279500      0.3886200      0.3537200      0.3332000      0.3266400      0.3327700      0.3499300      0.3763400      0.4090700      0.4503800      0.4965700      0.5337200      0.5681100      0.6018100      0.6351100      0.6675300      0.6985200      0.7132800      0.7380000      0.7647900      0.7812900      0.7915600      0.7896300      0.7821900    
  0.6972400      0.6203700      0.5637600      0.5174600      0.5856200      0.5251300      0.5129800      0.4791800      0.4457300      0.4248900      0.4164300      0.4194900      0.4327800      0.4502300      0.4818400      0.5176000      0.5554600      0.5899500      0.6212300      0.6515500      0.6812300      0.7097800      0.7363900      0.7454700      0.7691500      0.7826300      0.7903700      0.7865500      0.7802700      0.7648400    
  0.7223900      0.6490400      0.5976100      0.7133300      0.6611200      0.6051400      0.6198400      0.5770500      0.5448200      0.5236400      0.5133500      0.5132600      0.5223000      0.5331700      0.5577200      0.5876800      0.6166900      0.6469900      0.6755600      0.7031200      0.7298100      0.7543400      0.7766800      0.7952800      0.7969100      0.8028600      0.7973000      0.7901300      0.7750700      0.7520400    
  0.7161630      0.6563470      0.6875770      0.7903300      0.7335300      0.7483700      0.7222500      0.6818600      0.6507100      0.6291500      0.6170200      0.6137000      0.6086300      0.6616800      0.6649100      0.6767100      0.6918000      0.7061700      0.7215300      0.7381300      0.7553100      0.7717000      0.7857800      0.8005400      0.8009000      0.7823000      0.7746600      0.7605000      0.7396000      0.7448800    
  0.7165560      0.7126040      0.7903300      0.8351600      0.8218500      0.8404400      0.8227200      0.7935000      0.7633700      0.7414600      0.8071500      0.7888400      0.7745200      0.7617500      0.7610500      0.7624700      0.7652800      0.7726500      0.7819400      0.7950600      0.8098000      0.8233200      0.8330800      0.8381800      0.8374700      0.8105000      0.7948700      0.7725600      0.7437200      0.7089900    
  0.7486440      0.7903300      0.8822030      0.9083900      0.9949300      0.9794300      0.9378300      0.9026700       1.002950      0.9755200      0.9456900      0.9052100      0.8899400      0.8778900      0.8675100      0.8578300      0.8486800      0.8425000      0.8471000      0.8577400      0.8726000      0.8840600      0.8903100      0.8901100      0.8828400      0.8681900      0.8240800      0.7937000      0.7569800      0.7147300    
  0.7903300      0.9047810      0.9516600      0.9949300       1.024160       1.098110       1.251220       1.201330       1.157500       1.125150       1.092110       1.048120       1.026860       1.007290      0.9878500      0.9669900      0.9419700      0.9216700      0.9159300      0.9328700      0.9483300      0.9579500      0.9307300      0.9196900      0.9016900      0.8768800      0.8262000      0.7882200      0.7453600      0.6984600    
  0.9158340      0.9732950      0.9949300       1.039070       1.098110       1.241820       1.376140       1.331160       1.291090       1.255750       1.197260       1.174010       1.152600       1.131630       1.109490       1.091620       1.059410       1.017900       1.001060       1.010640       1.019720       1.017000       1.006350      0.9879200      0.9620200      0.9291000      0.8897700      0.8248400      0.7751900      0.7175500    
  0.9841130      0.9949300       1.044040       1.098110       1.238690       1.376140       1.353650       1.332800       1.318610       1.396440       1.368910       1.343310       1.318600       1.293500       1.241710       1.215150       1.181980       1.152870       1.133670       1.126680       1.117710       1.117110       1.097500       1.069960       1.034850      0.9928100      0.9447300      0.8916800      0.8156800      0.7573600    
  0.9949300       1.045690       1.098110       1.237650       1.376140       1.364890       1.354200       1.350370       1.396440       1.382670       1.464590       1.529290       1.464800       1.438200       1.399070       1.371320       1.344820       1.316140       1.292090       1.272530       1.252050       1.226440       1.193940       1.174640       1.129690       1.077930       1.020510      0.9588500      0.8945600      0.8205700    
   1.046240       1.098110       1.237300       1.376140       1.370520       1.365080       1.366480       1.396440       1.389560       1.507170       1.607140       1.685000       1.657130       1.612520       1.584670       1.555330       1.529030       1.498520       1.469170       1.440270       1.409120       1.372910       1.329950       1.279690       1.243770       1.181200       1.113380       1.042170      0.9697200      0.9065200    
   1.098110       1.237180       1.376140       1.373330       1.370580       1.374630       1.396440       1.393000       1.524850       1.646070       1.685000       1.671060       1.693350       1.818760       1.790190       1.759950       1.727960       1.700850       1.666520       1.629970       1.589420       1.542960       1.489240       1.427790       1.358970       1.283930       1.225200       1.142960       1.069640      0.9953200    
   1.237140       1.376140       1.374730       1.373350       1.378740       1.396440       1.394720       1.532960       1.665540       1.685000       1.678030       1.717040       1.818760       1.804480       1.789630       1.759370       1.729590       1.698440       1.784650       1.843320       1.794630       1.738640       1.674290       1.601210       1.519890       1.431710       1.339950       1.258830       1.113330       1.050010    
   1.376140       1.375440       1.374740       1.380820       1.396440       1.395580       1.536880       1.675270       1.685000       1.681520       1.724710       1.818760       1.811620       1.804290       1.784490       1.759530       1.729130       1.851650       1.962960       2.082600       2.027130       1.962630       1.888130       1.804740       1.710010       1.607100       1.442440       1.337540       1.237140       1.147190    
   1.375790       1.375440       1.381860       1.396440       1.396010       1.538810       1.680130       1.685000       1.683260       1.727500       1.818760       1.815190       1.811560       1.800130       1.782770       1.757720       1.889140       2.022780       2.082600       2.133930       2.292070       2.220180       2.136210       2.039720       1.851740       1.734050       1.615300       1.493940       1.376620       1.275220    
   1.375790       1.382380       1.396440       1.396220       1.539760       1.682570       1.685000       1.684130       1.728630       1.818760       1.816970       1.815170       1.808960       1.798150       1.780210       2.096850       2.052690       2.082600       2.457050       2.601460       2.529870       2.522330       2.303260       2.203720       2.094450       1.967720       1.830500       1.687490       1.546100       1.416920    
   1.382640       1.396440       1.396330       1.540240       1.683780       1.685000       1.684560       1.729130       1.818760       1.817870       1.816970       1.813700       1.807430       2.579510       2.945740       3.011010       3.001920       2.962620       2.926010       3.010220       2.910860       2.703910       2.611910       2.511470       2.390290       2.250030       2.093920       1.926880       1.755940       1.572750    
   1.396440       1.396390       1.540480       1.684390       1.685000       1.684780       1.729360       1.818760       1.818310       1.817870       1.816180       1.812700       3.221870       4.946220       4.930720       4.057490       3.978420       3.921250       3.426180       3.166350       3.109580       3.028360       2.971920       2.869760       2.742120       2.590120       2.416740       2.226550       2.006090       1.805730    
   1.396410       1.540600       1.684700       1.685000       1.684890       1.729480       1.818760       1.818540       1.818310       1.817450       3.728180       6.597080       5.509980       4.962490       4.961720       4.930720       4.318880       4.035590       3.921250       3.606890       3.478600       3.435010       3.365730       3.287180       3.157870       2.998350       2.812000       2.585410       2.364550       2.136330    
   1.540660       1.684850       1.685000       1.684950       1.729530       1.818760       1.818650       1.818540       1.818100       4.111620       6.597080       6.597080       6.597080       5.534140       4.995030       4.992720       4.930720       4.387950       4.149930       3.921250       3.918150       3.892300       3.838680       3.751960       3.645010       3.483400       3.274010       3.055740       2.826700       2.598410    
   1.684920       1.685000       1.684970       1.729560       1.818760       1.818700       1.818650       3.568050       5.084030       6.598400       6.597080       6.597080       6.597080       6.597080       5.582720       5.061650       5.054720       4.930720       4.549920       4.378600       4.400090       4.399810       4.371270       4.305880       4.193880       4.041440       3.839430       3.617780       3.391530       3.178130    
   1.685000       1.684990       1.729570       1.818760       1.818730       4.692310       9.002320       8.909630       8.816900       7.340620       6.601050       6.597080       6.597080       6.597080       6.597080       5.679420       5.199510       5.178710       4.930720       4.969120       4.996000       5.007460       5.032340       4.946450       4.843710       4.680780       4.485290       4.262750       4.043340       3.845370    
   1.684990       1.729580       1.818760       1.818750       5.267520       9.003120       9.003120       9.002320       8.909670       8.816900       7.347450       6.608990       6.597080       6.597080       6.597080       6.597080       5.866360       5.489100       5.426700       5.491850       5.644020       5.661090       5.668470       5.654250       5.577300       5.397550       5.171490       4.969920       4.761750       4.576700    
