iMOD/TUTORIALS/TUT_MetaswapAnalyser/model_MetaSWAP/meteo/Precipitation/Precipitation_20050120_L1.ASC
NCOLS                30
NROWS                30
XLLCORNER     160000.00
YLLCORNER     340000.00
CELLSIZE        1000.00
NODATA_VALUE   -9999.00
   17.40860       17.38740       17.36900       17.33760       17.25480       17.05910       16.72810       16.33360       15.95690       15.76830       15.80410       15.90550       16.01970       16.13550       16.23600       16.33930       16.52920       16.55330       16.58820       16.60610       16.60820       16.54610       16.51690       16.44650       16.40060       16.34620       16.28290       16.20850       16.11710       15.98700    
   17.45010       17.40180       17.36310       17.27590       17.13330       16.90980       16.59360       16.20570       15.77440       15.57360       15.74500       15.90370       16.04690       16.19440       16.31200       16.51260       16.59700       16.65840       16.66440       16.68000       16.67850       16.61730       16.58620       16.51770       16.47430       16.42560       16.37210       16.31270       16.21700       16.11450    
   17.49600       17.41940       17.32930       17.20780       17.05390       16.82750       16.54060       16.21190       15.90120       15.76380       15.84380       15.98010       16.12910       16.27080       16.39670       16.58040       16.67050       16.73320       16.76950       16.78290       16.74070       16.67660       16.61020       16.57010       16.52610       16.47980       16.40470       16.36200       16.30750       16.26130    
   17.52690       17.42910       17.31680       17.17650       17.00640       16.79730       16.55480       16.30560       16.09970       16.00180       16.02450       16.11760       16.23930       16.37270       16.49530       16.65820       16.75090       16.81040       16.83810       16.84000       16.82320       16.72850       16.64770       16.57110       16.52490       16.47920       16.43520       16.39370       16.34520       16.31190    
   17.54990       17.43820       17.30960       17.16670       17.00100       16.81290       16.61140       16.44050       16.28360       16.19810       16.18320       16.25950       16.35890       16.47790       16.60270       16.74190       16.82800       16.87900       16.89010       16.87310       16.80360       16.76010       16.65860       16.58350       16.52990       16.47740       16.42570       16.35920       16.30570       16.22870    
   17.56890       17.44560       17.31610       17.17370       17.01750       16.85070       16.70230       16.55650       16.39810       16.34290       16.33710       16.38160       16.46960       16.58510       16.68220       16.81850       16.91930       16.95830       16.94370       16.90230       16.81820       16.75950       16.64980       16.58560       16.52200       16.44370       16.38040       16.29830       16.22130       16.11660    
   17.59040       17.46010       17.32980       17.19140       17.07690       16.92400       16.77610       16.60080       16.51930       16.46700       16.45850       16.49160       16.55930       16.66070       16.73100       16.88290       17.00880       17.02520       16.96860       16.87550       16.80180       16.73010       16.66020       16.53940       16.46700       16.39380       16.30030       16.21880       16.11610       15.99790    
   17.62840       17.53210       17.38940       17.25190       17.11190       16.85780       16.77200       16.68220       16.60390       16.55710       16.54510       16.56720       16.62010       16.70280       16.72690       16.88060       17.03960       17.02180       16.92020       16.83060       16.74690       16.66800       16.59220       16.46620       16.38700       16.28770       16.20420       16.11250       16.00390       15.88060    
   17.70180       17.55020       17.41970       17.27800       16.99260       16.87800       16.80920       16.73250       16.66130       16.61550       16.59730       16.60650       16.64110       16.54660       16.66910       16.78820       16.87710       16.87700       16.81360       16.73250       16.65130       16.57270       16.49620       16.36800       16.26610       16.18150       16.09200       15.99010       15.88100       15.75630    
   17.71850       17.56760       17.44040       17.11680       16.99490       16.88830       16.84860       16.76270       16.69390       16.64520       16.61800       16.61200       16.62500       16.46890       16.56240       16.64470       16.70330       16.69660       16.64900       16.58140       16.50770       16.44760       16.37500       16.30090       16.14650       16.05980       15.96310       15.86320       15.75280       15.62960    
   17.70920       17.57550       17.30790       17.10690       16.99900       16.94100       16.85820       16.77440       16.70450       16.65010       16.61190       16.58910       16.30000       16.41710       16.50140       16.52280       16.52650       16.50020       16.45090       16.38830       16.32000       16.24940       16.17710       16.08640       16.00070       15.88050       15.78870       15.69010       15.58300       15.50050    
   17.70850       17.42490       17.10690       17.02990       16.98570       16.94400       16.86280       16.77000       16.69640       16.63450       16.65500       16.60490       16.27960       16.35800       16.36800       16.35920       16.33460       16.29890       16.25050       16.19810       16.14300       16.08420       16.00050       15.93090       15.85650       15.71590       15.62500       15.52790       15.42370       15.31190    
   17.51940       17.10690       17.04280       17.00680       17.02780       16.94150       16.84730       16.76020       16.78500       16.69610       16.62270       16.26530       16.25700       16.24440       16.22990       16.19420       16.14490       16.08760       16.03960       15.99810       15.94420       15.89520       15.83920       15.77600       15.70590       15.62920       15.47920       15.38490       15.28460       15.17830    
   17.10690       17.04870       17.01730       17.02780       16.96220       16.91740       16.96150       16.86050       16.76470       16.59560       16.51900       16.18720       16.16190       16.12960       16.08680       16.03610       15.96230       15.87850       15.81840       15.79000       15.76300       15.72570       15.65160       15.58910       15.51910       15.44250       15.29930       15.20800       15.11260       15.01360    
   17.05150       17.02250       17.02780       16.96910       16.91740       16.90960       16.85000       16.75310       16.65940       16.56850       16.15930       16.12290       16.08100       16.03080       15.96920       15.89730       15.80250       15.68360       15.60750       15.59540       15.57560       15.53650       15.48570       15.42530       15.35720       15.28240       15.20220       15.05530       14.96490       14.87810    
   17.02520       17.02780       16.97140       16.91740       16.89230       16.85000       16.80150       16.75420       16.52860       16.13340       16.09150       16.04480       15.99170       15.93000       15.82570       15.74580       15.67770       15.57310       15.49720       15.45920       15.42290       15.38880       15.33700       15.27650       15.20870       15.13480       15.05600       14.97300       14.82620       14.73920    
   17.02780       16.97220       16.91740       16.88660       16.85000       16.82580       16.80190       16.55440       16.13340       16.11240       16.02900       15.97030       15.86260       15.79490       15.75250       15.66010       15.58020       15.48570       15.40760       15.34830       15.29580       15.24110       15.18090       15.12910       15.05890       14.98380       14.90480       14.82290       14.73900       14.61860    
   16.97250       16.91740       16.88470       16.85000       16.83790       16.82590       16.57890       16.13340       16.12290       16.02350       15.93770       15.90510       15.82510       15.75250       15.66190       15.56690       15.49500       15.40260       15.31980       15.24750       15.18110       15.11540       15.04720       14.97530       14.91440       14.83660       14.75630       14.67430       14.59200       14.52750    
   16.91740       16.88400       16.85000       16.84390       16.83790       16.59400       16.13340       16.12820       16.02130       15.92140       15.90510       15.86510       15.78930       15.67470       15.58000       15.48250       15.38390       15.32170       15.23340       15.15140       15.07380       14.99780       14.92110       14.84270       14.76220       14.68010       14.61120       14.52810       14.46280       14.38260    
   16.88380       16.85000       16.84700       16.84400       16.60230       16.13340       16.13080       16.02020       15.91320       15.90510       15.88510       15.80860       15.67470       15.62730       15.57910       15.48210       15.39600       15.31300       15.14700       15.05880       14.97170       14.88640       14.80150       14.71630       14.63030       14.54390       14.44870       14.38500       14.34420       14.27240    
   16.85000       16.84850       16.84700       16.60670       16.13340       16.13210       16.01970       15.90920       15.90510       15.89510       15.81840       15.67470       15.65100       15.62700       15.56280       15.48570       15.39710       15.16800       15.01420       14.96970       14.87430       14.78060       14.68800       14.58500       14.49440       14.40420       14.38080       14.29090       14.20210       14.11640    
   16.84920       16.84850       16.60890       16.13340       16.13270       16.01950       15.90710       15.90510       15.90010       15.82330       15.67470       15.66290       15.65090       15.61360       15.55850       15.48190       15.20250       14.99200       14.96970       14.86980       14.76530       14.66610       14.56800       14.47120       14.42620       14.34360       14.25020       14.15660       14.06420       13.97550    
   16.84920       16.61000       16.13340       16.13310       16.01940       15.90610       15.90510       15.90260       15.82580       15.67470       15.66880       15.66280       15.64250       15.60770       15.55140       15.19260       14.98080       14.96970       14.75450       14.65020       14.61510       14.57460       14.51750       14.41510       14.32160       14.22520       14.12860       14.03140       13.93450       13.84020    
   16.61060       16.13340       16.13320       16.01930       15.90560       15.90510       15.90380       15.82710       15.67470       15.67170       15.66880       15.65800       15.63770       15.28230       14.98750       14.74180       14.73930       14.65820       14.55860       14.52820       14.53520       14.53420       14.41650       14.31480       14.21460       14.11550       14.01670       13.91690       13.81560       13.70040    
   16.13340       16.13330       16.01930       15.90540       15.90510       15.90450       15.82770       15.67470       15.67320       15.67170       15.66620       15.65480       15.04670       14.32760       14.32770       14.50360       14.50510       14.50900       14.49930       14.49750       14.52110       14.38870       14.32640       14.21980       14.11660       14.01660       13.91820       13.81890       13.70390       13.59840    
   16.13340       16.01930       15.90520       15.90510       15.90480       15.82800       15.67470       15.67400       15.67320       15.67040       15.19130       14.48190       14.37920       14.32780       14.32750       14.32770       14.44220       14.50120       14.50900       14.46260       14.43630       14.31810       14.20210       14.13290       14.02800       13.92970       13.83550       13.73110       13.63440       13.53150    
   16.01930       15.90520       15.90510       15.90490       15.82810       15.67470       15.67430       15.67400       15.67250       15.09970       14.48190       14.48190       14.48190       14.37950       14.32810       14.32730       14.32770       14.43070       14.49350       14.50900       14.38390       14.25790       14.13490       14.01930       13.94860       13.85500       13.76190       13.67900       13.59510       13.50750    
   15.90510       15.90510       15.90500       15.82820       15.67470       15.67450       15.67430       15.43770       15.03720       14.48210       14.48190       14.48190       14.48190       14.48190       14.38050       14.32940       14.32700       14.32770       14.39260       14.47790       14.34550       14.21080       14.07870       13.95630       13.85080       13.78800       13.71530       13.64960       13.58400       13.51680    
   15.90510       15.90510       15.82830       15.67470       15.67460       15.26370       14.64740       14.68870       14.72990       14.56500       14.48240       14.48190       14.48190       14.48190       14.48190       14.38330       14.33350       14.32630       14.32770       14.25590       14.17010       14.07160       13.97520       13.90900       13.79620       13.72210       13.68790       13.64420       13.59850       13.55000    
   15.90510       15.82830       15.67470       15.67470       15.18160       14.64740       14.64740       14.64740       14.68870       14.72990       14.56590       14.48340       14.48190       14.48190       14.48190       14.48190       14.39070       14.34670       14.32480       14.25650       14.19690       14.08640       13.96220       13.83390       13.73960       13.71880       13.72490       13.66210       13.63920       13.60460    
