iMOD/TUTORIALS/TUT_MetaswapAnalyser/model_MetaSWAP/meteo/Precipitation/Precipitation_20060601_L1.ASC
NCOLS                30
NROWS                30
XLLCORNER     160000.00
YLLCORNER     340000.00
CELLSIZE        1000.00
NODATA_VALUE   -9999.00
  0.9716100      0.9180400      0.8754100      0.8516400      0.8728300      0.9712100       1.176720       1.459830       1.776220       2.030440       2.175310       2.279440       2.364950       2.430000       2.475520       2.495980       2.496330       2.452800       2.382650       2.288030       2.174660       2.046390       1.913320       1.783440       1.648620       1.518460       1.395270       1.281260       1.179290       1.093320    
   1.056760       1.023660       1.022610       1.031700       1.095500       1.217720       1.423200       1.707790       2.059380       2.325000       2.394160       2.465940       2.533480       2.587800       2.624660       2.645810       2.627880       2.569830       2.487010       2.381000       2.256390       2.118040       1.975310       1.836200       1.693120       1.554810       1.423110       1.299640       1.200930       1.101220    
   1.158870       1.145050       1.151570       1.205070       1.301150       1.434900       1.633540       1.892550       2.181860       2.407180       2.524360       2.605700       2.675760       2.730860       2.765320       2.780950       2.758090       2.699130       2.606390       2.486510       2.345580       2.194240       2.046190       1.890770       1.738680       1.591990       1.468810       1.332400       1.203860       1.086600    
   1.259050       1.262390       1.287300       1.365980       1.456910       1.593770       1.778810       2.020320       2.250760       2.452130       2.594180       2.700420       2.790780       2.856870       2.902380       2.922460       2.900840       2.834460       2.727090       2.589490       2.433640       2.274700       2.104930       1.961180       1.798540       1.642120       1.492850       1.351180       1.217260       1.092250    
   1.352530       1.369820       1.443020       1.506370       1.602110       1.733910       1.900660       2.087030       2.289140       2.475260       2.647280       2.771930       2.877520       2.966650       3.028150       3.062310       3.062250       2.991200       2.866050       2.706760       2.542440       2.360900       2.176820       1.998320       1.829340       1.668450       1.516470       1.374220       1.243650       1.130560    
   1.436150       1.511050       1.556300       1.625110       1.720760       1.844580       1.994120       2.154450       2.360680       2.529280       2.681610       2.816970       2.935550       3.044320       3.130810       3.200470       3.211750       3.131070       2.975240       2.786670       2.599640       2.403700       2.210060       2.027600       1.854300       1.689370       1.537120       1.396880       1.271210       1.164710    
   1.594240       1.602020       1.652430       1.723090       1.815600       1.930490       2.065190       2.245020       2.401210       2.555320       2.702040       2.839350       2.968110       3.089800       3.194200       3.304650       3.367200       3.264390       3.057220       2.846120       2.632080       2.426480       2.230680       2.041870       1.867250       1.703960       1.552710       1.414790       1.291540       1.187280    
   1.682640       1.707320       1.731770       1.801830       1.889980       2.034820       2.155080       2.288440       2.428260       2.568990       2.706660       2.839370       2.967190       3.094360       3.198910       3.327360       3.450580       3.311260       3.076290       2.848180       2.630810       2.424490       2.229260       2.041710       1.868790       1.707550       1.558680       1.423210       1.296990       1.195400    
   1.753670       1.774800       1.826570       1.863800       1.994910       2.089590       2.197720       2.317030       2.442210       2.569160       2.694790       2.817070       2.934960       3.024860       3.134440       3.230320       3.270530       3.179410       2.999560       2.796460       2.593270       2.396550       2.208540       2.026710       1.858440       1.701100       1.555400       1.414850       1.297680       1.194840    
   1.811420       1.829900       1.880660       1.995060       2.043700       2.129640       2.225810       2.332530       2.443720       2.556370       2.667700       2.775280       2.876810       2.936560       3.027210       3.080770       3.073510       3.005730       2.871810       2.704200       2.525220       2.345990       2.170540       2.001680       1.837080       1.685160       1.534980       1.406100       1.289090       1.184640    
   1.809490       1.840660       1.936420       2.040070       2.106890       2.153960       2.242080       2.336640       2.434310       2.532460       2.628320       2.719050       2.754750       2.770150       2.822340       2.874260       2.880030       2.832250       2.735240       2.604820       2.456230       2.299690       2.141330       1.985150       1.823970       1.675920       1.538490       1.409870       1.290950       1.166880    
   1.813450       1.906660       2.040070       2.106750       2.134950       2.197210       2.272680       2.331320       2.416100       2.500070       2.466760       2.553740       2.575200       2.606580       2.680480       2.714640       2.711710       2.668930       2.590390       2.484350       2.359840       2.224160       2.075270       1.932100       1.790490       1.648730       1.515890       1.389640       1.270980       1.160700    
   1.887910       2.040070       2.107990       2.140030       2.145100       2.205040       2.273040       2.343290       2.254870       2.320420       2.398960       2.327540       2.413920       2.485160       2.544190       2.565570       2.556080       2.515550       2.450090       2.362540       2.256780       2.140010       2.014700       1.884720       1.753180       1.622570       1.490930       1.367350       1.249260       1.137500    
   2.040070       2.108930       2.142560       2.145100       2.185940       2.207680       2.070130       2.139580       2.209610       2.255850       2.322520       2.238390       2.311540       2.369780       2.408520       2.429690       2.416600       2.373460       2.315030       2.247500       2.163830       2.064980       1.934750       1.814620       1.691240       1.567230       1.441890       1.322240       1.206810       1.096390    
   2.109480       2.143830       2.145100       2.179570       2.207680       2.103070       2.031410       2.092830       2.154160       2.213370       2.121920       2.189740       2.246920       2.289860       2.314740       2.314410       2.294320       2.247670       2.193690       2.138160       2.066950       1.978150       1.877230       1.767860       1.653220       1.535990       1.418380       1.299430       1.185920       1.071000    
   2.144470       2.145100       2.177450       2.207680       2.114050       2.031410       2.062120       2.092800       2.112040       1.987780       2.053690       2.112440       2.161240       2.197090       2.217390       2.218450       2.206930       2.162270       2.110840       2.057040       1.990090       1.913860       1.822090       1.721030       1.613500       1.502070       1.389050       1.276400       1.163520       1.056100    
   2.145100       2.176740       2.207680       2.117710       2.031410       2.046760       2.062110       2.063680       1.987780       2.020740       2.041080       2.040250       2.083760       2.114930       2.147880       2.143260       2.126420       2.091530       2.047600       1.996010       1.933830       1.859570       1.774040       1.685350       1.584290       1.478270       1.369640       1.260560       1.152980       1.041840    
   2.176510       2.207680       2.118930       2.031410       2.039090       2.046760       2.040080       1.987780       2.004260       2.017310       2.025730       2.011220       2.044610       2.062280       2.071880       2.069420       2.058100       2.030420       1.992920       1.946020       1.888770       1.820380       1.741170       1.652400       1.561620       1.460160       1.355250       1.249300       1.144700       1.039380    
   2.207680       2.119340       2.031410       2.035250       2.039090       2.028430       1.987780       1.996020       2.007810       2.018480       2.011220       2.027920       2.028050       1.994100       2.004300       2.004670       1.994830       1.977090       1.945820       1.904650       1.853010       1.790430       1.717020       1.633610       1.541720       1.443360       1.346320       1.242650       1.136290       1.039420    
   2.119480       2.031410       2.033330       2.035250       2.022640       1.987780       1.991900       2.003540       2.014850       2.011220       2.019570       2.015320       1.994100       1.999200       2.001020       2.001270       1.992200       1.972580       1.908430       1.870810       1.825530       1.769130       1.701500       1.623130       1.535220       1.439670       1.340850       1.233050       1.138180       1.044740    
   2.031410       2.032370       2.033330       2.019750       1.987780       1.989840       2.001490       2.013030       2.011220       2.015390       2.010050       1.994100       1.996650       1.998110       2.000500       1.998160       1.988680       1.914860       1.857300       1.843780       1.805650       1.756120       1.694680       1.622740       1.538670       1.445270       1.349490       1.244990       1.141420       1.043280    
   2.031890       2.032370       2.018310       1.987780       1.988810       2.000490       2.012130       2.011220       2.013310       2.007690       1.994100       1.995370       1.996290       1.998420       1.998920       1.995780       1.919200       1.850540       1.843780       1.814200       1.793160       1.751810       1.697650       1.630210       1.555670       1.463750       1.361610       1.254420       1.146820       1.045080    
   2.031890       2.017590       1.987780       1.988290       2.000000       2.011670       2.011220       2.012260       2.006580       1.994100       1.994740       1.995250       1.996690       1.997880       1.997710       1.917300       1.847160       1.843780       1.808990       1.786860       1.768160       1.751110       1.710400       1.651020       1.580570       1.494580       1.389250       1.276280       1.160720       1.049230    
   2.017230       1.987780       1.988040       1.999750       2.011450       2.011220       2.011740       2.006040       1.994100       1.994420       1.994700       1.995560       1.996610       1.919100       1.865260       1.825480       1.825430       1.812170       1.794710       1.791110       1.780570       1.764170       1.757500       1.699420       1.623830       1.531110       1.423380       1.304390       1.179200       1.054240    
   1.987780       1.987910       1.999620       2.011330       2.011220       2.011480       2.005780       1.994100       1.994260       1.994410       1.994890       1.995620       1.854510       1.681820       1.684120       1.769080       1.803840       1.807080       1.806300       1.806150       1.801650       1.817910       1.788620       1.741020       1.672190       1.581810       1.472070       1.347100       1.211640       1.071960    
   1.987840       1.999560       2.011280       2.011220       2.011350       2.005640       1.994100       1.994180       1.994250       1.994520       1.739960       1.357440       1.571730       1.679440       1.679520       1.684120       1.762920       1.800610       1.807080       1.820860       1.836230       1.839970       1.828500       1.794410       1.735050       1.648470       1.537540       1.407690       1.265800       1.117230    
   1.999530       2.011250       2.011220       2.011290       2.005580       1.994100       1.994140       1.994180       1.994320       1.688720       1.357440       1.357440       1.357440       1.568210       1.674700       1.674910       1.684120       1.759880       1.794130       1.807080       1.838480       1.863270       1.873760       1.860400       1.813290       1.731820       1.619760       1.486700       1.342580       1.196290    
   2.011230       2.011220       2.011250       2.005550       1.994100       1.994120       1.994140       1.677230       1.484440       1.357070       1.357440       1.357440       1.357440       1.357440       1.561180       1.665060       1.665700       1.684120       1.754210       1.781180       1.832580       1.882520       1.921770       1.935760       1.908430       1.830930       1.715450       1.578170       1.433890       1.294110    
   2.011220       2.011240       2.005530       1.994100       1.994110       1.461810      0.6634100      0.6948510      0.7263000       1.146060       1.356330       1.357440       1.357440       1.357440       1.357440       1.547310       1.645360       1.647290       1.684120       1.744450       1.814680       1.891570       1.967720       2.018970       2.017480       1.942190       1.815380       1.670680       1.526150       1.392240    
   2.011230       2.005520       1.994100       1.994100       1.355260      0.6632740      0.6632730      0.6634100      0.6948420      0.7263000       1.144160       1.354120       1.357440       1.357440       1.357440       1.357440       1.520740       1.604680       1.610460       1.680520       1.769400       1.871540       1.986580       2.098040       2.141960       2.050500       1.900460       1.747520       1.604890       1.477920    
