iMOD/TUTORIALS/TUT_MetaswapAnalyser/model_MetaSWAP/meteo/Precipitation/Precipitation_20061220_L1.ASC
NCOLS                30
NROWS                30
XLLCORNER     160000.00
YLLCORNER     340000.00
CELLSIZE        1000.00
NODATA_VALUE   -9999.00
   0.000000       0.000000       0.000000       0.000000       0.000000       0.000000       0.000000       0.000000       0.000000       0.000000       0.000000       0.000000       0.000000       0.000000       0.000000      0.1049800      0.1294400      0.1554100      0.1793700      0.2015900      0.2216300      0.2387900      0.2539100      0.2667100      0.2772200      0.2858300      0.2929700      0.2993100      0.3059100      0.3145400    
   0.000000       0.000000       0.000000       0.000000       0.000000       0.000000       0.000000       0.000000       0.000000       0.000000       0.000000       0.000000       0.000000       0.000000      0.8891000E-01  0.1144700      0.1408900      0.1671100      0.1926500      0.2149500      0.2346800      0.2512100      0.2653900      0.2770200      0.2860900      0.2929500      0.2979100      0.3014600      0.3039800      0.3089300    
   0.000000       0.000000       0.000000       0.000000       0.000000       0.000000       0.000000       0.000000       0.000000       0.000000       0.000000       0.000000       0.000000       0.000000      0.1011300      0.1285400      0.1563600      0.1830200      0.2075500      0.2293600      0.2497800      0.2653500      0.2784300      0.2886200      0.2962000      0.3013600      0.3037100      0.3048300      0.3044500      0.3036000    
   0.000000       0.000000       0.000000       0.000000       0.000000       0.000000       0.000000       0.000000       0.000000       0.000000       0.000000       0.000000       0.000000      0.8908000E-01  0.1172300      0.1464100      0.1755300      0.2028300      0.2272700      0.2483900      0.2661400      0.2823300      0.2934600      0.3014700      0.3076000      0.3113500      0.3129300      0.3125400      0.3104300      0.3069800    
   0.000000       0.000000       0.000000       0.000000       0.000000       0.000000       0.000000       0.000000       0.000000       0.000000       0.000000       0.000000      0.8055000E-01  0.1072900      0.1374100      0.1685800      0.1986900      0.2263200      0.2500200      0.2697200      0.2857700      0.2985400      0.3082300      0.3168800      0.3215700      0.3241200      0.3248400      0.3242500      0.3229400      0.3231400    
   0.000000       0.000000       0.000000       0.000000       0.000000       0.000000       0.000000       0.000000       0.000000       0.000000       0.000000       0.000000      0.1003300      0.1290900      0.1611900      0.1946700      0.2270200      0.2547600      0.2768600      0.2944300      0.3083200      0.3190500      0.3268600      0.3323000      0.3356400      0.3384500      0.3386800      0.3383500      0.3383300      0.3405500    
   0.000000       0.000000       0.000000       0.000000       0.000000       0.000000       0.000000       0.000000       0.000000       0.000000       0.000000      0.9701000E-01  0.1226800      0.1529300      0.1876800      0.2241100      0.2599600      0.2869400      0.3057700      0.3205000      0.3319500      0.3404600      0.3463500      0.3499200      0.3518200      0.3524500      0.3524300      0.3523000      0.3537300      0.3565100    
   0.000000       0.000000       0.000000       0.000000       0.000000       0.000000       0.000000       0.000000       0.000000       0.000000      0.9619000E-01  0.1186800      0.1460000      0.1780100      0.2146200      0.2530600      0.2930500      0.3179400      0.3337500      0.3462800      0.3555700      0.3619100      0.3657400      0.3674500      0.3678300      0.3674200      0.3666500      0.3662700      0.3657900      0.3688000    
   0.000000       0.000000       0.000000       0.000000       0.000000       0.000000       0.000000       0.000000      0.8125000E-01  0.9671000E-01  0.1163500      0.1405100      0.1692800      0.2041000      0.2402300      0.2780600      0.3137700      0.3402800      0.3584900      0.3705400      0.3783000      0.3826300      0.3843400      0.3840800      0.3828800      0.3811000      0.3794400      0.3769700      0.3776100      0.3799800    
   0.000000       0.000000       0.000000       0.000000       0.000000       0.000000       0.000000      0.8397000E-01  0.9762000E-01  0.1148300      0.1360900      0.1616900      0.1916300      0.2272600      0.2639400      0.3007800      0.3347500      0.3617100      0.3803100      0.3916700      0.3974500      0.4019700      0.4014000      0.3991300      0.3959700      0.3927300      0.3883200      0.3867700      0.3866600      0.3882600    
   0.000000       0.000000       0.000000       0.000000       0.000000       0.000000      0.8620000E-01  0.9834000E-01  0.1135100      0.1321800      0.1547700      0.1815200      0.2149700      0.2494500      0.2863800      0.3230300      0.3566500      0.3840700      0.4030600      0.4136200      0.4173600      0.4164500      0.4127600      0.4077300      0.4001300      0.3995100      0.3956500      0.3930900      0.3921400      0.3932700    
   0.000000       0.000000       0.000000      0.2270250E-01   0.000000      0.8975000E-01  0.9864000E-01  0.1120700      0.1284400      0.1482400      0.1726100      0.2001500      0.2345400      0.2692500      0.3066000      0.3440400      0.3791200      0.4075700      0.4265000      0.4350300      0.4355100      0.4311200      0.4225500      0.4148000      0.4072700      0.4012500      0.3959600      0.3923000      0.3904800      0.3906200    
   0.000000       0.000000      0.3972940E-01  0.4540500E-01  0.9081000E-01  0.9850000E-01  0.1103400      0.1247100      0.1431800      0.1635300      0.1877000      0.2197800      0.2510300      0.2858200      0.3238800      0.3628200      0.4005500      0.4322300      0.4507400      0.4549800      0.4495000      0.4404500      0.4300400      0.4196900      0.4101700      0.4019600      0.3960500      0.3913900      0.3887600      0.3882600    
   0.000000      0.4966170E-01  0.6810750E-01  0.9081000E-01  0.9925670E-01  0.1084600      0.1223300      0.1373800      0.1552200      0.1762300      0.2006000      0.2327200      0.2637500      0.2983600      0.3362100      0.3769200      0.4179300      0.4559800      0.4756900      0.4709600      0.4589500      0.4453300      0.4291800      0.4162500      0.4047900      0.3950900      0.3880800      0.3825400      0.3792700      0.3783600    
  0.5498260E-01  0.7945880E-01  0.9081000E-01  0.9950890E-01  0.1084600      0.1203600      0.1302900      0.1456800      0.1637100      0.1846800      0.2142000      0.2411000      0.2714300      0.3051700      0.3422000      0.3824100      0.4252600      0.4704800      0.4931500      0.4748500      0.4562200      0.4392400      0.4235400      0.4093600      0.3969100      0.3863700      0.3779100      0.3723900      0.3685200      0.3673000    
  0.8513440E-01  0.9081000E-01  0.9959300E-01  0.1084600      0.1197030      0.1302900      0.1379850      0.1465600      0.1731750      0.1986300      0.2213900      0.2471100      0.2758200      0.3074700      0.3405300      0.3772300      0.4154200      0.4502400      0.4664200      0.4586100      0.4439600      0.4266700      0.4112400      0.3970100      0.3843100      0.3734100      0.3645100      0.3577700      0.3540100      0.3520100    
  0.9081000E-01  0.9962100E-01  0.1084600      0.1194840      0.1302900      0.1341370      0.1382780      0.1640880      0.1986300      0.2100100      0.2334340      0.2497300      0.2746700      0.3031600      0.3341000      0.3650800      0.3947400      0.4189700      0.4312600      0.4299900      0.4206200      0.4080000      0.3945500      0.3793100      0.3669700      0.3560900      0.3469700      0.3398500      0.3349300      0.3324200    
  0.9963030E-01  0.1084600      0.1194110      0.1302900      0.1322140      0.1342350      0.1587830      0.1986300      0.2043200      0.2284810      0.2500200      0.2503100      0.2734100      0.2970800      0.3225900      0.3478900      0.3704400      0.3880700      0.3976500      0.3984600      0.3925900      0.3828700      0.3713900      0.3595100      0.3460000      0.3353900      0.3262100      0.3187800      0.3133900      0.3097500    
  0.1084600      0.1193870      0.1302900      0.1312520      0.1322460      0.1559660      0.1986300      0.2014750      0.2263810      0.2501650      0.2503100      0.2618600      0.2770230      0.2872900      0.3084400      0.3287000      0.3465500      0.3588000      0.3661100      0.3672500      0.3631700      0.3554800      0.3457000      0.3350100      0.3242700      0.3140800      0.3030600      0.2953500      0.2890000      0.2854700    
  0.1193790      0.1302900      0.1307710      0.1312630      0.1545230      0.1986300      0.2000520      0.2254070      0.2502370      0.2503100      0.2560850      0.2691210      0.2872900      0.2978650      0.3081430      0.3278970      0.3446830      0.3571530      0.3477960      0.3374300      0.3340700      0.3275700      0.3189900      0.3092600      0.2991500      0.2892400      0.2808200      0.2722700      0.2621500      0.2565300    
  0.1302900      0.1305300      0.1307750      0.1537970      0.1986300      0.1993410      0.2249350      0.2502740      0.2503100      0.2531970      0.2657010      0.2872900      0.2925780      0.2977660      0.3113020      0.3269080      0.3432440      0.3364870      0.3234100      0.3093900      0.3061400      0.3002400      0.2924000      0.2842100      0.2745200      0.2647500      0.2510700      0.2427400      0.2358800      0.2310600    
  0.1304100      0.1305320      0.1534330      0.1986300      0.1989860      0.2247020      0.2502920      0.2503100      0.2517540      0.2641250      0.2872900      0.2899340      0.2925450      0.3005480      0.3119920      0.3271510      0.3264860      0.3164000      0.3093900      0.2988170      0.2809200      0.2751100      0.2676100      0.2589300      0.2456400      0.2357000      0.2262900      0.2175000      0.2098500      0.2040800    
  0.1304110      0.1532510      0.1986300      0.1988080      0.2245860      0.2503010      0.2503100      0.2510320      0.2633700      0.2872900      0.2886120      0.2899230      0.2943420      0.3016950      0.3132310      0.3049280      0.3128950      0.3093900      0.2728370      0.2588100      0.2535260      0.2505900      0.2394500      0.2310600      0.2219200      0.2122500      0.2027400      0.1934900      0.1849300      0.1778500    
  0.1531600      0.1986300      0.1987190      0.2245280      0.2503050      0.2503100      0.2506710      0.2630000      0.2872900      0.2879510      0.2886080      0.2909590      0.2953200      0.2654640      0.2511300      0.2466880      0.2461150      0.2401330      0.2324220      0.2243300      0.2367000      0.2243100      0.2171400      0.2089200      0.2001500      0.1910100      0.1816400      0.1721400      0.1627300      0.1507000    
  0.1986300      0.1986740      0.2244990      0.2503080      0.2503100      0.2504900      0.2628180      0.2872900      0.2876200      0.2879500      0.2891730      0.2916290      0.2312040      0.1522700      0.1525900      0.1876470      0.1810550      0.1828400      0.2031740      0.2141270      0.2119600      0.2062100      0.1968200      0.1889600      0.1807100      0.1721800      0.1633500      0.1541400      0.1416100      0.1321000    
  0.1986520      0.2244840      0.2503090      0.2503100      0.2504000      0.2627270      0.2872900      0.2874550      0.2876200      0.2882480      0.2308820      0.1428300      0.1489080      0.1520070      0.1519490      0.1525900      0.1708270      0.1792700      0.1828400      0.1914000      0.1937200      0.1873900      0.1803800      0.1710400      0.1634900      0.1559100      0.1481800      0.1377000      0.1291800      0.1200400    
  0.2244770      0.2503090      0.2503100      0.2503550      0.2626820      0.2872900      0.2873730      0.2874550      0.2877740      0.2184820      0.1428300      0.1428300      0.1428300      0.1485260      0.1514810      0.1513090      0.1525900      0.1686060      0.1757000      0.1828400      0.1770800      0.1705500      0.1635700      0.1565700      0.1483400      0.1420800      0.1343400      0.1280300      0.1216300      0.1151900    
  0.2503100      0.2503100      0.2503330      0.2626590      0.2872900      0.2873310      0.2873730      0.2449280      0.1979750      0.1428140      0.1428300      0.1428300      0.1428300      0.1428300      0.1478450      0.1505460      0.1500280      0.1525900      0.1632950      0.1685600      0.1624600      0.1556800      0.1486200      0.1418700      0.1359700      0.1295400      0.1251900      0.1214100      0.1179000      0.1149500    
  0.2503100      0.2503210      0.2626480      0.2872900      0.2873110      0.2197730      0.1184400      0.1177750      0.1171100      0.1342130      0.1427810      0.1428300      0.1428300      0.1428300      0.1428300      0.1466940      0.1490190      0.1474650      0.1525900      0.1491900      0.1446800      0.1392200      0.1360600      0.1301600      0.1237600      0.1202600      0.1181000      0.1172300      0.1167400      0.1169800    
  0.2503160      0.2626420      0.2872900      0.2873000      0.2062440      0.1184320      0.1184320      0.1184400      0.1177750      0.1171100      0.1341300      0.1426840      0.1428300      0.1428300      0.1428300      0.1428300      0.1448990      0.1470030      0.1423400      0.1389300      0.1416000      0.1337200      0.1253900      0.1173100      0.1120900      0.1123300      0.1147800      0.1154200      0.1174400      0.1202700    
