iMOD/TUTORIALS/TUT_MetaswapAnalyser/model_MetaSWAP/meteo/Precipitation/Precipitation_20060203_L1.ASC
NCOLS                30
NROWS                30
XLLCORNER     160000.00
YLLCORNER     340000.00
CELLSIZE        1000.00
NODATA_VALUE   -9999.00
  0.9008000E-01  0.9014000E-01  0.9219000E-01  0.9550000E-01  0.1049400      0.1054200      0.1071300      0.1108000      0.1080300      0.1029700      0.1033800      0.1013300      0.1089200      0.1180200      0.1180200      0.1182300      0.1306100      0.1300700      0.1300700      0.1300700      0.1300700      0.1295800      0.1295800      0.1300700      0.1300700      0.1300700      0.1300700      0.1265100      0.1111600      0.9703000E-01
  0.7615000E-01  0.7615000E-01  0.9045000E-01  0.9219000E-01  0.1031900      0.1039300      0.1055500      0.1058100      0.1048300      0.1017200      0.1029000      0.1100400      0.1090700      0.1182300      0.1182300      0.1306100      0.1306100      0.1300700      0.1295800      0.1295800      0.1295800      0.1291500      0.1291500      0.1295800      0.1295800      0.1295800      0.1289800      0.1112600      0.7480000E-01  0.5239000E-01
  0.7615000E-01  0.7615000E-01  0.7615000E-01  0.8555000E-01  0.1012200      0.1016300      0.1033400      0.1049000      0.1000200      0.1029700      0.1091200      0.1099300      0.1096700      0.1182300      0.1184000      0.1300700      0.1300700      0.1300700      0.1300700      0.1300700      0.1295800      0.1291500      0.1295800      0.1295800      0.1295800      0.1295800      0.1146800      0.8964000E-01  0.5346000E-01   0.000000    
  0.7615000E-01  0.7615000E-01  0.7615000E-01  0.8548000E-01  0.8548000E-01  0.8552000E-01  0.8751000E-01  0.1037200      0.9689000E-01  0.1047100      0.1093100      0.1101100      0.1100600      0.1184000      0.1184000      0.1300300      0.1299400      0.1299700      0.1300700      0.1300700      0.1300700      0.1300700      0.1295800      0.1182300      0.1182300      0.1182300      0.1140800      0.8775000E-01  0.5021000E-01   0.000000    
  0.7615000E-01  0.7615000E-01  0.8548000E-01  0.8548000E-01  0.8548000E-01  0.8548000E-01  0.8566000E-01  0.8706000E-01  0.8844000E-01  0.8859000E-01  0.9177000E-01  0.9690000E-01  0.9807000E-01  0.1070800      0.1184400      0.1289000      0.1179000      0.1179500      0.1180700      0.1180400      0.1178000      0.1178000      0.1180200      0.1182300      0.1182300      0.1182300      0.1168400      0.9735000E-01  0.6708000E-01   0.000000    
  0.7615000E-01  0.8548000E-01  0.8548000E-01  0.8548000E-01  0.8548000E-01  0.8548000E-01  0.9747000E-01  0.8548000E-01  0.8802000E-01  0.9018000E-01  0.9008000E-01  0.9008000E-01  0.9197000E-01  0.1073000      0.1179600      0.1170000      0.1158200      0.1162400      0.1175400      0.1180700      0.1178000      0.1178000      0.1180200      0.1180200      0.1180200      0.1182300      0.1182300      0.1115200      0.9361000E-01  0.7781000E-01
  0.7286000E-01  0.8548000E-01  0.8548000E-01  0.8548000E-01  0.9747000E-01  0.9747000E-01  0.9747000E-01  0.8794000E-01  0.9008000E-01  0.9008000E-01  0.9008000E-01  0.9008000E-01  0.9008000E-01  0.1024800      0.1174000      0.1143200      0.1097600      0.1115900      0.1160500      0.1177000      0.1178300      0.1178000      0.1178000      0.1180200      0.1180200      0.1180200      0.1178000      0.1178000      0.1144900      0.1082400    
  0.8343000E-01  0.8343000E-01  0.9747000E-01  0.9747000E-01  0.9747000E-01  0.9932000E-01  0.8794000E-01  0.9008000E-01  0.9008000E-01  0.9008000E-01  0.9008000E-01  0.9008000E-01  0.9008000E-01  0.1015100      0.1130200      0.1104100      0.1041500      0.1085500      0.1151700      0.1176000      0.1178300      0.1178000      0.1178000      0.1180200      0.1180200      0.1178000      0.1178000      0.1178000      0.1175400      0.1175400    
  0.9769000E-01  0.8343000E-01  0.8343000E-01  0.9747000E-01  0.9932000E-01  0.9932000E-01  0.8794000E-01  0.9008000E-01  0.9008000E-01  0.9008000E-01  0.9008000E-01  0.9008000E-01  0.9008000E-01  0.1121800      0.1131600      0.1120600      0.1099900      0.1104700      0.1164300      0.1177700      0.1178200      0.1178000      0.1178000      0.1180200      0.1178000      0.1178000      0.1178000      0.1175400      0.1175400      0.1175400    
  0.9769000E-01  0.8343000E-01  0.8343000E-01  0.8646000E-01  0.9932000E-01  0.9932000E-01  0.9008000E-01  0.9008000E-01  0.9008000E-01  0.9008000E-01  0.9008000E-01  0.9008000E-01  0.9008000E-01  0.1010400      0.1124100      0.1131500      0.1124600      0.1125400      0.1126100      0.1121800      0.1118700      0.1178000      0.1178000      0.1178000      0.1178000      0.1178000      0.1175400      0.1175400      0.1175400      0.1175400    
  0.9293670E-01  0.8818330E-01  0.8494500E-01  0.8646000E-01  0.8646000E-01  0.1009100      0.9008000E-01  0.9008000E-01  0.9008000E-01  0.9008000E-01  0.9008000E-01  0.9008000E-01  0.1009100      0.1076500      0.1175600      0.1176100      0.1178400      0.1175400      0.1174000      0.1178000      0.1178000      0.1178000      0.1178000      0.1175400      0.1172400      0.1232500      0.1232500      0.1232500      0.1232500      0.1175400    
  0.9293670E-01  0.8813120E-01  0.8646000E-01  0.8711000E-01  0.8646000E-01  0.8906000E-01  0.7919000E-01  0.9008000E-01  0.9008000E-01  0.9008000E-01  0.9664000E-01  0.9664000E-01  0.1076500      0.1066300      0.1175400      0.1168100      0.1084800      0.9994000E-01  0.9880000E-01  0.1062500      0.1156900      0.1178000      0.1172400      0.1172400      0.1172400      0.1175400      0.1175400      0.1175400      0.1175400      0.1175400    
  0.9090840E-01  0.8646000E-01  0.8759750E-01  0.8776000E-01  0.8906000E-01  0.7919000E-01  0.7919000E-01  0.7919000E-01  0.8642000E-01  0.9664000E-01  0.9664000E-01  0.1066300      0.1066300      0.1066300      0.1174500      0.1055200      0.8337000E-01  0.6568000E-01  0.6360000E-01  0.7820000E-01  0.1003200      0.1159900      0.1172400      0.1172400      0.1172400      0.1172400      0.1175400      0.1175400      0.1175400      0.1175400    
  0.8646000E-01  0.8788190E-01  0.8841000E-01  0.8906000E-01  0.8248000E-01  0.7919000E-01  0.8642000E-01  0.8642000E-01  0.8642000E-01  0.8406000E-01  0.8406000E-01  0.1066300      0.1066300      0.1066300      0.1036700      0.9067000E-01  0.5740000E-01   0.000000       0.000000      0.4986000E-01  0.8278000E-01  0.1100100      0.1417800      0.1417800      0.1417800      0.1417800      0.1403700      0.1403700      0.1403700      0.1403700    
  0.8803420E-01  0.8873500E-01  0.8906000E-01  0.8357670E-01  0.7919000E-01  0.8233000E-01  0.8138000E-01  0.8138000E-01  0.8138000E-01  0.8138000E-01  0.9258000E-01  0.9258000E-01  0.9258000E-01  0.9258000E-01  0.8835000E-01  0.8348000E-01   0.000000       0.000000       0.000000       0.000000      0.8784000E-01  0.1271300      0.1403700      0.1403700      0.1403700      0.1403700      0.1403700      0.1391500      0.1391500      0.1300300    
  0.8889750E-01  0.8906000E-01  0.8394220E-01  0.7919000E-01  0.8096670E-01  0.8138000E-01  0.8138000E-01  0.8138000E-01  0.8418000E-01  0.9258000E-01  0.9258000E-01  0.9258000E-01  0.9258000E-01  0.9258000E-01  0.9194000E-01  0.7325000E-01  0.6088000E-01   0.000000       0.000000      0.5216000E-01  0.9038000E-01  0.1217800      0.1306500      0.1306500      0.1306500      0.1306500      0.1306500      0.1306500      0.1300300      0.1300300    
  0.8906000E-01  0.8406410E-01  0.7919000E-01  0.8051220E-01  0.8138000E-01  0.8138000E-01  0.8138000E-01  0.8488000E-01  0.9258000E-01  0.9258000E-01  0.9258000E-01  0.9258000E-01  0.9477000E-01  0.9477000E-01  0.1196000      0.1059900      0.8926000E-01  0.6824000E-01  0.6564000E-01  0.8311000E-01  0.1099000      0.1294000      0.1313700      0.1306500      0.1306500      0.1306500      0.1306500      0.1306500      0.1306500      0.1306500    
  0.8410470E-01  0.7919000E-01  0.8036070E-01  0.8138000E-01  0.8138000E-01  0.8138000E-01  0.8505500E-01  0.9258000E-01  0.9258000E-01  0.9258000E-01  0.9258000E-01  0.9258000E-01  0.9258000E-01  0.1198500      0.1198500      0.1185100      0.1187500      0.1077700      0.1063500      0.1156400      0.1278900      0.1313700      0.1313700      0.1313700      0.1306500      0.1306500      0.1306500      0.1306500      0.1306500      0.1313700    
  0.7919000E-01  0.8031020E-01  0.8138000E-01  0.8138000E-01  0.8138000E-01  0.8509880E-01  0.9258000E-01  0.9258000E-01  0.9258000E-01  0.9258000E-01  0.9258000E-01  0.9258000E-01  0.1062150      0.1198500      0.1198500      0.1198500      0.1198500      0.1303700      0.1301000      0.1313200      0.1313700      0.1313700      0.1313700      0.1313700      0.1313700      0.1313700      0.1306500      0.1306500      0.1313700      0.1198500    
  0.8029340E-01  0.8138000E-01  0.8138000E-01  0.8138000E-01  0.8510970E-01  0.9258000E-01  0.9258000E-01  0.9258000E-01  0.9258000E-01  0.9258000E-01  0.9258000E-01  0.1028060      0.1198500      0.1198500      0.1198500      0.1198500      0.1233570      0.1267730      0.1309060      0.1313700      0.1313700      0.1313700      0.1313700      0.1313700      0.1313700      0.1313700      0.1198500      0.1197000      0.1267500      0.1263400    
  0.8138000E-01  0.8138000E-01  0.8138000E-01  0.8511240E-01  0.9258000E-01  0.9258000E-01  0.9258000E-01  0.9258000E-01  0.9258000E-01  0.9258000E-01  0.1019540      0.1198500      0.1198500      0.1198500      0.1198500      0.1210190      0.1233270      0.1287550      0.1313700      0.1313700      0.1313700      0.1313700      0.1313700      0.1198500      0.1198500      0.1198500      0.1267500      0.1267500      0.1267500      0.1267500    
  0.8138000E-01  0.8138000E-01  0.8511310E-01  0.9258000E-01  0.9258000E-01  0.9258000E-01  0.9258000E-01  0.9258000E-01  0.9258000E-01  0.1017410      0.1198500      0.1198500      0.1198500      0.1198500      0.1202400      0.1213990      0.1271680      0.1313700      0.1313700      0.1275300      0.1198500      0.1198500      0.1198500      0.1198500      0.1263400      0.1329200      0.1329200      0.1329200      0.1329200      0.1267500    
  0.8138000E-01  0.8511330E-01  0.9258000E-01  0.9258000E-01  0.9258000E-01  0.9258000E-01  0.9258000E-01  0.9258000E-01  0.1016880      0.1198500      0.1198500      0.1198500      0.1198500      0.1199800      0.1204960      0.1238500      0.1313700      0.1313700      0.1218560      0.1172800      0.1225680      0.1263400      0.1320900      0.1320900      0.1329200      0.1176800      0.1176800      0.1176800      0.1176800      0.1177400    
  0.8511330E-01  0.9258000E-01  0.9258000E-01  0.9258000E-01  0.9258000E-01  0.9258000E-01  0.9258000E-01  0.1016740      0.1198500      0.1198500      0.1198500      0.1198500      0.1198930      0.1170260      0.1168950      0.1190750      0.1190750      0.1162940      0.1127610      0.1112450      0.1147100      0.1320900      0.1176800      0.1176800      0.1176800      0.1176800      0.1176800      0.1176800      0.1177400      0.1172200    
  0.9258000E-01  0.9258000E-01  0.9258000E-01  0.9258000E-01  0.9258000E-01  0.9258000E-01  0.1016710      0.1198500      0.1198500      0.1198500      0.1198500      0.1198640      0.1144650      0.1077800      0.1077800      0.1101900      0.1067800      0.1067800      0.1087030      0.1097570      0.1077800      0.1067800      0.1176800      0.1176800      0.1176800      0.1176800      0.1176800      0.1176800      0.1174400      0.1163500    
  0.9258000E-01  0.9258000E-01  0.9258000E-01  0.9258000E-01  0.9258000E-01  0.1016700      0.1198500      0.1198500      0.1198500      0.1198500      0.1204850      0.1214300      0.1123290      0.1077760      0.1077800      0.1077800      0.1071240      0.1067800      0.1067800      0.1070300      0.1067800      0.1067800      0.1067800      0.1176800      0.1176800      0.1176800      0.1176800      0.1174000      0.1174100      0.1159700    
  0.9258000E-01  0.9258000E-01  0.9258000E-01  0.9258000E-01  0.1016700      0.1198500      0.1198500      0.1198500      0.1198500      0.1206090      0.1214300      0.1214300      0.1214300      0.1123290      0.1077680      0.1077800      0.1077800      0.1071550      0.1067800      0.1067800      0.1067800      0.1067800      0.1067800      0.1067800      0.1176800      0.1176800      0.1173900      0.1173900      0.1174600      0.1167300    
  0.9258000E-01  0.9258000E-01  0.9258000E-01  0.1016700      0.1198500      0.1198500      0.1198500      0.1271530      0.1269180      0.1214490      0.1214300      0.1214300      0.1214300      0.1214300      0.1123400      0.1077430      0.1077800      0.1077800      0.1072800      0.1067800      0.1067800      0.1067800      0.1070600      0.1075600      0.1066800      0.1174600      0.1174300      0.1173900      0.1174300      0.1174000    
  0.9258000E-01  0.9258000E-01  0.1016700      0.1198500      0.1198500      0.1413860      0.1736900      0.1613740      0.1490600      0.1306910      0.1214870      0.1214300      0.1214300      0.1214300      0.1214300      0.1124080      0.1076690      0.1077800      0.1077800      0.1077800      0.1077800      0.1080900      0.1081000      0.1077700      0.1079000      0.1077300      0.1173900      0.1174300      0.1173900      0.1174200    
  0.9258000E-01  0.1016700      0.1198500      0.1198500      0.1456930      0.1736900      0.1736900      0.1736900      0.1613730      0.1490600      0.1307880      0.1216010      0.1214300      0.1214300      0.1214300      0.1214300      0.1127530      0.1074470      0.1077800      0.1077800      0.1067900      0.1077200      0.1087300      0.1081700      0.1072100      0.1083200      0.1086700      0.1064900      0.1173900      0.1173900    
