iMOD/TUTORIALS/TUT_MetaswapAnalyser/model_MetaSWAP/meteo/Precipitation/Precipitation_20050409_L1.ASC
NCOLS                30
NROWS                30
XLLCORNER     160000.00
YLLCORNER     340000.00
CELLSIZE        1000.00
NODATA_VALUE   -9999.00
   3.259490       3.203180       3.137820       3.068570       3.007000       2.978280       2.986860       3.009340       3.020310       2.971000       2.854750       2.721320       2.589380       2.465520       2.351990       2.258670       2.169130       2.102910       2.047990       2.005740       1.973880       1.950580       1.932550       1.908750       1.898290       1.889500       1.881990       1.876130       1.873430       1.884700    
   3.181310       3.129630       3.068780       3.014930       2.969970       2.946980       2.946730       2.962220       2.984720       2.935310       2.778040       2.627770       2.485640       2.359670       2.241940       2.135840       2.051030       1.988470       1.942550       1.907720       1.883850       1.868140       1.856900       1.839550       1.833160       1.826900       1.820190       1.813080       1.809360       1.814980    
   3.106140       3.059800       3.011260       2.963160       2.922700       2.897930       2.885540       2.879740       2.863630       2.793590       2.662020       2.515770       2.375360       2.241530       2.122110       2.015860       1.932310       1.870500       1.828800       1.803240       1.792880       1.786560       1.774350       1.773490       1.772450       1.770140       1.768440       1.761230       1.759040       1.745890    
   3.038260       2.995600       2.951510       2.907260       2.869430       2.837440       2.809570       2.777960       2.729760       2.648960       2.530730       2.395530       2.255690       2.121250       1.997340       1.889210       1.806370       1.750630       1.719590       1.706740       1.705050       1.703470       1.710570       1.719980       1.724850       1.727220       1.726540       1.722460       1.721020       1.707130    
   2.975610       2.934980       2.891060       2.849150       2.808430       2.768700       2.727380       2.678600       2.613320       2.524700       2.405310       2.275900       2.140950       2.005400       1.875190       1.762300       1.680240       1.632440       1.616530       1.620500       1.624290       1.640490       1.657760       1.674530       1.685780       1.693790       1.698570       1.709300       1.707070       1.708390    
   2.917160       2.875960       2.834120       2.790870       2.746360       2.699620       2.650620       2.587590       2.490320       2.403850       2.296410       2.173680       2.039880       1.900700       1.765660       1.641750       1.550620       1.513160       1.519450       1.544330       1.565440       1.593130       1.618940       1.639950       1.657160       1.672690       1.683330       1.700700       1.707750       1.719590    
   2.865010       2.822110       2.779600       2.734550       2.690430       2.637820       2.579050       2.475730       2.403210       2.312870       2.207580       2.088750       1.959030       1.820840       1.679260       1.538340       1.423000       1.403840       1.444780       1.485550       1.527400       1.563770       1.594620       1.621700       1.643360       1.661610       1.687800       1.701040       1.716150       1.734360    
   2.803150       2.781370       2.733700       2.686510       2.635460       2.548510       2.469270       2.406820       2.329780       2.240850       2.139640       2.026830       1.903830       1.772160       1.635670       1.490910       1.345540       1.353020       1.413990       1.468770       1.515570       1.555040       1.588170       1.617310       1.641290       1.673570       1.691700       1.709420       1.728490       1.750740    
   2.763860       2.735410       2.690700       2.638760       2.545580       2.491850       2.408920       2.346890       2.271440       2.186420       2.091660       1.987720       1.875810       1.762470       1.639210       1.521060       1.431290       1.414280       1.446990       1.490340       1.531280       1.567150       1.598000       1.625940       1.661140       1.682280       1.702370       1.722750       1.744750       1.769510    
   2.721630       2.693660       2.648820       2.548380       2.496000       2.442430       2.363010       2.298270       2.226530       2.147430       2.061170       1.968530       1.871060       1.777200       1.677740       1.589330       1.530540       1.507340       1.517750       1.543300       1.572090       1.597420       1.621930       1.644290       1.677560       1.697680       1.717940       1.739360       1.762860       1.789130    
   2.725040       2.688040       2.598690       2.503890       2.455620       2.397040       2.320750       2.259460       2.192870       2.121070       2.044590       1.964580       1.892220       1.793010       1.730160       1.667450       1.624460       1.606140       1.607710       1.620300       1.636970       1.654440       1.671730       1.698360       1.716200       1.731570       1.750470       1.771270       1.794550       1.808480    
   2.723940       2.628910       2.503890       2.439130       2.417200       2.363660       2.288220       2.228680       2.168070       2.104190       2.006390       1.944120       1.889170       1.845270       1.789510       1.746630       1.718950       1.704760       1.700280       1.699900       1.701800       1.705990       1.721570       1.731020       1.742630       1.757350       1.773990       1.793570       1.816410       1.842660    
   2.653980       2.503890       2.430330       2.398500       2.379800       2.308720       2.258980       2.206620       2.104360       2.051660       2.000640       1.987500       1.932900       1.885080       1.846620       1.821010       1.808130       1.803230       1.795470       1.781740       1.774640       1.766030       1.762320       1.763380       1.768810       1.778350       1.792740       1.810350       1.832050       1.857860    
   2.503890       2.425790       2.389150       2.379800       2.322860       2.280070       2.168890       2.126850       2.083890       2.029460       1.988960       1.997250       1.954670       1.920030       1.895960       1.884460       1.885290       1.896790       1.890980       1.863200       1.833700       1.812020       1.794050       1.786790       1.785850       1.790560       1.801530       1.816660       1.836790       1.861850    
   2.423490       2.384480       2.379800       2.327580       2.280070       2.181980       2.096990       2.063700       2.030470       1.998130       2.030400       1.992890       1.961560       1.938480       1.925870       1.926260       1.940760       1.971140       1.973280       1.916770       1.872990       1.841920       1.820780       1.808040       1.802540       1.803490       1.810370       1.823920       1.841990       1.865490    
   2.382140       2.379800       2.329150       2.280070       2.186350       2.096990       2.080350       2.063720       2.038460       2.061530       2.025730       1.994720       1.969920       1.952890       1.945830       1.948390       1.949190       1.970680       1.967230       1.930510       1.891950       1.858160       1.834690       1.819070       1.810590       1.808660       1.812840       1.822870       1.839600       1.860910    
   2.379800       2.329670       2.280070       2.187800       2.096990       2.088670       2.080350       2.061010       2.061530       2.043630       2.002820       1.990770       1.971000       1.956940       1.923100       1.929500       1.939190       1.946650       1.940010       1.917110       1.888110       1.861070       1.839240       1.820010       1.810050       1.806130       1.808040       1.815630       1.828780       1.847670    
   2.329850       2.280070       2.188290       2.096990       2.092830       2.088670       2.072890       2.061530       2.052580       2.003080       1.966060       1.941360       1.930590       1.912140       1.911270       1.914010       1.916860       1.917260       1.909510       1.892820       1.871090       1.849060       1.829790       1.814790       1.801180       1.795970       1.795980       1.801210       1.811650       1.826610    
   2.280070       2.188450       2.096990       2.094910       2.092830       2.078980       2.061530       2.057050       2.002450       1.953710       1.941360       1.935980       1.919430       1.893640       1.891030       1.890390       1.889780       1.885220       1.876970       1.863420       1.846360       1.828420       1.811840       1.798110       1.788070       1.782150       1.777170       1.780110       1.787160       1.801830    
   2.188500       2.096990       2.095950       2.094910       2.082060       2.061530       2.059290       2.001990       1.947540       1.941360       1.938670       1.922600       1.893640       1.892330       1.891690       1.890400       1.888460       1.883990       1.850630       1.831010       1.816870       1.801880       1.787560       1.775090       1.765270       1.758630       1.760180       1.760810       1.749420       1.755290    
   2.096990       2.096470       2.095950       2.083610       2.061530       2.060410       2.001720       1.944450       1.941360       1.940010       1.924070       1.893640       1.892990       1.892550       1.891470       1.890180       1.887620       1.846670       1.813760       1.796510       1.784250       1.771320       1.758700       1.752870       1.742790       1.735090       1.712340       1.711200       1.714080       1.721600    
   2.096730       2.096470       2.084390       2.061530       2.060970       2.001590       1.942900       1.941360       1.940690       1.924770       1.893640       1.893310       1.893060       1.892340       1.891400       1.889760       1.845220       1.805140       1.796510       1.779480       1.757670       1.745130       1.732930       1.721580       1.693070       1.685240       1.679150       1.675710       1.675530       1.679430    
   2.096730       2.084780       2.061530       2.061250       2.001520       1.942130       1.941360       1.941020       1.925110       1.893640       1.893480       1.893340       1.892900       1.892270       1.891170       1.821490       1.800820       1.796510       1.739690       1.722780       1.711210       1.708910       1.681140       1.670140       1.660210       1.651170       1.643730       1.638040       1.634660       1.634780    
   2.084980       2.061530       2.061390       2.001480       1.941750       1.941360       1.941190       1.925280       1.893640       1.893560       1.893490       1.893240       1.892840       1.786930       1.719320       1.680030       1.680240       1.677130       1.673520       1.659990       1.687890       1.656440       1.645940       1.635640       1.625970       1.617000       1.608740       1.601250       1.594780       1.603160    
   2.061530       2.061460       2.001460       1.941550       1.941360       1.941280       1.925370       1.893640       1.893600       1.893560       1.893430       1.893190       1.702340       1.470100       1.471380       1.559610       1.559040       1.563970       1.611970       1.637800       1.632090       1.621520       1.610140       1.600870       1.592030       1.583540       1.575230       1.566910       1.569640       1.558800    
   2.061500       2.001450       1.941460       1.941360       1.941320       1.925410       1.893640       1.893620       1.893600       1.893530       1.650580       1.286360       1.407610       1.468600       1.468820       1.471380       1.527760       1.554110       1.563970       1.586120       1.593430       1.584280       1.575760       1.566380       1.558870       1.551590       1.544290       1.546240       1.537180       1.525940    
   2.001450       1.941410       1.941360       1.941340       1.925430       1.893640       1.893630       1.893620       1.893580       1.602090       1.286360       1.286360       1.286360       1.405370       1.465600       1.466260       1.471380       1.521600       1.544240       1.563970       1.554990       1.546990       1.539890       1.533590       1.526760       1.521470       1.523370       1.519010       1.513360       1.507140    
   1.941380       1.941360       1.941350       1.925440       1.893640       1.893630       1.893630       1.693530       1.498420       1.286250       1.286360       1.286360       1.286360       1.286360       1.400700       1.459140       1.461150       1.471380       1.506790       1.524510       1.516400       1.509650       1.504190       1.499880       1.496710       1.496520       1.496920       1.496540       1.496070       1.496970    
   1.941360       1.941350       1.925450       1.893640       1.893640       1.570440       1.085680       1.089480       1.093290       1.221710       1.286040       1.286360       1.286360       1.286360       1.286360       1.391020       1.444900       1.450910       1.471380       1.467310       1.464430       1.462750       1.449270       1.460210       1.465270       1.469750       1.472900       1.477070       1.482170       1.489730    
   1.941360       1.925450       1.893640       1.893640       1.505770       1.085630       1.085630       1.085680       1.089480       1.093290       1.221160       1.285400       1.286360       1.286360       1.286360       1.286360       1.371650       1.412420       1.430450       1.427140       1.393770       1.403780       1.413910       1.424090       1.434160       1.443870       1.453400       1.459130       1.469310       1.482590    
