iMOD/TUTORIALS/TUT_MetaswapAnalyser/model_MetaSWAP/meteo/Precipitation/Precipitation_20051119_L1.ASC
NCOLS                30
NROWS                30
XLLCORNER     160000.00
YLLCORNER     340000.00
CELLSIZE        1000.00
NODATA_VALUE   -9999.00
  0.1332700       0.000000       0.000000       0.000000       0.000000       0.000000       0.000000       0.000000       0.000000       0.000000       0.000000       0.000000       0.000000       0.000000       0.000000       0.000000       0.000000       0.000000       0.000000       0.000000       0.000000       0.000000       0.000000       0.000000       0.000000       0.000000       0.000000       0.000000       0.000000       0.000000    
   0.000000       0.000000       0.000000       0.000000       0.000000       0.000000       0.000000       0.000000       0.000000       0.000000       0.000000       0.000000       0.000000       0.000000       0.000000       0.000000       0.000000       0.000000       0.000000       0.000000       0.000000       0.000000       0.000000       0.000000       0.000000       0.000000       0.000000       0.000000       0.000000       0.000000    
   0.000000       0.000000       0.000000       0.000000       0.000000       0.000000       0.000000       0.000000       0.000000       0.000000       0.000000       0.000000       0.000000       0.000000       0.000000       0.000000       0.000000       0.000000       0.000000       0.000000       0.000000       0.000000       0.000000       0.000000       0.000000       0.000000       0.000000       0.000000       0.000000       0.000000    
   0.000000       0.000000       0.000000       0.000000       0.000000       0.000000       0.000000       0.000000       0.000000       0.000000       0.000000       0.000000       0.000000       0.000000       0.000000       0.000000       0.000000       0.000000      0.1325500       0.000000       0.000000       0.000000       0.000000       0.000000       0.000000       0.000000       0.000000       0.000000       0.000000       0.000000    
   0.000000       0.000000       0.000000       0.000000       0.000000       0.000000       0.000000       0.000000       0.000000       0.000000       0.000000       0.000000       0.000000       0.000000       0.000000       0.000000      0.1361300      0.1406900      0.1403500      0.1359300       0.000000       0.000000       0.000000       0.000000       0.000000       0.000000       0.000000       0.000000       0.000000       0.000000    
   0.000000       0.000000       0.000000       0.000000       0.000000       0.000000       0.000000       0.000000       0.000000       0.000000       0.000000       0.000000       0.000000       0.000000      0.1319700      0.1446300      0.1536000      0.1561900      0.1526400      0.1450800      0.1356700       0.000000       0.000000       0.000000       0.000000       0.000000       0.000000       0.000000       0.000000       0.000000    
   0.000000       0.000000       0.000000       0.000000       0.000000       0.000000       0.000000       0.000000       0.000000       0.000000       0.000000       0.000000       0.000000      0.1342200      0.1522600      0.1657500      0.1760800      0.1755400      0.1669100      0.1560800      0.1432800       0.000000       0.000000       0.000000       0.000000       0.000000       0.000000       0.000000       0.000000       0.000000    
  0.1320900       0.000000       0.000000       0.000000       0.000000       0.000000       0.000000       0.000000       0.000000       0.000000       0.000000       0.000000      0.1385100      0.1527000      0.1725600      0.1860600      0.1989400      0.1937500      0.1805900      0.1661400      0.1510600      0.1357900       0.000000       0.000000       0.000000       0.000000       0.000000       0.000000       0.000000       0.000000    
  0.1368600      0.1357900      0.1325500       0.000000      0.1348800      0.1309100       0.000000       0.000000       0.000000      0.1324400      0.1378200      0.1459000      0.1564500      0.1786500      0.1900900      0.2004600      0.2066200      0.2022200      0.1898100      0.1743900      0.1580500      0.1417000       0.000000       0.000000       0.000000       0.000000       0.000000       0.000000       0.000000       0.000000    
  0.1424800      0.1419500      0.1395800      0.1479400      0.1461600      0.1435300      0.1455000      0.1451800      0.1465000      0.1498100      0.1553000      0.1629800      0.1725800      0.1939700      0.2037700      0.2105900      0.2120000      0.2069900      0.1954300      0.1801900      0.1635000      0.1468400       0.000000       0.000000       0.000000       0.000000       0.000000       0.000000       0.000000       0.000000    
  0.1429930      0.1413370      0.1468320      0.1578600      0.1560700      0.1595500      0.1594500      0.1601100      0.1621600      0.1658200      0.1712100      0.1782600      0.2021600      0.1978200      0.2056200      0.2118900      0.2139800      0.2102300      0.2009000      0.1875500      0.1719900      0.1556500      0.1394600       0.000000       0.000000       0.000000       0.000000       0.000000       0.000000       0.000000    
  0.1429000      0.1472560      0.1578600      0.1655200      0.1668800      0.1703700      0.1713100      0.1741300      0.1766600      0.1804600      0.1706700      0.1782500      0.2012100      0.2050100      0.2127400      0.2164200      0.2166100      0.2117000      0.2024000      0.1896200      0.1747500      0.1589400      0.1430600       0.000000       0.000000       0.000000       0.000000       0.000000       0.000000       0.000000    
  0.1481080      0.1578600      0.1696810      0.1740750      0.1812700      0.1823000      0.1836300      0.1857100      0.1689400      0.1746200      0.1805600      0.2024100      0.2074100      0.2123600      0.2180800      0.2194400      0.2176100      0.2120400      0.2021800      0.1897700      0.1763600      0.1614100      0.1461200      0.1311500       0.000000       0.000000       0.000000       0.000000       0.000000       0.000000    
  0.1578600      0.1716210      0.1776730      0.1812700      0.1856500      0.1933800      0.1703200      0.1735200      0.1775700      0.1822700      0.1879900      0.2112700      0.2150000      0.2183100      0.2203600      0.2215300      0.2174400      0.2101000      0.2007800      0.1897500      0.1773700      0.1634700      0.1499300      0.1352700       0.000000       0.000000       0.000000       0.000000       0.000000       0.000000    
  0.1725560      0.1794710      0.1812700      0.1867670      0.1933800      0.1798970      0.1759900      0.1794600      0.1836500      0.1885000      0.2141200      0.2171700      0.2201200      0.2223800      0.2231800      0.2233600      0.2178800      0.2083400      0.1983400      0.1915500      0.1798300      0.1670200      0.1529600      0.1384300       0.000000       0.000000       0.000000       0.000000       0.000000       0.000000    
  0.1803710      0.1812700      0.1871390      0.1933800      0.1830890      0.1759900      0.1777250      0.1797000      0.1926380      0.2189400      0.2212500      0.2236700      0.2258100      0.2271100      0.2270600      0.2247400      0.2198300      0.2115800      0.2029100      0.1949000      0.1850200      0.1706600      0.1567000      0.1420200       0.000000       0.000000       0.000000       0.000000       0.000000       0.000000    
  0.1812700      0.1872630      0.1933800      0.1841530      0.1759900      0.1768580      0.1778050      0.1922510      0.2189400      0.2200950      0.2244780      0.2293500      0.2310500      0.2318900      0.2291800      0.2274300      0.2243500      0.2174100      0.2092800      0.2002700      0.1897400      0.1773800      0.1634800      0.1459300       0.000000       0.000000       0.000000       0.000000       0.000000       0.000000    
  0.1873040      0.1933800      0.1845080      0.1759900      0.1764240      0.1768840      0.1914630      0.2189400      0.2195170      0.2243920      0.2292650      0.2291800      0.2313700      0.2334500      0.2336400      0.2322500      0.2297200      0.2236200      0.2159100      0.2066400      0.1956200      0.1827800      0.1683500      0.1527700      0.1342200       0.000000       0.000000       0.000000       0.000000       0.000000    
  0.1933800      0.1846260      0.1759900      0.1762070      0.1764330      0.1909280      0.2189400      0.2192290      0.2242500      0.2292230      0.2291800      0.2302750      0.2329220      0.2376900      0.2381700      0.2372900      0.2348300      0.2299500      0.2227000      0.2135000      0.2022900      0.1890600      0.1740300      0.1576400      0.1404700       0.000000       0.000000       0.000000       0.000000       0.000000    
  0.1846650      0.1759900      0.1760980      0.1762100      0.1906270      0.2189400      0.2190840      0.2241600      0.2292010      0.2291800      0.2297280      0.2325170      0.2376900      0.2379300      0.2377170      0.2367630      0.2340230      0.2291600      0.2230600      0.2207600      0.2096000      0.1961400      0.1805700      0.1633000      0.1449400       0.000000       0.000000       0.000000       0.000000       0.000000    
  0.1759900      0.1760440      0.1760990      0.1904690      0.2189400      0.2190120      0.2241110      0.2291910      0.2291800      0.2294540      0.2322790      0.2376900      0.2378100      0.2377790      0.2374700      0.2361680      0.2333160      0.2278420      0.2245750      0.2283900      0.2175700      0.2041100      0.1881200      0.1706300      0.1508700       0.000000       0.000000       0.000000       0.000000       0.000000    
  0.1760170      0.1760450      0.1903880      0.2189400      0.2189760      0.2240860      0.2291850      0.2291800      0.2293170      0.2321510      0.2376900      0.2377500      0.2377600      0.2376860      0.2371390      0.2356510      0.2304390      0.2264820      0.2283900      0.2243670      0.2271400      0.2139100      0.1976500      0.1786300      0.1579500      0.1359900       0.000000       0.000000       0.000000       0.000000    
  0.1760170      0.1903470      0.2189400      0.2189580      0.2240730      0.2291830      0.2291800      0.2292480      0.2320840      0.2376900      0.2377200      0.2377330      0.2377320      0.2375280      0.2368250      0.2362890      0.2274360      0.2283900      0.2369440      0.2389550      0.2304480      0.2241200      0.2085700      0.1889700      0.1664800      0.1420700       0.000000       0.000000       0.000000       0.000000    
  0.1903270      0.2189400      0.2189490      0.2240660      0.2291810      0.2291800      0.2292140      0.2320510      0.2376900      0.2377050      0.2377140      0.2377280      0.2376640      0.2432240      0.2476140      0.2505840      0.2507800      0.2510150      0.2517030      0.2560650      0.2507700      0.2363000      0.2197400      0.2006200      0.1772500      0.1506300       0.000000       0.000000       0.000000       0.000000    
  0.2189400      0.2189450      0.2240630      0.2291810      0.2291800      0.2291970      0.2320340      0.2376900      0.2376970      0.2377030      0.2377160      0.2377020      0.2478640      0.2605000      0.2608100      0.2636450      0.2735360      0.2731700      0.2648680      0.2600900      0.2613600      0.2509200      0.2341800      0.2156200      0.1914500      0.1626800      0.1311500       0.000000       0.000000       0.000000    
  0.2189420      0.2240620      0.2291800      0.2291800      0.2291890      0.2320250      0.2376900      0.2376940      0.2376970      0.2377060      0.2275360      0.2122800      0.2441820      0.2602050      0.2601910      0.2608100      0.2694540      0.2739030      0.2731700      0.2701480      0.2681400      0.2645600      0.2552100      0.2342900      0.2099800      0.1792500      0.1444600       0.000000       0.000000       0.000000    
  0.2240610      0.2291800      0.2291800      0.2291840      0.2320210      0.2376900      0.2376920      0.2376940      0.2376990      0.2255000      0.2122800      0.2122800      0.2122800      0.2437430      0.2596140      0.2595710      0.2608100      0.2699330      0.2746350      0.2731700      0.2779200      0.2790000      0.2741600      0.2609000      0.2336600      0.2011500      0.1620800       0.000000       0.000000       0.000000    
  0.2291800      0.2291800      0.2291820      0.2320190      0.2376900      0.2376910      0.2376920      0.1782710      0.1756920      0.2121340      0.2122800      0.2122800      0.2122800      0.2122800      0.2428890      0.2584600      0.2583320      0.2608100      0.2711150      0.2761000      0.2856800      0.2928900      0.2948500      0.2873600      0.2665700      0.2282500      0.1853200      0.1416600       0.000000       0.000000    
  0.2291800      0.2291810      0.2320180      0.2376900      0.2376900      0.1426150       0.000000       0.000000       0.000000      0.1411260      0.2118430      0.2122800      0.2122800      0.2122800      0.2122800      0.2412430      0.2562370      0.2558550      0.2608100      0.2743800      0.2889900      0.3034600      0.3179100      0.3190900      0.3016700      0.2627600      0.2109700      0.1622600       0.000000       0.000000    
  0.2291810      0.2320170      0.2376900      0.2376900      0.1235990       0.000000       0.000000       0.000000       0.000000       0.000000      0.1403820      0.2109700      0.2122800      0.2122800      0.2122800      0.2122800      0.2381220      0.2520470      0.2509000      0.2666000      0.2914900      0.3109800      0.3320200      0.3493900      0.3431800      0.2952700      0.2348100      0.1803100      0.1360100       0.000000    
