iMOD/TUTORIALS/TUT_MetaswapAnalyser/model_MetaSWAP/meteo/Precipitation/Precipitation_20060306_L1.ASC
NCOLS                30
NROWS                30
XLLCORNER     160000.00
YLLCORNER     340000.00
CELLSIZE        1000.00
NODATA_VALUE   -9999.00
   3.094830       3.150610       3.223680       3.315480       3.461560       3.580020       3.716620       3.857120       3.984040       3.950760       3.738690       3.510490       3.309780       3.122880       2.971850       2.854540       2.679730       2.589950       2.482010       2.375400       2.268050       2.121210       2.008570       1.884300       1.763060       1.637120       1.507830       1.379290       1.260640       1.160400    
   3.086950       3.152270       3.256130       3.357570       3.529560       3.665420       3.827350       4.018420       4.240430       4.263760       3.966400       3.708260       3.503070       3.331690       3.184560       2.999340       2.872490       2.716910       2.613390       2.484410       2.352950       2.186210       2.050470       1.904060       1.762130       1.615530       1.463890       1.308770       1.149270       1.019280    
   3.088540       3.157130       3.243940       3.426470       3.558030       3.695560       3.855440       4.032510       4.168340       4.180160       4.020600       3.813350       3.654240       3.495660       3.338820       3.165490       3.040140       2.906510       2.762810       2.611190       2.478950       2.288710       2.121840       1.962100       1.799940       1.633470       1.448610       1.270290       1.077590      0.8967700    
   3.078150       3.146920       3.232390       3.423450       3.535730       3.665120       3.807340       3.960540       4.022090       4.055980       3.975920       3.858040       3.717150       3.602670       3.506940       3.360850       3.247760       3.110070       2.948800       2.772470       2.590020       2.422920       2.209950       2.013270       1.835630       1.656500       1.473240       1.283130       1.077870      0.8745800    
   3.057900       3.124550       3.312350       3.401080       3.503820       3.618250       3.738320       3.786740       3.879250       3.921960       3.885550       3.829470       3.757760       3.698460       3.664350       3.562770       3.460320       3.320070       3.134500       2.926140       2.703660       2.494400       2.261140       2.091370       1.900780       1.713010       1.526310       1.330630       1.152720       1.000780    
   3.030190       3.214970       3.284480       3.365770       3.457790       3.557710       3.680370       3.677920       3.696650       3.782830       3.812500       3.822530       3.797090       3.784580       3.750110       3.761300       3.719040       3.574640       3.350140       3.101090       2.846540       2.612070       2.360200       2.151100       1.952640       1.784260       1.600030       1.414340       1.258800       1.136550    
   3.041520       3.185400       3.249430       3.323070       3.431300       3.517590       3.605480       3.497650       3.616710       3.687000       3.742970       3.790160       3.836680       3.851120       3.870230       3.965560       4.017460       3.851710       3.556950       3.255460       2.979620       2.724470       2.487860       2.237580       2.032460       1.840980       1.647300       1.487060       1.364770       1.254160    
   3.228290       3.086440       3.241420       3.306710       3.378800       3.317860       3.308530       3.437450       3.522370       3.601450       3.675620       3.748630       3.825920       3.892570       3.934280       4.083690       4.248560       4.040740       3.695290       3.380780       3.091750       2.825260       2.579140       2.321500       2.111980       1.901320       1.727500       1.572660       1.477670       1.368320    
   3.259520       3.048270       3.103720       3.261760       3.172310       3.248290       3.225070       3.352570       3.437650       3.522650       3.608630       3.698040       3.793890       3.801490       3.920280       4.053220       4.120720       3.999780       3.743380       3.459200       3.178540       2.911300       2.661300       2.399290       2.167040       1.974630       1.801760       1.694190       1.559390       1.447690    
   3.234280       3.009990       3.060680       2.954060       3.113460       3.183180       3.193870       3.275160       3.359860       3.448170       3.541040       3.639830       3.745380       3.770370       3.879520       3.972450       4.006850       3.932540       3.751960       3.512380       3.251010       2.983920       2.733220       2.499680       2.233810       2.040270       1.918400       1.762340       1.625690       1.508730    
   3.149120       3.101650       2.981290       2.900440       2.962380       3.160850       3.125460       3.203550       3.287050       3.376490       3.472700       3.576340       3.577430       3.680630       3.784690       3.893390       3.932440       3.893120       3.757280       3.547800       3.298540       3.038450       2.785900       2.529440       2.374320       2.136700       1.961360       1.804550       1.665180       1.554380    
   3.151890       3.033120       2.900440       2.918950       2.906890       3.018080       2.977580       3.136350       3.217760       3.306560       3.354430       3.464420       3.472510       3.598150       3.721330       3.844790       3.921240       3.908830       3.804220       3.607590       3.357740       3.092870       2.873960       2.638110       2.422530       2.189440       2.013520       1.854770       1.711090       1.580570    
   3.065780       2.900440       2.907990       2.906490       2.906090       2.847520       2.914690       2.988950       3.016540       3.181900       3.281320       3.241950       3.378420       3.525380       3.660260       3.810460       3.932130       3.981330       3.894460       3.713110       3.442150       3.168550       2.909580       2.672470       2.457910       2.264000       2.050630       1.891400       1.744730       1.607800    
   2.900440       2.905200       2.906290       2.906090       2.848660       2.792360       2.794050       2.865850       2.946120       3.025780       3.127150       3.158650       3.294000       3.443760       3.607200       3.766850       3.981530       4.105110       4.051790       3.780410       3.474780       3.185580       2.931960       2.697970       2.488170       2.298870       2.089340       1.931500       1.783510       1.641740    
   2.904480       2.906190       2.906090       2.849040       2.792360       2.821280       2.877440       2.939640       3.009430       3.087790       2.995310       3.108030       3.234780       3.377130       3.536740       3.735610       3.930680       4.152220       4.152920       3.790680       3.456300       3.170160       2.917670       2.693880       2.494040       2.313610       2.148210       1.958500       1.813430       1.643050    
   2.906140       2.906090       2.849160       2.792360       2.830360       2.877440       2.908540       2.942170       2.964220       2.820010       2.912250       3.015990       3.132600       3.263410       3.414190       3.574410       3.723450       3.875560       3.851030       3.612260       3.338400       3.066540       2.835380       2.629450       2.445360       2.279090       2.126500       1.983400       1.813240       1.680080    
   2.906090       2.849200       2.792360       2.833390       2.877440       2.892990       2.909380       2.908730       2.820010       2.866130       2.894080       2.919460       3.028240       3.140620       3.253840       3.380230       3.475710       3.548490       3.517010       3.374310       3.178490       2.974800       2.781510       2.584250       2.422320       2.274410       2.137440       2.007880       1.882030       1.715650    
   2.849220       2.792360       2.834400       2.877440       2.885220       2.893270       2.882780       2.820010       2.843070       2.848790       2.861070       2.802680       2.889950       2.995640       3.090910       3.181920       3.230020       3.264490       3.234860       3.139710       3.001880       2.847340       2.692670       2.545680       2.388750       2.262510       2.144600       2.032280       1.922470       1.801430    
   2.792360       2.834730       2.877440       2.881330       2.885310       2.870320       2.820010       2.831540       2.829290       2.831880       2.802680       2.846310       2.887210       2.860570       2.931190       2.993630       3.037600       3.024720       2.998140       2.929990       2.830990       2.715620       2.595770       2.478780       2.368120       2.264590       2.148410       2.056360       1.954230       1.916960    
   2.834840       2.877440       2.879380       2.881360       2.864240       2.820010       2.825780       2.820160       2.817280       2.802680       2.824500       2.849190       2.860570       2.895880       2.928460       2.987470       3.018650       3.020150       2.857070       2.746570       2.673630       2.587660       2.496780       2.406890       2.321450       2.241740       2.238480       2.154720       2.080080       1.984330    
   2.877440       2.878410       2.879390       2.861250       2.820010       2.822890       2.815720       2.809980       2.802680       2.813590       2.834240       2.860570       2.878220       2.894970       2.937270       2.978200       3.008760       2.829600       2.666240       2.585910       2.530600       2.466180       2.398360       2.413350       2.347390       2.286910       2.221360       2.170940       2.122160       2.072010    
   2.877930       2.878420       2.859770       2.820010       2.821450       2.813530       2.806330       2.802680       2.808130       2.827770       2.860570       2.869400       2.877920       2.903490       2.936810       2.974740       2.805710       2.626080       2.585910       2.536810       2.493910       2.440160       2.385570       2.333900       2.285490       2.232760       2.202000       2.177080       2.155300       2.136340    
   2.877930       2.859030       2.820010       2.820730       2.812430       2.804500       2.802680       2.805410       2.824790       2.860570       2.864980       2.869300       2.883600       2.906070       2.938350       2.721730       2.605990       2.585910       2.433460       2.388060       2.348620       2.319710       2.276510       2.239940       2.202910       2.185940       2.177750       2.178420       2.185140       2.192800    
   2.858660       2.820010       2.820370       2.811890       2.803590       2.802680       2.804040       2.823360       2.860570       2.862780       2.864950       2.872630       2.886320       2.668450       2.473460       2.288020       2.285410       2.272400       2.257810       2.223050       2.282210       2.207100       2.164580       2.139110       2.125040       2.124260       2.137240       2.163070       2.199400       2.209850    
   2.820010       2.820190       2.811620       2.803140       2.802680       2.803360       2.822660       2.860570       2.861670       2.862770       2.866780       2.874630       2.462380       1.943500       1.945770       2.040820       1.972670       1.984900       2.099950       2.162310       2.163900       2.113860       2.054870       2.035560       2.031660       2.045480       2.077390       2.126300       2.157480       2.241300    
   2.820100       2.811480       2.802910       2.802680       2.803020       2.822320       2.860570       2.861120       2.861670       2.863740       2.466340       1.863760       1.914870       1.941020       1.941240       1.945770       1.959450       1.960430       1.984900       2.029530       2.040810       1.996250       1.960530       1.918830       1.921140       1.946720       1.995170       2.028840       2.119750       2.227220    
   2.811410       2.802790       2.802680       2.802850       2.822150       2.860570       2.860850       2.861120       2.862180       2.383850       1.863760       1.863760       1.863760       1.911210       1.936040       1.936700       1.945770       1.946710       1.935960       1.984900       1.928490       1.874710       1.830560       1.805160       1.790980       1.826340       1.855820       1.944270       2.048000       2.160700    
   2.802740       2.802680       2.802770       2.822060       2.860570       2.860710       2.860850       2.600930       2.273210       1.863680       1.863760       1.863760       1.863760       1.863760       1.903780       1.925660       1.927630       1.945770       1.920230       1.887020       1.819130       1.751220       1.691410       1.653140       1.617140       1.654110       1.736970       1.840970       1.953960       2.065580    
   2.802680       2.802720       2.822020       2.860570       2.860640       2.501930       1.963770       1.891660       1.819570       1.848830       1.863530       1.863760       1.863760       1.863760       1.863760       1.889010       1.903590       1.909490       1.945770       1.863230       1.772780       1.677120       1.549830       1.453680       1.448050       1.509150       1.608270       1.731580       1.854630       1.967270    
   2.802700       2.822000       2.860570       2.860600       2.430130       1.963760       1.963760       1.963770       1.891650       1.819570       1.848440       1.863080       1.863760       1.863760       1.863760       1.863760       1.861050       1.855510       1.873210       1.782720       1.632330       1.529420       1.417160       1.309630       1.269040       1.363740       1.515680       1.641390       1.765630       1.880610    
