iMOD/TUTORIALS/TUT_MetaswapAnalyser/model_MetaSWAP/meteo/Precipitation/Precipitation_20060206_L1.ASC
NCOLS                30
NROWS                30
XLLCORNER     160000.00
YLLCORNER     340000.00
CELLSIZE        1000.00
NODATA_VALUE   -9999.00
  0.5045600      0.4840800      0.4636000      0.4439300      0.4250300      0.4148100      0.4105600      0.4088000      0.4083800      0.4105300      0.4153800      0.4210800      0.4259000      0.4297500      0.4343700      0.4378300      0.4486700      0.4558500      0.4600500      0.4640000      0.4676100      0.4613900      0.4631400      0.4652900      0.4664200      0.4675100      0.4689100      0.4711800      0.4753000      0.4845800    
  0.5019900      0.4831500      0.4680400      0.4499000      0.4320600      0.4211000      0.4136200      0.4081700      0.4030500      0.4018600      0.4062500      0.4092300      0.4125100      0.4136000      0.4159600      0.4241000      0.4268700      0.4310600      0.4377500      0.4415400      0.4451400      0.4399900      0.4417400      0.4436600      0.4443100      0.4445600      0.4446200      0.4448800      0.4396900      0.4466100    
  0.5043000      0.4862200      0.4687700      0.4491900      0.4377300      0.4259800      0.4165400      0.4088000      0.4025700      0.3990600      0.3983200      0.3989000      0.3991600      0.3985300      0.3992900      0.4043500      0.4060100      0.4083800      0.4114200      0.4148400      0.4219500      0.4179800      0.4206800      0.4219100      0.4224300      0.4222600      0.4147100      0.4147300      0.4161900      0.4168600    
  0.5059900      0.4886800      0.4719800      0.4532700      0.4398800      0.4281300      0.4179800      0.4101600      0.4029600      0.3955100      0.3920300      0.3894100      0.3870300      0.3842100      0.3820800      0.3836900      0.3840500      0.3858600      0.3890100      0.3929300      0.3969400      0.4045400      0.4004000      0.3947800      0.3958800      0.3963900      0.3963800      0.3959900      0.3964700      0.3954800    
  0.5069800      0.4903800      0.4711400      0.4565100      0.4430000      0.4307400      0.4197300      0.4031800      0.3962700      0.3902200      0.3838600      0.3784100      0.3730300      0.3674200      0.3655000      0.3633000      0.3582100      0.3591600      0.3623700      0.3667300      0.3710000      0.3750900      0.3722100      0.3783700      0.3798000      0.3806000      0.3809600      0.3827200      0.3829800      0.3855800    
  0.5072500      0.4887900      0.4735600      0.4590400      0.4453800      0.4326900      0.4104300      0.4019900      0.3934200      0.3849300      0.3780200      0.3711700      0.3631300      0.3554700      0.3469300      0.3413300      0.3379000      0.3389300      0.3436500      0.3495500      0.3550200      0.3599500      0.3582400      0.3608600      0.3628600      0.3670800      0.3680900      0.3707700      0.3727100      0.3773300    
  0.5089500      0.4904400      0.4754300      0.4609800      0.4304400      0.4199000      0.4099100      0.3998000      0.3894500      0.3810700      0.3728000      0.3644300      0.3557000      0.3454000      0.3331100      0.3246600      0.3177000      0.3197500      0.3273700      0.3348600      0.3415200      0.3470900      0.3516000      0.3491900      0.3515300      0.3534900      0.3571000      0.3591900      0.3635900      0.3688800    
  0.5135800      0.4687100      0.4538600      0.4420800      0.4307400      0.4170600      0.4081500      0.3963700      0.3869400      0.3776900      0.3684500      0.3590300      0.3492200      0.3382900      0.3231200      0.3133300      0.3024900      0.3065600      0.3159300      0.3240600      0.3309600      0.3367000      0.3414000      0.3393400      0.3418700      0.3458800      0.3478900      0.3503400      0.3515400      0.3576600    
  0.4849000      0.4693700      0.4570000      0.4424500      0.4271900      0.4163700      0.4072800      0.3947500      0.3848000      0.3749400      0.3650800      0.3550700      0.3448100      0.3258100      0.3174800      0.3094800      0.3036700      0.3046800      0.3105500      0.3171900      0.3233300      0.3287000      0.3332600      0.3312200      0.3355600      0.3376800      0.3397900      0.3395200      0.3435900      0.3489600    
  0.4855100      0.4699300      0.4576000      0.4404400      0.4266800      0.4156900      0.4038600      0.3933900      0.3830900      0.3728700      0.3626800      0.3524500      0.3421800      0.3228500      0.3152500      0.3089200      0.3053400      0.3053300      0.3085100      0.3131700      0.3181100      0.3227600      0.3269400      0.3305900      0.3287000      0.3307200      0.3298500      0.3326400      0.3360700      0.3404900    
  0.4845470      0.4710130      0.4520330      0.4401600      0.4286800      0.4106900      0.4029800      0.3923400      0.3818500      0.3714600      0.3611500      0.3509300      0.3268600      0.3173600      0.3117100      0.3079500      0.3055600      0.3058600      0.3082900      0.3120700      0.3164000      0.3207400      0.3247700      0.3298100      0.3296900      0.3254100      0.3274600      0.3296300      0.3321500      0.3325300    
  0.4845970      0.4619380      0.4401600      0.4299980      0.4284100      0.4121800      0.4044300      0.3916200      0.3810600      0.3706300      0.3525500      0.3436600      0.3198500      0.3156700      0.3103600      0.3074400      0.3058700      0.3055300      0.3072200      0.3101600      0.3137900      0.3176000      0.3200100      0.3232500      0.3261900      0.3210000      0.3226300      0.3242300      0.3259400      0.3279400    
  0.4711550      0.4401600      0.4296180      0.4255750      0.4227400      0.4151800      0.4041500      0.3932800      0.3706500      0.3599200      0.3510800      0.3224000      0.3181400      0.3140600      0.3090300      0.3065100      0.3050000      0.3048300      0.3057400      0.3081200      0.3111500      0.3145400      0.3178400      0.3208800      0.3236000      0.3259800      0.3193200      0.3204100      0.3213900      0.3223400    
  0.4401600      0.4291690      0.4241580      0.4227400      0.4176600      0.4150600      0.3876500      0.3783000      0.3691300      0.3586400      0.3501000      0.3202300      0.3163900      0.3127200      0.3093800      0.3053500      0.3025000      0.3023700      0.3039100      0.3063800      0.3097600      0.3131600      0.3156200      0.3184200      0.3208900      0.3229800      0.3166600      0.3173800      0.3178000      0.3179500    
  0.4288790      0.4234490      0.4227400      0.4184870      0.4150600      0.3896370      0.3662000      0.3589200      0.3518500      0.3449900      0.3141600      0.3117600      0.3094300      0.3072200      0.3052200      0.3022700      0.3012500      0.3008300      0.3020200      0.3058400      0.3088900      0.3123300      0.3155000      0.3183500      0.3208100      0.3228200      0.3243200      0.3169400      0.3170200      0.3156400    
  0.4230940      0.4227400      0.4187620      0.4150600      0.3902990      0.3662000      0.3625600      0.3589900      0.3425280      0.3143500      0.3122300      0.3101600      0.3081800      0.3063500      0.3070100      0.3053700      0.2998000      0.3001500      0.3019300      0.3052900      0.3089800      0.3115400      0.3146500      0.3174700      0.3199200      0.3219200      0.3234200      0.3243300      0.3164200      0.3160600    
  0.4227400      0.4188540      0.4150600      0.3905200      0.3662000      0.3643800      0.3625830      0.3446070      0.3143500      0.3132900      0.3117280      0.3087900      0.3103800      0.3089200      0.3025200      0.3021400      0.2996800      0.3007400      0.3027800      0.3057800      0.3092500      0.3128000      0.3162100      0.3179600      0.3206000      0.3228400      0.3245900      0.3257500      0.3262600      0.3184700    
  0.4188850      0.4150600      0.3905930      0.3662000      0.3652900      0.3643880      0.3464800      0.3143500      0.3138200      0.3126860      0.3109500      0.3131100      0.3116400      0.3024800      0.3022400      0.3024700      0.2996600      0.3012000      0.3034700      0.3064300      0.3098100      0.3133700      0.3169000      0.3202600      0.3219000      0.3245200      0.3267100      0.3283800      0.3294600      0.3297300    
  0.4150600      0.3906180      0.3662000      0.3657450      0.3652930      0.3476270      0.3143500      0.3140850      0.3131990      0.3120300      0.3131100      0.3123750      0.3072270      0.3016800      0.3019400      0.3026900      0.3040800      0.3014100      0.3039200      0.3069800      0.3104300      0.3141000      0.3178300      0.3214900      0.3249700      0.3281700      0.3295900      0.3319800      0.3337300      0.3355200    
  0.3906260      0.3662000      0.3659730      0.3657460      0.3482540      0.3143500      0.3142180      0.3134630      0.3125700      0.3131100      0.3127430      0.3085980      0.3016800      0.3018100      0.3021030      0.3029030      0.3027270      0.3031370      0.3053780      0.3073000      0.3109100      0.3147900      0.3188100      0.3228600      0.3268500      0.3306800      0.3352800      0.3384800      0.3380300      0.3391900    
  0.3662000      0.3660860      0.3659730      0.3485810      0.3143500      0.3142840      0.3135960      0.3128400      0.3131100      0.3129260      0.3090330      0.3016800      0.3017450      0.3018640      0.3022720      0.3025780      0.3029220      0.3051620      0.3072900      0.3072800      0.3111300      0.3152800      0.3196600      0.3253700      0.3298600      0.3343400      0.3349700      0.3393300      0.3435800      0.3477100    
  0.3661430      0.3660860      0.3487470      0.3143500      0.3143170      0.3136630      0.3129750      0.3131100      0.3130180      0.3091870      0.3016800      0.3017130      0.3017630      0.3019610      0.3022380      0.3025910      0.3050450      0.3072850      0.3072800      0.3103600      0.3126700      0.3169300      0.3215300      0.3264200      0.3276900      0.3332900      0.3386100      0.3440400      0.3495000      0.3547800    
  0.3661430      0.3488320      0.3143500      0.3143330      0.3136960      0.3130420      0.3131100      0.3130640      0.3092490      0.3016800      0.3016960      0.3017190      0.3018120      0.3019870      0.3022630      0.3043400      0.3072830      0.3072800      0.3125030      0.3160300      0.3155980      0.3160800      0.3186000      0.3237800      0.3293800      0.3354300      0.3417600      0.3483500      0.3551400      0.3619800    
  0.3488740      0.3143500      0.3143420      0.3137130      0.3130760      0.3131100      0.3130870      0.3092760      0.3016800      0.3016880      0.3016980      0.3017420      0.3018390      0.2990010      0.3001880      0.3043510      0.3045450      0.3094340      0.3155360      0.3163400      0.3193900      0.3129200      0.3179600      0.3237000      0.3299900      0.3368000      0.3441000      0.3518400      0.3599700      0.3691900    
  0.3143500      0.3143460      0.3137220      0.3130930      0.3131100      0.3130980      0.3092880      0.3016800      0.3016840      0.3016890      0.3017100      0.3017600      0.2963850      0.2897660      0.2899400      0.2982440      0.3012260      0.3018100      0.3100420      0.3142370      0.3132900      0.3181800      0.3166000      0.3228000      0.3296900      0.3372400      0.3454400      0.3542300      0.3643200      0.3740900    
  0.3143480      0.3137260      0.3131020      0.3131100      0.3131040      0.3092940      0.3016800      0.3016820      0.3016840      0.3016940      0.2882960      0.2681600      0.2824060      0.2895750      0.2895910      0.2899400      0.2972640      0.3006420      0.3018100      0.3077800      0.3100300      0.3150100      0.3207500      0.3209200      0.3283200      0.3365300      0.3455000      0.3557800      0.3660600      0.3768800    
  0.3137280      0.3131060      0.3131100      0.3131070      0.3092970      0.3016800      0.3016810      0.3016820      0.3016870      0.2855990      0.2681600      0.2681600      0.2681600      0.2821240      0.2891940      0.2892430      0.2899400      0.2966630      0.2994750      0.3018100      0.3059900      0.3109000      0.3166300      0.3232700      0.3257400      0.3345100      0.3445800      0.3549800      0.3658800      0.3771400    
  0.3131080      0.3131100      0.3131090      0.3092990      0.3016800      0.3016810      0.3016810      0.2832670      0.2733080      0.2681380      0.2681600      0.2681600      0.2681600      0.2681600      0.2815500      0.2883990      0.2885450      0.2899400      0.2954280      0.2971400      0.3011400      0.3058600      0.3114300      0.3180100      0.3257800      0.3313000      0.3416700      0.3526400      0.3639700      0.3754100    
  0.3131100      0.3131090      0.3092990      0.3016800      0.3016800      0.2686420      0.2190900      0.2235550      0.2280200      0.2547200      0.2680940      0.2681600      0.2681600      0.2681600      0.2681600      0.2804010      0.2867110      0.2871500      0.2899400      0.2928200      0.2963400      0.3005600      0.3047200      0.3110500      0.3192100      0.3288900      0.3374500      0.3489500      0.3606800      0.3723600    
  0.3131100      0.3093000      0.3016800      0.3016800      0.2620260      0.2190770      0.2190770      0.2190900      0.2235540      0.2280200      0.2546060      0.2679610      0.2681600      0.2681600      0.2681600      0.2681600      0.2781870      0.2830430      0.2843600      0.2869800      0.2881300      0.2926300      0.2977300      0.3036600      0.3113100      0.3215200      0.3328800      0.3448000      0.3563700      0.3684300    
