iMOD/TUTORIALS/TUT_MetaswapAnalyser/model_MetaSWAP/meteo/Precipitation/Precipitation_20051104_L1.ASC
NCOLS                30
NROWS                30
XLLCORNER     160000.00
YLLCORNER     340000.00
CELLSIZE        1000.00
NODATA_VALUE   -9999.00
  0.7544600      0.7858500      0.8172100      0.8554700      0.9186900       1.051430       1.270570       1.541440       1.806940       1.918230       1.833610       1.697970       1.560170       1.434880       1.324600       1.226910       1.150150       1.094840       1.051030       1.020100      0.9994600      0.9871200      0.9795700      0.9787900      0.9770700      0.9764100      0.9764200      0.9775600      0.9817100      0.9926500    
  0.7766000      0.8184700      0.8737900      0.9367300       1.028310       1.175630       1.387280       1.659050       1.981820       2.109260       1.902500       1.718780       1.557850       1.414350       1.293410       1.192840       1.113080       1.052890       1.013610      0.9854100      0.9682900      0.9595200      0.9552900      0.9568900      0.9571500      0.9575100      0.9572500      0.9563100      0.9568300      0.9627300    
  0.8072500      0.8570400      0.9165600      0.9884100       1.101970       1.245570       1.432870       1.655720       1.874570       1.942700       1.822210       1.662070       1.501030       1.360770       1.237350       1.135620       1.054650      0.9962500      0.9580300      0.9358100      0.9282900      0.9254400      0.9287500      0.9319100      0.9353800      0.9379400      0.9390800      0.9370200      0.9319100      0.9265100    
  0.8358600      0.8900700      0.9545100       1.028230       1.130100       1.257580       1.408390       1.574450       1.702760       1.733490       1.667140       1.541250       1.407580       1.277040       1.155620       1.055470      0.9752900      0.9216800      0.8918300      0.8794600      0.8780600      0.8878300      0.8961500      0.9050900      0.9128600      0.9189500      0.9225200      0.9228300      0.9191000      0.9119600    
  0.8601300      0.9151600      0.9714200       1.047710       1.138470       1.243450       1.356820       1.453580       1.529830       1.548890       1.490660       1.400880       1.290280       1.172810       1.056210      0.9565200      0.8768300      0.8310200      0.8146200      0.8165500      0.8286600      0.8432800      0.8591500      0.8767400      0.8896900      0.9005300      0.9090500      0.9152400      0.9208200      0.9312100    
  0.8791900      0.9230900      0.9831500       1.051440       1.128100       1.210780       1.272770       1.351300       1.378840       1.378460       1.343020       1.270450       1.174680       1.065610      0.9581100      0.8452400      0.7612100      0.7261400      0.7307200      0.7516000      0.7775200      0.8021400      0.8253600      0.8457200      0.8637700      0.8830200      0.8972900      0.9107000      0.9260500      0.9479100    
  0.8788600      0.9319500      0.9857700       1.044450       1.081080       1.145480       1.205290       1.237350       1.253210       1.251610       1.217650       1.154100       1.067100      0.9698200      0.8633900      0.7378400      0.6326700      0.6160600      0.6535700      0.6953100      0.7325400      0.7651200      0.7936300      0.8192500      0.8417000      0.8622200      0.8814200      0.9014200      0.9272900      0.9554900    
  0.8751500      0.8982700      0.9518500       1.001520       1.052070       1.073360       1.124190       1.141430       1.155870       1.147510       1.114350       1.057440      0.9800200      0.8940400      0.7975800      0.6706100      0.5383300      0.5474300      0.6067800      0.6565000      0.6985300      0.7346300      0.7661600      0.7946400      0.8201200      0.8436800      0.8670800      0.8914500      0.9179400      0.9495900    
  0.8391800      0.8946800      0.9349400      0.9823300      0.9902700       1.027580       1.065750       1.069720       1.075220       1.062770       1.030960      0.9803100      0.9129500      0.8670000      0.7640600      0.6625000      0.5833800      0.5693800      0.5993800      0.6385100      0.6762800      0.7109000      0.7424000      0.7716500      0.7982500      0.8240200      0.8497700      0.8760900      0.9055000      0.9388400    
  0.8375000      0.8887700      0.9224300      0.9198800      0.9581400      0.9856300      0.9970500       1.009020       1.008700      0.9941100      0.9643600      0.9199800      0.8628100      0.8244200      0.7523100      0.6748400      0.6222200      0.6004500      0.6090000      0.6328600      0.6621200      0.6918000      0.7211100      0.7491200      0.7760500      0.8023400      0.8282900      0.8561300      0.8864400      0.9201800    
  0.8436000      0.8829000      0.9070350      0.8970600      0.9215600      0.9231700      0.9518200      0.9579300      0.9539000      0.9384600      0.9111800      0.8726500      0.8659400      0.8023200      0.7523600      0.6891300      0.6415800      0.6173800      0.6147600      0.6275800      0.6491300      0.6745500      0.7010400      0.7270100      0.7521900      0.7774600      0.8035000      0.8310000      0.8609100      0.8940300    
  0.8438420      0.8826490      0.8970600      0.8879200      0.8942000      0.8813100      0.9067400      0.9150200      0.9086600      0.8931300      0.8734500      0.8392200      0.8391600      0.7943900      0.7450300      0.6895900      0.6457100      0.6179200      0.6090100      0.6159100      0.6331400      0.6554400      0.6787300      0.7027800      0.7266000      0.7509800      0.7754700      0.8014400      0.8297600      0.8611800    
  0.8577390      0.8970600      0.8725930      0.8665300      0.8388600      0.8677000      0.8733200      0.8729200      0.8731000      0.8620800      0.8387300      0.8805200      0.8307100      0.7779700      0.7346800      0.6815500      0.6355700      0.6024400      0.5889000      0.5950000      0.6119900      0.6333600      0.6555800      0.6774700      0.6989100      0.7203000      0.7428500      0.7662700      0.7920300      0.8209100    
  0.8970600      0.8653020      0.8526950      0.8388600      0.8495530      0.8421000      0.8535700      0.8507300      0.8420300      0.8354700      0.8134300      0.8574700      0.8116300      0.7627300      0.7122100      0.6689900      0.6163200      0.5717200      0.5537100      0.5669300      0.5886700      0.6107100      0.6300000      0.6490900      0.6672200      0.6850600      0.7040400      0.7238300      0.7460200      0.7714800    
  0.8617500      0.8457780      0.8388600      0.8435040      0.8421000      0.8429170      0.8330800      0.8285000      0.8189300      0.8041500      0.8685000      0.8308200      0.7892100      0.7443700      0.6968900      0.6573400      0.6009100      0.5410400      0.5137500      0.5427400      0.5670800      0.5876100      0.6052000      0.6206300      0.6346900      0.6482700      0.6622900      0.6783400      0.6961200      0.7171700    
  0.8423190      0.8388600      0.8414880      0.8421000      0.8393660      0.8330800      0.8307900      0.8268370      0.8332570      0.8814500      0.8500000      0.8146600      0.7757800      0.7337900      0.6917600      0.6439100      0.6018700      0.5520500      0.5288900      0.5387300      0.5549300      0.5693900      0.5818200      0.5922000      0.6012000      0.6096600      0.6185000      0.6287600      0.6421400      0.6583200    
  0.8388600      0.8408160      0.8421000      0.8381820      0.8330800      0.8319350      0.8302360      0.8430840      0.8814500      0.8657250      0.8264960      0.8015400      0.7697000      0.7299500      0.6892600      0.6454000      0.6117100      0.5730600      0.5506000      0.5456900      0.5495800      0.5554600      0.5606900      0.5642800      0.5672700      0.5698100      0.5727500      0.5771000      0.5840100      0.5969200    
  0.8405920      0.8421000      0.8377870      0.8330800      0.8325070      0.8317500      0.8466760      0.8814500      0.8735870      0.8303370      0.7931850      0.7848300      0.7517300      0.7264900      0.6874400      0.6483800      0.6223100      0.5887600      0.5652300      0.5521300      0.5459900      0.5428500      0.5402600      0.5371800      0.5329800      0.5290500      0.5255400      0.5234700      0.5240600      0.5304400    
  0.8421000      0.8376560      0.8330800      0.8327940      0.8324460      0.8480960      0.8814500      0.8775190      0.8318420      0.7890070      0.7848300      0.7682800      0.7463280      0.7222600      0.6864400      0.6510500      0.6178600      0.5986300      0.5734900      0.5548600      0.5411400      0.5301100      0.5200200      0.5098500      0.4992900      0.4885200      0.4777800      0.4689100      0.4646200      0.4636800    
  0.8376120      0.8330800      0.8329370      0.8327730      0.8486960      0.8814500      0.8794840      0.8325120      0.7869190      0.7848300      0.7765550      0.7554240      0.7222600      0.7043500      0.6865830      0.6517830      0.6225130      0.5966600      0.5659900      0.5537000      0.5340700      0.5164100      0.4995700      0.4827300      0.4655500      0.4481100      0.4314200      0.4180600      0.4056100      0.3968100    
  0.8330800      0.8330080      0.8329300      0.8489640      0.8814500      0.8804670      0.8328300      0.7858740      0.7848300      0.7806920      0.7597670      0.7222600      0.7133050      0.7043980      0.6809060      0.6536270      0.6236520      0.5771840      0.5514850      0.5492700      0.5248400      0.5016500      0.4789500      0.4569000      0.4335100      0.4096700      0.3899100      0.3660800      0.3452600      0.3300200    
  0.8330440      0.8330060      0.8490880      0.8814500      0.8809590      0.8329860      0.7853520      0.7848300      0.7827610      0.7618870      0.7222600      0.7177820      0.7133210      0.6995360      0.6796430      0.6527280      0.5908220      0.5503770      0.5492700      0.5297930      0.5152700      0.4872700      0.4594200      0.4312900      0.4049400      0.3793900      0.3478600       0.000000       0.000000       0.000000    
  0.8330430      0.8491470      0.8814500      0.8812040      0.8330630      0.7850910      0.7848300      0.7837960      0.7629350      0.7222600      0.7200210      0.7177880      0.7102130      0.6975000      0.6773030      0.6016560      0.5498240      0.5492700      0.5175000      0.5027100      0.4868160      0.4764100      0.4465100      0.4123500      0.3822100      0.3468000       0.000000       0.000000       0.000000       0.000000    
  0.8491760      0.8814500      0.8813270      0.8331020      0.7849610      0.7848300      0.7843130      0.7634550      0.7222600      0.7211410      0.7200230      0.7160070      0.7085000      0.6649340      0.6047190      0.5351070      0.5352650      0.5155810      0.4927570      0.4882250      0.4901500      0.4649800      0.4360300      0.3966300      0.3574300       0.000000       0.000000       0.000000       0.000000       0.000000    
  0.8814500      0.8813890      0.8331210      0.7848950      0.7848300      0.7845710      0.7637140      0.7222600      0.7217000      0.7211410      0.7190570      0.7148440      0.6477220      0.5746610      0.5747200      0.5420270      0.5202330      0.5212600      0.4971170      0.4873370      0.4863000      0.4560800      0.4176500      0.3758900      0.3350000       0.000000       0.000000       0.000000       0.000000       0.000000    
  0.8814190      0.8331300      0.7848630      0.7848300      0.7847010      0.7638440      0.7222600      0.7219800      0.7217000      0.7206330      0.6691640      0.5953900      0.5814360      0.5745050      0.5746010      0.5747200      0.5378910      0.5192050      0.5212600      0.4916480      0.4855600      0.4407000      0.3968600      0.3566800       0.000000       0.000000       0.000000       0.000000       0.000000       0.000000    
  0.8331350      0.7848460      0.7848300      0.7847650      0.7639090      0.7222600      0.7221200      0.7219800      0.7214380      0.6604560      0.5953900      0.5953900      0.5953900      0.5811870      0.5741940      0.5744830      0.5747200      0.5363800      0.5171500      0.5212600      0.4734700      0.4258500      0.3795800      0.3362100       0.000000       0.000000       0.000000       0.000000       0.000000       0.000000    
  0.7848380      0.7848300      0.7847980      0.7639410      0.7222600      0.7221900      0.7221200      0.7096750      0.6656340      0.5954080      0.5953900      0.5953900      0.5953900      0.5953900      0.5805640      0.5733810      0.5742450      0.5747200      0.5323900      0.5130400      0.4627200      0.4120000      0.3625700       0.000000       0.000000       0.000000       0.000000       0.000000       0.000000       0.000000    
  0.7848300      0.7848140      0.7639570      0.7222600      0.7222250      0.7247400      0.7285500      0.7008540      0.6731600      0.6213620      0.5954430      0.5953900      0.5953900      0.5953900      0.5953900      0.5790010      0.5711770      0.5737700      0.5747200      0.5205400      0.4648300      0.4079700      0.3437900       0.000000       0.000000       0.000000       0.000000       0.000000       0.000000       0.000000    
  0.7848220      0.7639650      0.7222600      0.7222420      0.7252880      0.7285790      0.7285790      0.7285500      0.7008530      0.6731600      0.6214560      0.5955480      0.5953900      0.5953900      0.5953900      0.5953900      0.5751930      0.5650400      0.5728200      0.5179900      0.4452300      0.3902600      0.3323600       0.000000       0.000000       0.000000       0.000000       0.000000       0.000000       0.000000    
