iMOD/TUTORIALS/TUT_MetaswapAnalyser/model_MetaSWAP/meteo/Precipitation/Precipitation_20051222_L1.ASC
NCOLS                30
NROWS                30
XLLCORNER     160000.00
YLLCORNER     340000.00
CELLSIZE        1000.00
NODATA_VALUE   -9999.00
   1.941530       1.950820       1.958700       1.964790       1.965700       1.962680       1.952120       1.939780       1.939960       1.987610       2.092220       2.218760       2.354930       2.490420       2.628480       2.774940       2.915120       3.033840       3.144350       3.244410       3.334670       3.413350       3.487070       3.551520       3.613760       3.671340       3.724800       3.774500       3.820620       3.873800    
   1.922520       1.932960       1.950320       1.954420       1.952740       1.948900       1.939370       1.925740       1.909600       1.952410       2.086630       2.226110       2.368140       2.516050       2.658060       2.803290       2.931050       3.044830       3.144780       3.234640       3.313890       3.382080       3.445970       3.502100       3.557390       3.609620       3.659350       3.706900       3.731280       3.786860    
   1.915680       1.925330       1.933490       1.936290       1.945390       1.944370       1.940970       1.938260       1.947270       2.001550       2.114770       2.248220       2.394500       2.537680       2.680410       2.823260       2.948220       3.057350       3.149930       3.227940       3.291750       3.348020       3.398290       3.448320       3.496250       3.542830       3.566230       3.615090       3.673750       3.718240    
   1.908410       1.917850       1.926250       1.930430       1.937070       1.943020       1.950280       1.966230       1.996870       2.061860       2.157320       2.280800       2.419240       2.561580       2.705760       2.847530       2.970330       3.071760       3.151540       3.214250       3.265850       3.305550       3.345330       3.362710       3.404750       3.447960       3.492580       3.538670       3.594080       3.638330    
   1.900980       1.910730       1.917060       1.926770       1.936890       1.948730       1.964940       1.996870       2.037620       2.102170       2.190510       2.303710       2.435410       2.575790       2.729310       2.872570       2.984480       3.074960       3.135710       3.177360       3.204330       3.234370       3.262540       3.294750       3.330080       3.368180       3.408870       3.462820       3.503920       3.545430    
   1.893400       1.901390       1.912260       1.923990       1.937480       1.954360       1.985420       2.018100       2.048730       2.123270       2.212790       2.322500       2.448870       2.587540       2.736090       2.887310       3.015180       3.093490       3.128510       3.145600       3.154480       3.170620       3.188920       3.214150       3.243990       3.277630       3.315050       3.365720       3.404870       3.444720    
   1.909510       1.895480       1.907320       1.920770       1.949420       1.968130       1.993550       2.005760       2.065400       2.133040       2.218460       2.321980       2.442990       2.579190       2.726890       2.893130       3.045370       3.102190       3.096870       3.084080       3.081350       3.087040       3.100680       3.118870       3.145240       3.176550       3.224370       3.260460       3.298370       3.337650    
   1.958510       1.937570       1.918190       1.931120       1.947170       1.930600       1.961980       2.011540       2.062560       2.127050       2.206470       2.301610       2.412780       2.539150       2.677680       2.842640       3.022330       3.046660       3.010630       2.988520       2.979080       2.980890       2.992250       3.009120       3.034560       3.078600       3.111690       3.147620       3.168280       3.214400    
   1.983500       1.933300       1.942730       1.925070       1.893150       1.918000       1.949440       1.999280       2.047350       2.106420       2.177600       2.261510       2.358410       2.455260       2.580730       2.711750       2.824540       2.868950       2.862620       2.851220       2.847250       2.852760       2.867000       2.886170       2.926710       2.957640       2.991870       3.008010       3.052350       3.097720    
   1.981280       1.927910       1.937270       1.885170       1.875870       1.899960       1.942450       1.978080       2.021360       2.073200       2.134220       2.204580       2.283920       2.357710       2.452190       2.545490       2.622060       2.663560       2.678460       2.684730       2.693630       2.706970       2.728290       2.755190       2.796180       2.830160       2.845360       2.887830       2.932120       2.977490    
   1.960730       1.948820       1.904440       1.867420       1.884460       1.901340       1.918030       1.949490       1.986720       2.030160       2.079890       2.135550       2.176620       2.205840       2.286240       2.357620       2.416940       2.460360       2.492010       2.519770       2.549050       2.581510       2.616900       2.665000       2.680710       2.717750       2.759540       2.802200       2.845370       2.854840    
   1.960910       1.920350       1.867420       1.869620       1.862120       1.905470       1.914260       1.915280       1.945830       1.980400       1.948850       1.999380       2.024230       2.088870       2.139550       2.186740       2.225870       2.259570       2.293510       2.332400       2.375920       2.421720       2.459540       2.504770       2.549850       2.591620       2.635950       2.680110       2.724090       2.767870    
   1.928770       1.867420       1.866200       1.863300       1.864480       1.865970       1.883070       1.902620       1.823460       1.837580       1.874860       1.888100       1.930000       1.968810       1.999420       2.025990       2.045720       2.065520       2.098480       2.146860       2.203270       2.261140       2.316710       2.369560       2.419970       2.468370       2.511810       2.557190       2.601740       2.645720    
   1.867420       1.865500       1.863890       1.864480       1.855700       1.836650       1.717080       1.740740       1.766040       1.786510       1.813910       1.802230       1.832020       1.857060       1.875030       1.881720       1.875360       1.878440       1.908820       1.975770       2.049290       2.118500       2.176480       2.233790       2.287040       2.337110       2.381940       2.427680       2.472320       2.516360    
   1.865400       1.864190       1.864480       1.852280       1.836650       1.710720       1.578430       1.604850       1.632300       1.660170       1.668240       1.696730       1.721760       1.741380       1.753470       1.748830       1.742480       1.723260       1.742880       1.832970       1.914670       1.987570       2.053240       2.112840       2.167490       2.218220       2.265950       2.308580       2.352570       2.399310    
   1.864330       1.864480       1.851140       1.836650       1.708600       1.578430       1.591640       1.605190       1.618130       1.575220       1.599840       1.622260       1.641180       1.655160       1.659560       1.660360       1.650180       1.645950       1.672530       1.739600       1.813590       1.882720       1.947020       2.005830       2.059740       2.109530       2.156020       2.200070       2.239400       2.281000    
   1.864480       1.850760       1.836650       1.707890       1.578430       1.585040       1.591750       1.597550       1.575220       1.587530       1.568790       1.554420       1.565410       1.577140       1.583270       1.587160       1.584690       1.594940       1.623610       1.673300       1.733380       1.794870       1.853780       1.907330       1.957970       2.004800       2.048460       2.089730       2.129490       2.167460    
   1.850630       1.836650       1.707660       1.578430       1.581730       1.585070       1.587390       1.575220       1.581380       1.549420       1.523320       1.492220       1.505090       1.511120       1.520150       1.528380       1.530930       1.547980       1.576570       1.617600       1.666930       1.719330       1.771160       1.820490       1.865120       1.907700       1.947340       1.984760       2.020890       2.058130    
   1.836650       1.707580       1.578430       1.580080       1.581750       1.582350       1.575220       1.578300       1.541200       1.507770       1.492220       1.498660       1.490560       1.453810       1.464970       1.476940       1.491910       1.502490       1.530450       1.566380       1.608260       1.653030       1.697980       1.741250       1.781810       1.819360       1.852730       1.885360       1.918210       1.948270    
   1.707550       1.578430       1.579260       1.580090       1.579850       1.575220       1.576760       1.537390       1.499990       1.492220       1.495440       1.483810       1.453810       1.459390       1.465240       1.477940       1.490450       1.508280       1.517650       1.517770       1.554470       1.593300       1.632260       1.669730       1.704680       1.736660       1.763060       1.791350       1.784080       1.815430    
   1.578430       1.578840       1.579260       1.578600       1.575220       1.575990       1.535540       1.496110       1.492220       1.493830       1.481320       1.453810       1.456600       1.459480       1.467520       1.477880       1.492220       1.496400       1.494460       1.471150       1.504240       1.538620       1.572680       1.601840       1.631670       1.658240       1.645290       1.667880       1.690860       1.716690    
   1.578640       1.578840       1.577980       1.575220       1.575600       1.534630       1.494160       1.492220       1.493020       1.480290       1.453810       1.455200       1.456630       1.461200       1.468290       1.479210       1.484090       1.482810       1.471150       1.475980       1.452550       1.484280       1.515020       1.543450       1.531350       1.553400       1.571600       1.587680       1.603550       1.622160    
   1.578640       1.577670       1.575220       1.575410       1.534170       1.493190       1.492220       1.492620       1.479840       1.453810       1.454510       1.455210       1.457680       1.462040       1.469570       1.447660       1.476980       1.471150       1.426230       1.416600       1.422800       1.435990       1.430640       1.455270       1.476550       1.493420       1.506090       1.515380       1.523160       1.532850    
   1.577520       1.575220       1.575320       1.533950       1.492710       1.492220       1.492420       1.479620       1.453810       1.454160       1.454510       1.455800       1.458310       1.369640       1.331080       1.329900       1.329710       1.343020       1.357480       1.341210       1.380650       1.360530       1.386630       1.410110       1.428910       1.442290       1.450100       1.452940       1.452290       1.444080    
   1.575220       1.575270       1.533830       1.492460       1.492220       1.492320       1.479520       1.453810       1.453980       1.454160       1.454820       1.456210       1.291540       1.087720       1.089280       1.188040       1.183010       1.188270       1.271960       1.314620       1.301770       1.330240       1.348220       1.371670       1.389440       1.400520       1.404680       1.402380       1.388500       1.378100    
   1.575240       1.533780       1.492340       1.492220       1.492270       1.479470       1.453810       1.453900       1.453980       1.454320       1.251080      0.9451000       1.038970       1.086250       1.086150       1.089280       1.150140       1.177760       1.188270       1.243730       1.261430       1.293550       1.323300       1.339840       1.358130       1.368340       1.370380       1.359940       1.349090       1.334060    
   1.533750       1.492280       1.492220       1.492250       1.479440       1.453810       1.453850       1.453900       1.454070       1.209920      0.9451000      0.9451000      0.9451000       1.036810       1.083310       1.083030       1.089280       1.145260       1.167240       1.188270       1.223440       1.259060       1.292710       1.321210       1.334660       1.345260       1.342650       1.336110       1.325650       1.314220    
   1.492250       1.492220       1.492230       1.479430       1.453810       1.453830       1.453850       1.252880       1.093110      0.9449220      0.9451000      0.9451000      0.9451000      0.9451000       1.032690       1.077630       1.076780       1.089280       1.136230       1.146220       1.184740       1.225170       1.264790       1.299270       1.323460       1.328090       1.327310       1.320750       1.312860       1.308110    
   1.492220       1.492230       1.479420       1.453810       1.453820       1.125500      0.6330400      0.6413680      0.6497000      0.8461480      0.9445650      0.9451000      0.9451000      0.9451000      0.9451000       1.024990       1.066830       1.064280       1.089280       1.121160       1.158490       1.200430       1.251760       1.284330       1.311970       1.321310       1.315360       1.308370       1.303380       1.304720    
   1.492220       1.479420       1.453810       1.453820       1.059800      0.6329850      0.6329850      0.6330400      0.6413630      0.6497000      0.8452290      0.9434940      0.9451000      0.9451000      0.9451000      0.9451000       1.011260       1.046940       1.039280       1.071660       1.127930       1.169570       1.218230       1.269480       1.305960       1.308560       1.297270       1.293050       1.290630       1.297540    
