iMOD/TUTORIALS/TUT_MetaswapAnalyser/model_MetaSWAP/meteo/Precipitation/Precipitation_20061225_L1.ASC
NCOLS                30
NROWS                30
XLLCORNER     160000.00
YLLCORNER     340000.00
CELLSIZE        1000.00
NODATA_VALUE   -9999.00
  0.1336700      0.1446800      0.1576100      0.1723800      0.1893900      0.2007500      0.2060200      0.2060200      0.2019300      0.1886600      0.1689400      0.1494600      0.1326500      0.1188900      0.1078300      0.9874000E-01  0.9462000E-01  0.9107000E-01  0.9067000E-01  0.9235000E-01  0.9578000E-01  0.9917000E-01  0.1052500      0.1089600      0.1170900      0.1263400      0.1366500      0.1477400      0.1588600      0.1692900    
  0.1379100      0.1482200      0.1575100      0.1701200      0.1848900      0.1944400      0.2003200      0.2025100      0.2014400      0.1887700      0.1632300      0.1424700      0.1241200      0.1084200      0.9646000E-01  0.8894000E-01   0.000000       0.000000       0.000000       0.000000      0.8945000E-01  0.9441000E-01  0.1018600      0.1072600      0.1166300      0.1271400      0.1388700      0.1517800      0.1655900      0.1784700    
  0.1381800      0.1474800      0.1574100      0.1715200      0.1779300      0.1852400      0.1895900      0.1902700      0.1845300      0.1712200      0.1506900      0.1313000      0.1120500      0.9653000E-01   0.000000       0.000000       0.000000       0.000000       0.000000       0.000000       0.000000      0.8784000E-01  0.9393000E-01  0.1033100      0.1136200      0.1249900      0.1379500      0.1521200      0.1686800      0.1852800    
  0.1372000      0.1452800      0.1535300      0.1661100      0.1726500      0.1772200      0.1789000      0.1749200      0.1656800      0.1533800      0.1354400      0.1174400      0.1002100       0.000000       0.000000       0.000000       0.000000       0.000000       0.000000       0.000000       0.000000       0.000000      0.8858000E-01  0.9915000E-01  0.1100600      0.1217000      0.1343400      0.1483300      0.1646600      0.1818700    
  0.1354300      0.1422400      0.1543900      0.1601300      0.1646100      0.1670800      0.1667600      0.1587500      0.1512500      0.1392200      0.1235500      0.1050900      0.8879000E-01   0.000000       0.000000       0.000000       0.000000       0.000000       0.000000       0.000000       0.000000       0.000000       0.000000      0.9473000E-01  0.1057400      0.1170000      0.1286800      0.1417300      0.1540800      0.1649800    
  0.1332400      0.1450500      0.1500600      0.1542300      0.1570400      0.1578900      0.1570300      0.1464600      0.1404000      0.1271900      0.1127200      0.9617000E-01   0.000000       0.000000       0.000000       0.000000       0.000000       0.000000       0.000000       0.000000       0.000000       0.000000       0.000000      0.9158000E-01  0.1022800      0.1118700      0.1218800      0.1324100      0.1410800      0.1474900    
  0.1456400      0.1420700      0.1459200      0.1488400      0.1516200      0.1512400      0.1485000      0.1391000      0.1291300      0.1185000      0.1051100      0.8955000E-01   0.000000       0.000000       0.000000       0.000000       0.000000       0.000000       0.000000       0.000000       0.000000       0.000000       0.000000      0.8896000E-01  0.9878000E-01  0.1076700      0.1166800      0.1236200      0.1283700      0.1317700    
  0.1362900      0.1499000      0.1436800      0.1455900      0.1462000      0.1462700      0.1371000      0.1296400      0.1225800      0.1129200      0.1007900      0.8654000E-01   0.000000       0.000000       0.000000       0.000000       0.000000       0.000000       0.000000       0.000000       0.000000       0.000000       0.000000      0.8791000E-01  0.9634000E-01  0.1044300      0.1102800      0.1147300      0.1187700      0.1198000    
  0.1365600      0.1480100      0.1498200      0.1418600      0.1431900      0.1417200      0.1321200      0.1248200      0.1185500      0.1101000      0.9953000E-01  0.8703000E-01   0.000000       0.000000       0.000000       0.000000       0.000000       0.000000       0.000000       0.000000       0.000000       0.000000       0.000000      0.8856000E-01  0.9603000E-01  0.1011100      0.1047000      0.1080000      0.1085800      0.1076000    
  0.1352000      0.1464800      0.1477800      0.1482300      0.1400500      0.1385300      0.1254200      0.1218700      0.1166000      0.1095800      0.1008400      0.9053000E-01   0.000000       0.000000       0.000000       0.000000       0.000000       0.000000       0.000000       0.000000       0.000000       0.000000      0.8599000E-01  0.9197000E-01  0.9593000E-01  0.9868000E-01  0.1011700      0.1010700      0.9957000E-01  0.9677000E-01
  0.1380500      0.1431530      0.1472430      0.1464800      0.1457300      0.1291100      0.1232000      0.1203900      0.1162800      0.1108300      0.1041100      0.9627000E-01  0.9257000E-01   0.000000       0.000000       0.000000       0.000000       0.000000       0.000000       0.000000       0.000000      0.8777000E-01  0.9217000E-01  0.9605000E-01  0.9891000E-01  0.9679000E-01  0.9582000E-01  0.9364000E-01  0.9031000E-01  0.8716000E-01
  0.1378600      0.1437310      0.1464800      0.1428000      0.1447000      0.1341900      0.1275300      0.1200200      0.1171000      0.1132800      0.1035500      0.9899000E-01  0.9900000E-01  0.8787000E-01  0.8562000E-01   0.000000       0.000000      0.8851000E-01  0.9249000E-01  0.9591000E-01  0.9822000E-01  0.9948000E-01  0.1018400      0.1015500      0.1003200      0.9651000E-01  0.9335000E-01  0.8924000E-01   0.000000       0.000000    
  0.1403380      0.1464800      0.1407660      0.1394950      0.1342900      0.1282100      0.1273300      0.1258000      0.1157600      0.1100000      0.1079800      0.1031800      0.1016700      0.1010400      0.1033600      0.1063700      0.1118800      0.1181800      0.1217800      0.1204000      0.1176900      0.1137600      0.1099000      0.1059900      0.1018100      0.9718000E-01  0.9041000E-01   0.000000       0.000000       0.000000    
  0.1464800      0.1396070      0.1368920      0.1342900      0.1301370      0.1279100      0.1180100      0.1177700      0.1172600      0.1072000      0.1073500      0.1092900      0.1104100      0.1129900      0.1178600      0.1272300      0.1393500      0.1522500      0.1554000      0.1463200      0.1349400      0.1252300      0.1164100      0.1091200      0.1022900      0.9557000E-01  0.8722000E-01   0.000000       0.000000       0.000000    
  0.1389920      0.1355910      0.1342900      0.1307790      0.1279100      0.1184630      0.1094700      0.1103000      0.1111300      0.1120900      0.1202600      0.1215500      0.1239700      0.1281400      0.1348900      0.1439000      0.1595800      0.1814000      0.1882000      0.1642900      0.1469300      0.1328600      0.1213800      0.1115200      0.1026400      0.9426000E-01  0.8608000E-01   0.000000       0.000000       0.000000    
  0.1349410      0.1342900      0.1309930      0.1279100      0.1186140      0.1094700      0.1098850      0.1103000      0.1137900      0.1216400      0.1233100      0.1257900      0.1295000      0.1349400      0.1412700      0.1522800      0.1704500      0.1839700      0.1849400      0.1695100      0.1524000      0.1385700      0.1257100      0.1143700      0.1040700      0.9443000E-01   0.000000       0.000000       0.000000       0.000000    
  0.1342900      0.1310640      0.1279100      0.1186650      0.1094700      0.1096780      0.1098850      0.1139040      0.1216400      0.1224750      0.1269960      0.1283600      0.1305800      0.1364700      0.1492000      0.1578300      0.1685200      0.1750400      0.1739600      0.1643400      0.1509100      0.1371900      0.1243600      0.1138600      0.1028500      0.9252000E-01   0.000000       0.000000       0.000000       0.000000    
  0.1310880      0.1279100      0.1186820      0.1094700      0.1095740      0.1096780      0.1137770      0.1216400      0.1220570      0.1278220      0.1321200      0.1358800      0.1397200      0.1431700      0.1490800      0.1555100      0.1630100      0.1659000      0.1639400      0.1567800      0.1462200      0.1343200      0.1223000      0.1106900      0.1008900      0.9025000E-01   0.000000       0.000000       0.000000       0.000000    
  0.1279100      0.1186870      0.1094700      0.1095220      0.1095740      0.1136670      0.1216400      0.1218490      0.1282800      0.1340000      0.1358800      0.1378000      0.1402250      0.1421300      0.1467600      0.1512800      0.1547500      0.1576000      0.1551900      0.1492400      0.1405300      0.1302000      0.1191800      0.1080500      0.9711000E-01  0.8656000E-01   0.000000       0.000000       0.000000       0.000000    
  0.1186890      0.1094700      0.1094960      0.1095220      0.1136010      0.1216400      0.1217440      0.1285180      0.1349400      0.1358800      0.1368400      0.1390090      0.1421300      0.1444450      0.1467230      0.1509300      0.1545430      0.1558470      0.1481720      0.1424000      0.1349100      0.1257900      0.1156800      0.1050900      0.9438000E-01   0.000000       0.000000       0.000000       0.000000       0.000000    
  0.1094700      0.1094830      0.1094960      0.1135650      0.1216400      0.1216920      0.1286380      0.1354100      0.1358800      0.1363600      0.1384650      0.1421300      0.1432880      0.1444330      0.1473660      0.1507320      0.1537730      0.1468810      0.1394150      0.1364300      0.1297900      0.1216000      0.1122500      0.1018200      0.9137000E-01   0.000000       0.000000       0.000000       0.000000       0.000000    
  0.1094760      0.1094830      0.1135460      0.1216400      0.1216660      0.1286990      0.1356450      0.1358800      0.1361200      0.1382090      0.1421300      0.1427090      0.1432830      0.1450290      0.1475100      0.1506240      0.1451480      0.1379220      0.1364300      0.1303570      0.1248500      0.1174500      0.1088100      0.9919000E-01  0.8758000E-01   0.000000       0.000000       0.000000       0.000000       0.000000    
  0.1094760      0.1135360      0.1216400      0.1216530      0.1287300      0.1357620      0.1358800      0.1360000      0.1380850      0.1421300      0.1424190      0.1427070      0.1436740      0.1452740      0.1477210      0.1402650      0.1371760      0.1364300      0.1246100      0.1196250      0.1155960      0.1126600      0.1034600      0.9469000E-01   0.000000       0.000000       0.000000       0.000000       0.000000       0.000000    
  0.1135320      0.1216400      0.1216470      0.1287450      0.1358210      0.1358800      0.1359400      0.1380240      0.1421300      0.1422750      0.1424190      0.1429330      0.1438850      0.1331950      0.1260500      0.1209930      0.1208650      0.1177160      0.1138720      0.1120300      0.1144000      0.1086200      0.1002000      0.9209000E-01   0.000000       0.000000       0.000000       0.000000       0.000000       0.000000    
  0.1216400      0.1216430      0.1287520      0.1358510      0.1358800      0.1359100      0.1379930      0.1421300      0.1422020      0.1422750      0.1425420      0.1430790      0.1222890      0.9596690E-01  0.9611000E-01  0.1059370      0.1049380      0.1053000      0.1083690      0.1099600      0.1096600      0.1035900      0.9911000E-01  0.9150000E-01   0.000000       0.000000       0.000000       0.000000       0.000000       0.000000    
  0.1216420      0.1287560      0.1358650      0.1358800      0.1358950      0.1379780      0.1421300      0.1421660      0.1422020      0.1423400      0.8557920E-01   0.000000      0.6355220E-01  0.9546590E-01  0.9582370E-01  0.9611000E-01  0.1018370      0.1045750      0.1053000      0.1061850      0.1058200      0.1023800      0.9740000E-01  0.9174000E-01   0.000000       0.000000       0.000000       0.000000       0.000000       0.000000    
  0.1287580      0.1358730      0.1358800      0.1358870      0.1379710      0.1421300      0.1421480      0.1421660      0.1422360      0.7402430E-01   0.000000       0.000000       0.000000      0.6277610E-01  0.9446400E-01  0.9553750E-01  0.9611000E-01  0.1013610      0.1038500      0.1053000      0.1039600      0.1015200      0.9760000E-01  0.9179000E-01   0.000000       0.000000       0.000000       0.000000       0.000000       0.000000    
  0.1358760      0.1358800      0.1358840      0.1379670      0.1421300      0.1421390      0.1421480      0.1066380      0.5973770E-01   0.000000       0.000000       0.000000       0.000000       0.000000      0.6081650E-01  0.9174460E-01  0.9496500E-01  0.9611000E-01  0.1001850      0.1024000      0.1019500      0.1006900      0.9813000E-01  0.9359000E-01   0.000000       0.000000       0.000000       0.000000       0.000000       0.000000    
  0.1358800      0.1358820      0.1379650      0.1421300      0.1421350      0.8528340E-01   0.000000       0.000000       0.000000       0.000000       0.000000       0.000000       0.000000       0.000000       0.000000      0.5598400E-01  0.8415890E-01  0.9382000E-01  0.9611000E-01  0.9693000E-01  0.9763000E-01  0.9796000E-01  0.9401000E-01  0.9317000E-01  0.8804000E-01   0.000000       0.000000       0.000000       0.000000       0.000000    
  0.1358810      0.1379640      0.1421300      0.1421320      0.7390960E-01   0.000000       0.000000       0.000000       0.000000       0.000000       0.000000       0.000000       0.000000       0.000000       0.000000       0.000000      0.4481230E-01  0.6254670E-01  0.9153000E-01  0.9265000E-01  0.8912000E-01  0.9149000E-01  0.9387000E-01  0.9537000E-01  0.9266000E-01   0.000000       0.000000       0.000000       0.000000       0.000000    
