iMOD/TUTORIALS/TUT_MetaswapAnalyser/model_MetaSWAP/meteo/Precipitation/Precipitation_20051221_L1.ASC
NCOLS                30
NROWS                30
XLLCORNER     160000.00
YLLCORNER     340000.00
CELLSIZE        1000.00
NODATA_VALUE   -9999.00
   1.880680       1.890720       1.900310       1.907590       1.908580       1.895300       1.865850       1.828060       1.793770       1.789250       1.822070       1.864380       1.910370       1.955350       1.998550       2.045210       2.093620       2.140970       2.184370       2.227950       2.271580       2.303730       2.345670       2.381870       2.422590       2.461520       2.497330       2.527600       2.547730       2.548890    
   1.870780       1.875380       1.878220       1.877150       1.869170       1.850160       1.819260       1.778600       1.731050       1.720430       1.769400       1.818200       1.863240       1.910670       1.954050       2.002320       2.046730       2.091540       2.143580       2.193010       2.243470       2.284410       2.334610       2.380040       2.430410       2.480210       2.528780       2.574620       2.615440       2.636030    
   1.860900       1.860920       1.858450       1.852060       1.839290       1.818380       1.789380       1.754710       1.722550       1.717970       1.748190       1.787650       1.829600       1.870710       1.910940       1.956210       2.000690       2.048470       2.099730       2.153880       2.215180       2.263670       2.315990       2.373980       2.432230       2.490770       2.551460       2.610210       2.667170       2.719160    
   1.852440       1.848960       1.842900       1.833300       1.818590       1.798550       1.774060       1.748720       1.729570       1.728210       1.744160       1.771810       1.804130       1.838360       1.873510       1.913850       1.956830       2.005720       2.060470       2.119620       2.181410       2.244440       2.299210       2.364690       2.428370       2.492320       2.556740       2.621790       2.686560       2.751300    
   1.846090       1.840190       1.832110       1.820870       1.806210       1.788320       1.768550       1.752940       1.739400       1.736710       1.745230       1.763730       1.787230       1.813570       1.841020       1.874110       1.914760       1.964280       2.022980       2.087480       2.149210       2.217070       2.276160       2.348420       2.415010       2.481070       2.546300       2.608440       2.667120       2.710030    
   1.842190       1.834720       1.825420       1.813910       1.800160       1.784680       1.773130       1.758030       1.741730       1.742390       1.748280       1.760430       1.776660       1.794510       1.813260       1.837780       1.871270       1.921230       1.985330       2.055590       2.122610       2.193760       2.255750       2.324150       2.391370       2.460970       2.523490       2.579890       2.628200       2.657850    
   1.842850       1.832220       1.822580       1.811420       1.805730       1.791060       1.776920       1.755530       1.751750       1.749790       1.753110       1.760830       1.771430       1.783130       1.792400       1.806570       1.827700       1.880290       1.953640       2.025870       2.099990       2.172480       2.243100       2.302980       2.368640       2.431480       2.488570       2.540700       2.584060       2.607830    
   1.857220       1.844720       1.831660       1.819810       1.807310       1.781620       1.769860       1.765250       1.759750       1.757940       1.759910       1.765080       1.772410       1.779900       1.783610       1.792360       1.799590       1.857840       1.934450       2.010060       2.083490       2.154650       2.223470       2.281110       2.343700       2.401000       2.455060       2.501740       2.537150       2.558910    
   1.871180       1.846130       1.835600       1.822400       1.794170       1.784810       1.774890       1.772650       1.768450       1.767120       1.768740       1.772970       1.779190       1.777660       1.788640       1.802220       1.825070       1.872640       1.936390       2.005180       2.073790       2.140870       2.205860       2.259630       2.316390       2.371050       2.420520       2.462160       2.495210       2.516300    
   1.874090       1.849420       1.839630       1.806190       1.797050       1.789330       1.785850       1.780790       1.777830       1.777320       1.779350       1.783820       1.790550       1.790730       1.803360       1.822850       1.853580       1.895660       1.950050       2.010550       2.072770       2.130640       2.190280       2.247800       2.291000       2.341020       2.385470       2.424510       2.455530       2.476880    
   1.868300       1.854380       1.826100       1.809170       1.801860       1.802540       1.793080       1.789440       1.787730       1.788250       1.791180       1.796620       1.791560       1.806260       1.827550       1.848810       1.878770       1.917690       1.964670       2.016710       2.071010       2.125740       2.179760       2.230980       2.281010       2.311220       2.352550       2.388650       2.418280       2.439740    
   1.867960       1.839490       1.809170       1.809810       1.806890       1.810120       1.801590       1.798350       1.797850       1.799490       1.803530       1.810210       1.806170       1.830620       1.846770       1.870300       1.899860       1.937390       1.979090       2.024080       2.070900       2.118500       2.164910       2.211370       2.256120       2.286590       2.324360       2.357980       2.386570       2.409340    
   1.848950       1.809170       1.813600       1.814110       1.821320       1.812670       1.809630       1.808110       1.807380       1.810530       1.815670       1.819890       1.831470       1.846630       1.864270       1.889080       1.918930       1.952950       1.991790       2.030450       2.069310       2.109780       2.150690       2.191290       2.230800       2.268500       2.290930       2.322030       2.349510       2.372890    
   1.809170       1.815450       1.817710       1.821320       1.817880       1.819650       1.816130       1.815690       1.817050       1.817570       1.823800       1.831910       1.844410       1.860490       1.880650       1.904170       1.934250       1.967730       2.000390       2.033650       2.066190       2.100180       2.112160       2.143100       2.174310       2.205210       2.224600       2.252720       2.279420       2.304480    
   1.816360       1.819520       1.821320       1.819620       1.819650       1.818170       1.818730       1.819450       1.821930       1.826470       1.833310       1.842850       1.855450       1.871500       1.891410       1.914780       1.943810       1.977280       2.007620       2.020650       2.044680       2.067940       2.092930       2.119030       2.145690       2.172460       2.199000       2.214030       2.239130       2.262040    
   1.820420       1.821320       1.820200       1.819650       1.818850       1.818730       1.819090       1.820040       1.825690       1.834900       1.841980       1.851570       1.863970       1.879450       1.899110       1.921330       1.934060       1.964540       1.989160       2.005260       2.020520       2.046260       2.066800       2.088380       2.110670       2.133410       2.156410       2.179620       2.192500       2.216460    
   1.821320       1.820390       1.819650       1.819080       1.818730       1.818910       1.819290       1.824930       1.834900       1.838440       1.851610       1.858300       1.871090       1.885520       1.880090       1.900720       1.923880       1.947640       1.968180       1.984540       1.999000       2.013460       2.028640       2.056850       2.075340       2.094360       2.113900       2.134060       2.155020       2.169060    
   1.820450       1.819650       1.819150       1.818730       1.818820       1.818980       1.824510       1.834900       1.836670       1.852210       1.864800       1.871300       1.880950       1.858970       1.874050       1.890910       1.910480       1.929500       1.946670       1.961460       1.974620       1.987180       1.999810       2.012880       2.038660       2.054060       2.070040       2.086840       2.104820       2.125690    
   1.819650       1.819180       1.818730       1.818770       1.818840       1.824300       1.834900       1.835780       1.852630       1.868050       1.871300       1.876120       1.866160       1.853400       1.865670       1.879060       1.892790       1.911030       1.925190       1.937820       1.949150       1.959690       1.969910       1.980150       1.990670       2.001700       2.025400       2.038540       2.054370       2.075400    
   1.819190       1.818730       1.818750       1.818780       1.824200       1.834900       1.835340       1.852860       1.869670       1.871300       1.873710       1.866740       1.853400       1.859530       1.866040       1.879170       1.894290       1.909670       1.916050       1.914420       1.923670       1.932080       1.939910       1.947430       1.954870       1.962480       1.974490       1.985990       1.983610       2.007250    
   1.818730       1.818740       1.818750       1.824160       1.834900       1.835120       1.852980       1.870490       1.871300       1.872510       1.866290       1.853400       1.856470       1.859660       1.868250       1.879840       1.894380       1.902980       1.903110       1.891790       1.898940       1.905210       1.910740       1.919790       1.924110       1.928180       1.919910       1.925240       1.932580       1.943370    
   1.818740       1.818740       1.824140       1.834900       1.835010       1.853040       1.870890       1.871300       1.871900       1.865870       1.853400       1.854930       1.856510       1.861460       1.869250       1.880820       1.893290       1.897450       1.891790       1.890420       1.880540       1.884400       1.887490       1.889800       1.877530       1.880790       1.881160       1.881900       1.884110       1.889160    
   1.818740       1.824130       1.834900       1.834960       1.853070       1.871100       1.871300       1.871600       1.865620       1.853400       1.854170       1.854950       1.857630       1.862410       1.870510       1.875260       1.894620       1.891790       1.863560       1.854410       1.857320       1.860470       1.853010       1.852030       1.850840       1.848870       1.845900       1.842350       1.839120       1.838360    
   1.824120       1.834900       1.834930       1.853080       1.871200       1.871300       1.871450       1.865480       1.853400       1.853780       1.854170       1.855580       1.858330       1.841010       1.835780       1.839000       1.838350       1.833600       1.827010       1.817610       1.828290       1.832880       1.830380       1.828700       1.826050       1.822190       1.816810       1.809730       1.801250       1.790950    
   1.834900       1.834910       1.853090       1.871250       1.871300       1.871380       1.865410       1.853400       1.853590       1.853780       1.854510       1.856030       1.820340       1.773410       1.773490       1.794010       1.784030       1.784900       1.800750       1.809020       1.806930       1.801960       1.811850       1.809600       1.806520       1.802200       1.796020       1.787300       1.773640       1.758880    
   1.834910       1.853100       1.871270       1.871300       1.871340       1.865370       1.853400       1.853500       1.853590       1.853960       1.828250       1.788460       1.778410       1.773380       1.773330       1.773490       1.780190       1.783160       1.784900       1.791450       1.791840       1.789060       1.786280       1.795220       1.792910       1.789780       1.785050       1.776210       1.765340       1.750050    
   1.853100       1.871290       1.871300       1.871320       1.865350       1.853400       1.853450       1.853500       1.853680       1.822540       1.788460       1.788460       1.788460       1.778370       1.773320       1.773170       1.773490       1.779210       1.781420       1.784900       1.782130       1.779620       1.777530       1.776110       1.785260       1.785150       1.783300       1.780710       1.775850       1.769020    
   1.871290       1.871300       1.871310       1.865340       1.853400       1.853420       1.853450       1.836310       1.814990       1.788460       1.788460       1.788460       1.788460       1.788460       1.778370       1.773300       1.772850       1.773490       1.777020       1.777940       1.775540       1.773680       1.772690       1.773160       1.775690       1.787290       1.792530       1.797690       1.802320       1.807800    
   1.871300       1.871300       1.865340       1.853400       1.853410       1.833180       1.802810       1.793700       1.784600       1.787160       1.788450       1.788460       1.788460       1.788460       1.788460       1.778550       1.773570       1.772210       1.773490       1.771770       1.770680       1.770300       1.773390       1.775390       1.780750       1.791310       1.810210       1.825030       1.840450       1.857880    
   1.871300       1.865340       1.853400       1.853410       1.829130       1.802810       1.802810       1.802810       1.793700       1.784600       1.787150       1.788430       1.788460       1.788460       1.788460       1.788460       1.779310       1.775010       1.770930       1.770270       1.776480       1.775900       1.776710       1.779780       1.789090       1.808770       1.833510       1.859080       1.887240       1.915260    
