iMOD/TUTORIALS/TUT_MetaswapAnalyser/model_MetaSWAP/meteo/Precipitation/Precipitation_20051223_L1.ASC
NCOLS                30
NROWS                30
XLLCORNER     160000.00
YLLCORNER     340000.00
CELLSIZE        1000.00
NODATA_VALUE   -9999.00
  0.1072300      0.1196100      0.1349700      0.1533000      0.1750400      0.1886000      0.1935900      0.1944400      0.1916000      0.1875300      0.1807300      0.1746300      0.1730000      0.1735000      0.1716100      0.1696000      0.1753200      0.1685800      0.1681700      0.1681400      0.1686900      0.1753200      0.1777800      0.1857600      0.1906300      0.1968100      0.2042300      0.2126000      0.2211300      0.2331600    
  0.1125800      0.1238600      0.1334700      0.1488300      0.1676800      0.1802300      0.1887900      0.1941900      0.1985800      0.1975700      0.1920700      0.1909800      0.1887800      0.1906700      0.1903500      0.1966600      0.1966400      0.2047800      0.1971500      0.1961900      0.1955700      0.2005000      0.2018600      0.2092300      0.2134400      0.2192700      0.2267900      0.2358600      0.2505700      0.2631400    
  0.1126300      0.1226900      0.1342100      0.1520200      0.1600300      0.1715800      0.1812000      0.1888400      0.1990400      0.2009300      0.2023500      0.2026200      0.2030400      0.2082500      0.2175000      0.2265500      0.2279400      0.2277200      0.2260800      0.2236800      0.2136700      0.2167500      0.2211900      0.2226800      0.2260700      0.2315600      0.2453500      0.2546200      0.2703300      0.2810700    
  0.1116900      0.1205100      0.1304100      0.1469100      0.1574600      0.1675300      0.1766300      0.1810200      0.1956100      0.2029400      0.2079100      0.2117400      0.2232000      0.2323400      0.2385900      0.2504500      0.2534400      0.2530500      0.2496600      0.2446900      0.2397000      0.2325200      0.2351500      0.2422900      0.2443700      0.2487000      0.2554100      0.2646000      0.2805200      0.2924600    
  0.1101700      0.1178500      0.1329100      0.1418900      0.1511600      0.1603700      0.1692400      0.1954000      0.2017500      0.2079900      0.2227100      0.2314400      0.2401500      0.2538500      0.2605000      0.2766800      0.2875300      0.2870500      0.2811300      0.2728200      0.2703900      0.2642200      0.2645800      0.2532900      0.2539700      0.2571400      0.2627600      0.2767300      0.2852100      0.2934900    
  0.1083500      0.1220300      0.1293400      0.1372000      0.1454600      0.1539500      0.1689400      0.1921700      0.2133400      0.2179300      0.2267900      0.2373000      0.2497900      0.2693800      0.2931600      0.3095100      0.3203500      0.3187900      0.3073500      0.2935100      0.2865900      0.2774300      0.2755000      0.2720600      0.2711700      0.2635100      0.2677000      0.2805100      0.2869400      0.2928200    
  0.1207300      0.1195400      0.1259700      0.1329300      0.1478800      0.1555600      0.1636200      0.2051500      0.2093600      0.2184200      0.2290600      0.2418800      0.2576100      0.2805900      0.3109700      0.3364000      0.3587500      0.3533200      0.3314200      0.3154000      0.2998100      0.2880600      0.2798400      0.2793000      0.2771700      0.2775100      0.2887700      0.2923200      0.2877900      0.2925800    
  0.1044800      0.1343500      0.1309500      0.1371000      0.1437700      0.1734200      0.1960600      0.1993100      0.2078600      0.2177600      0.2295200      0.2437700      0.2613000      0.2875700      0.3200500      0.3506600      0.3874500      0.3745500      0.3481000      0.3258000      0.3084400      0.2953400      0.2859800      0.2844400      0.2814100      0.2903400      0.2917400      0.2946600      0.3083400      0.3122300    
  0.1115300      0.1326100      0.1376300      0.1339300      0.1640600      0.1705000      0.1939800      0.1969900      0.2057700      0.2160300      0.2282500      0.2429800      0.2608400      0.2971800      0.3187800      0.3441700      0.3640700      0.3639200      0.3467000      0.3280200      0.3118900      0.2990400      0.2894700      0.2875200      0.2936500      0.2927300      0.2938000      0.3073500      0.3110500      0.3155000    
  0.1100200      0.1309600      0.1355000      0.1674000      0.1616100      0.1677300      0.1869100      0.1944500      0.2031700      0.2133900      0.2255100      0.2399300      0.2570100      0.2878000      0.3120500      0.3295700      0.3455800      0.3464400      0.3373900      0.3242000      0.3109200      0.2996200      0.2906000      0.2842300      0.2949500      0.2940000      0.3064700      0.3093000      0.3135600      0.3189300    
  0.1157870      0.1254930      0.1499130      0.1657900      0.1707900      0.1621900      0.1844300      0.1917100      0.2001600      0.2100500      0.2216800      0.2353100      0.2642800      0.2817600      0.3080000      0.3216200      0.3294700      0.3318500      0.3273000      0.3184000      0.3080300      0.2982300      0.2901200      0.2937500      0.3022000      0.3044900      0.3059900      0.3093300      0.3144100      0.3223000    
  0.1159290      0.1392460      0.1657900      0.1670500      0.1689100      0.1699800      0.1931400      0.1888400      0.1968800      0.2062400      0.2198200      0.2323200      0.2595600      0.2806700      0.2982700      0.3097400      0.3180100      0.3201500      0.3181600      0.3118900      0.3035700      0.2951800      0.3067000      0.3030700      0.3011500      0.3052300      0.3072200      0.3111700      0.3171600      0.3251900    
  0.1323690      0.1657900      0.1653400      0.1658100      0.1627100      0.1855100      0.1909400      0.1972000      0.2067800      0.2050300      0.2150400      0.2502600      0.2611900      0.2729400      0.2891900      0.2995500      0.3077100      0.3121800      0.3107700      0.3092500      0.3119100      0.3073500      0.3033600      0.3004800      0.2991100      0.2994800      0.3060800      0.3106100      0.3174600      0.3268600    
  0.1657900      0.1645250      0.1642600      0.1627100      0.1772970      0.1836700      0.1912300      0.1970000      0.2036500      0.2196300      0.2280000      0.2451400      0.2549300      0.2654400      0.2762800      0.2904200      0.3025400      0.3069400      0.3074500      0.3086800      0.3057900      0.3024200      0.2866800      0.2831200      0.2812600      0.2813700      0.2886400      0.2935100      0.3011600      0.3120300    
  0.1641270      0.1634850      0.1627100      0.1745590      0.1836700      0.1954770      0.2115300      0.2163700      0.2218900      0.2281500      0.2618700      0.2679800      0.2745000      0.2811700      0.2876500      0.2872600      0.2937600      0.2979100      0.3012700      0.2974100      0.2916000      0.2869800      0.2829800      0.2800700      0.2786200      0.2789600      0.2814000      0.2911100      0.2988800      0.3210100    
  0.1630980      0.1627100      0.1736460      0.1836700      0.1968920      0.2115300      0.2139500      0.2165970      0.2300450      0.2537700      0.2587300      0.2641100      0.2697800      0.2755700      0.2767600      0.2825900      0.2933200      0.2948200      0.2956300      0.2961900      0.2956200      0.2901700      0.2880900      0.2865200      0.2858500      0.2864900      0.2888100      0.2932500      0.3046200      0.3148000    
  0.1627100      0.1733420      0.1836700      0.1973640      0.2115300      0.2127400      0.2140260      0.2285900      0.2537700      0.2562500      0.2631360      0.2605100      0.2595700      0.2651300      0.2765700      0.2809100      0.2875900      0.2895300      0.2906600      0.2910800      0.2907000      0.2896800      0.2884100      0.2820800      0.2813000      0.2815300      0.2831700      0.2866500      0.2925000      0.3046100    
  0.1732410      0.1836700      0.1975210      0.2115300      0.2121350      0.2127650      0.2272810      0.2537700      0.2550100      0.2642500      0.2695350      0.2785600      0.2817500      0.2675200      0.2718000      0.2757000      0.2828200      0.2849100      0.2862100      0.2867400      0.2865200      0.2856800      0.2844800      0.2832000      0.2766700      0.2761800      0.2767300      0.2787400      0.2827100      0.2882200    
  0.1836700      0.1975740      0.2115300      0.2118320      0.2121430      0.2264880      0.2537700      0.2543900      0.2651280      0.2740470      0.2785600      0.2801550      0.2729400      0.2639300      0.2678200      0.2714300      0.2745300      0.2811200      0.2825900      0.2832900      0.2832400      0.2825000      0.2812300      0.2796000      0.2778500      0.2762700      0.2698300      0.2698700      0.2704500      0.2923000    
  0.1975910      0.2115300      0.2116810      0.2118350      0.2260580      0.2537700      0.2540800      0.2656300      0.2763040      0.2785600      0.2793570      0.2738960      0.2639300      0.2658750      0.2677270      0.2712600      0.2756930      0.2794130      0.2815440      0.2809200      0.2810600      0.2804000      0.2789700      0.2768500      0.2741800      0.2711800      0.2894600      0.2868200      0.2929300      0.2838300    
  0.2115300      0.2116060      0.2116820      0.2258360      0.2537700      0.2539250      0.2658940      0.2774320      0.2785600      0.2789590      0.2739360      0.2639300      0.2649020      0.2658440      0.2682870      0.2715600      0.2754560      0.2793620      0.2803600      0.2798000      0.2802200      0.2796600      0.2780600      0.2986100      0.2941300      0.2885200      0.2923600      0.2848400      0.2776700      0.2719600    
  0.2115680      0.2116060      0.2257240      0.2537700      0.2538470      0.2660290      0.2779960      0.2785600      0.2787590      0.2738460      0.2639300      0.2644160      0.2648920      0.2663450      0.2685640      0.2717680      0.2772520      0.2800800      0.2798000      0.2888830      0.3066300      0.3055800      0.3031000      0.2989400      0.3027000      0.2794600      0.2703200      0.2600200      0.2494000      0.2511100    
  0.2115680      0.2256670      0.2537700      0.2538090      0.2660970      0.2782780      0.2785600      0.2786600      0.2737740      0.2639300      0.2641730      0.2644130      0.2652180      0.2666000      0.2688920      0.2784870      0.2799400      0.2798000      0.2902480      0.2978500      0.2994700      0.2891200      0.2991900      0.2946300      0.2881000      0.2707400      0.2590800      0.2453000      0.2302000      0.2153200    
  0.2256380      0.2537700      0.2537890      0.2661310      0.2784190      0.2785600      0.2786100      0.2737310      0.2639300      0.2640520      0.2641720      0.2646010      0.2654100      0.2721950      0.2827830      0.2952750      0.2949100      0.2960830      0.2971410      0.2944600      0.2890700      0.3069500      0.2963600      0.2920100      0.2843500      0.2731000      0.2582800      0.2401700      0.2194100      0.1980900    
  0.2537700      0.2537800      0.2661480      0.2784900      0.2785600      0.2785850      0.2737080      0.2639300      0.2639910      0.2640510      0.2642750      0.2647280      0.2757190      0.2881570      0.2880700      0.2993770      0.3109760      0.3100200      0.3032080      0.2991130      0.2998500      0.3020200      0.3052900      0.3012200      0.2928300      0.2797100      0.2618600      0.2396500      0.2143200      0.1845700    
  0.2537750      0.2661560      0.2785250      0.2785600      0.2785720      0.2736960      0.2639300      0.2639600      0.2639910      0.2641060      0.2657590      0.2678700      0.2814560      0.2882330      0.2882440      0.2880700      0.3035500      0.3119330      0.3100200      0.3092370      0.3084200      0.3127800      0.3143700      0.3148900      0.3063300      0.2915900      0.2709700      0.2462700      0.2161700      0.1822000    
  0.2661610      0.2785420      0.2785600      0.2785660      0.2736900      0.2639300      0.2639450      0.2639600      0.2640190      0.2659190      0.2678700      0.2678700      0.2678700      0.2815650      0.2883850      0.2884180      0.2880700      0.3041770      0.3138450      0.3100200      0.3186600      0.3262800      0.3311300      0.3308500      0.3258600      0.3096000      0.2872100      0.2585000      0.2266900      0.1935100    
  0.2785510      0.2785600      0.2785630      0.2736860      0.2639300      0.2639380      0.2639450      0.2541190      0.2566120      0.2678490      0.2678700      0.2678700      0.2678700      0.2678700      0.2817620      0.2886660      0.2887650      0.2880700      0.3047720      0.3176700      0.3298000      0.3419200      0.3519400      0.3561300      0.3511800      0.3353200      0.3078700      0.2759200      0.2431100      0.2122000    
  0.2785600      0.2785620      0.2736850      0.2639300      0.2639340      0.2320690      0.1842700      0.2044100      0.2245500      0.2533730      0.2678080      0.2678700      0.2678700      0.2678700      0.2678700      0.2820940      0.2891630      0.2894600      0.2880700      0.3033300      0.3211200      0.3410500      0.3611200      0.3889400      0.3864700      0.3643400      0.3320300      0.2953000      0.2609100      0.2312500    
  0.2785610      0.2736840      0.2639300      0.2639320      0.2256870      0.1842610      0.1842610      0.1842700      0.2044110      0.2245500      0.2532660      0.2676840      0.2678700      0.2678700      0.2678700      0.2678700      0.2825780      0.2899600      0.2908500      0.3081900      0.3292900      0.3549700      0.3850400      0.4153700      0.4251100      0.3918900      0.3440600      0.3099600      0.2756000      0.2464300    
