iMOD/TUTORIALS/TUT_MetaswapAnalyser/model_MetaSWAP/meteo/Precipitation/Precipitation_20060215_L1.ASC
NCOLS                30
NROWS                30
XLLCORNER     160000.00
YLLCORNER     340000.00
CELLSIZE        1000.00
NODATA_VALUE   -9999.00
   8.759990       8.746940       8.717130       8.649320       8.491060       8.158670       7.634520       7.028860       6.464290       6.139070       6.087080       6.113420       6.151720       6.181350       6.213190       6.245800       6.297230       6.324000       6.346820       6.367910       6.386660       6.397790       6.409770       6.401890       6.409790       6.416650       6.425260       6.440720       6.472370       6.528660    
   8.656250       8.599860       8.512800       8.370250       8.134730       7.774320       7.283830       6.704000       6.081030       5.750030       5.856650       5.940190       6.008530       6.060040       6.104940       6.165870       6.202730       6.233220       6.270360       6.303480       6.333520       6.354880       6.374230       6.371950       6.380770       6.384450       6.384660       6.384890       6.386900       6.419310    
   8.548020       8.455130       8.324750       8.135530       7.872860       7.518250       7.077130       6.582410       6.108000       5.847340       5.837310       5.890310       5.949940       5.995770       6.037320       6.092890       6.133660       6.176450       6.221300       6.265940       6.310340       6.342060       6.352780       6.372370       6.383100       6.385240       6.372420       6.361080       6.338990       6.334430    
   8.447050       8.328690       8.173110       7.965730       7.701780       7.374870       6.997190       6.602650       6.252050       6.029530       5.946810       5.941580       5.965570       5.990240       6.018490       6.060220       6.098920       6.146350       6.201250       6.258450       6.312100       6.344050       6.377170       6.394820       6.409810       6.414620       6.410000       6.396810       6.370630       6.350960    
   8.361720       8.228840       8.060270       7.854620       7.605100       7.314850       6.998140       6.677730       6.403700       6.208050       6.100900       6.053660       6.038970       6.036050       6.043040       6.061900       6.089660       6.139600       6.206050       6.277680       6.325080       6.381440       6.423150       6.458610       6.478870       6.488950       6.490960       6.480050       6.482730       6.509070    
   8.295870       8.155960       7.989980       7.793090       7.565370       7.312400       7.044880       6.783580       6.557770       6.387500       6.270070       6.199060       6.156210       6.128710       6.103340       6.095480       6.108410       6.162150       6.247010       6.337080       6.400680       6.466390       6.515000       6.552360       6.578240       6.598060       6.610000       6.614600       6.640760       6.696170    
   8.249530       8.113040       7.953480       7.770920       7.563710       7.345700       7.123090       6.905260       6.719830       6.565270       6.450000       6.368620       6.310650       6.263380       6.209210       6.171680       6.149400       6.215220       6.332080       6.428470       6.518020       6.589320       6.643930       6.681880       6.711640       6.734760       6.745980       6.774180       6.818450       6.887710    
   8.176610       8.086650       7.939790       7.774710       7.595720       7.435730       7.218810       7.044160       6.882360       6.746970       6.640110       6.558670       6.495680       6.443060       6.372680       6.321930       6.259830       6.348970       6.479750       6.591980       6.682000       6.751780       6.804510       6.841360       6.871730       6.886530       6.915040       6.951300       7.009780       7.082280    
   8.158910       8.087880       7.951790       7.805510       7.685730       7.522120       7.330840       7.186030       7.049560       6.933640       6.839900       6.766610       6.709380       6.628230       6.597560       6.569590       6.563110       6.621940       6.720920       6.815530       6.892950       6.952260       6.996420       7.026920       7.041850       7.067730       7.097600       7.145500       7.198060       7.271260    
   8.164860       8.105050       7.982360       7.895360       7.761000       7.621460       7.460700       7.333720       7.220510       7.124570       7.047400       6.988400       6.945310       6.869540       6.866880       6.870680       6.901020       6.950450       7.019640       7.087350       7.142060       7.185360       7.214290       7.235840       7.240070       7.260680       7.297100       7.333780       7.385500       7.456000    
   8.180420       8.084090       7.986240       7.962190       7.843240       7.728770       7.588920       7.484740       7.393300       7.317500       7.258980       7.218140       7.123880       7.187780       7.217930       7.231330       7.259320       7.300020       7.342580       7.376020       7.396210       7.405430       7.408400       7.399410       7.412520       7.425250       7.445740       7.479400       7.529240       7.634460    
   8.177550       8.053230       7.962190       7.943970       7.936610       7.837980       7.716690       7.636390       7.565270       7.509140       7.568130       7.533020       7.451310       7.501750       7.528630       7.569080       7.620470       7.668820       7.700640       7.707380       7.694730       7.672920       7.647750       7.628900       7.617690       7.614950       7.626730       7.653550       7.697380       7.759630    
   8.116050       7.962190       7.981310       7.985230       8.033840       7.922530       7.847850       7.782760       7.873430       7.826520       7.790780       7.744480       7.752110       7.780540       7.832260       7.900850       7.981090       8.051400       8.076110       8.051270       7.994130       7.936620       7.885650       7.845370       7.817820       7.804440       7.804460       7.823180       7.859790       7.915090    
   7.962190       7.996720       8.009530       8.033840       7.997120       8.035000       8.170650       8.107850       8.056820       7.998870       7.981120       7.971540       7.995540       8.041900       8.112370       8.208430       8.326810       8.437920       8.465660       8.380430       8.277410       8.184650       8.129710       8.073660       8.033870       8.010460       8.001020       8.011440       8.039660       8.086060    
   8.003610       8.021690       8.033840       8.021990       8.035000       8.176550       8.323990       8.274620       8.236650       8.212370       8.182780       8.195870       8.229050       8.284590       8.364740       8.473540       8.608010       8.773120       8.820280       8.665370       8.529430       8.419140       8.329740       8.259720       8.208090       8.174380       8.158440       8.157540       8.177460       8.207220    
   8.027760       8.033840       8.030280       8.035000       8.178510       8.323990       8.299300       8.278420       8.271540       8.362520       8.366970       8.388000       8.427450       8.486940       8.574760       8.676120       8.804440       8.912560       8.927900       8.824850       8.701750       8.586920       8.491070       8.413150       8.353210       8.311160       8.286990       8.280800       8.290350       8.320370    
   8.033840       8.033040       8.035000       8.179170       8.323990       8.311650       8.300570       8.302950       8.362520       8.364750       8.485580       8.560130       8.610160       8.667110       8.765620       8.844730       8.920070       8.977560       8.977720       8.913940       8.818860       8.719590       8.628400       8.546500       8.483080       8.435880       8.405460       8.392160       8.396200       8.441110    
   8.033960       8.035000       8.179390       8.323990       8.317820       8.312070       8.319420       8.362520       8.363630       8.523670       8.655220       8.750300       8.784010       8.849630       8.903810       8.962450       9.005380       9.033850       9.025120       8.976790       8.902070       8.817280       8.733880       8.658470       8.590860       8.540460       8.505040       8.485360       8.481880       8.518840    
   8.035000       8.179460       8.323990       8.320900       8.317960       8.327960       8.362520       8.363080       8.540580       8.702760       8.750300       8.767150       8.840980       8.979980       9.020450       9.060660       9.092980       9.088880       9.073140       9.030530       8.967470       8.893610       8.817650       8.745890       8.682500       8.630170       8.586910       8.561360       8.574220       8.587990    
   8.179480       8.323990       8.322450       8.320950       8.332340       8.362520       8.362800       8.548600       8.726530       8.750300       8.758730       8.834600       8.979980       9.000220       9.020360       9.058030       9.080840       9.085000       9.080800       9.080940       9.023620       8.956480       8.885840       8.817020       8.754040       8.699790       8.664170       8.667040       8.607360       8.596940    
   8.323990       8.323220       8.322460       8.334560       8.362520       8.362660       8.552530       8.738410       8.750300       8.754510       8.830900       8.979980       8.990100       9.000190       9.026200       9.053080       9.074620       9.096570       9.105710       9.130490       9.075060       9.011120       8.943310       8.884880       8.821070       8.764150       8.699870       8.664820       8.641990       8.633380    
   8.323600       8.323220       8.335690       8.362520       8.362590       8.554470       8.744360       8.750300       8.752410       8.828920       8.979980       8.985040       8.990090       9.005500       9.026490       9.051300       9.094570       9.118100       9.130490       9.113960       9.136330       9.071630       9.003390       8.935100       8.826860       8.790180       8.740200       8.698990       8.668600       8.649770    
   8.323610       8.336260       8.362520       8.362550       8.555440       8.747330       8.750300       8.751350       8.827900       8.979980       8.982510       8.985040       8.993540       9.007360       9.027760       9.116330       9.124300       9.130490       9.185610       9.207390       9.148410       9.114410       9.019000       8.945600       8.884820       8.825260       8.771140       8.724210       8.686280       8.660050    
   8.336550       8.362520       8.362540       8.555930       8.748820       8.750300       8.750830       8.827380       8.979980       8.981250       8.982510       8.987030       8.995310       9.153220       9.245900       9.286060       9.284980       9.273400       9.265320       9.290600       9.278460       9.141220       9.052110       8.985540       8.919840       8.857190       8.799170       8.746880       8.701440       8.653630    
   8.362520       8.362530       8.556170       8.749560       8.750300       8.750560       8.827120       8.979980       8.980610       8.981250       8.983590       8.988280       9.262770       9.587440       9.584230       9.453690       9.448890       9.439480       9.346110       9.297950       9.302750       9.199360       9.093280       9.023050       8.954180       8.888680       8.827680       8.771570       8.710210       8.666010    
   8.362520       8.556290       8.749930       8.750300       8.750430       8.826990       8.979980       8.980300       8.980610       8.981820       9.389190       9.996410       9.726600       9.590870       9.590640       9.584230       9.496660       9.458290       9.439480       9.356410       9.312630       9.244220       9.171470       9.061940       8.989500       8.921740       8.859450       8.793630       8.741610       8.694120    
   8.556350       8.750110       8.750300       8.750370       8.826930       8.979980       8.980140       8.980300       8.980910       9.468890       9.996410       9.996410       9.996410       9.731690       9.597740       9.597050       9.584230       9.504630       9.477110       9.439480       9.370770       9.294250       9.213460       9.132730       9.026700       8.957520       8.889600       8.834170       8.785540       8.743720    
   8.750210       8.750300       8.750330       8.826890       8.979980       8.980060       8.980140       9.415560       9.731150       9.996840       9.996410       9.996410       9.996410       9.996410       9.741990       9.611930       9.609870       9.584230       9.517710       9.514730       9.437730       9.351640       9.260600       9.170630       9.087890       8.993000       8.932690       8.882360       8.840370       8.807710    
   8.750300       8.750320       8.826880       8.979980       8.980020       9.725070       10.84250       10.78170       10.72090       10.23910       9.997690       9.996410       9.996410       9.996410       9.996410       9.762550       9.641700       9.635520       9.584230       9.532410       9.464700       9.383070       9.300730       9.217230       9.122290       9.049700       8.981270       8.937960       8.903210       8.878400    
   8.750310       8.826870       8.979980       8.980000       9.874140       10.84270       10.84270       10.84250       10.78170       10.72090       10.24130       10.00030       9.996410       9.996410       9.996410       9.996410       9.802200       9.705350       9.686810       9.631810       9.581150       9.482660       9.370860       9.253580       9.154280       9.097310       9.060070       9.007380       8.972700       8.952640    
