iMOD/TUTORIALS/TUT_MetaswapAnalyser/model_MetaSWAP/meteo/Precipitation/Precipitation_20060426_L1.ASC
NCOLS                30
NROWS                30
XLLCORNER     160000.00
YLLCORNER     340000.00
CELLSIZE        1000.00
NODATA_VALUE   -9999.00
   0.000000       0.000000       0.000000       0.000000       0.000000       0.000000       0.000000      0.7796000E-01  0.1270900      0.1729300      0.2043800      0.2302900      0.2538300      0.2786800      0.2997900      0.3199500      0.3352800      0.3543200      0.3708200      0.3866000      0.4018600      0.4184400      0.4334400      0.4440200      0.4596000      0.4755300      0.4921200      0.5101200      0.5312400      0.5624200    
   0.000000       0.000000       0.000000       0.000000       0.000000       0.000000      0.6441000E-01  0.1037600      0.1591700      0.2079000      0.2283500      0.2483500      0.2683600      0.2908200      0.3101500      0.3260500      0.3437300      0.3549900      0.3731300      0.3892400      0.4049700      0.4218400      0.4368200      0.4469300      0.4610600      0.4744700      0.4871000      0.4992300      0.5093900      0.5306000    
   0.000000       0.000000       0.000000       0.000000       0.000000      0.6235000E-01  0.8817000E-01  0.1262300      0.1732700      0.2150700      0.2414600      0.2617500      0.2810700      0.3015300      0.3170100      0.3311900      0.3475100      0.3640600      0.3808500      0.3976700      0.4164900      0.4340600      0.4448700      0.4593000      0.4723200      0.4836500      0.4900200      0.4973900      0.5054600      0.5085800    
   0.000000       0.000000       0.000000       0.000000      0.6651000E-01  0.8418000E-01  0.1102700      0.1449300      0.1833400      0.2202700      0.2489300      0.2715800      0.2919000      0.3106200      0.3269100      0.3409400      0.3567800      0.3736700      0.3915600      0.4098900      0.4279600      0.4427700      0.4606100      0.4722900      0.4853500      0.4962800      0.5047100      0.5101700      0.5148400      0.5123700    
   0.000000       0.000000      0.6391000E-01  0.7288000E-01  0.8622000E-01  0.1052800      0.1308400      0.1612500      0.1953400      0.2285000      0.2623600      0.2842400      0.3029300      0.3209200      0.3371000      0.3509900      0.3651000      0.3824900      0.4019900      0.4223600      0.4368900      0.4556700      0.4754800      0.4934500      0.5073900      0.5191400      0.5285700      0.5396300      0.5444800      0.5524600    
  0.6581000E-01  0.7167000E-01  0.7969000E-01  0.9075000E-01  0.1057900      0.1256200      0.1508900      0.1783400      0.2163900      0.2480700      0.2750100      0.2984200      0.3167600      0.3335900      0.3488600      0.3613200      0.3753600      0.3940300      0.4166200      0.4401500      0.4579100      0.4787400      0.5002200      0.5177800      0.5334600      0.5488700      0.5609300      0.5759100      0.5868300      0.6023300    
  0.7788000E-01  0.8624000E-01  0.9606000E-01  0.1088000      0.1256400      0.1459100      0.1701900      0.2066900      0.2372500      0.2649100      0.2908200      0.3139800      0.3339700      0.3498200      0.3651100      0.3753600      0.3862400      0.4074700      0.4352200      0.4587100      0.4834800      0.5063600      0.5273700      0.5491500      0.5669700      0.5834200      0.6038200      0.6186900      0.6359900      0.6563400    
  0.9163000E-01  0.1009100      0.1134100      0.1274700      0.1447100      0.1861700      0.2031500      0.2316400      0.2581400      0.2846200      0.3099000      0.3330700      0.3535500      0.3710200      0.3873800      0.3972000      0.4041800      0.4296100      0.4594000      0.4880300      0.5145300      0.5390000      0.5616400      0.5853500      0.6054300      0.6300600      0.6485500      0.6675900      0.6866500      0.7113200    
  0.1061900      0.1163300      0.1289100      0.1454300      0.1906500      0.2112000      0.2267700      0.2553500      0.2811300      0.3070600      0.3322200      0.3558700      0.3774700      0.4020900      0.4165400      0.4302100      0.4455100      0.4687500      0.4962700      0.5245000      0.5514200      0.5767300      0.6005500      0.6259500      0.6537600      0.6753900      0.6972000      0.7177500      0.7429500      0.7708200    
  0.1206400      0.1319300      0.1456200      0.1950100      0.2160200      0.2370300      0.2560300      0.2805500      0.3061200      0.3320300      0.3575900      0.3822200      0.4055100      0.4340000      0.4527700      0.4701100      0.4918900      0.5147300      0.5410400      0.5684300      0.5953200      0.6191000      0.6435800      0.6673800      0.6997800      0.7238200      0.7460800      0.7725500      0.8011100      0.8321400    
  0.1211330      0.1327300      0.1731650      0.2201000      0.2394900      0.2680300      0.2824800      0.3071900      0.3329800      0.3593100      0.3856800      0.4116600      0.4472800      0.4663100      0.4946900      0.5169100      0.5383000      0.5636500      0.5906000      0.6179800      0.6449300      0.6711800      0.6968100      0.7271400      0.7504700      0.7766000      0.8040000      0.8331800      0.8646300      0.8941900    
  0.1217300      0.1617820      0.2201000      0.2562200      0.2661600      0.2934200      0.3074000      0.3351800      0.3615100      0.3885800      0.4108800      0.4390500      0.4777600      0.5121500      0.5367000      0.5624200      0.5897800      0.6144000      0.6418400      0.6686600      0.6947300      0.7203200      0.7485400      0.7743900      0.8007900      0.8315300      0.8609500      0.8925100      0.9267000      0.9637500    
  0.1538510      0.2201000      0.2645240      0.2826450      0.2991300      0.3114800      0.3357800      0.3615700      0.3807200      0.4126900      0.4420100      0.5007400      0.5262000      0.5525100      0.5799400      0.6087800      0.6391000      0.6703600      0.6953600      0.7209500      0.7483600      0.7733600      0.7985700      0.8243800      0.8512000      0.8794800      0.9135300      0.9467100      0.9829600       1.022640    
  0.2201000      0.2686600      0.2908870      0.2991300      0.3168600      0.3399700      0.3548600      0.3818400      0.4102700      0.4357800      0.4669800      0.5378300      0.5651300      0.5936400      0.6235600      0.6551200      0.6872100      0.7220800      0.7544200      0.7763200      0.7999300      0.8237700      0.8416500      0.8658800      0.8916200      0.9193300      0.9534000      0.9870800       1.024490       1.066210    
  0.2707250      0.2950090      0.2991300      0.3186530      0.3399700      0.3526170      0.3630200      0.3918100      0.4223400      0.4544900      0.5352200      0.5639200      0.5941500      0.6259800      0.6595300      0.6983000      0.7346600      0.7725700      0.8071700      0.8311800      0.8445800      0.8659400      0.8883900      0.9121100      0.9374200      0.9647600      0.9947200       1.032040       1.069490       1.100310    
  0.2970690      0.2991300      0.3192510      0.3399700      0.3518690      0.3630200      0.3774150      0.3923900      0.4529470      0.5431500      0.5714400      0.6013800      0.6329600      0.6661900      0.6988700      0.7355900      0.7699400      0.8098400      0.8440500      0.8703000      0.8944900      0.9045300      0.9254700      0.9474900      0.9710100      0.9965400       1.024740       1.056370       1.097020       1.138080    
  0.2991300      0.3194500      0.3399700      0.3516200      0.3630200      0.3702180      0.3776080      0.4414760      0.5431500      0.5572950      0.6033760      0.6386600      0.6683500      0.7024700      0.7288500      0.7673000      0.8069700      0.8447700      0.8787700      0.9080400      0.9343600      0.9593700      0.9839200      0.9888000       1.011380       1.035450       1.061710       1.090970       1.124110       1.157390    
  0.3195170      0.3399700      0.3515370      0.3630200      0.3666190      0.3702820      0.4331130      0.5431500      0.5502230      0.6033050      0.6504550      0.6622500      0.6971600      0.7271700      0.7647900      0.8030600      0.8424300      0.8793700      0.9135200      0.9442700      0.9721300      0.9979500       1.022430       1.046100       1.048960       1.070890       1.094240       1.119870       1.148700       1.173130    
  0.3399700      0.3515090      0.3630200      0.3648190      0.3666400      0.4282910      0.5431500      0.5466860      0.6030560      0.6563530      0.6622500      0.6797050      0.7120980      0.7618100      0.7996600      0.8378600      0.8756000      0.9141100      0.9485700      0.9802200       1.009030       1.035340       1.059520       1.081970       1.103100       1.123430       1.122910       1.143710       1.158640       1.183350    
  0.3515000      0.3630200      0.3639200      0.3648270      0.4257250      0.5431500      0.5449180      0.6028890      0.6593010      0.6622500      0.6709770      0.7039660      0.7618100      0.7807350      0.7997770      0.8377070      0.8758570      0.9127600      0.9825180       1.016430       1.045910       1.072430       1.096080       1.117010       1.135510       1.152010       1.171210       1.175390       1.169380       1.172420    
  0.3630200      0.3634700      0.3639220      0.4244050      0.5431500      0.5440340      0.6027960      0.6607760      0.6622500      0.6666140      0.6997510      0.7618100      0.7712730      0.7807740      0.8060730      0.8377800      0.8754410      0.9718480       1.034840       1.053260       1.083360       1.110050       1.133080       1.156890       1.172170       1.184070       1.159570       1.167840       1.177240       1.189750    
  0.3632450      0.3634710      0.4237370      0.5431500      0.5435920      0.6027490      0.6615130      0.6622500      0.6644320      0.6976060      0.7618100      0.7665410      0.7712850      0.7860400      0.8082090      0.8397650      0.9564760       1.044050       1.053260       1.088210       1.128020       1.154470       1.176530       1.193720       1.179830       1.179400       1.182070       1.182560       1.182770       1.186000    
  0.3632450      0.4234010      0.5431500      0.5433710      0.6027240      0.6618810      0.6622500      0.6633410      0.6965250      0.7618100      0.7641760      0.7665460      0.7746220      0.7885110      0.8113380      0.9642310       1.048660       1.053260       1.130300       1.167180       1.178880       1.196090       1.188880       1.204690       1.211060       1.212220       1.208280       1.200090       1.189620       1.180320    
  0.4232320      0.5431500      0.5432610      0.6027120      0.6620660      0.6622500      0.6627950      0.6959810      0.7618100      0.7629930      0.7641770      0.7684480      0.7765600      0.9201080       1.050430       1.168130       1.168050       1.184470       1.204620       1.212560       1.206340       1.209470       1.235960       1.248480       1.253660       1.251080       1.240920       1.224040       1.202150       1.174730    
  0.5431500      0.5432050      0.6027060      0.6621580      0.6622500      0.6625230      0.6957090      0.7618100      0.7624010      0.7629930      0.7652060      0.7697280       1.015830       1.306660       1.305960       1.264380       1.287680       1.282840       1.251320       1.234130       1.218790       1.257810       1.285430       1.298960       1.303350       1.297820       1.282430       1.257970       1.222290       1.184840    
  0.5431780      0.6027030      0.6622040      0.6622500      0.6623860      0.6955730      0.7618100      0.7621060      0.7624020      0.7635340      0.9812180       1.304080       1.306410       1.307390       1.307350       1.305960       1.295840       1.292520       1.282840       1.275740       1.277250       1.308630       1.333660       1.356080       1.361290       1.354230       1.335140       1.302300       1.263780       1.218160    
  0.6027010      0.6622270      0.6622500      0.6623180      0.6955050      0.7618100      0.7619580      0.7621060      0.7626800       1.023060       1.304080       1.304080       1.304080       1.307500       1.308860       1.308750       1.305960       1.302060       1.302190       1.282840       1.324070       1.361950       1.393510       1.415060       1.428400       1.421220       1.397480       1.364550       1.324170       1.280150    
  0.6622380      0.6622500      0.6622840      0.6954710      0.7618100      0.7618840      0.7619580      0.8680310       1.050280       1.304040       1.304080       1.304080       1.304080       1.304080       1.309690       1.311880       1.311530       1.305960       1.317240       1.321540       1.369740       1.416100       1.457120       1.487390       1.500580       1.497230       1.473010       1.438240       1.398770       1.360390    
  0.6622500      0.6622670      0.6954540      0.7618100      0.7618470      0.9244560       1.168330       1.176860       1.185380       1.264390       1.303950       1.304080       1.304080       1.304080       1.304080       1.314040       1.318150       1.317110       1.305960       1.358630       1.413630       1.469450       1.526980       1.567610       1.587880       1.580040       1.554600       1.517460       1.479390       1.446130    
  0.6622590      0.6954450      0.7618100      0.7618290      0.9569310       1.168300       1.168300       1.168330       1.176860       1.185380       1.264160       1.303680       1.304080       1.304080       1.304080       1.304080       1.322390       1.331380       1.328250       1.385510       1.457780       1.520320       1.585670       1.647680       1.683640       1.669350       1.632000       1.592870       1.557670       1.528960    
