iMOD/TUTORIALS/TUT_MetaswapAnalyser/model_MetaSWAP/meteo/Precipitation/Precipitation_20050823_L1.ASC
NCOLS                30
NROWS                30
XLLCORNER     160000.00
YLLCORNER     340000.00
CELLSIZE        1000.00
NODATA_VALUE   -9999.00
   0.000000       0.000000       0.000000       0.000000       0.000000       0.000000       0.000000       0.000000       0.000000       0.000000       0.000000       0.000000      0.2584000      0.3830300      0.5257100      0.6760000      0.8096800      0.9362600       1.049680       1.140830       1.207940       1.241780       1.261480       1.245840       1.230460       1.202270       1.166710       1.131870       1.110850       1.130360    
   0.000000       0.000000       0.000000       0.000000       0.000000       0.000000       0.000000       0.000000       0.000000       0.000000       0.000000      0.1635500      0.2868000      0.4283700      0.5863200      0.7375900      0.8887200       1.017740       1.118480       1.196640       1.246950       1.263190       1.264070       1.231070       1.197460       1.150560       1.094220       1.034130       1.001430      0.9815800    
   0.000000       0.000000       0.000000       0.000000       0.000000       0.000000       0.000000       0.000000       0.000000       0.000000       0.000000      0.2062400      0.3430000      0.4999500      0.6725900      0.8386400      0.9971300       1.129020       1.227060       1.290320       1.314380       1.310980       1.277130       1.242370       1.192550       1.130120       1.080510      0.9947500      0.9096300      0.8268600    
   0.000000       0.000000       0.000000       0.000000       0.000000       0.000000       0.000000       0.000000       0.000000       0.000000      0.1685500      0.2789700      0.4275400      0.6004700      0.7924500      0.9780800       1.146750       1.276770       1.360730       1.402430       1.410560       1.368860       1.325860       1.303560       1.238700       1.163080       1.078330      0.9860000      0.8923000      0.7923200    
   0.000000       0.000000       0.000000       0.000000       0.000000       0.000000       0.000000       0.000000       0.000000      0.1729700      0.2553700      0.3764600      0.5392300      0.7335400      0.9423600       1.155200       1.356860       1.486320       1.550530       1.564430       1.527320       1.487220       1.422210       1.350280       1.277590       1.199040       1.116770       1.040790      0.9641600      0.9200700    
   0.000000       0.000000       0.000000       0.000000       0.000000       0.000000       0.000000      0.1649600      0.2011000      0.2603100      0.3525300      0.4846500      0.6593800      0.8728400       1.121130       1.374020       1.590530       1.709070       1.731270       1.702270       1.633640       1.569960       1.489900       1.416000       1.340130       1.259310       1.186920       1.129680       1.083700       1.078940    
  0.1725300      0.1772700      0.1745800      0.1738400      0.1764200      0.1841400      0.1999100      0.2335900      0.2800600      0.3505900      0.4535800      0.5950300      0.7789500       1.009480       1.286990       1.587780       1.870820       1.958540       1.904530       1.812280       1.729010       1.647430       1.568220       1.480910       1.407450       1.339340       1.288750       1.242550       1.218670       1.237890    
  0.1926500      0.1941500      0.2059700      0.2098500      0.2180700      0.2490600      0.2669700      0.3052300      0.3607000      0.4406800      0.5512800      0.6979900      0.8852300       1.121680       1.410270       1.729290       2.089770       2.118380       1.997790       1.891500       1.795450       1.708060       1.628100       1.544060       1.477850       1.431130       1.385620       1.358220       1.348570       1.386360    
  0.2165400      0.2213600      0.2266900      0.2490300      0.2851200      0.3066400      0.3303200      0.3768900      0.4399100      0.5260000      0.6400300      0.7863100      0.9681200       1.217420       1.463710       1.732080       1.965030       2.040840       1.989540       1.906750       1.822720       1.744400       1.673430       1.599170       1.555410       1.511220       1.481330       1.459790       1.476820       1.526000    
  0.2421800      0.2502500      0.2594000      0.3067800      0.3384900      0.3660100      0.3963100      0.4469600      0.5147900      0.6035200      0.7166600      0.8569400       1.025570       1.244910       1.464250       1.669360       1.841840       1.916120       1.911660       1.866690       1.808530       1.755590       1.701580       1.654140       1.613330       1.584370       1.557830       1.563730       1.593310       1.651510    
  0.2437000      0.2506100      0.2924480      0.3533600      0.3784100      0.4250700      0.4591300      0.5135900      0.5836400      0.6719200      0.7805700      0.9107000       1.094940       1.250780       1.452870       1.604790       1.724970       1.795610       1.817630       1.807200       1.780600       1.748120       1.715610       1.696630       1.661380       1.645320       1.646470       1.664970       1.704850       1.761230    
  0.2444710      0.2850290      0.3533600      0.4098750      0.4294700      0.4657700      0.5027800      0.5758200      0.6459300      0.7313500      0.8264600      0.9447400       1.111170       1.278560       1.418330       1.532590       1.622900       1.683700       1.716850       1.730530       1.731660       1.725300       1.713830       1.704710       1.700140       1.690520       1.704750       1.734480       1.783330       1.854620    
  0.2806760      0.3533600      0.4238400      0.4538650      0.4782600      0.5086900      0.5563500      0.6146100      0.6825500      0.7746100      0.8686300       1.066740       1.167600       1.271690       1.383430       1.467680       1.532790       1.579210       1.617440       1.648550       1.677490       1.695440       1.707330       1.717080       1.728780       1.746390       1.759210       1.798780       1.855200       1.931520    
  0.3533600      0.4303810      0.4660620      0.4782600      0.5149000      0.5577500      0.6033300      0.6612600      0.7291500      0.8077500      0.8953300       1.097490       1.181470       1.265040       1.342170       1.414900       1.455610       1.482730       1.518880       1.577570       1.628450       1.667700       1.680830       1.703660       1.726860       1.754540       1.777890       1.824840       1.887130       1.967700    
  0.4335400      0.4721610      0.4782600      0.5169700      0.5577500      0.6020570      0.6450900      0.7017800      0.7668100      0.8399600       1.030320       1.102760       1.176990       1.248810       1.313070       1.378700       1.405380       1.409930       1.438150       1.516400       1.580950       1.629980       1.669550       1.704020       1.737570       1.774130       1.817390       1.857830       1.923940       2.029610    
  0.4752110      0.4782600      0.5176600      0.5577500      0.6016320      0.6450900      0.6734350      0.7045600      0.8281650       1.004110       1.064500       1.128010       1.191940       1.252920       1.304050       1.347210       1.374950       1.396760       1.437440       1.506000       1.573230       1.627150       1.676290       1.720440       1.762910       1.807070       1.856190       1.913420       1.967640       2.049410    
  0.4782600      0.5178900      0.5577500      0.6014910      0.6450900      0.6592620      0.6743620      0.8025670       1.004110       1.034300       1.099930       1.154040       1.208130       1.260690       1.286180       1.331800       1.377470       1.410860       1.454350       1.510470       1.570210       1.626800       1.678590       1.720640       1.766130       1.812750       1.863310       1.920630       1.987430       2.048870    
  0.5179670      0.5577500      0.6014440      0.6450900      0.6521760      0.6595710      0.7850750       1.004110       1.019210       1.087780       1.151530       1.149010       1.202890       1.246360       1.295690       1.341990       1.390340       1.428810       1.472760       1.523110       1.576560       1.629320       1.679550       1.727240       1.767610       1.813950       1.863340       1.918290       1.981370       2.050760    
  0.5577500      0.6014280      0.6450900      0.6486330      0.6522790      0.7752330       1.004110       1.011660       1.082070       1.150270       1.149010       1.175950       1.215190       1.262510       1.310670       1.357790       1.405070       1.447880       1.491450       1.538470       1.587440       1.636290       1.683630       1.729120       1.773370       1.817710       1.857900       1.908210       1.961380       2.030860    
  0.6014230      0.6450900      0.6468620      0.6486670      0.7700640       1.004110       1.007880       1.079300       1.149640       1.149010       1.162480       1.200670       1.262510       1.286590       1.310320       1.357840       1.403580       1.448130       1.520900       1.554880       1.600570       1.645970       1.690030       1.732290       1.773010       1.813060       1.859620       1.899090       1.934980       1.988060    
  0.6450900      0.6459760      0.6468730      0.7674260       1.004110       1.006000       1.077930       1.149320       1.149010       1.155750       1.193670       1.262510       1.274550       1.286470       1.318250       1.357250       1.403190       1.501550       1.563340       1.571810       1.615070       1.657580       1.698450       1.742570       1.778960       1.813560       1.829840       1.865040       1.904930       1.953170    
  0.6455330      0.6459800      0.7660960       1.004110       1.005050       1.077240       1.149170       1.149010       1.152380       1.190230       1.262510       1.268530       1.274510       1.293090       1.320660       1.359560       1.480280       1.567580       1.571810       1.607780       1.636450       1.676510       1.714470       1.749560       1.767380       1.793970       1.819360       1.844540       1.872350       1.907100    
  0.6455340      0.7654300       1.004110       1.004580       1.076900       1.149090       1.149010       1.150690       1.188530       1.262510       1.265520       1.268520       1.278710       1.296090       1.324440       1.472890       1.569690       1.571810       1.639220       1.670900       1.682000       1.692290       1.716400       1.747380       1.773730       1.795780       1.813080       1.827430       1.841320       1.859610    
  0.7650960       1.004110       1.004350       1.076730       1.149050       1.149010       1.149850       1.187690       1.262510       1.264010       1.265520       1.270920       1.281110       1.378440       1.499400       1.634050       1.634280       1.662810       1.697080       1.706400       1.705340       1.699430       1.736650       1.764390       1.786950       1.803460       1.813560       1.817570       1.816970       1.789450    
   1.004110       1.004230       1.076650       1.149030       1.149010       1.149430       1.187260       1.262510       1.263260       1.264010       1.266820       1.272510       1.431960       1.614470       1.614510       1.654420       1.698180       1.696760       1.709160       1.713940       1.707460       1.755480       1.757760       1.785350       1.806570       1.820090       1.825030       1.821070       1.785050       1.769000    
   1.004170       1.076600       1.149020       1.149010       1.149220       1.187050       1.262510       1.262890       1.263260       1.264700       1.422300       1.654090       1.628020       1.614860       1.614430       1.614510       1.670700       1.699590       1.696760       1.719540       1.729020       1.773040       1.813370       1.812430       1.834520       1.847490       1.850340       1.823480       1.806580       1.781940    
   1.076580       1.149010       1.149010       1.149120       1.186950       1.262510       1.262700       1.262890       1.263620       1.451690       1.654090       1.654090       1.654090       1.628640       1.615650       1.614360       1.614510       1.671920       1.702430       1.696760       1.744930       1.792210       1.836250       1.874020       1.871320       1.886360       1.877050       1.868430       1.853940       1.836140    
   1.149010       1.149010       1.149060       1.186900       1.262510       1.262600       1.262700       1.315960       1.450150       1.654000       1.654090       1.654090       1.654090       1.654090       1.630390       1.618090       1.614200       1.614510       1.673970       1.708100       1.759790       1.811980       1.862090       1.906310       1.942330       1.930720       1.932350       1.928100       1.921170       1.916650    
   1.149010       1.149040       1.186870       1.262510       1.262560       1.329750       1.430490       1.452570       1.474660       1.594040       1.653820       1.654090       1.654090       1.654090       1.654090       1.635040       1.625550       1.613890       1.614510       1.676510       1.741500       1.808160       1.903950       1.959880       1.988900       2.004960       1.995120       1.996600       1.998690       2.006720    
   1.149020       1.186860       1.262510       1.262530       1.343130       1.430460       1.430460       1.430490       1.452570       1.474660       1.593570       1.653290       1.654090       1.654090       1.654090       1.654090       1.646320       1.648240       1.613270       1.678430       1.816520       1.870420       1.929010       1.988620       2.037840       2.063750       2.076550       2.073180       2.078370       2.097210    
