iMOD/TUTORIALS/TUT_MetaswapAnalyser/model_MetaSWAP/meteo/Precipitation/Precipitation_20060408_L1.ASC
NCOLS                30
NROWS                30
XLLCORNER     160000.00
YLLCORNER     340000.00
CELLSIZE        1000.00
NODATA_VALUE   -9999.00
   4.487020       4.507830       4.535920       4.567500       4.592590       4.587680       4.546380       4.485990       4.428450       4.414090       4.449930       4.500250       4.551900       4.593730       4.627390       4.661090       4.671090       4.662360       4.635720       4.596260       4.547920       4.478030       4.422610       4.379930       4.329510       4.284640       4.245730       4.212210       4.182050       4.146670    
   4.515400       4.533700       4.562430       4.583310       4.595000       4.586800       4.555370       4.505020       4.441730       4.432420       4.510710       4.585860       4.655030       4.723490       4.772630       4.807950       4.817880       4.817010       4.785130       4.733820       4.671060       4.587220       4.517250       4.460820       4.398800       4.344190       4.297640       4.258940       4.248710       4.209070    
   4.535690       4.551010       4.567620       4.580870       4.597210       4.590820       4.570510       4.539950       4.512660       4.526530       4.594110       4.676490       4.765390       4.841730       4.911490       4.960400       4.977060       4.961310       4.915510       4.847060       4.767710       4.666560       4.591330       4.509420       4.435730       4.371730       4.343140       4.295450       4.253420       4.223310    
   4.547820       4.560310       4.573270       4.580720       4.586770       4.586440       4.580340       4.581840       4.585810       4.617390       4.680330       4.766230       4.859300       4.954370       5.038910       5.102320       5.126220       5.104590       5.041260       4.949360       4.843540       4.749760       4.629840       4.561360       4.473310       4.396320       4.330660       4.276250       4.229700       4.197460    
   4.553610       4.563680       4.567560       4.577100       4.584640       4.590040       4.595160       4.603070       4.628330       4.674990       4.726020       4.824720       4.937150       5.053020       5.154370       5.239780       5.290720       5.262410       5.174100       5.051510       4.933880       4.801810       4.661390       4.550560       4.450860       4.364100       4.289710       4.222320       4.169900       4.121550    
   4.554250       4.551080       4.560140       4.569320       4.578500       4.588460       4.599710       4.618370       4.600570       4.667530       4.751690       4.855580       4.976870       5.109920       5.245190       5.369780       5.435100       5.391120       5.257820       5.092130       4.940360       4.785870       4.630360       4.505720       4.396590       4.303060       4.220850       4.145250       4.082850       4.023810    
   4.545330       4.540110       4.547820       4.556460       4.564110       4.576140       4.592930       4.534650       4.589830       4.657030       4.742540       4.847410       4.971750       5.116230       5.272120       5.444780       5.575360       5.495940       5.286950       5.086260       4.894670       4.724480       4.574880       4.427720       4.312850       4.212790       4.120180       4.043850       3.975710       3.910930    
   4.533980       4.533650       4.527060       4.534080       4.543130       4.414570       4.453750       4.498440       4.549940       4.615280       4.696610       4.795550       4.913410       5.053410       5.206860       5.393720       5.599330       5.462400       5.209830       4.983260       4.784960       4.612180       4.461790       4.314600       4.199040       4.092030       4.003120       3.923740       3.854070       3.785960    
   4.512540       4.512790       4.515320       4.507450       4.334340       4.357830       4.396070       4.438620       4.485710       4.544080       4.615310       4.700560       4.800530       4.905560       5.035580       5.165320       5.243320       5.166200       4.984920       4.790050       4.609990       4.449880       4.308940       4.168940       4.052370       3.954330       3.866650       3.790450       3.717050       3.648850    
   4.490140       4.487990       4.487750       4.261440       4.269820       4.289630       4.329420       4.361140       4.400060       4.447240       4.503370       4.568600       4.642140       4.706230       4.791880       4.855720       4.863410       4.803180       4.677920       4.528520       4.380800       4.245720       4.122650       4.011950       3.889440       3.797980       3.717970       3.640910       3.569430       3.502720    
   4.489840       4.488630       4.357810       4.194060       4.204670       4.223770       4.245590       4.268980       4.297070       4.330150       4.367990       4.409660       4.431040       4.442920       4.470510       4.499500       4.491000       4.437390       4.348010       4.241680       4.132830       4.028140       3.929630       3.833130       3.750850       3.653180       3.575780       3.502670       3.433360       3.350080    
   4.490010       4.382590       4.194060       4.144720       4.125930       4.145760       4.158970       4.165660       4.181420       4.198990       4.154630       4.180480       4.175010       4.164050       4.182590       4.173500       4.137660       4.077720       4.004890       3.929340       3.854560       3.780470       3.706240       3.633510       3.562080       3.474080       3.404920       3.337940       3.273180       3.210710    
   4.389560       4.194060       4.120760       4.090070       4.054210       4.057800       4.059490       4.061610       3.973410       3.980030       3.988240       3.902820       3.916360       3.917050       3.904210       3.863760       3.801690       3.728570       3.664250       3.618070       3.575190       3.530740       3.481130       3.427160       3.370240       3.311640       3.233460       3.173120       3.113430       3.054760    
   4.194060       4.110290       4.072140       4.054210       4.025060       3.963160       3.839310       3.838670       3.836680       3.830050       3.821590       3.713400       3.705810       3.683420       3.641990       3.580990       3.493110       3.394070       3.332160       3.319830       3.312100       3.293500       3.261360       3.222750       3.178040       3.129230       3.061200       3.007380       2.953050       2.898730    
   4.105430       4.063180       4.054210       4.014140       3.963160       3.841670       3.722550       3.712650       3.699980       3.683260       3.549210       3.536540       3.512100       3.472650       3.414750       3.337710       3.233080       3.104140       3.033040       3.068010       3.082330       3.079460       3.062620       3.035170       2.999870       2.958960       2.914160       2.850420       2.801060       2.748070    
   4.058690       4.054210       4.010500       3.963160       3.842460       3.722550       3.717600       3.711730       3.625420       3.405770       3.391030       3.367090       3.331780       3.282830       3.221020       3.140120       3.040960       2.938930       2.882410       2.885170       2.893420       2.891610       2.878780       2.856420       2.826500       2.790890       2.751190       2.708700       2.649380       2.604510    
   4.054210       4.009290       3.963160       3.842720       3.722550       3.720070       3.717290       3.615130       3.405770       3.398400       3.291160       3.210730       3.170940       3.119730       3.049990       2.974580       2.895000       2.818970       2.768900       2.748310       2.740160       2.731150       2.716350       2.694780       2.667250       2.634840       2.598800       2.560310       2.520430       2.470540    
   4.008890       3.963160       3.842810       3.722550       3.721310       3.719970       3.614570       3.405770       3.402090       3.264490       3.145960       3.081180       3.036350       2.966790       2.904900       2.837240       2.769970       2.706900       2.659200       2.628240       2.607640       2.589850       2.570240       2.546860       2.519310       2.488230       2.454410       2.418890       2.382760       2.350180    
   3.963160       3.842840       3.722550       3.721930       3.721280       3.615410       3.405770       3.403930       3.253420       3.113570       3.081180       3.058760       2.979560       2.833910       2.775580       2.714370       2.654140       2.598630       2.551860       2.515510       2.486810       2.461690       2.436880       2.410460       2.381700       2.350660       2.317820       2.284260       2.253940       2.218930    
   3.842850       3.722550       3.722240       3.721920       3.616100       3.405770       3.404850       3.248330       3.097370       3.081180       3.069970       2.988350       2.833910       2.804740       2.774620       2.714700       2.655710       2.601540       2.475160       2.407260       2.373230       2.342600       2.313220       2.283610       2.252980       2.221200       2.183480       2.153990       2.136550       2.106590    
   3.722550       3.722400       3.722240       3.616510       3.405770       3.405310       3.245880       3.089280       3.081180       3.075580       2.993350       2.833910       2.819330       2.804430       2.764690       2.715010       2.657320       2.477980       2.354910       2.302560       2.264880       2.230180       2.197150       2.159680       2.127210       2.094440       2.079060       2.046350       2.014670       1.985730    
   3.722470       3.722390       3.616730       3.405770       3.405540       3.244670       3.085230       3.081180       3.078380       2.996010       2.833910       2.826620       2.819220       2.796150       2.761370       2.712340       2.496320       2.328730       2.302560       2.240970       2.155470       2.118080       2.082440       2.047860       2.028460       1.996880       1.963460       1.930150       1.898020       1.868750    
   3.722470       3.616840       3.405770       3.405650       3.244070       3.083200       3.081180       3.079780       2.997370       2.833910       2.830260       2.826580       2.814000       2.792250       2.756620       2.461830       2.315650       2.302560       2.131630       2.059730       2.036890       2.015970       1.992260       1.956680       1.922080       1.888350       1.854310       1.820200       1.786750       1.755940    
   3.616900       3.405770       3.405710       3.243770       3.082190       3.081180       3.080480       2.998060       2.833910       2.832090       2.830250       2.823610       2.810940       2.495810       2.237190       2.024460       2.023480       1.992630       1.953600       1.923270       1.964000       1.930910       1.890720       1.854950       1.820310       1.786280       1.752290       1.717820       1.682830       1.648230    
   3.405770       3.405740       3.243620       3.081690       3.081180       3.080830       2.998410       2.833910       2.833000       2.832080       2.828650       2.821600       2.272910       1.618180       1.620390       1.767580       1.734260       1.744390       1.830960       1.877790       1.882540       1.838100       1.794690       1.758320       1.723890       1.690830       1.658200       1.624850       1.589410       1.552060    
   3.405760       3.243550       3.081430       3.081180       3.081010       2.998580       2.833910       2.833450       2.833000       2.831240       2.283580       1.467780       1.566240       1.616000       1.615980       1.620390       1.692200       1.724130       1.744390       1.778410       1.786820       1.745860       1.707210       1.665880       1.632460       1.601710       1.572350       1.542440       1.510730       1.475510    
   3.243510       3.081310       3.081180       3.081090       2.998670       2.833910       2.833680       2.833450       2.832570       2.176680       1.467780       1.467780       1.467780       1.563010       1.611630       1.611570       1.620390       1.679890       1.703880       1.744390       1.699890       1.657170       1.617190       1.581100       1.545170       1.518180       1.494150       1.471130       1.447110       1.421560    
   3.081240       3.081180       3.081140       2.998710       2.833910       2.833800       2.833680       2.435460       1.990770       1.467630       1.467780       1.467780       1.467780       1.467780       1.556670       1.602930       1.602750       1.620390       1.650920       1.663360       1.617080       1.572330       1.530430       1.493580       1.464140       1.439040       1.422910       1.409100       1.395510       1.382400    
   3.081180       3.081160       2.998730       2.833910       2.833850       2.178520       1.195650       1.218880       1.242120       1.392160       1.467340       1.467780       1.467780       1.467780       1.467780       1.544410       1.585640       1.585100       1.620390       1.575520       1.530610       1.486150       1.443420       1.408330       1.380100       1.365630       1.357620       1.354750       1.352230       1.350550    
   3.081170       2.998750       2.833910       2.833880       2.047450       1.195560       1.195560       1.195650       1.218880       1.242120       1.391400       1.466450       1.467780       1.467780       1.467780       1.467780       1.521460       1.551430       1.549820       1.504640       1.458890       1.412920       1.367040       1.324080       1.295680       1.293620       1.302240       1.308690       1.315400       1.323000    
