iMOD/TUTORIALS/TUT_MetaswapAnalyser/model_MetaSWAP/meteo/Precipitation/Precipitation_20050202_L1.ASC
NCOLS                30
NROWS                30
XLLCORNER     160000.00
YLLCORNER     340000.00
CELLSIZE        1000.00
NODATA_VALUE   -9999.00
   2.737660       2.746550       2.750510       2.748320       2.739550       2.719130       2.687130       2.645920       2.611720       2.634480       2.728390       2.837700       2.943020       3.044040       3.129970       3.201200       3.260100       3.304800       3.334380       3.350070       3.352940       3.341730       3.322270       3.293020       3.256070       3.210900       3.157570       3.095530       3.023220       2.937680    
   2.750250       2.753890       2.739110       2.732910       2.720510       2.695810       2.659100       2.609160       2.544640       2.558320       2.697200       2.823990       2.941170       3.049410       3.143250       3.223020       3.287100       3.340810       3.373780       3.391210       3.395130       3.384850       3.366550       3.338990       3.304440       3.262650       3.213890       3.157900       3.087660       3.010860    
   2.754430       2.755890       2.752580       2.747270       2.716940       2.694380       2.663470       2.626570       2.598330       2.626540       2.730180       2.847710       2.964950       3.075960       3.175540       3.262250       3.331740       3.383050       3.416400       3.433490       3.437380       3.426970       3.408090       3.382660       3.350270       3.311660       3.261340       3.212500       3.157780       3.094680    
   2.763080       2.763920       2.760830       2.758110       2.745010       2.727210       2.706610       2.678890       2.682450       2.721940       2.799890       2.901290       3.005100       3.116100       3.219800       3.310760       3.383890       3.436290       3.468210       3.482600       3.483180       3.472120       3.451660       3.419730       3.389000       3.353080       3.312310       3.266790       3.216270       3.159730    
   2.775840       2.777340       2.782660       2.777890       2.770530       2.761830       2.754780       2.761460       2.777240       2.819270       2.871850       2.960990       3.060880       3.167840       3.274640       3.370630       3.444810       3.495820       3.522440       3.530570       3.523420       3.510190       3.488050       3.463180       3.432650       3.397510       3.357600       3.312180       3.259630       3.194410    
   2.792020       2.803580       2.804470       2.804010       2.803060       2.803320       2.811840       2.829180       2.819800       2.872320       2.943080       3.031100       3.121090       3.223990       3.333740       3.437350       3.520580       3.568930       3.585710       3.584440       3.570980       3.553580       3.529210       3.502620       3.472040       3.437600       3.397740       3.351470       3.296300       3.227410    
   2.818920       2.825820       2.829860       2.833900       2.844880       2.852400       2.865370       2.840420       2.882590       2.935980       3.005730       3.090350       3.186810       3.276380       3.388680       3.504110       3.604420       3.645000       3.643460       3.629070       3.611730       3.590960       3.567140       3.537950       3.507580       3.473270       3.433830       3.387810       3.332520       3.264600    
   2.844280       2.856040       2.864880       2.872670       2.882590       2.823040       2.853450       2.891440       2.933680       2.988870       3.057650       3.139290       3.232070       3.319160       3.427610       3.546790       3.666620       3.693460       3.677940       3.660520       3.641050       3.619510       3.595830       3.567360       3.538200       3.505230       3.467550       3.423320       3.371210       3.306540    
   2.878410       2.881870       2.891600       2.905090       2.827510       2.851940       2.887700       2.930490       2.975160       3.030830       3.097930       3.176000       3.263750       3.340610       3.441260       3.547530       3.636790       3.679620       3.682550       3.672330       3.656610       3.637680       3.616320       3.590200       3.563480       3.533510       3.499020       3.459650       3.410730       3.352220    
   2.902870       2.907570       2.919710       2.821780       2.848580       2.876210       2.924680       2.961650       3.007170       3.062070       3.126590       3.200230       3.281720       3.372740       3.441320       3.527470       3.606600       3.650160       3.667180       3.667540       3.658790       3.645480       3.628360       3.608680       3.583510       3.557880       3.529460       3.493960       3.451620       3.400980    
   2.901490       2.910050       2.871400       2.836550       2.861700       2.915770       2.947390       2.985020       3.030110       3.083200       3.144320       3.212900       3.293440       3.391990       3.457420       3.526060       3.580590       3.620730       3.641980       3.648470       3.645320       3.636370       3.623910       3.608860       3.593030       3.571400       3.547900       3.519910       3.486210       3.451560    
   2.901940       2.879870       2.836550       2.871520       2.874140       2.929290       2.961520       3.000930       3.044580       3.095020       3.189550       3.248240       3.320710       3.407070       3.439570       3.500070       3.551230       3.589110       3.614390       3.626530       3.629250       3.626100       3.620320       3.611390       3.600520       3.584920       3.568840       3.549080       3.524580       3.494280    
   2.878070       2.836550       2.878910       2.893910       2.913670       2.940850       2.971630       3.007640       3.101450       3.145580       3.193880       3.296640       3.344440       3.394220       3.416030       3.470520       3.518420       3.556390       3.583660       3.599430       3.606730       3.608870       3.608200       3.605820       3.602120       3.596920       3.586860       3.576380       3.562070       3.542940    
   2.836550       2.883230       2.903790       2.913670       2.933730       2.946680       3.041960       3.072370       3.107210       3.165190       3.206700       3.291170       3.332290       3.375050       3.417700       3.436680       3.481200       3.520650       3.548260       3.566300       3.576390       3.583320       3.594840       3.600450       3.605300       3.609160       3.609020       3.608580       3.604780       3.596690    
   2.885540       2.908730       2.913670       2.931360       2.946680       3.018090       3.065640       3.092080       3.122150       3.155820       3.239560       3.272750       3.308390       3.345470       3.382810       3.395550       3.438760       3.477880       3.509360       3.525770       3.542630       3.556220       3.569280       3.582350       3.595530       3.608500       3.620600       3.628470       3.635600       3.640420    
   2.911200       2.913670       2.930570       2.946680       3.010140       3.065640       3.078860       3.093290       3.143020       3.202050       3.227050       3.254590       3.284100       3.314860       3.335950       3.369980       3.382440       3.421880       3.453350       3.475660       3.494640       3.515760       3.535800       3.556850       3.578980       3.601800       3.624470       3.645830       3.662120       3.676420    
   2.913670       2.930310       2.946680       3.007490       3.065640       3.072250       3.079260       3.129310       3.202050       3.214550       3.219780       3.231830       3.238130       3.266540       3.294270       3.322980       3.326840       3.361430       3.391700       3.417650       3.441540       3.465580       3.491130       3.522570       3.553690       3.586550       3.620130       3.652910       3.682960       3.706750    
   2.930220       2.946680       3.006600       3.065640       3.068940       3.072380       3.120720       3.202050       3.208300       3.205470       3.207600       3.183380       3.205250       3.227170       3.250350       3.273330       3.268030       3.298530       3.327200       3.354470       3.381690       3.410500       3.442180       3.477530       3.519930       3.563220       3.608350       3.653340       3.695590       3.732330    
   2.946680       3.006310       3.065640       3.067290       3.068990       3.116020       3.202050       3.205170       3.198940       3.195490       3.183380       3.194310       3.200590       3.186570       3.203830       3.221090       3.238250       3.233210       3.259530       3.286530       3.315440       3.347680       3.384550       3.426890       3.474920       3.528080       3.588330       3.646710       3.702680       3.752360    
   3.006210       3.065640       3.066470       3.067310       3.113590       3.202050       3.203610       3.195800       3.189440       3.183380       3.188850       3.191210       3.186570       3.195200       3.203830       3.221060       3.230850       3.243660       3.225670       3.213630       3.242580       3.276720       3.317500       3.365950       3.422480       3.486580       3.557200       3.630410       3.687870       3.757190    
   3.065640       3.066050       3.066470       3.112350       3.202050       3.202830       3.194250       3.186410       3.183380       3.186110       3.187500       3.186570       3.190890       3.195200       3.206700       3.218580       3.231860       3.202040       3.174550       3.135470       3.162710       3.196980       3.240060       3.292670       3.357410       3.432820       3.502170       3.591760       3.682960       3.768690    
   3.065850       3.066050       3.111730       3.202050       3.202440       3.193480       3.184890       3.183380       3.184750       3.185890       3.186570       3.188730       3.190890       3.197590       3.206820       3.219040       3.188590       3.155010       3.135470       3.123650       3.072770       3.105660       3.149590       3.206570       3.267890       3.357440       3.453970       3.561500       3.674250       3.778930    
   3.065850       3.111420       3.202050       3.202250       3.193100       3.184140       3.183380       3.184060       3.185150       3.186570       3.187650       3.188730       3.192400       3.198430       3.207820       3.128600       3.145240       3.135470       3.026950       2.991590       3.005300       3.024050       3.057270       3.109290       3.179450       3.269300       3.380510       3.508290       3.646900       3.785990    
   3.111270       3.202050       3.202150       3.192910       3.183760       3.183380       3.183720       3.184790       3.186570       3.187110       3.187650       3.189590       3.193190       3.041350       2.941950       2.882970       2.883300       2.883820       2.883630       2.857110       2.910410       2.913590       2.938410       2.989000       3.062920       3.162080       3.286550       3.434280       3.600610       3.774000    
   3.202050       3.202100       3.192810       3.183570       3.183380       3.183550       3.184620       3.186570       3.186840       3.187110       3.188120       3.190140       2.910830       2.565520       2.566740       2.667150       2.620360       2.631130       2.741920       2.802210       2.803800       2.798080       2.810520       2.855120       2.927800       3.031480       3.166650       3.331630       3.521540       3.734190    
   3.202070       3.192760       3.183470       3.183380       3.183470       3.184530       3.186570       3.186700       3.186840       3.187360       2.977860       2.661960       2.596850       2.564520       2.564300       2.566740       2.598200       2.609590       2.631130       2.677250       2.692410       2.673480       2.674390       2.703900       2.771410       2.876440       3.019090       3.195910       3.402990       3.636420    
   3.192740       3.183430       3.183380       3.183420       3.184490       3.186570       3.186640       3.186700       3.186970       2.935190       2.661960       2.661960       2.661960       2.595400       2.562520       2.561850       2.566740       2.585320       2.588060       2.631130       2.581660       2.543450       2.525140       2.537570       2.594440       2.698300       2.847080       3.031390       3.244050       3.474610    
   3.183400       3.183380       3.183400       3.184460       3.186570       3.186600       3.186640       3.143930       2.961100       2.662110       2.661960       2.661960       2.661960       2.661960       2.592810       2.558970       2.556960       2.566740       2.555360       2.544980       2.475580       2.413690       2.369410       2.358170       2.401910       2.503070       2.657010       2.848630       3.062130       3.281870    
   3.183380       3.183390       3.184450       3.186570       3.186590       3.163280       3.128240       3.071840       3.015430       2.780200       2.662420       2.661960       2.661960       2.661960       2.661960       2.588440       2.553220       2.547180       2.566740       2.478590       2.387260       2.297380       2.228570       2.176140       2.191200       2.292810       2.463250       2.665670       2.880500       3.092200    
   3.183390       3.184450       3.186570       3.186580       3.158650       3.128320       3.128320       3.128240       3.071840       3.015430       2.781000       2.663330       2.661960       2.661960       2.661960       2.661960       2.581640       2.545740       2.527620       2.426530       2.337130       2.216040       2.094980       1.991430       1.967660       2.090620       2.288380       2.505960       2.719540       2.924890    
