iMOD/TUTORIALS/TUT_MetaswapAnalyser/model_MetaSWAP/meteo/Precipitation/Precipitation_20050629_L1.ASC
NCOLS                30
NROWS                30
XLLCORNER     160000.00
YLLCORNER     340000.00
CELLSIZE        1000.00
NODATA_VALUE   -9999.00
   8.612620       7.622070       6.758410       6.043070       5.490580       5.345140       5.539900       5.927820       6.378420       6.740950       6.974280       7.184930       7.398150       7.588780       7.847740       8.128260       8.675720       9.046530       9.475440       9.949650       10.46540       11.08740       11.68030       12.48670       13.11810       13.77390       14.45890       15.18540       15.97970       16.86360    
   9.069890       8.147200       7.367380       6.739250       6.258170       6.116450       6.219600       6.507890       6.915920       7.218190       7.294830       7.395660       7.537190       7.653970       7.852070       8.276520       8.583290       9.035850       9.451920       9.933010       10.45930       11.08350       11.68260       12.47820       13.10200       13.73860       14.38890       15.06020       15.75520       16.56140    
   9.563140       8.707150       7.986660       7.327970       6.977390       6.817790       6.844520       7.018320       7.261650       7.447690       7.513880       7.569130       7.641950       7.713290       7.896150       8.251120       8.540300       8.899960       9.330530       9.823820       10.35070       10.98560       11.77760       12.39810       13.02770       13.66230       14.27800       14.92010       15.54720       16.24830    
   10.05360       9.259650       8.593440       7.980150       7.636420       7.448260       7.402320       7.462770       7.559710       7.637310       7.685700       7.705770       7.727160       7.766780       7.866150       8.128580       8.389640       8.741450       9.183620       9.700040       10.27000       11.03640       11.71590       12.33500       12.98100       13.62860       14.27510       14.91910       15.54240       16.20570    
   10.52590       9.786680       9.066870       8.589260       8.240700       8.017910       7.906010       7.821360       7.837480       7.854100       7.770950       7.777900       7.776070       7.768460       7.824330       7.981410       8.184410       8.531650       8.998550       9.551060       10.34370       10.98600       11.69740       12.34340       13.01340       13.68510       14.35990       15.01780       15.73950       16.55490    
   10.97070       10.20070       9.623800       9.155830       8.796940       8.541120       8.316930       8.206930       8.019440       7.952450       7.928270       7.895160       7.849660       7.805460       7.742040       7.810480       7.982060       8.340970       8.867910       9.481930       10.29940       10.98290       11.72360       12.42030       13.11820       13.80360       14.51810       15.23180       16.03320       16.94590    
   11.36160       10.70440       10.14710       9.684280       9.221560       8.952310       8.754950       8.388110       8.241440       8.175060       8.112010       8.045180       7.972050       7.882640       7.707860       7.692910       7.753970       8.156380       8.794970       9.602200       10.32160       11.03970       11.75610       12.52870       13.25370       13.98700       14.70770       15.49960       16.34650       17.30620    
   12.05860       11.03990       10.50970       10.06740       9.703290       9.247300       8.878050       8.642300       8.520620       8.419080       8.326720       8.235980       8.142140       8.039320       7.781990       7.734080       7.670940       8.155900       8.941140       9.690780       10.43200       11.16700       11.89900       12.68860       13.43440       14.15980       14.94520       15.77140       16.66210       17.63840    
   12.33170       11.49200       10.98080       10.53440       9.939080       9.650530       9.233540       8.958120       8.809420       8.683880       8.573000       8.470630       8.373240       7.981330       7.994200       8.021360       8.146210       8.551800       9.201210       9.910830       10.63570       11.36500       12.09780       12.89450       13.61870       14.39490       15.19910       16.04670       16.94780       17.92280    
   12.75560       11.92270       11.42370       10.69650       10.33420       10.03570       9.472650       9.272860       9.106730       8.966860       8.847260       8.744190       8.656960       8.218920       8.298650       8.415910       8.589650       9.011580       9.575910       10.22150       10.90580       11.62220       12.34320       13.07800       13.86560       14.64800       15.46290       16.31340       17.21340       18.17380    
   12.68440       12.03400       11.27870       11.07180       10.71780       10.10030       9.796470       9.586080       9.410090       9.263480       9.142610       9.046120       8.406280       8.419500       8.409420       8.673750       9.017610       9.464610       10.00860       10.62240       11.28020       11.96690       12.67570       13.37720       14.12650       14.99750       15.81040       16.65710       17.54370       18.39750    
   12.70440       11.76720       11.07180       10.97640       11.07470       10.43230       10.11800       9.896280       9.716050       9.568060       9.234170       9.178930       8.539540       8.442020       8.711360       9.033430       9.422950       9.886560       10.41790       11.00170       11.62640       12.28490       12.94870       13.66200       14.40250       15.25470       16.06150       16.89840       17.76780       18.67130    
   12.23180       11.07180       11.03680       11.05800       11.04120       10.67990       10.42440       10.20740       9.703680       9.584460       9.507110       8.168190       8.412930       8.686570       8.995900       9.362360       9.789750       10.27650       10.80650       11.37060       11.94960       12.57900       13.24480       13.94440       14.67570       15.43700       16.32200       17.14790       17.99880       18.87240    
   11.07180       11.04990       11.04960       11.04120       10.89840       10.97420       10.27500       10.09520       9.952710       9.983420       9.898180       8.343690       8.612550       8.914650       9.259790       9.650540       10.11430       10.62890       11.16600       11.69430       12.26150       12.87130       13.57030       14.26950       15.00230       15.76500       16.64120       17.45990       18.29480       19.14020    
   11.05210       11.04540       11.04120       10.97130       10.97420       10.66770       10.75380       10.55620       10.39680       10.27580       8.289760       8.544450       8.827420       9.145520       9.506700       9.895550       10.37380       10.92340       11.47420       11.99580       12.56330       13.17770       13.83480       14.53110       15.26250       16.02450       16.81190       17.71020       18.53330       19.36120    
   11.04330       11.04120       10.99560       10.97420       10.79860       10.75380       10.65500       10.56890       9.854410       8.188850       8.429650       8.695790       8.992120       9.324470       9.731030       10.15200       10.60260       11.12020       11.65950       12.20440       12.78140       13.39560       14.05490       14.75410       15.48960       16.25630       17.04820       17.85750       18.76710       19.58210    
   11.04120       11.00370       10.97420       10.84220       10.75380       10.70440       10.65920       9.816800       8.188850       8.309250       8.639930       8.829020       9.175960       9.518320       9.918130       10.33960       10.75220       11.25640       11.79100       12.34980       12.93940       13.56690       14.23510       14.93740       15.68240       16.46000       17.26340       18.08360       18.90970       19.75890    
   11.00640       10.97420       10.85670       10.75380       10.72910       10.70580       9.842320       8.188850       8.249050       8.627410       8.942680       9.056350       9.357670       9.677020       10.05580       10.47940       10.85950       11.35460       11.88510       12.44850       13.04690       13.68410       14.36280       15.08330       15.83710       16.63180       17.45440       18.29470       19.14040       19.92470    
   10.97420       10.86160       10.75380       10.74150       10.72960       9.866520       8.188850       8.218950       8.624240       8.999520       9.056350       9.207010       9.468030       9.781080       10.15970       10.58130       11.04920       11.41580       11.94090       12.50410       13.10670       13.75150       14.44080       15.17540       15.95370       16.77130       17.61420       18.48420       19.31040       20.16370    
   10.86320       10.75380       10.74760       10.74160       9.881600       8.188850       8.203900       8.623260       9.027930       9.056350       9.131680       9.378120       9.781080       9.970390       10.17400       10.59670       11.01540       11.46860       12.17170       12.51570       13.11840       13.76750       14.46570       15.21440       16.01280       16.85720       17.73930       18.58020       19.65090       20.54280    
   10.75380       10.75070       10.74770       9.889920       8.188850       8.196370       8.622900       9.042140       9.056350       9.094020       9.336810       9.781080       9.875740       9.975170       10.24710       10.59540       11.02690       11.92730       12.49880       12.48180       13.08000       13.72920       14.43310       15.19330       16.01190       16.88560       17.91620       18.86800       19.83070       20.77400    
   10.75230       10.75070       9.894290       8.188850       8.192610       8.622740       9.049250       9.056350       9.075180       9.317060       9.781080       9.828410       9.877330       10.03260       10.27250       10.62310       11.70430       12.49030       12.48180       12.85000       12.98830       13.63230       14.33680       15.10620       16.09700       16.97020       17.92960       18.93590       19.96490       20.97810    
   10.75230       9.896530       8.188850       8.190730       8.622670       9.052800       9.056350       9.065770       9.307420       9.781080       9.804740       9.828940       9.912800       10.06080       10.30940       11.43860       12.48600       12.48180       12.79310       12.97080       13.28900       13.47820       14.31780       15.09510       15.93100       16.85380       17.85370       18.91940       20.02780       21.13650    
   9.897670       8.188850       8.189790       8.622630       9.054570       9.056350       9.061060       9.302650       9.781080       9.792910       9.804920       9.848830       9.934190       10.29030       11.05010       12.09390       12.10680       12.45660       12.86440       12.86980       12.95340       13.39260       14.09940       14.85130       15.69450       16.63330       17.66680       18.78830       19.98080       21.19150    
   8.188850       8.189320       8.622620       9.055460       9.056350       9.058700       9.300290       9.781080       9.787000       9.792970       9.815550       9.862650       10.36050       10.86910       10.87830       11.51960       11.68880       11.73180       12.41210       12.75250       12.78610       13.42860       13.79050       14.52070       15.35320       16.29500       17.34800       18.50850       19.75370       21.09800    
   8.189090       8.622610       9.055910       9.056350       9.057530       9.299100       9.781080       9.784040       9.787020       9.798510       9.891210       9.992440       10.56950       10.86010       10.85990       10.87830       11.40440       11.64570       11.73180       12.29450       12.51790       13.04960       13.66010       14.09600       14.90250       15.83170       16.88460       18.04350       19.32310       20.70300    
   8.622600       9.056130       9.056350       9.056940       9.298520       9.781080       9.782560       9.784050       9.789850       9.892320       9.992440       9.992440       9.992440       10.55630       10.84210       10.84160       10.87830       11.36190       11.55970       11.73180       12.14210       12.61040       13.15520       13.80000       14.34430       15.24610       16.27310       17.42290       18.66600       19.96850    
   9.056240       9.056350       9.056640       9.298220       9.781080       9.781820       9.782560       9.572170       9.671290       9.991850       9.992440       9.992440       9.992440       9.992440       10.53060       10.80650       10.80480       10.87830       11.27790       11.38750       11.73350       12.12660       12.58780       13.15030       13.85290       14.54850       15.55640       16.67100       17.84790       19.03330    
   9.056350       9.056500       9.298070       9.781080       9.781450       9.460860       8.979560       8.955890       8.932240       9.637420       9.990660       9.992440       9.992440       9.992440       9.992440       10.48180       10.73630       10.73130       10.87830       11.11410       11.37460       11.66780       12.02010       12.43750       13.05300       13.88090       14.76860       15.85030       16.95970       18.04240    
   9.056420       9.298000       9.781080       9.781270       9.396280       8.979280       8.979280       8.979560       8.955880       8.932240       9.634350       9.987090       9.992440       9.992440       9.992440       9.992440       10.39350       10.59920       10.58440       10.76990       10.98670       11.19330       11.42210       11.70720       12.18610       13.01060       14.00890       15.06980       16.07830       17.07670    
