iMOD/TUTORIALS/TUT_MetaswapAnalyser/model_MetaSWAP/meteo/Precipitation/Precipitation_20051031_L1.ASC
NCOLS                30
NROWS                30
XLLCORNER     160000.00
YLLCORNER     340000.00
CELLSIZE        1000.00
NODATA_VALUE   -9999.00
  0.4311200      0.4655700      0.4916300      0.5014300      0.4775700      0.3939700      0.2625200      0.1377400       0.000000       0.000000       0.000000       0.000000      0.1251300      0.1718200      0.2224200      0.2752800      0.3195200      0.3673300      0.4089900      0.4447400      0.4741500      0.4967700      0.5138400      0.5168000      0.5246300      0.5286400      0.5298000      0.5293300      0.5290000      0.5332200    
  0.3835400      0.4031300      0.4106000      0.3972900      0.3539900      0.2751400      0.1736400       0.000000       0.000000       0.000000       0.000000       0.000000      0.1059500      0.1563500      0.2104500      0.2608000      0.3134300      0.3599800      0.4043800      0.4409900      0.4708600      0.4937900      0.5109600      0.5145100      0.5221700      0.5257900      0.5261200      0.5241000      0.5168000      0.5185900    
  0.3416900      0.3497100      0.3445900      0.3213700      0.2753400      0.2090300      0.1328000       0.000000       0.000000       0.000000       0.000000       0.000000      0.1041400      0.1543500      0.2090100      0.2618400      0.3159100      0.3655600      0.4089100      0.4451500      0.4761500      0.4984100      0.5063000      0.5179100      0.5248200      0.5276100      0.5219200      0.5190000      0.5154200      0.5092400    
  0.3066800      0.3074200      0.2964000      0.2710900      0.2306700      0.1784000      0.1226100       0.000000       0.000000       0.000000       0.000000       0.000000      0.1164000      0.1653400      0.2207800      0.2757800      0.3308800      0.3807800      0.4233300      0.4580200      0.4853400      0.4991200      0.5143100      0.5192600      0.5255000      0.5280600      0.5274000      0.5239300      0.5193500      0.5111700    
  0.2795000      0.2764500      0.2638300      0.2405900      0.2074500      0.1677100      0.1273500       0.000000       0.000000       0.000000       0.000000      0.1022300      0.1396000      0.1872200      0.2434300      0.3007200      0.3549700      0.4036900      0.4432800      0.4742900      0.4879000      0.5055300      0.5188900      0.5297500      0.5349200      0.5369500      0.5363600      0.5356700      0.5316900      0.5298100    
  0.2597400      0.2553300      0.2434600      0.2240100      0.1981600      0.1686800      0.1398700      0.1161200      0.1021700      0.1004900      0.1109000      0.1344300      0.1704500      0.2181300      0.2752400      0.3345400      0.3918500      0.4386300      0.4730000      0.4985700      0.5087500      0.5227800      0.5334600      0.5404100      0.5445400      0.5478800      0.5477400      0.5485100      0.5474700      0.5494300    
  0.2461900      0.2420600      0.2321300      0.2168800      0.1977200      0.1764300      0.1562500      0.1409600      0.1337000      0.1347000      0.1467900      0.1706500      0.2063300      0.2531800      0.3134700      0.3759300      0.4386900      0.4809900      0.5057500      0.5171700      0.5305600      0.5408500      0.5483500      0.5539100      0.5569300      0.5583600      0.5610600      0.5610300      0.5629200      0.5665900    
  0.2378800      0.2349800      0.2275400      0.2162900      0.2024700      0.1898800      0.1755200      0.1677100      0.1642000      0.1688100      0.1830000      0.2076900      0.2432500      0.2896400      0.3511300      0.4139600      0.4834100      0.5175700      0.5295600      0.5412300      0.5507100      0.5579800      0.5631700      0.5670700      0.5690600      0.5725400      0.5728800      0.5735500      0.5719900      0.5773600    
  0.2341900      0.2321000      0.2270400      0.2196400      0.2133100      0.2038500      0.1949600      0.1928200      0.1937600      0.2017000      0.2179700      0.2434800      0.2786400      0.3335700      0.3839500      0.4401100      0.4940800      0.5294700      0.5482300      0.5595500      0.5674200      0.5728500      0.5763600      0.5789200      0.5825200      0.5828700      0.5831600      0.5797400      0.5828800      0.5879600    
  0.2331400      0.2325100      0.2297900      0.2294000      0.2238700      0.2189100      0.2171500      0.2171000      0.2217900      0.2325900      0.2506100      0.2766500      0.3109600      0.3654600      0.4113200      0.4595300      0.5073700      0.5386900      0.5583200      0.5698800      0.5765500      0.5848900      0.5872400      0.5882000      0.5914000      0.5912100      0.5865700      0.5879600      0.5907000      0.5951600    
  0.2323930      0.2318130      0.2323500      0.2377000      0.2358100      0.2387100      0.2365800      0.2401100      0.2478700      0.2609700      0.2803200      0.3065100      0.3579000      0.3932000      0.4441700      0.4830800      0.5193500      0.5484000      0.5686300      0.5811100      0.5879600      0.5911100      0.5919500      0.5935300      0.5867600      0.5941200      0.5939800      0.5947300      0.5967300      0.5989200    
  0.2316660      0.2335640      0.2377000      0.2467150      0.2479900      0.2546500      0.2553000      0.2615600      0.2717500      0.2866000      0.3072300      0.3332200      0.3847000      0.4330400      0.4662500      0.5001600      0.5319000      0.5586400      0.5777800      0.5895900      0.5956500      0.5978700      0.5951200      0.5934800      0.5914300      0.5915300      0.5904300      0.5903100      0.5915100      0.5942600    
  0.2332510      0.2377000      0.2516120      0.2566750      0.2653600      0.2665400      0.2726900      0.2814300      0.2943000      0.3098600      0.3305600      0.4083700      0.4300100      0.4560600      0.4855300      0.5156400      0.5443700      0.5688100      0.5867300      0.5960400      0.5997800      0.6002500      0.5986800      0.5960800      0.5931400      0.5904000      0.5904500      0.5894800      0.5898100      0.5916400    
  0.2377000      0.2539220      0.2610180      0.2653600      0.2708630      0.2806900      0.2896200      0.3001000      0.3135600      0.3256300      0.3468900      0.4328700      0.4524300      0.4756400      0.5014900      0.5288200      0.5541700      0.5784500      0.5945900      0.6014600      0.6030400      0.6019400      0.5960500      0.5919600      0.5877300      0.5838200      0.5827600      0.5808400      0.5803000      0.5813700    
  0.2550430      0.2631890      0.2653600      0.2723040      0.2806900      0.2864800      0.2891300      0.3016500      0.3168700      0.3351900      0.4339000      0.4485700      0.4668600      0.4882000      0.5117800      0.5367900      0.5616900      0.5856400      0.6009800      0.6011200      0.6003900      0.5972800      0.5930100      0.5880900      0.5830100      0.5782300      0.5741500      0.5732500      0.5717000      0.5717300    
  0.2642740      0.2653600      0.2727850      0.2806900      0.2854330      0.2891300      0.2953900      0.3025500      0.3491730      0.4429800      0.4529900      0.4662600      0.4825000      0.5012000      0.5208100      0.5422400      0.5625500      0.5817300      0.5934700      0.5957800      0.5939200      0.5917500      0.5869400      0.5813600      0.5754900      0.5698000      0.5647300      0.5606700      0.5600300      0.5590200    
  0.2653600      0.2729450      0.2806900      0.2850840      0.2891300      0.2922600      0.2956900      0.3475230      0.4429800      0.4479850      0.4673880      0.4809900      0.4941000      0.5101600      0.5260300      0.5438200      0.5604700      0.5746400      0.5837000      0.5868800      0.5857600      0.5819800      0.5765200      0.5724000      0.5657600      0.5591200      0.5529400      0.5476900      0.5438000      0.5524300    
  0.2729980      0.2806900      0.2849680      0.2891300      0.2906950      0.2923600      0.3446130      0.4429800      0.4454820      0.4678860      0.4873550      0.4937200      0.5055100      0.5157000      0.5299800      0.5443500      0.5569400      0.5675300      0.5744100      0.5770800      0.5760800      0.5723300      0.5666400      0.5596700      0.5542800      0.5465700      0.5391300      0.5325000      0.5272000      0.5319700    
  0.2806900      0.2849290      0.2891300      0.2899130      0.2907280      0.3426620      0.4429800      0.4442310      0.4681210      0.4905370      0.4937200      0.4996150      0.5088900      0.5206300      0.5322200      0.5436300      0.5539900      0.5607500      0.5657100      0.5674100      0.5659900      0.5619500      0.5558400      0.5482300      0.5396300      0.5305800      0.5238100      0.5155600      0.5164800      0.5145200    
  0.2849160      0.2891300      0.2895210      0.2899240      0.3415710      0.4429800      0.4436060      0.4682360      0.4921290      0.4937200      0.4966680      0.5057140      0.5206300      0.5264250      0.5321600      0.5432800      0.5527900      0.5601500      0.5603580      0.5582200      0.5561100      0.5515200      0.5448100      0.5364000      0.5267400      0.5163200      0.5076900      0.5086200      0.4945300      0.4872600    
  0.2891300      0.2893260      0.2895250      0.3409990      0.4429800      0.4432930      0.4682930      0.4929240      0.4937200      0.4951940      0.5041830      0.5206300      0.5235280      0.5264050      0.5339550      0.5427430      0.5520730      0.5553920      0.5539600      0.5497000      0.5467900      0.5415300      0.5341100      0.5270400      0.5160800      0.5040200      0.4956700      0.4834400      0.4719300      0.4624300    
  0.2892280      0.2893270      0.3407070      0.4429800      0.4431360      0.4683220      0.4933220      0.4937200      0.4944570      0.5034320      0.5206300      0.5220790      0.5235210      0.5279630      0.5343680      0.5429240      0.5503480      0.5518300      0.5497000      0.5458900      0.5411800      0.5349700      0.5266100      0.5162300      0.5000700      0.4920100      0.4781800      0.4635300      0.4491900      0.4367900    
  0.2892280      0.3405610      0.4429800      0.4430580      0.4683360      0.4935210      0.4937200      0.4940880      0.5030600      0.5206300      0.5213540      0.5220770      0.5245210      0.5286170      0.5350850      0.5401210      0.5507650      0.5497000      0.5393380      0.5361200      0.5299540      0.5269500      0.5135200      0.5024000      0.4919900      0.4783900      0.4626400      0.4453500      0.4276100      0.4112200    
  0.3404870      0.4429800      0.4430190      0.4683430      0.4936210      0.4937200      0.4939040      0.5028740      0.5206300      0.5209920      0.5213540      0.5226510      0.5250710      0.5191630      0.5189790      0.5223830      0.5222000      0.5240610      0.5263780      0.5256400      0.5310600      0.5156100      0.5021800      0.4937700      0.4822000      0.4676000      0.4502100      0.4304600      0.4091300      0.3807300    
  0.4429800      0.4430000      0.4683460      0.4936700      0.4937200      0.4938120      0.5027820      0.5206300      0.5208110      0.5209920      0.5216650      0.5230250      0.5087020      0.4883070      0.4884300      0.4992400      0.4941850      0.4947000      0.5101880      0.5173730      0.5202200      0.5048800      0.4955700      0.4871900      0.4754700      0.4603700      0.4420000      0.4205700      0.3900600      0.3652000    
  0.4429900      0.4683480      0.4936950      0.4937200      0.4937660      0.5027360      0.5206300      0.5207210      0.5208110      0.5211560      0.5171480      0.5100300      0.4955620      0.4883190      0.4881830      0.4884300      0.4921450      0.4936700      0.4947000      0.5030380      0.5008400      0.4994500      0.4950800      0.4833600      0.4720700      0.4572200      0.4388500      0.4115900      0.3873500      0.3608700    
  0.4683490      0.4937080      0.4937200      0.4937430      0.5027130      0.5206300      0.5206750      0.5207210      0.5208960      0.5158350      0.5100300      0.5100300      0.5100300      0.4955910      0.4883420      0.4879360      0.4884300      0.4917800      0.4926400      0.4947000      0.4963900      0.4957000      0.4922400      0.4856000      0.4720700      0.4582400      0.4367100      0.4159200      0.3933800      0.3700300    
  0.4937140      0.4937200      0.4937310      0.5027020      0.5206300      0.5206530      0.5206750      0.5096480      0.5070800      0.5100070      0.5100300      0.5100300      0.5100300      0.5100300      0.4958100      0.4886610      0.4874420      0.4884300      0.4913500      0.4905800      0.4929600      0.4933500      0.4913000      0.4862900      0.4774400      0.4608900      0.4440100      0.4254600      0.4061800      0.3878200    
  0.4937200      0.4937260      0.5026960      0.5206300      0.5206410      0.5067220      0.4858300      0.4810650      0.4763000      0.4987240      0.5099600      0.5100300      0.5100300      0.5100300      0.5100300      0.4966130      0.4901110      0.4864550      0.4884300      0.4916900      0.4938300      0.4945700      0.5013300      0.4927800      0.4830100      0.4703700      0.4542600      0.4384000      0.4227300      0.4089400    
  0.4937230      0.5026930      0.5206300      0.5206360      0.5039260      0.4858230      0.4858230      0.4858300      0.4810640      0.4763000      0.4986040      0.5098210      0.5100300      0.5100300      0.5100300      0.5100300      0.4988700      0.4954470      0.4844800      0.4881900      0.5106900      0.5067200      0.5025400      0.4976000      0.4903400      0.4792000      0.4660100      0.4533300      0.4406000      0.4305600    
