iMOD/TUTORIALS/TUT_MetaswapAnalyser/model_MetaSWAP/meteo/Precipitation/Precipitation_20050914_L1.ASC
NCOLS                30
NROWS                30
XLLCORNER     160000.00
YLLCORNER     340000.00
CELLSIZE        1000.00
NODATA_VALUE   -9999.00
   1.176130       1.122870       1.064170       1.003630      0.9498200      0.9172100      0.9091000      0.9120500      0.9240700      0.9765300       1.079360       1.195640       1.310530       1.413330       1.501470       1.573330       1.618570       1.635180       1.622090       1.585610       1.531180       1.463450       1.389850       1.309610       1.233930       1.160550       1.090990       1.026680      0.9694600      0.9277900    
   1.141580       1.095440       1.047740       1.000900      0.9613200      0.9346700      0.9212100      0.9144200      0.9069500      0.9561600       1.097530       1.238550       1.374410       1.502150       1.610450       1.696250       1.746030       1.754590       1.735180       1.683900       1.611890       1.526550       1.436470       1.341940       1.253910       1.169950       1.091030       1.017880      0.9568100      0.9049100    
   1.116790       1.078450       1.040020       1.004680      0.9774400      0.9584000      0.9497200      0.9506900      0.9672900       1.032770       1.158500       1.305070       1.457940       1.602470       1.729420       1.830580       1.888250       1.897410       1.860410       1.787540       1.695400       1.588270       1.475280       1.369530       1.269150       1.175250       1.093960       1.011820      0.9409000      0.8697700    
   1.099140       1.068170       1.038650       1.013110      0.9942100      0.9845600      0.9863100       1.004200       1.043930       1.121040       1.238780       1.385770       1.548450       1.711570       1.863620       1.986240       2.054860       2.056880       1.996630       1.893050       1.767410       1.634060       1.505020       1.391880       1.280020       1.177580       1.083890      0.9979100      0.9229100      0.8474400    
   1.085980       1.061560       1.039650       1.022440       1.012340       1.011970       1.024340       1.054980       1.108310       1.192990       1.314350       1.463620       1.635750       1.820450       2.000460       2.155360       2.247770       2.238140       2.140560       1.993550       1.825990       1.666830       1.518960       1.387920       1.268590       1.162110       1.066960      0.9882400      0.9107200      0.8458200    
   1.075210       1.056180       1.040550       1.030170       1.027300       1.034570       1.056420       1.094400       1.154580       1.246790       1.366300       1.516820       1.696520       1.900870       2.119330       2.327060       2.454500       2.422110       2.259260       2.052940       1.845670       1.661840       1.500010       1.359640       1.237830       1.133370       1.040700      0.9662500      0.8956700      0.8388400    
   1.066520       1.050410       1.039600       1.034320       1.038600       1.050500       1.075520       1.116520       1.183970       1.271890       1.387950       1.534590       1.713820       1.927790       2.174390       2.450550       2.676710       2.590520       2.315830       2.043430       1.810020       1.612880       1.447220       1.307310       1.189030       1.088140       1.009490      0.9343400      0.8720000      0.8214700    
   1.049020       1.047330       1.037890       1.035370       1.040210       1.049610       1.079250       1.126430       1.186800       1.268610       1.374990       1.508980       1.673970       1.874960       2.113230       2.404270       2.741200       2.567760       2.221760       1.936450       1.703410       1.513190       1.357150       1.227690       1.119750       1.037310      0.9590200      0.8927400      0.8392000      0.7942500    
   1.040000       1.036800       1.030620       1.028200       1.027460       1.042220       1.070480       1.114320       1.167530       1.238070       1.328210       1.440120       1.575950       1.732810       1.920400       2.118500       2.254280       2.174670       1.950740       1.723000       1.527380       1.365910       1.233420       1.123670       1.041080      0.9633100      0.8972100      0.8432300      0.7959800      0.7575200    
   1.025940       1.023580       1.018050       1.008010       1.012560       1.025000       1.055420       1.086640       1.129250       1.184510       1.253410       1.336470       1.433370       1.535150       1.650620       1.748300       1.789220       1.729490       1.595610       1.443170       1.303420       1.184750       1.085480       1.002310      0.9395500      0.8788800      0.8287600      0.7836100      0.7453200      0.7135700    
   1.029240       1.022520       1.009670      0.9890300      0.9918700       1.011160       1.024450       1.046700       1.076610       1.114400       1.159770       1.211600       1.258590       1.307980       1.364120       1.390810       1.379700       1.324790       1.240420       1.149470       1.066030      0.9937400      0.9315400      0.8842700      0.8387300      0.7950000      0.7567300      0.7227800      0.6931100      0.6645700    
   1.030160       1.012610      0.9890300      0.9734370      0.9653500      0.9808700      0.9868600      0.9984600       1.015020       1.035130       1.043690       1.067830       1.078900       1.099960       1.099320       1.076620       1.031510      0.9721200      0.9142200      0.8680500      0.8326300      0.8029500      0.7830200      0.7567900      0.7307900      0.7043900      0.6797700      0.6565700      0.6352200      0.6160800    
   1.017980      0.9890300      0.9665980      0.9564250      0.9475000      0.9438600      0.9442900      0.9466900      0.9312000      0.9366300      0.9405500      0.9383000      0.9300300      0.9093600      0.8727700      0.8157500      0.7439200      0.6740200      0.6312900      0.6214300      0.6315600      0.6385300      0.6407500      0.6376400      0.6300600      0.6192400      0.6054900      0.5915600      0.5774600      0.5638200    
  0.9890300      0.9637730      0.9519620      0.9475000      0.9327230      0.9068100      0.8756200      0.8707800      0.8651200      0.8560600      0.8439700      0.8241300      0.7949900      0.7521000      0.6922700      0.6148700      0.5220400      0.4327500      0.3971100      0.4274400      0.4674600      0.4999300      0.5318800      0.5468200      0.5539400      0.5549900      0.5504300      0.5438000      0.5351200      0.5252000    
  0.9625080      0.9497310      0.9475000      0.9290110      0.9068100      0.8690800      0.8248100      0.8129100      0.7987900      0.7809900      0.7586700      0.7271700      0.6853800      0.6307900      0.5614800      0.4773500      0.3790200      0.2718100      0.2325600      0.3033000      0.3613600      0.4070500      0.4409900      0.4646200      0.4796200      0.4876500      0.4902700      0.4878100      0.4833700      0.4762300    
  0.9486160      0.9475000      0.9277740      0.9068100      0.8669000      0.8248100      0.8188600      0.8121700      0.7782400      0.7202700      0.6889400      0.6502300      0.6025000      0.5444700      0.4760700      0.3979600      0.3156400      0.2422600      0.2194400      0.2550300      0.3016900      0.3436200      0.3775600      0.4031100      0.4209500      0.4321500      0.4378900      0.4393200      0.4366000      0.4323800    
  0.9475000      0.9273610      0.9068100      0.8661730      0.8248100      0.8218350      0.8186130      0.7823850      0.7202700      0.7046050      0.6346040      0.5910200      0.5426500      0.4867200      0.4226200      0.3592300      0.2983000      0.2514900      0.2344500      0.2480500      0.2768500      0.3083600      0.3367100      0.3595900      0.3766300      0.3880600      0.3945700      0.3970300      0.3963300      0.3931300    
  0.9272240      0.9068100      0.8659310      0.8248100      0.8233230      0.8217530      0.7857760      0.7202700      0.7124380      0.6277660      0.5567900      0.5225600      0.4810500      0.4458000      0.3949400      0.3439500      0.2981500      0.2646900      0.2499100      0.2537100      0.2697500      0.2907800      0.3117400      0.3298400      0.3437700      0.3533700      0.3588500      0.3608100      0.3600200      0.3577800    
  0.9068100      0.8658500      0.8248100      0.8240660      0.8232950      0.7877800      0.7202700      0.7163540      0.6245420      0.5396750      0.5225600      0.5018050      0.4683600      0.4240300      0.3811400      0.3400100      0.3045400      0.2780000      0.2643600      0.2630000      0.2707700      0.2834400      0.2973500      0.3099700      0.3198700      0.3264400      0.3296000      0.3299000      0.3284000      0.3245100    
  0.8658230      0.8248100      0.8244380      0.8240570      0.7888530      0.7202700      0.7183120      0.6229690      0.5311170      0.5225600      0.5121820      0.4791890      0.4240300      0.4025850      0.3817270      0.3418970      0.3075170      0.2823000      0.2723680      0.2731800      0.2754400      0.2818000      0.2896900      0.2970600      0.3025700      0.3054900      0.3048700      0.3030800      0.2908200      0.2876200    
  0.8248100      0.8246240      0.8244350      0.7894050      0.7202700      0.7192910      0.6221900      0.5268390      0.5225600      0.5173710      0.4844900      0.4240300      0.4133070      0.4027810      0.3754030      0.3437130      0.3105710      0.2847450      0.2782400      0.2833000      0.2817100      0.2833200      0.2862700      0.2881300      0.2893800      0.2884800      0.2764800      0.2715300      0.2655800      0.2598100    
  0.8247170      0.8246230      0.7896830      0.7202700      0.7197800      0.6218020      0.5246990      0.5225600      0.5199660      0.4871130      0.4240300      0.4186690      0.4133730      0.3971640      0.3739660      0.3432290      0.3006200      0.2807700      0.2833000      0.2842370      0.2877000      0.2857600      0.2847700      0.2834400      0.2720900      0.2677900      0.2609400      0.2523800      0.2428900      0.2337200    
  0.8247170      0.7898230      0.7202700      0.7200250      0.6216080      0.5236300      0.5225600      0.5212630      0.4884170      0.4240300      0.4213490      0.4186900      0.4097350      0.3948340      0.3714530      0.3211050      0.2820350      0.2833000      0.2922700      0.2964100      0.2916020      0.2902600      0.2790100      0.2737100      0.2672200      0.2585900      0.2481600      0.2358000      0.2222100      0.2089300    
  0.7898930      0.7202700      0.7201480      0.6215120      0.5230950      0.5225600      0.5219110      0.4890670      0.4240300      0.4226900      0.4213570      0.4165920      0.4077530      0.3793800      0.3436070      0.3054850      0.3056750      0.3041210      0.3029420      0.3051350      0.3051200      0.2891700      0.2813800      0.2735000      0.2641600      0.2527700      0.2390400      0.2229500      0.2049700      0.1836400    
  0.7202700      0.7202090      0.6214630      0.5228270      0.5225600      0.5222360      0.4893920      0.4240300      0.4233600      0.4226920      0.4202130      0.4152340      0.3773850      0.3415480      0.3415000      0.3272660      0.3287450      0.3280500      0.3140430      0.3072800      0.3051500      0.2960700      0.2854400      0.2755200      0.2639000      0.2500200      0.2335600      0.2143900      0.1902000      0.1667900    
  0.7202390      0.6214390      0.5226940      0.5225600      0.5223980      0.4895540      0.4240300      0.4236950      0.4233610      0.4220880      0.3986240      0.3674900      0.3502820      0.3416530      0.3415970      0.3415000      0.3331420      0.3294400      0.3280500      0.3157080      0.3115700      0.3020800      0.2921600      0.2792500      0.2659900      0.2502700      0.2318700      0.2086400      0.1852000      0.1594400    
  0.6214270      0.5226270      0.5225600      0.5224790      0.4896360      0.4240300      0.4238620      0.4236950      0.4230480      0.3958110      0.3674900      0.3674900      0.3674900      0.3504370      0.3418630      0.3416940      0.3415000      0.3335790      0.3308300      0.3280500      0.3180600      0.3082300      0.2978000      0.2858700      0.2701600      0.2532000      0.2320100      0.2101100      0.1868600      0.1630500    
  0.5225930      0.5225600      0.5225190      0.4896760      0.4240300      0.4239460      0.4238630      0.4048310      0.3866530      0.3674690      0.3674900      0.3674900      0.3674900      0.3674900      0.3507960      0.3423960      0.3418880      0.3415000      0.3339350      0.3336100      0.3237600      0.3140900      0.3038100      0.2918500      0.2771800      0.2573800      0.2364900      0.2146000      0.1928000      0.1725000    
  0.5225600      0.5225400      0.4896960      0.4240300      0.4239880      0.3873420      0.3324400      0.3405790      0.3487200      0.3611760      0.3674260      0.3674900      0.3674900      0.3674900      0.3674900      0.3516030      0.3438020      0.3422750      0.3415000      0.3325800      0.3243200      0.3162700      0.3114500      0.3002900      0.2840100      0.2641000      0.2416700      0.2199300      0.1997300      0.1824400    
  0.5225500      0.4897070      0.4240300      0.4240090      0.3800430      0.3324330      0.3324330      0.3324400      0.3405760      0.3487200      0.3610660      0.3672970      0.3674900      0.3674900      0.3674900      0.3674900      0.3532320      0.3476300      0.3430500      0.3343200      0.3356100      0.3253100      0.3155500      0.3052200      0.2909200      0.2697700      0.2467500      0.2239800      0.2049900      0.1899900    
