iMOD/TUTORIALS/TUT_MetaswapAnalyser/model_MetaSWAP/meteo/Precipitation/Precipitation_20060416_L1.ASC
NCOLS                30
NROWS                30
XLLCORNER     160000.00
YLLCORNER     340000.00
CELLSIZE        1000.00
NODATA_VALUE   -9999.00
   1.256850       1.288780       1.311190       1.311750       1.263650       1.112840      0.8704300      0.6148200      0.4108600      0.3221700      0.3368000      0.3817600      0.4331800      0.4832700      0.5328400      0.5770700      0.6253100      0.6532900      0.6805300      0.7020800      0.7188900      0.7318100      0.7426900      0.7422000      0.7530900      0.7652500      0.7800300      0.7993000      0.8261700      0.8662300    
   1.238970       1.248050       1.239030       1.199990       1.113650      0.9579500      0.7477200      0.5194200      0.3084800      0.2281500      0.2976200      0.3645100      0.4302000      0.4901700      0.5483100      0.6081300      0.6552700      0.6918200      0.7173500      0.7419600      0.7609000      0.7752000      0.7865300      0.7859400      0.7952900      0.8046600      0.8149700      0.8275300      0.8446800      0.8740300    
   1.213020       1.203130       1.172590       1.115670       1.013790      0.8688300      0.6916800      0.5076900      0.3540500      0.2947600      0.3284300      0.3885400      0.4542800      0.5187600      0.5802700      0.6428200      0.6941500      0.7374000      0.7723100      0.7995100      0.8123700      0.8269500      0.8271700      0.8364100      0.8440300      0.8507100      0.8566500      0.8630000      0.8705900      0.8820100    
   1.187730       1.164690       1.121780       1.056550      0.9576900      0.8314800      0.6888500      0.5505400      0.4427500      0.3944600      0.4045600      0.4474500      0.5060900      0.5681900      0.6314600      0.6951400      0.7493200      0.7944900      0.8301000      0.8571200      0.8771600      0.8727800      0.8834300      0.8911400      0.8974000      0.9024400      0.9066500      0.9102900      0.9139800      0.9181700    
   1.167600       1.137020       1.092470       1.023990      0.9350900      0.8297500      0.7176900      0.6117800      0.5339800      0.4953900      0.4997900      0.5307300      0.5792500      0.6374500      0.6990100      0.7623900      0.8201300      0.8657900      0.9000700      0.9250100      0.9301700      0.9430400      0.9506600      0.9510000      0.9564800      0.9611300      0.9656000      0.9713700      0.9795000      0.9974700    
   1.154610       1.123130       1.075160       1.012290      0.9357800      0.8499600      0.7618800      0.6819000      0.6320300      0.6003400      0.5984500      0.6220800      0.6631900      0.7184800      0.7785300      0.8437000      0.9024100      0.9464400      0.9757800      0.9958800      0.9986100       1.008750       1.014690       1.020670       1.025710       1.025610       1.031980       1.041580       1.056440       1.083200    
   1.147270       1.115570       1.071040       1.015820      0.9503400      0.8817900      0.8145500      0.7674600      0.7219200      0.6978200      0.6968200      0.7171600      0.7551300      0.8053700      0.8628900      0.9318400      0.9973400       1.036630       1.055980       1.060240       1.069400       1.076890       1.083200       1.086860       1.092290       1.098540       1.107580       1.119760       1.136240       1.167120    
   1.148570       1.111390       1.074850       1.028110      0.9759400      0.9554200      0.8898400      0.8425000      0.8083100      0.7910200      0.7921700      0.8112200      0.8461200      0.8943700      0.9458200       1.015570       1.090030       1.120740       1.126020       1.133030       1.139450       1.145350       1.150950       1.154650       1.160920       1.169660       1.180360       1.195740       1.211080       1.245680    
   1.149270       1.119190       1.085370       1.049060       1.053210       1.006480      0.9516400      0.9157800      0.8907300      0.8793300      0.8829300      0.9014900      0.9338300      0.9650300       1.022120       1.084250       1.141660       1.176050       1.191220       1.199750       1.206380       1.212350       1.218270       1.222600       1.230910       1.240410       1.253170       1.261890       1.287970       1.322400    
   1.158200       1.131790       1.103450       1.129030       1.096420       1.059600       1.013290      0.9865200      0.9688800      0.9624200      0.9682700      0.9865400       1.016400       1.038200       1.091590       1.144310       1.196310       1.227690       1.246550       1.257980       1.265930       1.276930       1.284060       1.291760       1.299220       1.310250       1.314950       1.335250       1.361570       1.395010    
   1.155800       1.131150       1.132710       1.166570       1.136870       1.106990       1.073580       1.054260       1.042630       1.040250       1.047980       1.065920       1.065860       1.087000       1.153170       1.201210       1.244000       1.279940       1.306720       1.326120       1.340680       1.352490       1.363010       1.374270       1.374320       1.392630       1.408880       1.428990       1.453900       1.463490    
   1.154260       1.146560       1.166570       1.177120       1.182980       1.154970       1.127970       1.118770       1.112040       1.112980       1.081900       1.104790       1.102350       1.168100       1.211700       1.255400       1.297010       1.330660       1.359210       1.381380       1.398780       1.413160       1.417920       1.429640       1.442250       1.454970       1.471690       1.491710       1.515740       1.544360    
   1.160340       1.166570       1.192070       1.202520       1.222060       1.196920       1.184210       1.175890       1.112070       1.126840       1.143140       1.158940       1.189690       1.225840       1.266370       1.307160       1.346780       1.383060       1.410640       1.433720       1.449840       1.465400       1.479470       1.493140       1.507310       1.522740       1.538310       1.558170       1.581180       1.607770    
   1.166570       1.198250       1.212290       1.222060       1.221710       1.246160       1.154910       1.156580       1.163190       1.161700       1.181400       1.214460       1.244640       1.279260       1.316970       1.356250       1.392320       1.429770       1.462920       1.483740       1.504090       1.521870       1.532760       1.547390       1.562300       1.578170       1.594110       1.613550       1.635550       1.660420    
   1.201010       1.217180       1.222060       1.229980       1.246160       1.180980       1.141880       1.151270       1.165150       1.184000       1.218040       1.245550       1.277890       1.314230       1.353450       1.398450       1.437650       1.475570       1.509570       1.535700       1.552110       1.570890       1.588210       1.604760       1.621150       1.637950       1.655700       1.673230       1.694110       1.700970    
   1.219620       1.222060       1.232730       1.246160       1.189670       1.141880       1.146570       1.152770       1.185030       1.239720       1.263280       1.291430       1.323790       1.359670       1.398520       1.438520       1.476650       1.514350       1.547020       1.572950       1.595240       1.611480       1.629010       1.645670       1.662010       1.678570       1.695850       1.714310       1.733630       1.755570    
   1.222060       1.233650       1.246160       1.192570       1.141880       1.144230       1.147070       1.181020       1.239720       1.251500       1.303920       1.332960       1.366040       1.401890       1.440990       1.479020       1.514270       1.550800       1.584040       1.613030       1.638500       1.661370       1.682310       1.696620       1.714580       1.732180       1.749890       1.768150       1.787360       1.824770    
   1.233960       1.246160       1.193540       1.141880       1.143050       1.144390       1.178010       1.239720       1.245610       1.309980       1.362580       1.392190       1.421510       1.442390       1.478320       1.516160       1.549070       1.585440       1.619640       1.650900       1.679170       1.704810       1.728230       1.749790       1.764520       1.783090       1.801130       1.819060       1.837350       1.873030    
   1.246160       1.193860       1.141880       1.142470       1.143110       1.176290       1.239720       1.242670       1.312980       1.377380       1.392190       1.406850       1.433000       1.475930       1.512000       1.550040       1.589210       1.618150       1.653610       1.686920       1.717740       1.746030       1.771870       1.795440       1.816960       1.836730       1.849740       1.867170       1.900660       1.916350    
   1.193970       1.141880       1.142170       1.142490       1.175400       1.239720       1.241190       1.314470       1.384790       1.392190       1.399520       1.426990       1.475930       1.493960       1.512660       1.550420       1.585800       1.620320       1.686580       1.721070       1.754390       1.785270       1.813510       1.839070       1.861980       1.882430       1.894710       1.933060       1.879910       1.899640    
   1.141880       1.142030       1.142180       1.174940       1.239720       1.240460       1.315210       1.388490       1.392190       1.395850       1.423660       1.475930       1.484950       1.494180       1.519010       1.549620       1.585510       1.676590       1.737110       1.753140       1.789080       1.822650       1.853390       1.874220       1.898860       1.920200       1.878650       1.897950       1.917940       1.940690    
   1.141950       1.142030       1.174720       1.239720       1.240090       1.315580       1.390340       1.392190       1.394020       1.421910       1.475930       1.480440       1.485020       1.499380       1.520940       1.551380       1.662000       1.745120       1.753140       1.785020       1.812840       1.850170       1.884300       1.914660       1.864390       1.895600       1.916380       1.934990       1.953340       1.974540    
   1.141950       1.174610       1.239720       1.239900       1.315770       1.391260       1.392190       1.393110       1.421010       1.475930       1.478180       1.480460       1.488280       1.501780       1.523900       1.648640       1.749130       1.753140       1.813280       1.852290       1.855650       1.882700       1.845300       1.876400       1.909160       1.935390       1.956350       1.973570       1.988990       2.005650    
   1.174550       1.239720       1.239810       1.315860       1.391730       1.392190       1.392650       1.420560       1.475930       1.477060       1.478190       1.482310       1.490170       1.549550       1.642390       1.758390       1.759740       1.802420       1.855230       1.862650       1.891750       1.840810       1.873280       1.914480       1.949100       1.976790       1.997880       2.013400       2.025140       2.021180    
   1.239720       1.239770       1.315910       1.391960       1.392190       1.392420       1.420330       1.475930       1.476490       1.477060       1.479190       1.483560       1.577690       1.683500       1.684240       1.737400       1.766300       1.766340       1.824120       1.850740       1.833560       1.868340       1.905980       1.952540       1.991230       2.021270       2.042850       2.057040       2.052080       2.059240    
   1.239740       1.315930       1.392070       1.392190       1.392300       1.420220       1.475930       1.476210       1.476490       1.477580       1.513010       1.562630       1.642750       1.682930       1.682760       1.684240       1.739320       1.766260       1.766340       1.816730       1.826920       1.892320       1.953520       1.992450       2.036340       2.069410       2.092020       2.094270       2.102350       2.107170    
   1.315940       1.392130       1.392190       1.392250       1.420160       1.475930       1.476070       1.476210       1.476760       1.518470       1.562630       1.562630       1.562630       1.641930       1.681800       1.681270       1.684240       1.740450       1.766180       1.766340       1.840100       1.913740       1.984000       2.046600       2.084490       2.121110       2.136220       2.149460       2.158510       2.166930    
   1.392160       1.392190       1.392220       1.420130       1.475930       1.476000       1.476070       1.417540       1.455000       1.562460       1.562630       1.562630       1.562630       1.562630       1.640520       1.679890       1.678300       1.684240       1.745020       1.766020       1.847010       1.930310       2.012140       2.086270       2.144390       2.170850       2.191710       2.204660       2.215820       2.230270    
   1.392190       1.392200       1.420120       1.475930       1.475970       1.367260       1.204180       1.222650       1.241120       1.454990       1.562120       1.562630       1.562630       1.562630       1.562630       1.638270       1.677120       1.672370       1.684240       1.763490       1.849820       1.942110       2.050900       2.131480       2.195290       2.231470       2.242740       2.253790       2.267060       2.287570    
   1.392200       1.420110       1.475930       1.475950       1.345440       1.204100       1.204100       1.204180       1.222650       1.241120       1.454110       1.561090       1.562630       1.562630       1.562630       1.562630       1.635040       1.674760       1.660500       1.742130       1.866780       1.958140       2.059560       2.164580       2.246590       2.275580       2.281960       2.290520       2.304790       2.332110    
