iMOD/TUTORIALS/TUT_MetaswapAnalyser/model_MetaSWAP/meteo/Precipitation/Precipitation_20050127_L1.ASC
NCOLS                30
NROWS                30
XLLCORNER     160000.00
YLLCORNER     340000.00
CELLSIZE        1000.00
NODATA_VALUE   -9999.00
  0.7241000E-01  0.7507000E-01  0.7714000E-01  0.7759000E-01  0.7386000E-01   0.000000       0.000000       0.000000       0.000000       0.000000       0.000000       0.000000       0.000000       0.000000       0.000000       0.000000       0.000000       0.000000       0.000000      0.7343000E-01  0.8124000E-01  0.8724000E-01  0.9491000E-01  0.1025700      0.1104000      0.1183400      0.1263400      0.1342000      0.1413900      0.1462000    
  0.7337000E-01  0.7441000E-01  0.7403000E-01  0.7121000E-01   0.000000       0.000000       0.000000       0.000000       0.000000       0.000000       0.000000       0.000000       0.000000       0.000000       0.000000       0.000000       0.000000       0.000000      0.7285000E-01  0.8126000E-01  0.8969000E-01  0.9625000E-01  0.1043800      0.1125200      0.1208900      0.1295400      0.1385700      0.1480000      0.1577000      0.1649700    
  0.7393000E-01  0.7362000E-01  0.7162000E-01  0.6715000E-01   0.000000       0.000000       0.000000       0.000000       0.000000       0.000000       0.000000       0.000000       0.000000       0.000000       0.000000       0.000000       0.000000      0.7078000E-01  0.7976000E-01  0.8868000E-01  0.9743000E-01  0.1042500      0.1124600      0.1207800      0.1293000      0.1382400      0.1481100      0.1586100      0.1695800      0.1820000    
  0.7471000E-01  0.7347000E-01  0.7058000E-01   0.000000       0.000000       0.000000       0.000000       0.000000       0.000000       0.000000       0.000000       0.000000       0.000000       0.000000       0.000000       0.000000      0.6808000E-01  0.7751000E-01  0.8688000E-01  0.9602000E-01  0.1048400      0.1132100      0.1195200      0.1277800      0.1359100      0.1444200      0.1536000      0.1637900      0.1748100      0.1881400    
  0.7601000E-01  0.7425000E-01  0.7106000E-01   0.000000       0.000000       0.000000       0.000000       0.000000       0.000000       0.000000       0.000000       0.000000       0.000000       0.000000       0.000000       0.000000      0.7519000E-01  0.8486000E-01  0.9433000E-01  0.1033500      0.1117600      0.1197600      0.1251600      0.1325300      0.1397000      0.1470700      0.1548100      0.1623200      0.1710700      0.1785700    
  0.7793000E-01  0.7598000E-01  0.7279000E-01  0.6832000E-01   0.000000       0.000000       0.000000       0.000000       0.000000       0.000000       0.000000       0.000000       0.000000       0.000000       0.000000      0.7331000E-01  0.8277000E-01  0.9236000E-01  0.1015200      0.1099500      0.1175900      0.1246400      0.1290600      0.1349800      0.1407000      0.1464900      0.1520800      0.1568400      0.1618400      0.1649600    
  0.8000000E-01  0.7847000E-01  0.7551000E-01  0.7161000E-01  0.6726000E-01   0.000000       0.000000       0.000000       0.000000       0.000000       0.000000       0.000000       0.000000       0.000000      0.7288000E-01  0.8150000E-01  0.9074000E-01  0.9997000E-01  0.1083300      0.1156800      0.1222000      0.1279800      0.1331300      0.1354400      0.1393800      0.1429700      0.1453600      0.1481100      0.1499500      0.1500900    
  0.8795000E-01  0.8164000E-01  0.7948000E-01  0.7607000E-01  0.7215000E-01   0.000000       0.000000       0.000000       0.000000       0.000000       0.000000       0.000000       0.000000      0.7270000E-01  0.8139000E-01  0.8971000E-01  0.9869000E-01  0.1070700      0.1141300      0.1201700      0.1252900      0.1295900      0.1331700      0.1338100      0.1358600      0.1365000      0.1374300      0.1375800      0.1365000      0.1344800    
  0.9244000E-01  0.8527000E-01  0.8292000E-01  0.8060000E-01  0.6880000E-01   0.000000      0.6757000E-01   0.000000       0.000000       0.000000       0.000000      0.6988000E-01  0.7453000E-01  0.8170000E-01  0.8909000E-01  0.9689000E-01  0.1049900      0.1123100      0.1182100      0.1229100      0.1265900      0.1293800      0.1313500      0.1303000      0.1296900      0.1292500      0.1280600      0.1257600      0.1228700      0.1190200    
  0.9666000E-01  0.8929000E-01  0.8725000E-01  0.7384000E-01  0.7238000E-01  0.7048000E-01  0.7307000E-01  0.7189000E-01  0.7148000E-01  0.7208000E-01  0.7387000E-01  0.7695000E-01  0.8137000E-01  0.8885000E-01  0.9478000E-01  0.1022600      0.1092600      0.1154000      0.1202100      0.1237000      0.1260500      0.1273500      0.1278200      0.1274700      0.1230200      0.1208400      0.1176100      0.1138500      0.1092600      0.1039300    
  0.9453000E-01  0.9106670E-01  0.8178750E-01  0.7677000E-01  0.7525000E-01  0.7647000E-01  0.7792000E-01  0.7721000E-01  0.7716000E-01  0.7797000E-01  0.7979000E-01  0.8272000E-01  0.8951000E-01  0.1006900      0.1042200      0.1084700      0.1129800      0.1161800      0.1182400      0.1191900      0.1192000      0.1184400      0.1170100      0.1142800      0.1113400      0.1054800      0.1013400      0.9656000E-01  0.9115000E-01  0.8965000E-01
  0.9436000E-01  0.8603850E-01  0.7677000E-01  0.7846750E-01  0.7829000E-01  0.7956000E-01  0.8170000E-01  0.8171000E-01  0.8187000E-01  0.8275000E-01  0.9514000E-01  0.9670000E-01  0.1035600      0.1059000      0.1078200      0.1106600      0.1131600      0.1154900      0.1162900      0.1160700      0.1149800      0.1131300      0.1098300      0.1066900      0.1029600      0.9611000E-01  0.9099000E-01  0.8528000E-01  0.7902000E-01  0.7230000E-01
  0.8846100E-01  0.7677000E-01  0.7993060E-01  0.8092500E-01  0.8356000E-01  0.8585000E-01  0.8523000E-01  0.8498000E-01  0.9995000E-01  0.1001900      0.1005900      0.1082400      0.1085600      0.1094000      0.1098100      0.1111600      0.1121300      0.1123800      0.1124500      0.1112800      0.1087900      0.1060800      0.1027600      0.9887000E-01  0.9439000E-01  0.8934000E-01  0.8125000E-01  0.7501000E-01  0.6829000E-01   0.000000    
  0.7677000E-01  0.8062580E-01  0.8224250E-01  0.8356000E-01  0.8603670E-01  0.8870000E-01  0.1070500      0.1059100      0.1051000      0.1048200      0.1047700      0.1126700      0.1120100      0.1116500      0.1113700      0.1102600      0.1096300      0.1082300      0.1063700      0.1047400      0.1022500      0.9908000E-01  0.9820000E-01  0.9418000E-01  0.8946000E-01  0.8407000E-01  0.7579000E-01  0.6916000E-01   0.000000       0.000000    
  0.8096430E-01  0.8290130E-01  0.8356000E-01  0.8609890E-01  0.8870000E-01  0.1027300      0.1124400      0.1111500      0.1100500      0.1092000      0.1177400      0.1158700      0.1142500      0.1127300      0.1111200      0.1085500      0.1061900      0.1027100      0.9946000E-01  0.9843000E-01  0.9709000E-01  0.9414000E-01  0.9042000E-01  0.8604000E-01  0.8105000E-01  0.7550000E-01  0.6941000E-01   0.000000       0.000000       0.000000    
  0.8323060E-01  0.8356000E-01  0.8611960E-01  0.8870000E-01  0.1012900      0.1124400      0.1117950      0.1112130      0.1136280      0.1241100      0.1212500      0.1186000      0.1160300      0.1134200      0.1091900      0.1061400      0.1061400      0.1008700      0.9640000E-01  0.9320000E-01  0.8984000E-01  0.8781000E-01  0.8371000E-01  0.7907000E-01  0.7393000E-01  0.6835000E-01   0.000000       0.000000       0.000000       0.000000    
  0.8356000E-01  0.8612650E-01  0.8870000E-01  0.1008100      0.1124400      0.1121170      0.1118160      0.1151860      0.1241100      0.1226800      0.1216960      0.1207700      0.1153900      0.1118500      0.1174300      0.1119200      0.1046100      0.9896000E-01  0.9380000E-01  0.8928000E-01  0.8495000E-01  0.8047000E-01  0.7573000E-01  0.7277000E-01  0.6756000E-01   0.000000       0.000000       0.000000       0.000000       0.000000    
  0.8612880E-01  0.8870000E-01  0.1006500      0.1124400      0.1122790      0.1121250      0.1158080      0.1241100      0.1233950      0.1228990      0.1222600      0.1237500      0.1188100      0.1241000      0.1180100      0.1117700      0.1033400      0.9717000E-01  0.9131000E-01  0.8587000E-01  0.8070000E-01  0.7561000E-01  0.7051000E-01   0.000000       0.000000       0.000000       0.000000       0.000000       0.000000       0.000000    
  0.8870000E-01  0.1005970      0.1124400      0.1123590      0.1122810      0.1160800      0.1241100      0.1237520      0.1234320      0.1230050      0.1237500      0.1212800      0.1230180      0.1254100      0.1185700      0.1116500      0.1047500      0.9541000E-01  0.8889000E-01  0.8272000E-01  0.7686000E-01  0.7126000E-01   0.000000       0.000000       0.000000       0.000000       0.000000       0.000000       0.000000       0.000000    
  0.1005790      0.1124400      0.1124000      0.1123600      0.1162080      0.1241100      0.1239310      0.1236840      0.1233780      0.1237500      0.1225150      0.1233640      0.1254100      0.1219900      0.1185430      0.1116570      0.1039370      0.9635000E-01  0.8471200E-01  0.7972000E-01  0.7330000E-01  0.6725000E-01   0.000000       0.000000       0.000000       0.000000       0.000000       0.000000       0.000000       0.000000    
  0.1124400      0.1124200      0.1124000      0.1162690      0.1241100      0.1240210      0.1238080      0.1235640      0.1237500      0.1231320      0.1237600      0.1254100      0.1237000      0.1219810      0.1173970      0.1113790      0.1039810      0.8801770E-01  0.7827000E-01  0.7682000E-01  0.6990000E-01   0.000000       0.000000       0.000000       0.000000       0.000000       0.000000       0.000000       0.000000       0.000000    
  0.1124300      0.1124200      0.1163000      0.1241100      0.1240650      0.1238690      0.1236570      0.1237500      0.1234410      0.1240130      0.1254100      0.1245550      0.1236970      0.1210260      0.1169190      0.1109190      0.9154850E-01  0.7754500E-01  0.7682000E-01  0.4890670E-01   0.000000       0.000000       0.000000       0.000000       0.000000       0.000000       0.000000       0.000000       0.000000       0.000000    
  0.1124300      0.1163150      0.1241100      0.1240880      0.1239000      0.1237030      0.1237500      0.1235960      0.1241540      0.1254100      0.1249830      0.1245540      0.1230930      0.1205470      0.1162880      0.8699580E-01  0.7718250E-01  0.7682000E-01  0.3143170E-01   0.000000       0.000000       0.000000       0.000000       0.000000       0.000000       0.000000       0.000000       0.000000       0.000000       0.000000    
  0.1163220      0.1241100      0.1240990      0.1239150      0.1237270      0.1237500      0.1236730      0.1242270      0.1254100      0.1251960      0.1249820      0.1242100      0.1227310      0.8998200E-01  0.6199400E-01  0.3853080E-01  0.3841000E-01  0.2165030E-01   0.000000       0.000000       0.000000       0.000000       0.000000       0.000000       0.000000       0.000000       0.000000       0.000000       0.000000       0.000000    
  0.1241100      0.1241040      0.1239220      0.1237380      0.1237500      0.1237110      0.1242650      0.1254100      0.1253030      0.1251960      0.1247960      0.1239740      0.6744450E-01   0.000000       0.000000      0.9602500E-02   0.000000       0.000000       0.000000       0.000000       0.000000       0.000000       0.000000       0.000000       0.000000       0.000000       0.000000       0.000000       0.000000       0.000000    
  0.1241070      0.1239260      0.1237440      0.1237500      0.1237310      0.1242840      0.1254100      0.1253570      0.1253030      0.1250980      0.1129290      0.9534000E-01  0.3203820E-01  0.2995060E-03   0.000000       0.000000       0.000000       0.000000       0.000000       0.000000       0.000000       0.000000       0.000000       0.000000       0.000000       0.000000       0.000000       0.000000       0.000000       0.000000    
  0.1239280      0.1237470      0.1237500      0.1237400      0.1242940      0.1254100      0.1253830      0.1253570      0.1252530      0.1108020      0.9534000E-01  0.9534000E-01  0.9534000E-01  0.3251320E-01  0.8985190E-03   0.000000       0.000000       0.000000       0.000000       0.000000       0.000000       0.000000       0.000000       0.000000       0.000000       0.000000       0.000000       0.000000       0.000000       0.000000    
  0.1237490      0.1237500      0.1237450      0.1242990      0.1254100      0.1253970      0.1253830      0.1336760      0.1220050      0.9536780E-01  0.9534000E-01  0.9534000E-01  0.9534000E-01  0.9534000E-01  0.3381430E-01  0.2695560E-02   0.000000       0.000000       0.000000       0.000000       0.000000       0.000000       0.000000       0.000000       0.000000       0.000000       0.000000       0.000000       0.000000       0.000000    
  0.1237500      0.1237480      0.1243010      0.1254100      0.1254030      0.1449540      0.1742800      0.1664950      0.1587100      0.1165400      0.9542350E-01  0.9534000E-01  0.9534000E-01  0.9534000E-01  0.9534000E-01  0.3722180E-01  0.8086670E-02   0.000000       0.000000       0.000000       0.000000       0.000000       0.000000       0.000000       0.000000       0.000000       0.000000       0.000000       0.000000       0.000000    
  0.1237490      0.1243020      0.1254100      0.1254070      0.1488830      0.1743020      0.1743020      0.1742800      0.1664960      0.1587100      0.1166850      0.9559060E-01  0.9534000E-01  0.9534000E-01  0.9534000E-01  0.9534000E-01  0.4546060E-01  0.2426000E-01   0.000000       0.000000       0.000000       0.000000       0.000000       0.000000       0.000000       0.000000       0.000000       0.000000       0.000000       0.000000    
