iMOD/TUTORIALS/TUT_MetaswapAnalyser/model_MetaSWAP/meteo/Precipitation/Precipitation_20060520_L1.ASC
NCOLS                30
NROWS                30
XLLCORNER     160000.00
YLLCORNER     340000.00
CELLSIZE        1000.00
NODATA_VALUE   -9999.00
   11.20450       11.09160       10.95830       10.80990       10.67620       10.55850       10.48690       10.42790       10.37860       10.38330       10.46750       10.55970       10.64720       10.71890       10.77190       10.91150       10.99950       11.01700       11.01800       11.00050       10.96250       10.89400       10.80860       10.64160       10.51310       10.36170       10.19140       10.00990       9.831730       9.694860    
   11.04080       10.93190       10.82540       10.69240       10.57860       10.46180       10.36470       10.27310       10.16960       10.15470       10.27910       10.39560       10.48620       10.63410       10.70370       10.80300       10.84080       10.85330       10.85530       10.83830       10.80040       10.73230       10.64640       10.48240       10.35170       10.19640       10.01850       9.822960       9.591260       9.434270    
   10.93410       10.82830       10.71490       10.61960       10.50940       10.39760       10.29720       10.20540       10.12440       10.11580       10.19810       10.29320       10.42150       10.50700       10.57270       10.65900       10.69780       10.72000       10.72500       10.71090       10.67540       10.61060       10.47140       10.36780       10.23910       10.08500       9.871810       9.674250       9.468990       9.242390    
   10.85490       10.75380       10.64860       10.56180       10.45460       10.35520       10.26620       10.19610       10.13500       10.14680       10.17760       10.25500       10.33850       10.41250       10.47290       10.54480       10.58360       10.60810       10.61690       10.60770       10.57780       10.46880       10.38850       10.25400       10.13550       9.994500       9.830720       9.644190       9.445780       9.214850    
   10.79810       10.70230       10.62440       10.52460       10.42890       10.34110       10.26470       10.23740       10.18780       10.17140       10.15530       10.20670       10.27790       10.33760       10.39770       10.45150       10.47520       10.50040       10.51330       10.50950       10.41940       10.37400       10.30200       10.21910       10.11370       9.989880       9.849360       9.710260       9.546960       9.409030    
   10.75950       10.68450       10.59280       10.50320       10.41860       10.34210       10.34470       10.26880       10.04800       10.11740       10.14920       10.19560       10.25740       10.29580       10.32700       10.36850       10.40060       10.42960       10.45160       10.45720       10.38440       10.34610       10.28360       10.20950       10.12090       10.02250       9.913240       9.816610       9.712350       9.643530    
   10.79920       10.65720       10.57390       10.49380       10.52440       10.44310       10.37410       10.03520       10.10650       10.11780       10.14570       10.18510       10.22910       10.27940       10.28090       10.31510       10.33810       10.37470       10.41100       10.38260       10.36940       10.33750       10.28970       10.22290       10.15240       10.07680       10.01900       9.947550       9.895420       9.875610    
   10.64770       10.87060       10.70650       10.62000       10.53940       10.21150       10.02120       10.10200       10.10040       10.11420       10.14140       10.17820       10.21920       10.26170       10.26080       10.29210       10.30190       10.35040       10.37170       10.38140       10.37060       10.34270       10.30190       10.24670       10.19340       10.16150       10.11490       10.08240       10.07390       10.09340    
   10.81970       10.87130       10.78420       10.63050       10.22100       10.18580       9.981910       10.08370       10.08740       10.10450       10.13330       10.17090       10.21320       10.18780       10.25170       10.29620       10.33280       10.37150       10.39110       10.39600       10.38240       10.35440       10.31720       10.27060       10.25200       10.22010       10.20180       10.20540       10.23160       10.28750    
   10.81110       10.87730       10.79750       10.28750       10.18180       10.15430       10.06140       10.05740       10.06590       10.08660       10.11840       10.15910       10.20560       10.16750       10.24350       10.31190       10.38220       10.41030       10.42640       10.42500       10.40650       10.36400       10.32620       10.29030       10.27490       10.26040       10.26810       10.29830       10.35770       10.44840    
   10.86140       10.82860       10.55090       10.24120       10.20670       10.25850       10.02070       10.02150       10.03400       10.05830       10.09350       10.13830       10.05960       10.19680       10.33960       10.38150       10.42300       10.44440       10.44590       10.42560       10.38800       10.34200       10.29650       10.27600       10.26030       10.22940       10.25360       10.30950       10.40050       10.56460    
   10.86190       10.62050       10.24120       10.22000       10.15950       10.29230       10.02680       9.974630       9.990200       10.01720       10.13380       10.17130       10.09070       10.27550       10.33900       10.39320       10.43970       10.47420       10.47080       10.43500       10.37840       10.31570       10.27810       10.23700       10.21690       10.21050       10.24850       10.32380       10.44000       10.59850    
   10.65900       10.24120       10.23740       10.21600       10.27250       9.977660       9.969730       9.971850       10.09510       10.06370       10.09160       10.14200       10.18730       10.24320       10.31680       10.38370       10.44680       10.48670       10.48550       10.42560       10.35440       10.27170       10.20130       10.15150       10.12850       10.13780       10.16990       10.25820       10.39330       10.57800    
   10.24120       10.24880       10.24420       10.27250       10.05280       9.908370       10.04840       10.04000       10.04120       9.967860       10.00030       10.08180       10.12640       10.18330       10.25220       10.33950       10.42040       10.49060       10.47960       10.39080       10.27250       10.16500       10.00770       9.934910       9.895780       9.895350       9.928180       10.02020       10.16680       10.37250    
   10.25520       10.25840       10.27250       10.07790       9.908370       9.944130       9.875620       9.875140       9.883400       9.900910       10.02480       10.04610       10.07920       10.12450       10.18240       10.24100       10.33070       10.43110       10.43320       10.23290       10.07620       9.933990       9.819490       9.736360       9.688820       9.681700       9.720370       9.799630       9.947130       10.18560    
   10.26540       10.27250       10.08630       9.908370       9.909370       9.875620       9.875380       9.878050       9.897020       9.928620       9.931470       9.944400       9.967580       10.00110       10.01960       10.07550       10.09340       10.16000       10.13490       9.998120       9.842120       9.708990       9.591500       9.502580       9.447310       9.431010       9.459440       9.538820       9.662740       9.863660    
   10.27250       10.08900       9.908370       9.897790       9.875620       9.875500       9.876350       9.894770       9.928620       9.930050       9.835340       9.822650       9.796870       9.813840       9.722160       9.768750       9.821260       9.831210       9.784160       9.676900       9.541380       9.405160       9.283190       9.196900       9.129190       9.097240       9.107370       9.166230       9.280620       9.447060    
   10.09000       9.908370       9.893930       9.875620       9.875560       9.875820       9.893810       9.928620       9.929330       9.785940       9.686110       9.549570       9.558780       9.474670       9.493450       9.506960       9.525550       9.498650       9.434000       9.331770       9.206010       9.073900       8.948880       8.840620       8.769210       8.717260       8.703020       8.733470       8.815680       8.957390    
   9.908370       9.892640       9.875620       9.875590       9.875670       9.893450       9.928620       9.928980       9.762260       9.617840       9.549570       9.554170       9.460370       9.258440       9.250770       9.234200       9.202100       9.171520       9.090120       8.982510       8.856310       8.722250       8.590600       8.470080       8.368130       8.291640       8.259360       8.254850       8.298580       8.410520    
   9.892210       9.875620       9.875600       9.875630       9.893330       9.928620       9.928800       9.750630       9.583700       9.549570       9.551870       9.455640       9.258440       9.254600       9.247800       9.229020       9.202610       9.154580       8.837440       8.638220       8.505120       8.363750       8.221620       8.085840       7.962940       7.859300       7.803110       7.764020       7.711940       7.765600    
   9.875620       9.875610       9.875620       9.893300       9.928620       9.928710       9.744850       9.566640       9.549570       9.550720       9.453880       9.258440       9.256520       9.253620       9.243810       9.226480       9.195400       8.794190       8.471520       8.304820       8.161270       8.009130       7.853790       7.726560       7.578600       7.443820       7.279340       7.192860       7.143800       7.144710    
   9.875620       9.875620       9.893290       9.928620       9.928670       9.741970       9.558100       9.549570       9.550150       9.453150       9.258440       9.257480       9.256190       9.251320       9.241300       9.221900       8.781810       8.388170       8.304820       8.112010       7.869940       7.700220       7.526290       7.351880       7.125050       6.963890       6.813930       6.682770       6.580980       6.525450    
   9.875620       9.893280       9.928620       9.928640       9.740530       9.553840       9.549570       9.549860       9.452830       9.258440       9.257960       9.257370       9.255000       9.249600       9.238170       8.617870       8.346490       8.304820       7.764860       7.557610       7.442510       7.377150       7.130540       6.940470       6.751760       6.563530       6.379850       6.205080       6.048290       5.927710    
   9.893280       9.928620       9.928630       9.739810       9.551700       9.549570       9.549710       9.452670       9.258440       9.258200       9.257920       9.256780       9.253990       8.614050       8.035700       7.505110       7.497860       7.363230       7.198490       7.085000       7.245280       7.019940       6.819440       6.618440       6.413740       6.206110       5.995940       5.784380       5.575840       5.385780    
   9.928620       9.928630       9.739450       9.550640       9.549570       9.549640       9.452600       9.258440       9.258320       9.258190       9.257630       9.256230       8.108600       6.710490       6.713420       6.890030       6.670980       6.690890       6.857070       6.952860       6.924720       6.719250       6.543150       6.334090       6.120720       5.902610       5.677960       5.444270       5.200860       4.946920    
   9.928620       9.739270       9.550100       9.549570       9.549610       9.452560       9.258440       9.258380       9.258320       9.258050       8.214920       6.651280       6.688430       6.707690       6.707560       6.713420       6.677860       6.651080       6.690890       6.699540       6.688570       6.486930       6.279380       6.091440       5.877170       5.659900       5.436650       5.203980       4.955000       4.686830    
   9.739190       9.549840       9.549570       9.549590       9.452550       9.258440       9.258410       9.258380       9.258250       8.006770       6.651280       6.651280       6.651280       6.684260       6.702080       6.701700       6.713420       6.656040       6.611270       6.690890       6.493980       6.289570       6.080910       5.871880       5.683500       5.478810       5.274510       5.064580       4.847450       4.628960    
   9.549700       9.549570       9.549580       9.452540       9.258440       9.258420       9.258410       8.653220       7.787660       6.651270       6.651280       6.651280       6.651280       6.651280       6.676120       6.691120       6.689980       6.713420       6.608580       6.531640       6.333430       6.128200       5.920180       5.715880       5.522390       5.354990       5.183110       5.014990       4.851640       4.706860    
   9.549570       9.549570       9.452530       9.258440       9.258430       8.461710       7.266570       7.052200       6.837850       6.713460       6.651260       6.651280       6.651280       6.651280       6.651280       6.660370       6.669970       6.666550       6.713420       6.498380       6.277720       6.053380       5.829840       5.596540       5.418890       5.272030       5.153120       5.036670       4.932300       4.854690    
   9.549570       9.452530       9.258440       9.258440       8.302450       7.266700       7.266700       7.266570       7.052190       6.837850       6.713440       6.651210       6.651280       6.651280       6.651280       6.651280       6.630240       6.629940       6.619680       6.407390       6.190940       5.969610       5.746730       5.530540       5.351070       5.238860       5.158800       5.113710       5.065350       5.041470    
