iMOD/TUTORIALS/TUT_MetaswapAnalyser/model_MetaSWAP/meteo/Precipitation/Precipitation_20060524_L1.ASC
NCOLS                30
NROWS                30
XLLCORNER     160000.00
YLLCORNER     340000.00
CELLSIZE        1000.00
NODATA_VALUE   -9999.00
   9.884360       9.735060       9.586840       9.433360       9.260700       9.043800       8.776980       8.491700       8.250740       8.228170       8.458240       8.765130       9.082420       9.407830       9.697270       9.971370       10.26670       10.45700       10.59360       10.68570       10.73630       10.77070       10.75260       10.70150       10.62850       10.53350       10.42100       10.29780       10.17480       10.06700    
   9.961230       9.808120       9.655130       9.485810       9.295390       9.071020       8.808600       8.514790       8.198390       8.160590       8.555250       8.936940       9.304640       9.679210       10.00140       10.34460       10.57600       10.73040       10.84930       10.90300       10.90780       10.89120       10.82280       10.72210       10.60110       10.45870       10.29820       10.12390       9.913060       9.755630    
   10.05530       9.900110       9.740840       9.571720       9.382090       9.173590       8.945360       8.711330       8.525430       8.557950       8.854090       9.225570       9.615850       10.00270       10.34230       10.68520       10.91920       11.07440       11.15090       11.15810       11.12080       11.04920       10.92460       10.77830       10.61030       10.42310       10.18230       9.967600       9.736150       9.508520    
   10.15550       10.00400       9.849880       9.690020       9.522230       9.347350       9.173760       9.019360       8.952010       9.030480       9.267610       9.603980       9.984480       10.37850       10.74240       11.08990       11.32910       11.46430       11.49710       11.44720       11.33860       11.19630       11.04010       10.80590       10.59870       10.37820       10.14500       9.899080       9.637680       9.372280    
   10.26240       10.11970       9.977240       9.834710       9.693230       9.557810       9.440260       9.369430       9.368040       9.474030       9.701580       10.01190       10.37640       10.77500       11.17710       11.53850       11.76810       11.87250       11.83990       11.71310       11.52320       11.31320       11.11060       10.88500       10.64230       10.39300       10.13810       9.874780       9.619210       9.385650    
   10.37500       10.24450       10.11780       9.996400       9.883670       9.786480       9.718450       9.699980       9.738870       9.884200       10.10620       10.40890       10.77100       11.18130       11.58960       11.99920       12.28700       12.35250       12.22420       12.00270       11.73780       11.46880       11.21920       10.94880       10.67930       10.41750       10.15070       9.885160       9.638820       9.422200    
   10.48900       10.37450       10.26510       10.16550       10.08270       10.01800       9.985100       9.994270       10.08930       10.23740       10.46170       10.75860       11.11920       11.53190       11.95350       12.44520       12.84650       12.83670       12.55380       12.22310       11.89870       11.58290       11.27690       11.00280       10.71510       10.43520       10.15860       9.900920       9.665340       9.453860    
   10.54280       10.50970       10.41680       10.33680       10.27440       10.18430       10.21810       10.28300       10.37840       10.53470       10.75580       11.04090       11.38590       11.78430       12.17820       12.69520       13.23410       13.10620       12.70880       12.33260       11.97630       11.63780       11.31480       11.02810       10.73240       10.44220       10.17160       9.916690       9.682040       9.471800    
   10.65890       10.63510       10.55910       10.49780       10.38580       10.37270       10.43040       10.51420       10.61820       10.77390       10.98370       11.24690       11.55970       11.80730       12.22550       12.63700       12.93430       12.90630       12.63440       12.29940       11.95850       11.62580       11.30480       11.01940       10.71890       10.43790       10.17110       9.921030       9.689590       9.480030    
   10.76310       10.75410       10.69210       10.56920       10.53690       10.53750       10.64060       10.70550       10.80990       10.95690       11.14730       11.37900       11.64640       11.81320       12.14240       12.43180       12.60950       12.59610       12.41800       12.15290       11.85450       11.55170       11.24840       10.95220       10.68550       10.41280       10.15370       9.909450       9.682570       9.474810    
   10.78940       10.73640       10.67620       10.68960       10.67730       10.75020       10.79310       10.85860       10.95680       11.08880       11.25390       11.44820       11.47750       11.73120       11.99210       12.19420       12.29780       12.28420       12.15740       11.95260       11.70460       11.43620       11.16040       10.87910       10.60790       10.37770       10.12810       9.891380       9.669700       9.455840    
   10.79310       10.72290       10.68960       10.77860       10.78750       10.87920       10.92260       10.97680       11.06400       11.17710       11.27290       11.43360       11.40710       11.63290       11.81360       11.94920       12.01390       11.98370       11.88130       11.71820       11.51350       11.28270       11.03210       10.78020       10.52820       10.30960       10.07190       9.844620       9.629910       9.429340    
   10.76730       10.68960       10.82540       10.87370       10.95990       10.98180       11.01660       11.07130       11.09370       11.17660       11.29020       11.17460       11.34490       11.50170       11.62790       11.71250       11.73960       11.70630       11.60740       11.47620       11.30490       11.10840       10.89220       10.66460       10.43220       10.20040       10.00440       9.787040       9.579930       9.384920    
   10.68960       10.84790       10.91680       10.95990       10.99960       11.05710       11.01710       11.06690       11.13150       11.19500       11.28310       11.11700       11.24930       11.36410       11.44950       11.49230       11.48710       11.43130       11.35180       11.23730       11.10200       10.93540       10.71200       10.50110       10.28300       10.06370       9.877440       9.669910       9.471930       9.285650    
   10.85890       10.93830       10.95990       11.00550       11.05710       11.04750       11.06830       11.10710       11.15630       11.21350       10.95500       11.06560       11.16500       11.24470       11.29530       11.29780       11.26730       11.18490       11.09910       11.02800       10.89050       10.73760       10.56090       10.36800       10.16570       9.959710       9.754940       9.585280       9.394880       9.233500    
   10.94910       10.95990       11.00750       11.05710       11.05760       11.06830       11.08770       11.11060       11.07120       10.80780       10.90200       10.98910       11.06340       11.11800       11.13650       11.13210       11.07770       11.00830       10.93300       10.86130       10.76590       10.58830       10.42770       10.25020       10.06190       9.867890       9.673120       9.481830       9.325290       9.150310    
   10.95990       11.00820       11.05710       11.06100       11.06830       11.07800       11.08890       11.01930       10.80780       10.85490       10.88750       10.91140       10.95380       10.98940       10.97520       10.96330       10.92640       10.86600       10.79340       10.71150       10.61270       10.49210       10.35070       10.12140       9.941730       9.755630       9.567700       9.382310       9.203440       9.069370    
   11.00840       11.05710       11.06210       11.06830       11.07320       11.07840       10.99850       10.80780       10.83140       10.84930       10.86930       10.82720       10.86430       10.84590       10.84920       10.83080       10.79460       10.73710       10.66480       10.57880       10.47680       10.35650       10.21790       10.06310       9.825640       9.644650       9.461040       9.279280       9.103720       8.948020    
   11.05710       11.06250       11.06830       11.07070       11.07330       10.98950       10.80780       10.81960       10.83280       10.84820       10.82720       10.84570       10.81950       10.74050       10.73560       10.71230       10.67050       10.61900       10.54630       10.45850       10.35470       10.23400       10.09650       9.943680       9.778010       9.602890       9.355590       9.174870       9.009560       8.833570    
   11.06260       11.06830       11.06950       11.07080       10.98530       10.80780       10.81370       10.82500       10.83770       10.82720       10.83650       10.80820       10.74050       10.73810       10.72950       10.70610       10.66730       10.61190       10.44500       10.34960       10.24510       10.12430       9.987180       9.834940       9.669580       9.494060       9.304280       9.133090       9.003660       8.771210    
   11.06830       11.06890       11.06950       10.98330       10.80780       10.81070       10.82120       10.83250       10.82720       10.83180       10.80310       10.74050       10.73930       10.73600       10.72460       10.70100       10.66180       10.45530       10.30070       10.25180       10.14770       10.02730       9.890680       9.729550       9.564010       9.387020       9.270210       9.079390       8.888970       8.706040    
   11.06860       11.06890       10.98240       10.80780       10.80930       10.81940       10.82980       10.82720       10.82950       10.80070       10.74050       10.73990       10.73860       10.73330       10.72050       10.69580       10.46920       10.27620       10.25180       10.15010       10.05090       9.933080       9.798530       9.647530       9.541080       9.373090       9.181360       8.981990       8.781150       8.585500    
   11.06860       10.98190       10.80780       10.80850       10.81840       10.82850       10.82720       10.82840       10.79950       10.74050       10.74020       10.73970       10.73730       10.73080       10.71650       10.44860       10.26400       10.25180       10.07440       9.975970       9.925610       9.861300       9.801400       9.650430       9.485160       9.301040       9.102960       8.893830       8.679630       8.469950    
   10.98170       10.80780       10.80820       10.81800       10.82790       10.82720       10.82780       10.79890       10.74050       10.74030       10.74010       10.73900       10.73590       10.51760       10.30580       10.09640       10.09350       10.02300       9.935270       9.919870       9.901040       9.881740       9.746810       9.601010       9.435200       9.249790       9.046230       8.827270       8.597540       8.332870    
   10.80780       10.80800       10.81770       10.82750       10.82720       10.82750       10.79860       10.74050       10.74040       10.74030       10.73980       10.73840       10.35230       9.884710       9.885900       9.956450       9.931710       9.935270       9.918150       9.909960       9.938700       9.821110       9.711550       9.570200       9.407100       9.221940       9.015510       8.789620       8.517470       8.268430    
   10.80790       10.81760       10.82740       10.82720       10.82730       10.79840       10.74050       10.74050       10.74040       10.74020       10.41620       9.931200       9.899720       9.884110       9.883510       9.885900       9.914670       9.928150       9.935270       9.907480       9.890130       9.795440       9.682280       9.558840       9.401560       9.219980       9.014790       8.762400       8.518820       8.261690    
   10.81760       10.82730       10.82720       10.82730       10.79840       10.74050       10.74050       10.74050       10.74040       10.35180       9.931200       9.931200       9.931200       9.898880       9.882910       9.881130       9.885900       9.909390       9.921020       9.935270       9.865830       9.782100       9.680740       9.557840       9.418870       9.244340       9.025550       8.802590       8.566550       8.323810    
   10.82720       10.82720       10.82720       10.79830       10.74050       10.74050       10.74050       10.46610       10.20690       9.931000       9.931200       9.931200       9.931200       9.931200       9.897880       9.881700       9.876350       9.885900       9.895350       9.906770       9.848480       9.778460       9.692760       9.585680       9.449480       9.283300       9.085430       8.871770       8.649960       8.429980    
   10.82720       10.82720       10.79830       10.74050       10.74050       10.28350       9.597980       9.620630       9.643280       9.834700       9.930610       9.931200       9.931200       9.931200       9.931200       9.897480       9.882850       9.866810       9.885900       9.853470       9.814190       9.766000       9.738840       9.645210       9.512660       9.347360       9.162960       8.959500       8.752950       8.553130    
   10.82720       10.79830       10.74050       10.74050       10.19200       9.597920       9.597920       9.597980       9.620620       9.643280       9.833690       9.929440       9.931200       9.931200       9.931200       9.931200       9.899530       9.895850       9.847720       9.824370       9.883020       9.824200       9.762650       9.691630       9.589440       9.434060       9.251220       9.051700       8.862010       8.678600    
