iMOD/TUTORIALS/TUT_MetaswapAnalyser/model_MetaSWAP/meteo/Precipitation/Precipitation_20050122_L1.ASC
NCOLS                30
NROWS                30
XLLCORNER     160000.00
YLLCORNER     340000.00
CELLSIZE        1000.00
NODATA_VALUE   -9999.00
  0.4965200      0.4345600      0.3677100      0.2984400       0.000000       0.000000       0.000000       0.000000       0.000000       0.000000       0.000000       0.000000       0.000000       0.000000       0.000000       0.000000      0.2943300      0.3517900      0.4161600      0.4908700      0.5745500      0.7004500      0.7961000      0.8577800      0.9402800       1.013330       1.087420       1.174480       1.267160       1.340150    
  0.5128100      0.4510800      0.3772700      0.3081200       0.000000       0.000000       0.000000       0.000000       0.000000       0.000000       0.000000       0.000000       0.000000       0.000000       0.000000       0.000000       0.000000       0.000000      0.3418200      0.4142900      0.4987000      0.6220100      0.7242400      0.7989900      0.8934800      0.9805400       1.067040       1.157090       1.260180       1.328010    
  0.5279400      0.4670000      0.4008900       0.000000       0.000000       0.000000       0.000000       0.000000       0.000000       0.000000       0.000000       0.000000       0.000000       0.000000       0.000000       0.000000       0.000000       0.000000       0.000000      0.3405700      0.4298100      0.5509600      0.6365300      0.7421600      0.8457600      0.9439200       1.052650       1.143550       1.218360       1.292960    
  0.5447200      0.4864200      0.4213700      0.3026600       0.000000       0.000000       0.000000       0.000000       0.000000       0.000000       0.000000       0.000000       0.000000       0.000000       0.000000       0.000000       0.000000       0.000000       0.000000       0.000000      0.3646600      0.4510900      0.5798000      0.7018000      0.8122100      0.9136000       1.010790       1.100460       1.168280       1.227830    
  0.5632500      0.5081600      0.3731800      0.3206900       0.000000       0.000000       0.000000       0.000000       0.000000       0.000000       0.000000       0.000000       0.000000       0.000000       0.000000       0.000000       0.000000       0.000000       0.000000       0.000000      0.3101200      0.4046200      0.5343500      0.6563800      0.7660400      0.8652100      0.9566800       1.030900       1.093700       1.129370    
  0.5826400      0.4351200      0.3905800      0.3413700       0.000000       0.000000       0.000000       0.000000       0.000000       0.000000       0.000000       0.000000       0.000000       0.000000       0.000000       0.000000       0.000000       0.000000       0.000000       0.000000       0.000000      0.3708900      0.4989100      0.6110900      0.7137100      0.8127500      0.8943800      0.9568500       1.004920       1.025200    
  0.4623700      0.4511700      0.4101200      0.3645100      0.3550000      0.3016800       0.000000       0.000000       0.000000       0.000000       0.000000       0.000000       0.000000       0.000000       0.000000       0.000000       0.000000       0.000000       0.000000       0.000000       0.000000      0.3514600      0.4551900      0.5788000      0.6711100      0.7525700      0.8161000      0.8716600      0.9136100      0.9222400    
  0.4116300      0.5208800      0.4960000      0.4449300      0.3922500      0.3382400       0.000000       0.000000       0.000000       0.000000       0.000000       0.000000       0.000000       0.000000       0.000000       0.000000       0.000000       0.000000       0.000000       0.000000       0.000000      0.3439600      0.4403000      0.5513500      0.6325300      0.6972600      0.7541100      0.7958500      0.8300800      0.8283100    
  0.5042400      0.5458000      0.5065800      0.4806000      0.4269800      0.3793300      0.3055300       0.000000       0.000000       0.000000       0.000000       0.000000       0.000000       0.000000       0.000000       0.000000       0.000000       0.000000       0.000000       0.000000       0.000000      0.3456500      0.4319800      0.5293600      0.5949200      0.6527400      0.6968800      0.7375400      0.7481000      0.7370800    
  0.5191700      0.5706400      0.5364600      0.4925400      0.4668300      0.4220800      0.3261700      0.2956600       0.000000       0.000000       0.000000       0.000000       0.000000       0.000000       0.000000       0.000000       0.000000       0.000000       0.000000       0.000000       0.000000      0.3544100      0.4291100      0.4948000      0.5680800      0.6142600      0.6581500      0.6744200      0.6737500      0.6539000    
  0.5425430      0.5420900      0.5315350      0.5265000      0.4887300      0.4242800      0.3615500      0.3323900      0.3045700       0.000000       0.000000       0.000000       0.000000       0.000000       0.000000       0.000000       0.000000       0.000000       0.000000       0.000000      0.2949700      0.3603100      0.4208600      0.4690500      0.5205800      0.5844200      0.6046100      0.6079800      0.5949800      0.5747800    
  0.5404670      0.5356670      0.5265000      0.5114000      0.5266700      0.4436900      0.3818700      0.3704900      0.3439900      0.3181700       0.000000       0.000000       0.000000       0.000000       0.000000       0.000000       0.000000       0.000000       0.000000       0.000000      0.3193300      0.3744400      0.4270100      0.4710200      0.5044400      0.5508800      0.5570300      0.5473900      0.5228700      0.4852500    
  0.5366000      0.5265000      0.5141960      0.5151850      0.5037000      0.4375000      0.4157400      0.3935600      0.3644200      0.3544300      0.3317800      0.3121000       0.000000       0.000000       0.000000       0.000000       0.000000       0.000000       0.000000      0.2969000      0.3442500      0.3913900      0.4342300      0.4672800      0.4880300      0.4952800      0.5158300      0.4950700      0.4610600      0.4158600    
  0.5265000      0.5134600      0.5094430      0.5037000      0.4692300      0.4664900      0.4383300      0.4206800      0.4025500      0.3563500      0.3418800      0.3586300      0.3383400      0.3187900      0.3007800       0.000000       0.000000       0.000000       0.000000      0.3232800      0.3678800      0.4093600      0.4276000      0.4468200      0.4545000      0.4502000      0.4595500      0.4309100      0.3916600      0.3437800    
  0.5125580      0.5065710      0.5037000      0.4798070      0.4664900      0.4474170      0.4374300      0.4264000      0.4145500      0.4019900      0.4211600      0.4029800      0.3847400      0.3668500      0.3497300      0.3395900      0.3228600      0.3071700      0.3089300      0.3346300      0.3888900      0.4175400      0.4362500      0.4442400      0.4411800      0.4272200      0.4030400      0.3921600      0.3484300      0.2950600    
  0.5051360      0.5037000      0.4833320      0.4664900      0.4504460      0.4374300      0.4319150      0.4261270      0.4296250      0.4755600      0.4605700      0.4449100      0.4288300      0.4126600      0.3956400      0.3804900      0.3533800      0.3462800      0.3499000      0.3653300      0.3780700      0.4322500      0.4381100      0.4343400      0.4209900      0.3986100      0.3682600      0.3313900      0.3081700       0.000000    
  0.5037000      0.4845070      0.4664900      0.4514550      0.4374300      0.4346720      0.4318240      0.4408070      0.4755600      0.4680650      0.4664700      0.4802700      0.4645600      0.4505900      0.4018900      0.3936200      0.3913900      0.3881400      0.3921200      0.4003000      0.4054900      0.4031000      0.3940200      0.4365200      0.4133500      0.3829400      0.3467100      0.3064200       0.000000       0.000000    
  0.4848990      0.4664900      0.4517920      0.4374300      0.4360510      0.4346420      0.4457160      0.4755600      0.4718130      0.4713580      0.4756550      0.4710400      0.4632500      0.4347600      0.4286800      0.4232300      0.4259300      0.4263000      0.4296300      0.4327200      0.4320300      0.4233800      0.4069200      0.3835300      0.4107900      0.3725700      0.3307600       0.000000       0.000000       0.000000    
  0.4664900      0.4519040      0.4374300      0.4367410      0.4360410      0.4479920      0.4755600      0.4736860      0.4726240      0.4733480      0.4710400      0.4671450      0.4558800      0.4544700      0.4510500      0.4493500      0.4500900      0.4602500      0.4618100      0.4609400      0.4557100      0.4418900      0.4198900      0.3909200      0.3566200      0.3189700      0.3192600       0.000000       0.000000       0.000000    
  0.4519410      0.4374300      0.4370850      0.4367370      0.4490840      0.4755600      0.4746230      0.4730210      0.4721940      0.4710400      0.4690930      0.4621340      0.4544700      0.4527600      0.4516230      0.4501630      0.4532300      0.4573830      0.4739960      0.4843500      0.4754000      0.4575400      0.4308900      0.3970100      0.3578800      0.3158200       0.000000       0.000000       0.000000       0.000000    
  0.4374300      0.4372580      0.4370840      0.4496170      0.4755600      0.4750920      0.4731720      0.4716170      0.4710400      0.4700660      0.4641840      0.4544700      0.4536150      0.4529510      0.4515160      0.4516720      0.4535920      0.4761460      0.4934900      0.5026300      0.4903500      0.4695200      0.4391600      0.3705000      0.3319100       0.000000       0.000000       0.000000       0.000000       0.000000    
  0.4373440      0.4372570      0.4498800      0.4755600      0.4753260      0.4732380      0.4713280      0.4710400      0.4705530      0.4649400      0.4544700      0.4540420      0.4536790      0.4526940      0.4520460      0.4522600      0.4764200      0.4980600      0.5026300      0.4831770      0.4565500      0.4371200      0.4084600      0.3721000      0.3403700      0.3038700       0.000000       0.000000       0.000000       0.000000    
  0.4373440      0.4500100      0.4755600      0.4754430      0.4732700      0.4711840      0.4710400      0.4707970      0.4652510      0.4544700      0.4542560      0.4540640      0.4534720      0.4528060      0.4523330      0.4775060      0.5003450      0.5026300      0.4865120      0.4693250      0.4645920      0.4679600      0.4454400      0.4021700      0.3502400      0.2996600       0.000000       0.000000       0.000000       0.000000    
  0.4500750      0.4755600      0.4755010      0.4732850      0.4711120      0.4710400      0.4709180      0.4653890      0.4544700      0.4543630      0.4542630      0.4539310      0.4534470      0.4602700      0.4784820      0.5057380      0.5064600      0.4962580      0.4839020      0.4909150      0.4821000      0.4792300      0.4415500      0.3988600      0.3496600      0.2968500       0.000000       0.000000       0.000000       0.000000    
  0.4755600      0.4755310      0.4732920      0.4710760      0.4710400      0.4709790      0.4654540      0.4544700      0.4544170      0.4543650      0.4541860      0.4538800      0.4665670      0.4825220      0.4824700      0.5000390      0.5104090      0.5102900      0.4979570      0.4914670      0.4997300      0.4666500      0.4406500      0.3992400      0.3504900      0.2972200       0.000000       0.000000       0.000000       0.000000    
  0.4755450      0.4732960      0.4710580      0.4710400      0.4710100      0.4654860      0.4544700      0.4544430      0.4544170      0.4543230      0.4495580      0.4426800      0.4693550      0.4826640      0.4825750      0.4824700      0.5008180      0.5105270      0.5102900      0.4991550      0.4925700      0.4673300      0.4347300      0.4011400      0.3542000      0.3019800       0.000000       0.000000       0.000000       0.000000    
  0.4732980      0.4710490      0.4710400      0.4710250      0.4655010      0.4544700      0.4544570      0.4544440      0.4543940      0.4487320      0.4426800      0.4426800      0.4426800      0.4695520      0.4829470      0.4826800      0.4824700      0.4999840      0.5107650      0.5102900      0.4940300      0.4700100      0.4385500      0.4004000      0.3610800      0.3117900       0.000000       0.000000       0.000000       0.000000    
  0.4710450      0.4710400      0.4710320      0.4655090      0.4544700      0.4544630      0.4544570      0.4400840      0.4374480      0.4426610      0.4426800      0.4426800      0.4426800      0.4426800      0.4700050      0.4836900      0.4828900      0.4824700      0.4964100      0.5112400      0.4968600      0.4749200      0.4455900      0.4095400      0.3776900      0.3328300       0.000000       0.000000       0.000000       0.000000    
  0.4710400      0.4710360      0.4655130      0.4544700      0.4544670      0.4480330      0.4384000      0.4177190      0.3970400      0.4274150      0.4426240      0.4426800      0.4426800      0.4426800      0.4426800      0.4709700      0.4857100      0.4833100      0.4824700      0.4816400      0.4745000      0.4607000      0.4494400      0.4312100      0.3874300      0.3418800      0.2991100       0.000000       0.000000       0.000000    
  0.4710380      0.4655150      0.4544700      0.4544680      0.4467350      0.4383760      0.4383760      0.4384000      0.4177170      0.3970400      0.4273150      0.4425110      0.4426800      0.4426800      0.4426800      0.4426800      0.4726010      0.4913500      0.4841500      0.4869300      0.4987300      0.4837900      0.4598900      0.4278700      0.3889200      0.3463300      0.3047200       0.000000       0.000000       0.000000    
