iMOD/TUTORIALS/TUT_MetaswapAnalyser/model_MetaSWAP/meteo/Precipitation/Precipitation_20051114_L1.ASC
NCOLS                30
NROWS                30
XLLCORNER     160000.00
YLLCORNER     340000.00
CELLSIZE        1000.00
NODATA_VALUE   -9999.00
  0.7478500      0.7441400      0.7384700      0.7300200      0.7177000      0.6967900      0.6666600      0.6283400      0.5836000      0.5319300      0.4753500      0.4201800      0.3687000      0.3221600      0.2807800      0.2472600      0.2172100      0.1947200      0.1766500      0.1623800      0.1507100      0.1455800      0.1361600      0.1270800      0.1169100      0.1061300      0.9498000E-01   0.000000       0.000000       0.000000    
  0.7111100      0.7047100      0.6974600      0.6843000      0.6671300      0.6426600      0.6111400      0.5729000      0.5287700      0.4764900      0.4187400      0.3633900      0.3120400      0.2675100      0.2275300      0.1934200      0.1671500      0.1460900      0.1319100      0.1211100      0.1126400      0.1089800      0.1018100      0.9438000E-01   0.000000       0.000000       0.000000       0.000000       0.000000       0.000000    
  0.6790600      0.6692600      0.6565100      0.6409300      0.6194600      0.5918100      0.5580600      0.5181200      0.4725000      0.4203200      0.3653800      0.3112700      0.2618300      0.2170800      0.1778900      0.1459500      0.1225100      0.1062000      0.9553000E-01   0.000000       0.000000       0.000000       0.000000       0.000000       0.000000       0.000000       0.000000       0.000000       0.000000       0.000000    
  0.6484300      0.6355900      0.6195500      0.6004600      0.5757400      0.5457800      0.5101300      0.4682800      0.4222700      0.3718400      0.3184100      0.2662100      0.2174800      0.1733700      0.1358200      0.1060300       0.000000       0.000000       0.000000       0.000000       0.000000       0.000000       0.000000       0.000000       0.000000       0.000000       0.000000       0.000000       0.000000       0.000000    
  0.6198800      0.6044600      0.5865600      0.5639000      0.5368800      0.5050300      0.4680800      0.4274400      0.3809200      0.3310000      0.2806500      0.2289000      0.1802600      0.1366900      0.1011300       0.000000       0.000000       0.000000       0.000000       0.000000       0.000000       0.000000       0.000000       0.000000       0.000000       0.000000       0.000000       0.000000       0.000000       0.000000    
  0.5938400      0.5769600      0.5561900      0.5317500      0.5032400      0.4703500      0.4337100      0.3927800      0.3470100      0.3007100      0.2510100      0.2016500      0.1539700      0.1107500       0.000000       0.000000       0.000000       0.000000       0.000000       0.000000       0.000000       0.000000       0.000000       0.000000       0.000000       0.000000       0.000000       0.000000       0.000000       0.000000    
  0.5724400      0.5518100      0.5297200      0.5041900      0.4761600      0.4427800      0.4055200      0.3649600      0.3237600      0.2774800      0.2300100      0.1827100      0.1370800      0.9458000E-01   0.000000       0.000000       0.000000       0.000000       0.000000       0.000000       0.000000       0.000000       0.000000       0.000000       0.000000       0.000000       0.000000       0.000000       0.000000       0.000000    
  0.5266200      0.5339800      0.5088300      0.4826000      0.4530400      0.4142300      0.3833000      0.3475700      0.3057700      0.2620200      0.2172400      0.1725400      0.1292200       0.000000       0.000000       0.000000       0.000000       0.000000       0.000000       0.000000       0.000000       0.000000       0.000000       0.000000       0.000000       0.000000       0.000000       0.000000       0.000000       0.000000    
  0.5102200      0.5153600      0.4919400      0.4638700      0.4269100      0.3958100      0.3668600      0.3335500      0.2942900      0.2534600      0.2118500      0.1703800      0.1301800      0.9387000E-01   0.000000       0.000000       0.000000       0.000000       0.000000       0.000000       0.000000       0.000000       0.000000       0.000000       0.000000       0.000000       0.000000       0.000000       0.000000       0.000000    
  0.4945700      0.4998800      0.4766400      0.4415000      0.4117200      0.3820100      0.3594600      0.3247700      0.2883600      0.2507800      0.2127200      0.1749800      0.1385500      0.1062400       0.000000       0.000000       0.000000       0.000000       0.000000       0.000000       0.000000       0.000000       0.000000       0.000000       0.000000       0.000000       0.000000       0.000000       0.000000       0.000000    
  0.5027870      0.4903630      0.4617000      0.4287800      0.4026200      0.3824300      0.3524300      0.3203100      0.2869400      0.2528000      0.2185100      0.1848000      0.1555200      0.1187400      0.9396000E-01   0.000000       0.000000       0.000000       0.000000       0.000000       0.000000       0.000000       0.000000       0.000000       0.000000       0.000000       0.000000       0.000000       0.000000       0.000000    
  0.5021330      0.4709070      0.4287800      0.4064550      0.3942100      0.3786700      0.3506100      0.3192700      0.2889800      0.2583200      0.2126400      0.1861100      0.1628400      0.1387900      0.1185500      0.1022400       0.000000       0.000000       0.000000       0.000000       0.000000       0.000000       0.000000       0.000000       0.000000       0.000000       0.000000       0.000000       0.000000       0.000000    
  0.4793470      0.4287800      0.4081640      0.3972100      0.4002100      0.3755500      0.3494600      0.3225200      0.2701700      0.2445300      0.2212400      0.2008700      0.1795700      0.1606500      0.1448000      0.1324900      0.1235100      0.1160400      0.1061100      0.9467000E-01   0.000000       0.000000       0.000000       0.000000       0.000000       0.000000       0.000000       0.000000       0.000000       0.000000    
  0.4287800      0.4089660      0.3987100      0.4002100      0.3832730      0.3740600      0.3139200      0.2933000      0.2725100      0.2525200      0.2325000      0.2139700      0.1966400      0.1818400      0.1702500      0.1623800      0.1587800      0.1557700      0.1447100      0.1230700      0.1037700       0.000000       0.000000       0.000000       0.000000       0.000000       0.000000       0.000000       0.000000       0.000000    
  0.4093540      0.3994600      0.4002100      0.3858480      0.3740600      0.3370630      0.3232100      0.3037200      0.2843200      0.2654000      0.2483300      0.2314000      0.2164800      0.2041600      0.1950800      0.1885200      0.1882700      0.1926500      0.1829000      0.1496900      0.1223300      0.1024400       0.000000       0.000000       0.000000       0.000000       0.000000       0.000000       0.000000       0.000000    
  0.3998350      0.4002100      0.3867060      0.3740600      0.3447780      0.3232100      0.3134650      0.3037500      0.2812500      0.2715600      0.2557600      0.2414300      0.2290000      0.2189400      0.2088900      0.2049200      0.2060700      0.2043600      0.1909100      0.1642600      0.1387300      0.1143600      0.9704000E-01   0.000000       0.000000       0.000000       0.000000       0.000000       0.000000       0.000000    
  0.4002100      0.3869920      0.3740600      0.3473490      0.3232100      0.3183380      0.3134750      0.2925060      0.2715600      0.2636600      0.2531880      0.2489000      0.2342100      0.2253000      0.2235800      0.2180400      0.2122000      0.2046000      0.1900900      0.1688800      0.1462200      0.1255100      0.1077100       0.000000       0.000000       0.000000       0.000000       0.000000       0.000000       0.000000    
  0.3870870      0.3740600      0.3482060      0.3232100      0.3207740      0.3183410      0.2989700      0.2715600      0.2676100      0.2570590      0.2485950      0.2482900      0.2383900      0.2372500      0.2295100      0.2224600      0.2134900      0.2031400      0.1885500      0.1700600      0.1499800      0.1305200      0.1128600      0.9737000E-01   0.000000       0.000000       0.000000       0.000000       0.000000       0.000000    
  0.3740600      0.3484920      0.3232100      0.3219920      0.3207750      0.3024110      0.2715600      0.2695850      0.2585920      0.2484430      0.2482900      0.2433400      0.2410480      0.2402600      0.2318900      0.2235800      0.2144000      0.2010300      0.1867000      0.1698400      0.1516400      0.1334700      0.1163100      0.1006800       0.000000       0.000000       0.000000       0.000000       0.000000       0.000000    
  0.3485870      0.3232100      0.3226010      0.3219920      0.3041840      0.2715600      0.2705730      0.2592790      0.2483660      0.2482900      0.2458150      0.2432340      0.2402600      0.2360750      0.2319100      0.2232900      0.2130030      0.2007100      0.1787840      0.1688900      0.1520900      0.1350300      0.1184600      0.1029100       0.000000       0.000000       0.000000       0.000000       0.000000       0.000000    
  0.3232100      0.3229050      0.3226010      0.3050840      0.2715600      0.2710660      0.2596060      0.2483280      0.2482900      0.2470530      0.2444000      0.2402600      0.2381670      0.2360820      0.2304250      0.2227340      0.2123340      0.1856260      0.1681750      0.1674600      0.1517800      0.1356700      0.1196900      0.1066800       0.000000       0.000000       0.000000       0.000000       0.000000       0.000000    
  0.3230580      0.3229060      0.3055380      0.2715600      0.2713130      0.2597660      0.2483090      0.2482900      0.2476710      0.2450010      0.2402600      0.2392140      0.2381700      0.2348910      0.2297470      0.2218310      0.1911950      0.1678180      0.1674600      0.1581270      0.1551400      0.1391700      0.1231700      0.1074700      0.9304000E-01   0.000000       0.000000       0.000000       0.000000       0.000000    
  0.3230580      0.3057650      0.2715600      0.2714370      0.2598460      0.2483000      0.2482900      0.2479810      0.2453050      0.2402600      0.2397370      0.2392140      0.2374250      0.2342690      0.2288230      0.1941140      0.1676390      0.1674600      0.1590970      0.1558950      0.1455700      0.1390600      0.1234900      0.1081300      0.9329000E-01   0.000000       0.000000       0.000000       0.000000       0.000000    
  0.3058790      0.2715600      0.2714980      0.2598850      0.2482950      0.2482900      0.2481350      0.2454590      0.2402600      0.2399980      0.2397370      0.2387920      0.2369700      0.2108320      0.1851460      0.1599510      0.1601600      0.1572740      0.1544770      0.1549050      0.1566500      0.1378300      0.1228400      0.1082100      0.9330000E-01   0.000000       0.000000       0.000000       0.000000       0.000000    
  0.2715600      0.2715290      0.2599050      0.2482920      0.2482900      0.2482130      0.2455360      0.2402600      0.2401290      0.2399990      0.2395090      0.2385000      0.1942440      0.1424980      0.1428100      0.1509080      0.1520540      0.1528600      0.1524760      0.1526300      0.1531600      0.1392100      0.1222300      0.1081600      0.9348000E-01   0.000000       0.000000       0.000000       0.000000       0.000000    
  0.2715450      0.2599150      0.2482910      0.2482900      0.2482510      0.2455750      0.2402600      0.2401950      0.2401290      0.2398790      0.1839090      0.1007700      0.1282810      0.1421280      0.1421860      0.1428100      0.1486080      0.1512480      0.1528600      0.1495100      0.1480800      0.1369600      0.1247300      0.1081800      0.9394000E-01   0.000000       0.000000       0.000000       0.000000       0.000000    
  0.2599200      0.2482910      0.2482900      0.2482710      0.2455940      0.2402600      0.2402270      0.2401950      0.2400680      0.1730920      0.1007700      0.1007700      0.1007700      0.1277280      0.1413900      0.1415610      0.1428100      0.1475160      0.1496350      0.1528600      0.1439400      0.1341700      0.1232400      0.1109200      0.9475000E-01   0.000000       0.000000       0.000000       0.000000       0.000000    
  0.2482900      0.2482900      0.2482800      0.2456040      0.2402600      0.2402440      0.2402270      0.1801220      0.1368410      0.1007010      0.1007700      0.1007700      0.1007700      0.1007700      0.1265690      0.1397980      0.1403120      0.1428100      0.1447600      0.1464100      0.1388000      0.1305800      0.1213000      0.1104600      0.9794000E-01   0.000000       0.000000       0.000000       0.000000       0.000000    
  0.2482900      0.2482850      0.2456090      0.2402600      0.2402520      0.1441460       0.000000       0.000000       0.000000      0.6699320E-01  0.1005630      0.1007700      0.1007700      0.1007700      0.1007700      0.1241460      0.1362710      0.1378150      0.1428100      0.1369600      0.1310800      0.1249000      0.1146500      0.1081800      0.9840000E-01   0.000000       0.000000       0.000000       0.000000       0.000000    
  0.2482880      0.2456110      0.2402600      0.2402560      0.1249320       0.000000       0.000000       0.000000       0.000000       0.000000      0.6664000E-01  0.1001480      0.1007700      0.1007700      0.1007700      0.1007700      0.1192290      0.1281870      0.1328200      0.1277100      0.1149500      0.1128200      0.1102200      0.1063400      0.9892000E-01   0.000000       0.000000       0.000000       0.000000       0.000000    
