iMOD/TUTORIALS/TUT_MetaswapAnalyser/model_MetaSWAP/meteo/Precipitation/Precipitation_20061123_L1.ASC
NCOLS                30
NROWS                30
XLLCORNER     160000.00
YLLCORNER     340000.00
CELLSIZE        1000.00
NODATA_VALUE   -9999.00
   5.844720       5.725100       5.605910       5.500050       5.442240       5.492920       5.672250       5.913470       6.138860       6.217110       6.115820       5.961400       5.802320       5.645450       5.516720       5.440060       5.400080       5.364450       5.362220       5.389080       5.439780       5.494340       5.574150       5.650850       5.743400       5.836680       5.927820       6.013520       6.088940       6.151220    
   5.899150       5.801300       5.713880       5.650890       5.639480       5.705480       5.858060       6.076240       6.333940       6.407440       6.186550       5.980820       5.789670       5.627840       5.483080       5.394730       5.320390       5.309280       5.313870       5.352200       5.415850       5.484080       5.575510       5.663600       5.765050       5.866830       5.967140       6.064140       6.130390       6.212640    
   5.973710       5.894970       5.831910       5.797660       5.800600       5.862540       5.981010       6.138580       6.290060       6.302790       6.143920       5.942270       5.752800       5.561970       5.412650       5.311190       5.234980       5.206830       5.224370       5.279180       5.359120       5.444590       5.539750       5.649770       5.760770       5.871160       5.954310       6.066880       6.182890       6.288270    
   6.054480       5.990740       5.943380       5.921320       5.930330       5.975680       6.051950       6.134390       6.196060       6.168910       6.044670       5.867890       5.670620       5.477150       5.305950       5.184340       5.103250       5.082880       5.119480       5.198390       5.302890       5.408450       5.517790       5.610060       5.729340       5.846670       5.962480       6.077770       6.196840       6.310920    
   6.135840       6.082520       6.044500       6.024700       6.027220       6.051150       6.088310       6.122530       6.126190       6.071220       5.916600       5.758940       5.572480       5.371140       5.189070       5.039450       4.936130       4.926010       4.991000       5.102470       5.221000       5.357620       5.479570       5.609190       5.730870       5.847040       5.958660       6.070850       6.171680       6.258330    
   6.214830       6.168260       6.133280       6.112100       6.104990       6.108740       6.111100       6.112380       5.985760       5.937070       5.832660       5.683450       5.500520       5.291530       5.071990       4.884260       4.766120       4.775680       4.891540       5.049710       5.201850       5.356850       5.488080       5.617260       5.735410       5.845680       5.946440       6.043880       6.125620       6.190450    
   6.288540       6.246970       6.213300       6.188860       6.166210       6.154940       6.140380       5.969490       5.948660       5.885770       5.783330       5.641530       5.464080       5.256030       5.008030       4.771730       4.583180       4.634740       4.837090       5.037170       5.224720       5.388990       5.531350       5.642680       5.749880       5.844780       5.934740       6.008610       6.071820       6.119400    
   6.381210       6.311020       6.279430       6.252880       6.230130       5.971000       5.971900       5.965370       5.929360       5.866140       5.771120       5.642550       5.480650       5.287180       5.038690       4.791070       4.518300       4.638210       4.895080       5.119200       5.307680       5.463820       5.592500       5.686730       5.774680       5.855060       5.918080       5.971130       6.022950       6.051520    
   6.440640       6.382380       6.350270       6.322150       5.985060       5.979980       5.975840       5.966780       5.931210       5.874790       5.793980       5.686930       5.553310       5.352620       5.185160       5.010150       4.888520       4.944270       5.117630       5.300520       5.457640       5.584240       5.683760       5.749250       5.815440       5.863220       5.901420       5.942400       5.962470       5.974990    
   6.508260       6.451690       6.420240       6.002630       5.996320       5.989510       5.997040       5.979110       5.949860       5.906060       5.845540       5.767490       5.672710       5.510780       5.415220       5.327790       5.293880       5.337120       5.445200       5.566970       5.671900       5.743800       5.799780       5.838480       5.856460       5.872790       5.894600       5.898350       5.897820       5.893500    
   6.501260       6.460060       6.221270       6.010530       6.004710       6.022710       6.010860       5.998590       5.979610       5.952280       5.915980       5.871370       5.738290       5.740280       5.719730       5.693920       5.702740       5.746470       5.808840       5.864570       5.900070       5.915070       5.914980       5.910650       5.909610       5.863620       5.843230       5.822790       5.802620       5.805110    
   6.502060       6.298280       6.010530       6.015490       6.009820       6.032210       6.024830       6.020610       6.013850       6.004590       6.050930       6.032380       5.936290       5.973050       5.996540       6.037670       6.097540       6.164060       6.202020       6.197870       6.159420       6.103000       6.056090       5.995480       5.937920       5.866760       5.816880       5.771760       5.731060       5.694430    
   6.338510       6.010530       6.021570       6.023360       6.036900       6.033260       6.035940       6.040050       6.129540       6.129160       6.133460       6.076200       6.113160       6.167680       6.248500       6.353440       6.476430       6.579870       6.607440       6.532920       6.415620       6.283160       6.158480       6.046320       5.947080       5.859840       5.764030       5.695870       5.636220       5.584090    
   6.010530       6.024780       6.030130       6.036900       6.034350       6.032900       6.151630       6.155990       6.164580       6.168010       6.192490       6.163620       6.230800       6.322140       6.445190       6.607460       6.803870       6.991530       7.011780       6.833920       6.607930       6.400080       6.195010       6.034760       5.897080       5.778820       5.660500       5.572640       5.497690       5.434080    
   6.026430       6.033510       6.036900       6.034720       6.032900       6.116630       6.165360       6.175090       6.191070       6.215370       6.164280       6.228890       6.313480       6.424620       6.569830       6.757700       6.993920       7.284020       7.341790       6.974160       6.674560       6.412430       6.188960       5.998050       5.834680       5.694780       5.575110       5.456350       5.369390       5.304100    
   6.035210       6.036900       6.034840       6.032900       6.104960       6.165360       6.170230       6.177170       6.175830       6.121770       6.177990       6.249200       6.339700       6.454310       6.588330       6.763450       6.950650       7.142710       7.140070       6.892470       6.603680       6.352560       6.119470       5.915970       5.739430       5.586930       5.455830       5.343770       5.232500       5.153180    
   6.036900       6.034880       6.032900       6.101070       6.165360       6.167790       6.170920       6.161250       6.121770       6.149880       6.180850       6.232470       6.305820       6.407800       6.495030       6.636130       6.771460       6.856730       6.822070       6.656200       6.426360       6.186760       5.960540       5.776300       5.596550       5.438940       5.302260       5.185070       5.085970       4.979680    
   6.034890       6.032900       6.099780       6.165360       6.166580       6.168020       6.155430       6.121770       6.135830       6.150590       6.177640       6.122800       6.200280       6.272550       6.367990       6.462210       6.534050       6.558500       6.505390       6.371780       6.184990       5.977330       5.770490       5.575880       5.418900       5.262460       5.125340       5.007280       4.907680       4.816990    
   6.032900       6.099350       6.165360       6.165970       6.166650       6.152950       6.121770       6.128800       6.136240       6.150220       6.122800       6.161540       6.184200       6.141180       6.202670       6.254690       6.283700       6.265080       6.197830       6.076790       5.915560       5.733150       5.545860       5.364760       5.196380       5.044210       4.928830       4.813040       4.707080       4.627060    
   6.099200       6.165360       6.165660       6.165990       6.151840       6.121770       6.125280       6.129220       6.136510       6.122800       6.142170       6.152430       6.141180       6.171930       6.199510       6.247020       6.267820       6.248870       5.964750       5.784260       5.637090       5.472070       5.300930       5.132980       4.974640       4.829930       4.698330       4.574860       4.475620       4.422320    
   6.165360       6.165510       6.165670       6.151320       6.121770       6.123530       6.125750       6.129650       6.122800       6.132480       6.139650       6.141180       6.156550       6.170870       6.206150       6.238120       6.254570       5.924650       5.642030       5.499800       5.359510       5.205480       5.046360       4.886440       4.738070       4.601710       4.461150       4.355960       4.269400       4.203190    
   6.165440       6.165510       6.151070       6.121770       6.122650       6.124010       6.126230       6.122800       6.127640       6.134030       6.141180       6.148870       6.156200       6.177860       6.205050       6.232950       5.897610       5.570920       5.499800       5.314520       5.084250       4.936840       4.786340       4.638930       4.489840       4.358110       4.242380       4.142670       4.060400       3.996950    
   6.165440       6.150950       6.121770       6.122210       6.123150       6.124510       6.122800       6.125220       6.131410       6.141180       6.145020       6.148750       6.160980       6.179700       6.205290       5.737090       5.535360       5.499800       5.031300       4.837580       4.743820       4.677130       4.530540       4.388390       4.252820       4.130780       4.022820       3.929630       3.851890       3.791860    
   6.150890       6.121770       6.121990       6.122720       6.123660       6.122800       6.124010       6.130150       6.141180       6.143100       6.144980       6.151580       6.163140       5.633600       5.195490       4.819510       4.814500       4.699810       4.559240       4.473300       4.590920       4.429980       4.290110       4.149420       4.021320       3.907760       3.808960       3.723940       3.651650       3.602110    
   6.121770       6.121880       6.122500       6.123230       6.122800       6.123410       6.129540       6.141180       6.142140       6.143090       6.146560       6.153240       5.183210       3.985390       3.988430       4.242900       4.108660       4.129190       4.279500       4.366840       4.355670       4.215650       4.055300       3.917930       3.796650       3.692980       3.605930       3.532570       3.477510       3.420040    
   6.121820       6.122390       6.123010       6.122800       6.123100       6.129230       6.141180       6.141660       6.142140       6.143930       5.258080       3.923760       3.962300       3.982310       3.982350       3.988430       4.060020       4.088140       4.129190       4.148690       4.153920       3.992810       3.841170       3.695470       3.580770       3.488920       3.417510       3.368210       3.320930       3.276960    
   6.122340       6.122910       6.122800       6.122950       6.129080       6.141180       6.141420       6.141660       6.142580       5.078330       3.923760       3.923760       3.923760       3.957750       3.976150       3.976270       3.988430       4.034310       4.047090       4.129190       3.955970       3.786300       3.628230       3.490980       3.374210       3.296700       3.250900       3.219350       3.197640       3.181470    
   6.122850       6.122800       6.122880       6.129000       6.141180       6.141300       6.141420       5.652320       4.913430       3.923830       3.923760       3.923760       3.923760       3.923760       3.948740       3.963740       3.964120       3.988430       3.972540       3.964990       3.781360       3.600170       3.430890       3.286930       3.182640       3.119030       3.097150       3.096310       3.106140       3.123080    
   6.122800       6.122840       6.128960       6.141180       6.141240       5.443840       4.397580       4.290600       4.183610       4.010570       3.923960       3.923760       3.923760       3.923760       3.923760       3.931170       3.938670       3.939810       3.988430       3.807550       3.619850       3.430190       3.238460       3.090890       2.989700       2.956450       2.966520       3.001780       3.044650       3.092250    
   6.122820       6.128950       6.141180       6.141210       5.304380       4.397710       4.397710       4.397580       4.290600       4.183610       4.010930       3.924370       3.923760       3.923760       3.923760       3.923760       3.898150       3.887760       3.891190       3.706260       3.487750       3.294930       3.099220       2.916800       2.802640       2.811620       2.876270       2.944900       3.015530       3.087660    
