iMOD/TUTORIALS/TUT_MetaswapAnalyser/model_MetaSWAP/meteo/Precipitation/Precipitation_20051110_L1.ASC
NCOLS                30
NROWS                30
XLLCORNER     160000.00
YLLCORNER     340000.00
CELLSIZE        1000.00
NODATA_VALUE   -9999.00
   1.115430       1.028020      0.9497200      0.8815800      0.8235100      0.7895500      0.7742100      0.7689800      0.7658000      0.7527800      0.7277800      0.7017100      0.6774900      0.6571200      0.6384500      0.6318800      0.6459500      0.6345700      0.6247100      0.6167200      0.6105700      0.6050500      0.6022200      0.6065700      0.6060000      0.6065300      0.6078500      0.6095900      0.6112300      0.6127900    
   1.145710       1.061260      0.9858400      0.9219100      0.8670600      0.8327200      0.8123800      0.8025300      0.7994900      0.7837200      0.7468100      0.7141700      0.6857900      0.6691000      0.6487400      0.6552900      0.6407900      0.6202100      0.6097700      0.6011700      0.5947400      0.5894400      0.5869900      0.5914800      0.5919600      0.5938200      0.5967500      0.6003900      0.6052100      0.6084200    
   1.170520       1.089200       1.017250      0.9497200      0.9011900      0.8647100      0.8390300      0.8215000      0.8070500      0.7842700      0.7507200      0.7171800      0.6916700      0.6668100      0.6414900      0.6390000      0.6231000      0.6095200      0.5983100      0.5894800      0.5834400      0.5783500      0.5815100      0.5807900      0.5817500      0.5841600      0.5888900      0.5931800      0.5985900      0.6027600    
   1.189890       1.111310       1.041470      0.9754500      0.9262200      0.8864200      0.8548700      0.8289200      0.8045800      0.7763200      0.7444800      0.7128600      0.6846500      0.6574100      0.6327100      0.6236900      0.6075400      0.5937300      0.5824000      0.5736000      0.5672600      0.5690000      0.5661000      0.5671000      0.5685400      0.5714300      0.5754800      0.5804100      0.5864200      0.5915900    
   1.203520       1.127180       1.052810      0.9936700      0.9426800      0.8993000      0.8623100      0.8277400      0.7972200      0.7659600      0.7363100      0.7038500      0.6727700      0.6445000      0.6187300      0.6030000      0.5868200      0.5729900      0.5617500      0.5531600      0.5530600      0.5494700      0.5472100      0.5479500      0.5500300      0.5535200      0.5581100      0.5642100      0.5694700      0.5739000    
   1.211530       1.132130       1.065130       1.005220      0.9521600      0.9053500      0.8609100      0.8234400      0.7800600      0.7556100      0.7218500      0.6887100      0.6563500      0.6269200      0.5955800      0.5775200      0.5613500      0.5476200      0.5366500      0.5284600      0.5279900      0.5251500      0.5237100      0.5248700      0.5276800      0.5320800      0.5372300      0.5436700      0.5491300      0.5536100    
   1.209820       1.139040       1.072030       1.011130      0.9514600      0.9023200      0.8574900      0.8034500      0.7777900      0.7407100      0.7046900      0.6698900      0.6367400      0.6053900      0.5661000      0.5479700      0.5316300      0.5180500      0.5075400      0.5036800      0.4993200      0.4973500      0.4975500      0.4988900      0.5025200      0.5074400      0.5141400      0.5203000      0.5264500      0.5316600    
   1.240740       1.131280       1.067920       1.006830      0.9506400      0.8831700      0.8331200      0.8053800      0.7637300      0.7238100      0.6854200      0.6486100      0.6136800      0.5810400      0.5337800      0.5153000      0.4985100      0.4851500      0.4772200      0.4710600      0.4676000      0.4666300      0.4678600      0.4702300      0.4747800      0.4814500      0.4879700      0.4949300      0.5002100      0.5071500    
   1.231790       1.129760       1.063510       1.004370      0.9253600      0.8736700      0.8206200      0.7923300      0.7479200      0.7054000      0.6646100      0.6256000      0.5886000      0.5204800      0.4995700      0.4805200      0.4636600      0.4503800      0.4415100      0.4359600      0.4334600      0.4336300      0.4360300      0.4395200      0.4459600      0.4525700      0.4599600      0.4659000      0.4743800      0.4824900    
   1.228580       1.125420       1.058980      0.9691200      0.9151800      0.8618400      0.8266800      0.7777300      0.7309400      0.6860500      0.6429400      0.6016500      0.5623800      0.4865200      0.4649200      0.4443800      0.4254300      0.4126900      0.4038700      0.3990000      0.3976500      0.3990600      0.4027900      0.4081900      0.4148500      0.4223500      0.4286200      0.4377300      0.4471300      0.4564900    
   1.219120       1.137660       1.027810      0.9577300      0.9004100      0.8861900      0.8131000      0.7622500      0.7134200      0.6664100      0.6211300      0.5776000      0.4768900      0.4370700      0.4133600      0.3978500      0.3839600      0.3738100      0.3679500      0.3664800      0.3687000      0.3735600      0.3801200      0.3884900      0.3947100      0.4026000      0.4117500      0.4212400      0.4309600      0.4291000    
   1.220470       1.085580      0.9577300      0.9159650      0.8869200      0.8725100      0.7966700      0.7464800      0.6959700      0.6471500      0.5602700      0.5216500      0.4226900      0.3946900      0.3770400      0.3598500      0.3446200      0.3328200      0.3270400      0.3271000      0.3315300      0.3385000      0.3458400      0.3546100      0.3637100      0.3721000      0.3816100      0.3914700      0.4017300      0.4123700    
   1.141520      0.9577300      0.9238390      0.9028600      0.9188000      0.8374400      0.7822400      0.7289300      0.6160000      0.5758000      0.5350600      0.3976600      0.3806300      0.3622900      0.3431100      0.3237200      0.3056300      0.2917300      0.2854300      0.2879000      0.2951700      0.3044400      0.3141400      0.3237800      0.3332600      0.3426700      0.3511300      0.3608600      0.3711600      0.3821800    
  0.9577300      0.9278000      0.9108300      0.9188000      0.8600930      0.8240400      0.6809700      0.6363000      0.5930300      0.5525100      0.5113400      0.3700800      0.3525300      0.3334400      0.3130000      0.2915800      0.2692900      0.2506200      0.2441400      0.2514200      0.2628600      0.2742900      0.2674600      0.2739700      0.2804300      0.2871300      0.2942900      0.3025700      0.3122400      0.3237100    
  0.9297860      0.9148150      0.9188000      0.8676440      0.8240400      0.7167770      0.6453200      0.6024600      0.5608900      0.5204600      0.3540700      0.3392200      0.3227500      0.3046900      0.2850300      0.2650400      0.2418000      0.2154100      0.2060600      0.2160600      0.2242300      0.2316400      0.2381200      0.2439800      0.2495500      0.2552300      0.2614300      0.2684900      0.2772000      0.2866700    
  0.9168080      0.9188000      0.8701610      0.8240400      0.7287120      0.6453200      0.6238900      0.6028900      0.5073900      0.3457500      0.3326500      0.3181100      0.3021200      0.2847200      0.2538100      0.2357700      0.2150400      0.1990000      0.1920500      0.1960500      0.2023300      0.2077400      0.2127700      0.2171800      0.2212200      0.2252500      0.2297400      0.2351900      0.2421300      0.2512800    
  0.9188000      0.8710000      0.8240400      0.7326910      0.6453200      0.6346050      0.6240330      0.5199800      0.3457500      0.3392000      0.3126440      0.3000300      0.2676300      0.2522500      0.2305200      0.2153200      0.2018100      0.1899900      0.1837400      0.1833800      0.1859900      0.1893000      0.1923700      0.1943300      0.1964700      0.1985400      0.2009300      0.2041900      0.2089200      0.2157000    
  0.8712800      0.8240400      0.7340170      0.6453200      0.6399630      0.6346530      0.5310920      0.3457500      0.3424750      0.3095260      0.2833550      0.2666800      0.2524200      0.2290000      0.2154200      0.2022600      0.1915300      0.1819100      0.1758400      0.1733000      0.1730700      0.1737600      0.1745000      0.1749100      0.1743200      0.1741200      0.1741200      0.1748400      0.1769100      0.1810100    
  0.8240400      0.7344590      0.6453200      0.6426410      0.6399780      0.5378640      0.3457500      0.3441130      0.3078900      0.2750170      0.2666800      0.2595500      0.2407270      0.2148100      0.2027400      0.1913100      0.1810900      0.1742600      0.1682600      0.1644800      0.1622800      0.1608000      0.1593600      0.1575800      0.1553500      0.1527900      0.1496900      0.1476800      0.1468600      0.1473100    
  0.7346060      0.6453200      0.6439810      0.6426470      0.5415590      0.3457500      0.3449310      0.3070560      0.2708490      0.2666800      0.2631150      0.2454420      0.2148100      0.2087750      0.2029530      0.1917130      0.1822200      0.1745370      0.1626440      0.1566000      0.1530800      0.1499300      0.1466500      0.1428800      0.1384800      0.1335700      0.1274800      0.1225100      0.1248900      0.1222300    
  0.6453200      0.6446500      0.6439820      0.5434840      0.3457500      0.3453410      0.3066360      0.2687640      0.2666800      0.2648970      0.2475120      0.2148100      0.2117920      0.2088460      0.2011470      0.1922960      0.1828230      0.1644260      0.1531100      0.1496200      0.1452700      0.1409400      0.1362100      0.1295800      0.1233800      0.1163800      0.1152700      0.1073100       0.000000       0.000000    
  0.6449850      0.6446510      0.5444670      0.3457500      0.3455450      0.3064260      0.2677220      0.2666800      0.2657890      0.2484750      0.2148100      0.2133010      0.2118160      0.2072620      0.2007630      0.1920890      0.1681060      0.1513650      0.1496200      0.1439800      0.1370500      0.1322600      0.1267200      0.1201200      0.1192200      0.1098700       0.000000       0.000000       0.000000       0.000000    
  0.6449850      0.5449630      0.3457500      0.3456480      0.3063200      0.2672010      0.2666800      0.2662340      0.2489380      0.2148100      0.2140560      0.2133090      0.2107930      0.2066140      0.2000380      0.1703080      0.1504920      0.1496200      0.1384450      0.1313650      0.1305860      0.1271000      0.1281700      0.1204400      0.1109400       0.000000       0.000000       0.000000       0.000000       0.000000    
  0.5452130      0.3457500      0.3456990      0.3062680      0.2669410      0.2666800      0.2664570      0.2491660      0.2148100      0.2144330      0.2140580      0.2127190      0.2102390      0.1894440      0.1656000      0.1402600      0.1400900      0.1357000      0.1299070      0.1288150      0.1256800      0.1308400      0.1246600      0.1163300      0.1059100       0.000000       0.000000       0.000000       0.000000       0.000000    
  0.3457500      0.3457240      0.3062410      0.2668100      0.2666800      0.2665690      0.2492780      0.2148100      0.2146210      0.2144340      0.2137370      0.2123390      0.1784770      0.1401130      0.1403300      0.1360510      0.1301970      0.1305600      0.1299670      0.1295400      0.1319500      0.1279500      0.1234300      0.1152400      0.1044600       0.000000       0.000000       0.000000       0.000000       0.000000    
  0.3457370      0.3062280      0.2667450      0.2666800      0.2666240      0.2493340      0.2148100      0.2147160      0.2146220      0.2142640      0.1732900      0.1129700      0.1308650      0.1398720      0.1398960      0.1403300      0.1335870      0.1298350      0.1305600      0.1309530      0.1309900      0.1280000      0.1233300      0.1173800      0.1069400       0.000000       0.000000       0.000000       0.000000       0.000000    
  0.3062220      0.2667130      0.2666800      0.2666520      0.2493620      0.2148100      0.2147630      0.2147160      0.2145340      0.1656230      0.1129700      0.1129700      0.1129700      0.1305040      0.1393890      0.1394610      0.1403300      0.1336220      0.1291100      0.1305600      0.1303100      0.1295200      0.1271300      0.1218900      0.1137800       0.000000       0.000000       0.000000       0.000000       0.000000    
  0.2666960      0.2666800      0.2666660      0.2493760      0.2148100      0.2147860      0.2147630      0.1610030      0.1304780      0.1128930      0.1129700      0.1129700      0.1129700      0.1129700      0.1297610      0.1383770      0.1385930      0.1403300      0.1344900      0.1276600      0.1297600      0.1320200      0.1331800      0.1313800      0.1246600      0.1133400       0.000000       0.000000       0.000000       0.000000    
  0.2666800      0.2666730      0.2493830      0.2148100      0.2147980      0.1288720       0.000000       0.000000       0.000000      0.7510390E-01  0.1127380      0.1129700      0.1129700      0.1129700      0.1129700      0.1282360      0.1362070      0.1368550      0.1403300      0.1394100      0.1406700      0.1435800      0.1459300      0.1439100      0.1419400      0.1311600      0.1148900       0.000000       0.000000       0.000000    
  0.2666770      0.2493870      0.2148100      0.2148040      0.1117010      0.1942290E-05   0.000000       0.000000       0.000000       0.000000      0.7470790E-01  0.1122730      0.1129700      0.1129700      0.1129700      0.1129700      0.1251730      0.1314370      0.1333800      0.1338400      0.1350700      0.1425700      0.1527000      0.1632900      0.1662100      0.1529800      0.1331900      0.1182400       0.000000       0.000000    
