iMOD/TUTORIALS/TUT_MetaswapAnalyser/model_MetaSWAP/meteo/Precipitation/Precipitation_20060227_L1.ASC
NCOLS                30
NROWS                30
XLLCORNER     160000.00
YLLCORNER     340000.00
CELLSIZE        1000.00
NODATA_VALUE   -9999.00
   4.254790       4.222900       4.189150       4.154240       4.120730       4.091150       4.067210       4.044820       4.023600       4.005900       3.994530       3.983920       3.972330       3.954880       3.937220       3.918980       3.909870       3.876230       3.838650       3.795730       3.748020       3.699150       3.644130       3.579840       3.520610       3.460230       3.400210       3.343100       3.293540       3.262240    
   4.233710       4.203840       4.178350       4.146150       4.115910       4.087770       4.062680       4.039040       4.014830       3.998020       3.992470       3.986140       3.977850       3.965900       3.950610       3.944800       3.917900       3.889650       3.845840       3.796960       3.742430       3.686120       3.623940       3.553150       3.486780       3.418890       3.350320       3.282760       3.210710       3.167640    
   4.220530       4.191420       4.162190       4.134210       4.109530       4.082770       4.058320       4.035780       4.014450       4.000040       3.993490       3.988820       3.984640       3.974350       3.965150       3.959170       3.933280       3.896900       3.850450       3.795640       3.732430       3.669440       3.595120       3.525580       3.454450       3.381910       3.297780       3.224940       3.155170       3.087140    
   4.206620       4.178280       4.150210       4.123620       4.097450       4.073100       4.050870       4.032610       4.013560       4.001880       3.993800       3.990420       3.987130       3.982280       3.975110       3.969180       3.944940       3.906510       3.854820       3.793260       3.725580       3.646220       3.576130       3.491640       3.418990       3.346180       3.273090       3.199590       3.128050       3.054560    
   4.191610       4.163920       4.137460       4.111070       4.086080       4.062930       4.042080       4.021170       4.005990       3.994970       3.980260       3.978690       3.980320       3.980050       3.982790       3.979160       3.953330       3.912130       3.852880       3.782660       3.699270       3.623210       3.550120       3.475130       3.402760       3.331850       3.262580       3.198990       3.136280       3.088290    
   4.175260       4.148600       4.121940       4.096280       4.072030       4.049660       4.029000       4.009050       3.976460       3.968180       3.965160       3.965950       3.970290       3.974720       3.978090       3.983520       3.970890       3.926650       3.856560       3.776360       3.687550       3.607890       3.533590       3.460780       3.391260       3.324370       3.262300       3.209050       3.161340       3.131060    
   4.179260       4.130720       4.104400       4.079070       4.054140       4.032110       4.012320       3.964630       3.952080       3.944840       3.941580       3.942500       3.947710       3.956800       3.961870       3.982160       3.989140       3.937060       3.848430       3.752570       3.666320       3.585970       3.511320       3.444130       3.379910       3.320770       3.271390       3.225100       3.189570       3.170420    
   4.131820       4.135000       4.083520       4.058260       4.034240       3.993940       3.951450       3.934510       3.922540       3.913890       3.908920       3.907980       3.911470       3.919060       3.921530       3.947490       3.977090       3.911580       3.808610       3.715620       3.631180       3.554590       3.485060       3.424100       3.367230       3.320820       3.276490       3.240630       3.213360       3.203170    
   4.112540       4.115950       4.087780       4.036260       3.988010       3.966740       3.919780       3.901000       3.887000       3.875730       3.867470       3.862500       3.861050       3.838020       3.852300       3.864390       3.861400       3.814480       3.736140       3.655480       3.580430       3.512490       3.451500       3.399240       3.355800       3.314060       3.279420       3.250270       3.234830       3.231050    
   4.090680       4.095400       4.066740       4.006600       3.958770       3.936230       3.881760       3.863110       3.846270       3.831380       3.818540       3.807780       3.798920       3.762820       3.762710       3.759120       3.742750       3.700290       3.641280       3.577650       3.516790       3.460490       3.410780       3.366930       3.335600       3.303780       3.275610       3.258800       3.250890       3.252850    
   4.102070       4.084270       4.036700       3.978050       3.951590       3.882470       3.843090       3.821770       3.801540       3.782380       3.764160       3.746620       3.686030       3.704030       3.692630       3.665290       3.629820       3.583520       3.531070       3.478360       3.429340       3.385400       3.346710       3.316720       3.285310       3.265000       3.249660       3.241620       3.241680       3.268720    
   4.102150       4.050270       3.978050       3.927560       3.919790       3.868700       3.822400       3.778060       3.754210       3.730540       3.750400       3.719500       3.647460       3.635350       3.599660       3.560570       3.515790       3.469090       3.423710       3.384130       3.350410       3.321250       3.296290       3.274600       3.257050       3.247230       3.240310       3.239700       3.246070       3.259910    
   4.063590       3.978050       3.914180       3.890310       3.860820       3.810300       3.781680       3.752950       3.786900       3.734930       3.698900       3.631570       3.596620       3.557540       3.511250       3.461730       3.407780       3.355280       3.315210       3.288750       3.272080       3.257840       3.245320       3.234760       3.226940       3.222760       3.226430       3.232450       3.244500       3.263020    
   3.978050       3.907150       3.875560       3.860820       3.814190       3.771460       3.825400       3.787170       3.747840       3.694020       3.652920       3.574350       3.532880       3.486510       3.434190       3.373580       3.307820       3.245200       3.206130       3.199620       3.199230       3.198500       3.173870       3.168640       3.165840       3.166640       3.176090       3.187370       3.204820       3.228900    
   3.903550       3.868190       3.860820       3.815490       3.771460       3.786560       3.762810       3.724680       3.685040       3.643470       3.573720       3.530790       3.483660       3.431440       3.373200       3.299280       3.230240       3.153710       3.110770       3.117930       3.124960       3.127720       3.129240       3.131130       3.134820       3.141550       3.152400       3.172390       3.194020       3.227490    
   3.864510       3.860820       3.815920       3.771460       3.773610       3.762810       3.743740       3.724180       3.656880       3.574320       3.531850       3.486000       3.436200       3.381910       3.321560       3.257670       3.166450       3.109290       3.076560       3.074930       3.080470       3.086130       3.091980       3.098670       3.107260       3.118750       3.134070       3.153950       3.182650       3.213190    
   3.860820       3.816070       3.771460       3.769290       3.762810       3.753280       3.743580       3.674780       3.574320       3.553090       3.488800       3.448090       3.395740       3.341670       3.240170       3.187950       3.131770       3.087260       3.058470       3.047430       3.046730       3.050540       3.056780       3.064860       3.075880       3.090180       3.108430       3.131210       3.158970       3.196430    
   3.816120       3.771460       3.767850       3.762810       3.758040       3.753220       3.686490       3.574320       3.563700       3.489170       3.425920       3.403740       3.355460       3.251780       3.204350       3.156870       3.105740       3.067930       3.040990       3.026000       3.020400       3.021010       3.025900       3.034390       3.046080       3.061960       3.082110       3.106910       3.136680       3.172560    
   3.771460       3.767370       3.762810       3.760430       3.758030       3.693020       3.574320       3.569010       3.489150       3.414830       3.403740       3.379600       3.307790       3.220190       3.175460       3.131880       3.091750       3.049480       3.023450       3.006410       2.997480       2.995140       2.998120       3.005760       3.017850       3.034430       3.055350       3.081480       3.113580       3.149750    
   3.767220       3.762810       3.761620       3.760420       3.696450       3.574320       3.571670       3.489100       3.409280       3.403740       3.391670       3.327830       3.220190       3.197820       3.175840       3.133030       3.091040       3.054890       3.007080       2.987390       2.976030       2.971170       2.972160       2.978550       2.990130       3.006820       3.028160       3.056350       3.111570       3.145240    
   3.762810       3.762210       3.761620       3.698200       3.574320       3.572990       3.489070       3.406510       3.403740       3.397710       3.335860       3.220190       3.209010       3.197950       3.168900       3.133300       3.092990       3.019940       2.978020       2.968660       2.955220       2.948130       2.947170       2.951590       2.962450       2.979000       3.028420       3.054840       3.085520       3.120070    
   3.762510       3.762210       3.699090       3.574320       3.573660       3.489050       3.405130       3.403740       3.400720       3.339370       3.220190       3.214600       3.209050       3.191950       3.166720       3.131730       3.037650       2.973340       2.968660       2.952630       2.934000       2.924840       2.922040       2.925660       2.962630       2.978760       3.000790       3.027720       3.059000       3.094490    
   3.762510       3.699530       3.574320       3.573990       3.489040       3.404430       3.403740       3.402230       3.341010       3.220190       3.217390       3.214610       3.205200       3.189240       3.163470       3.049460       2.971000       2.968660       2.938750       2.921770       2.915600       2.904590       2.922640       2.925360       2.935260       2.951740       2.974190       3.001860       3.033890       3.069580    
   3.699760       3.574320       3.574150       3.489030       3.404090       3.403740       3.402990       3.341790       3.220190       3.218790       3.217400       3.212400       3.203020       3.121830       3.032810       2.940830       2.940210       2.928050       2.913390       2.911950       2.909540       2.905030       2.897930       2.899230       2.908250       2.924860       2.948310       2.977420       3.010790       3.048610    
   3.574320       3.574240       3.489030       3.403910       3.403740       3.403360       3.342180       3.220190       3.219490       3.218790       3.216200       3.210940       3.079510       2.929910       2.929420       2.924440       2.911270       2.911750       2.907710       2.906450       2.914360       2.896670       2.873500       2.872730       2.881040       2.898430       2.923890       2.955660       2.992760       3.030610    
   3.574280       3.489030       3.403830       3.403740       3.403550       3.342370       3.220190       3.219840       3.219490       3.218160       3.131740       3.006380       2.955810       2.930410       2.930400       2.929420       2.916860       2.910790       2.911750       2.900710       2.895450       2.875020       2.861920       2.845950       2.853630       2.872660       2.901630       2.938900       2.979320       3.021010    
   3.489030       3.403780       3.403740       3.403650       3.342460       3.220190       3.220020       3.219840       3.219160       3.116430       3.006380       3.006380       3.006380       2.956540       2.931400       2.931370       2.929420       2.915490       2.909830       2.911750       2.881270       2.855380       2.836890       2.829310       2.825910       2.847760       2.883080       2.926370       2.973870       3.022380    
   3.403760       3.403740       3.403690       3.342510       3.220190       3.220100       3.220020       3.222470       3.145730       3.006510       3.006380       3.006380       3.006380       3.006380       2.958000       2.933420       2.933320       2.929420       2.910940       2.907920       2.872300       2.839790       2.813940       2.800310       2.805160       2.824420       2.868000       2.921150       2.977910       3.034750    
   3.403740       3.403720       3.342530       3.220190       3.220150       3.223450       3.228450       3.229660       3.230870       3.081580       3.006780       3.006380       3.006380       3.006380       3.006380       2.960840       2.937510       2.937220       2.929420       2.894690       2.858580       2.822500       2.788080       2.771570       2.773550       2.807700       2.860230       2.926320       2.993590       3.058640    
   3.403730       3.342540       3.220190       3.220170       3.224180       3.228500       3.228500       3.228450       3.229660       3.230870       3.082270       3.007590       3.006380       3.006380       3.006380       3.006380       2.966140       2.945900       2.945020       2.909380       2.865850       2.825320       2.783070       2.745900       2.739960       2.792800       2.871900       2.948420       3.024370       3.096040    
