iMOD/TUTORIALS/TUT_MetaswapAnalyser/model_MetaSWAP/meteo/Precipitation/Precipitation_20060402_L1.ASC
NCOLS                30
NROWS                30
XLLCORNER     160000.00
YLLCORNER     340000.00
CELLSIZE        1000.00
NODATA_VALUE   -9999.00
   3.222650       3.216800       3.213950       3.213800       3.212950       3.215180       3.214200       3.210350       3.208150       3.223120       3.259090       3.299230       3.335060       3.364230       3.388950       3.396990       3.400520       3.404310       3.394120       3.377020       3.354960       3.332000       3.305980       3.285160       3.260170       3.237330       3.217380       3.201260       3.190560       3.183300    
   3.240290       3.233160       3.226820       3.225810       3.223200       3.223810       3.221980       3.216760       3.207620       3.221550       3.273440       3.320900       3.364880       3.394170       3.422960       3.439600       3.447690       3.445920       3.438180       3.416210       3.388260       3.358770       3.326430       3.299110       3.268080       3.239180       3.212900       3.189870       3.192610       3.174820    
   3.246880       3.240760       3.236440       3.230380       3.233670       3.234530       3.234550       3.233940       3.236710       3.258200       3.301330       3.350710       3.394440       3.434320       3.469120       3.490890       3.500810       3.495830       3.477040       3.447650       3.418520       3.381630       3.347550       3.309130       3.272670       3.238640       3.230730       3.197630       3.163170       3.138210    
   3.251440       3.246410       3.243020       3.238560       3.239300       3.241450       3.245270       3.256640       3.270010       3.294580       3.334830       3.381750       3.430200       3.475690       3.516310       3.544290       3.556570       3.548970       3.523140       3.484580       3.439400       3.403780       3.359150       3.341660       3.298950       3.258560       3.220400       3.184300       3.147240       3.117440    
   3.254030       3.250080       3.245360       3.245470       3.247580       3.252000       3.259560       3.269890       3.290720       3.322160       3.366690       3.414060       3.467210       3.520400       3.561930       3.599270       3.629050       3.619520       3.584780       3.535300       3.488300       3.433360       3.383140       3.337890       3.292380       3.250250       3.211350       3.171600       3.141780       3.120270    
   3.254620       3.250580       3.249550       3.250530       3.253890       3.260180       3.267110       3.283570       3.322190       3.346270       3.385560       3.433390       3.487800       3.545080       3.605360       3.658280       3.686830       3.670730       3.618090       3.552010       3.492380       3.430230       3.375650       3.324510       3.278400       3.239550       3.202010       3.164980       3.139300       3.122940    
   3.255180       3.252170       3.251600       3.253160       3.252250       3.260420       3.272620       3.313020       3.326740       3.355560       3.392670       3.438100       3.491580       3.552520       3.620310       3.691370       3.745670       3.715070       3.632170       3.553830       3.478990       3.412980       3.355160       3.306680       3.262160       3.222880       3.183380       3.155120       3.134690       3.120850    
   3.249220       3.244950       3.244840       3.247330       3.252340       3.289430       3.304100       3.308890       3.328280       3.354120       3.387040       3.427470       3.475760       3.532910       3.599540       3.675210       3.759500       3.705300       3.605590       3.517710       3.442620       3.378780       3.324370       3.279870       3.239540       3.198740       3.168970       3.144150       3.128390       3.114880    
   3.238610       3.243590       3.243390       3.244640       3.286570       3.290810       3.304600       3.305730       3.321650       3.342640       3.369170       3.401570       3.440080       3.487260       3.536820       3.587550       3.619120       3.590170       3.519150       3.446290       3.381910       3.327320       3.281320       3.244430       3.205110       3.176250       3.151330       3.134460       3.116820       3.104310    
   3.235980       3.240450       3.239410       3.285350       3.286350       3.288690       3.289100       3.297000       3.308130       3.322780       3.341060       3.362940       3.388120       3.417010       3.445810       3.467170       3.468530       3.445670       3.400780       3.350610       3.304860       3.261430       3.228190       3.199910       3.172240       3.150720       3.136010       3.118470       3.103470       3.091640    
   3.238900       3.238610       3.262530       3.284900       3.283070       3.266730       3.280410       3.284010       3.289520       3.296880       3.305820       3.315850       3.328010       3.370130       3.359150       3.350390       3.330040       3.297820       3.259520       3.223180       3.192980       3.169010       3.149670       3.128340       3.118830       3.101530       3.088720       3.076710       3.065750       3.078890    
   3.239380       3.256240       3.284900       3.275580       3.279110       3.257940       3.268890       3.268370       3.267940       3.267740       3.328830       3.318350       3.313140       3.281360       3.260020       3.229450       3.192050       3.153110       3.121920       3.103050       3.094170       3.090480       3.088050       3.085880       3.082630       3.080260       3.074340       3.067090       3.058760       3.049750    
   3.255590       3.284900       3.270730       3.267180       3.255260       3.262800       3.257070       3.251230       3.332840       3.318540       3.300010       3.267290       3.242080       3.209790       3.169790       3.119150       3.062540       3.011340       2.983360       2.984950       2.998690       3.016480       3.032010       3.043790       3.051610       3.055640       3.058620       3.056040       3.050440       3.042070    
   3.284900       3.268030       3.261220       3.255260       3.257570       3.254640       3.362310       3.344020       3.323740       3.306210       3.278750       3.232720       3.196290       3.151130       3.095420       3.028640       2.952280       2.876010       2.847260       2.876700       2.919170       2.957130       2.984060       3.007200       3.024170       3.035640       3.044530       3.046490       3.043950       3.037000    
   3.266610       3.258240       3.255260       3.255820       3.254640       3.335590       3.389830       3.365580       3.338520       3.307850       3.252630       3.214700       3.169270       3.114680       3.049230       2.972210       2.880350       2.775990       2.736080       2.808910       2.869970       2.920250       2.960680       2.992600       3.017090       3.034980       3.046810       3.055090       3.055560       3.047650    
   3.256750       3.255260       3.255240       3.254640       3.326690       3.389830       3.377710       3.364640       3.322900       3.279660       3.243590       3.201450       3.152110       3.094460       3.036990       2.960100       2.865910       2.788070       2.763220       2.804850       2.859110       2.909020       2.951950       2.987650       3.016530       3.039000       3.055360       3.065740       3.072390       3.070480    
   3.255260       3.255050       3.254640       3.323720       3.389830       3.383770       3.377390       3.336230       3.279660       3.261630       3.232020       3.200350       3.162940       3.107050       3.026280       2.960450       2.894740       2.843440       2.825430       2.844140       2.881860       2.924100       2.964470       3.000460       3.031570       3.057370       3.077720       3.092440       3.101280       3.105880    
   3.254980       3.254640       3.322730       3.389830       3.386800       3.383660       3.344260       3.279660       3.270640       3.245210       3.217710       3.235060       3.186460       3.102890       3.048180       2.993240       2.941490       2.904570       2.889800       2.898550       2.923830       2.957140       2.992620       3.027070       3.058630       3.086730       3.110600       3.129710       3.143580       3.151650    
   3.254640       3.322400       3.389830       3.388310       3.386760       3.348600       3.279660       3.275150       3.251390       3.226380       3.235060       3.210760       3.163720       3.130490       3.083100       3.037710       2.998720       2.967160       2.954420       2.958290       2.975640       3.001700       3.032230       3.064260       3.095860       3.125740       3.152790       3.176490       3.195770       3.209230    
   3.322290       3.389830       3.389070       3.388300       3.350830       3.279660       3.277410       3.254400       3.230720       3.235060       3.222910       3.185010       3.130490       3.106800       3.083770       3.039840       3.001200       2.973430       2.996390       3.019970       3.032240       3.052970       3.079370       3.109130       3.140480       3.172050       3.201300       3.229480       3.265680       3.285830    
   3.389830       3.389450       3.389070       3.351970       3.279660       3.278530       3.255880       3.232890       3.235060       3.228980       3.193370       3.130490       3.118640       3.107020       3.076800       3.041600       3.004820       3.020830       3.051030       3.082100       3.090890       3.107700       3.130860       3.157240       3.188610       3.222120       3.268220       3.301890       3.333270       3.360640    
   3.389640       3.389450       3.352540       3.279660       3.279100       3.256620       3.233980       3.235060       3.232020       3.196980       3.130490       3.124570       3.118720       3.100820       3.075140       3.041080       3.043180       3.066570       3.082100       3.107000       3.148010       3.161870       3.182530       3.209100       3.252620       3.286900       3.325630       3.365480       3.404580       3.441020    
   3.389640       3.352820       3.279660       3.279380       3.256990       3.234520       3.235060       3.233540       3.198640       3.130490       3.127530       3.124590       3.114700       3.098230       3.072350       3.100140       3.074330       3.082100       3.175840       3.210790       3.216000       3.218550       3.243670       3.269990       3.302620       3.341020       3.384160       3.430590       3.478220       3.524070    
   3.352960       3.279660       3.279520       3.257180       3.234790       3.235060       3.234300       3.199430       3.130490       3.129010       3.127540       3.122270       3.112510       3.247280       3.289230       3.267010       3.266970       3.272840       3.281890       3.303450       3.273570       3.278000       3.294850       3.319370       3.352010       3.392530       3.440100       3.493330       3.550200       3.603560    
   3.279660       3.279590       3.257270       3.234920       3.235060       3.234680       3.199820       3.130490       3.129750       3.129010       3.126270       3.120770       3.379600       3.706560       3.703850       3.493820       3.459740       3.451850       3.372540       3.331420       3.333340       3.339720       3.342910       3.364860       3.396820       3.439010       3.490660       3.550280       3.612220       3.682280    
   3.279620       3.257310       3.234990       3.235060       3.234870       3.200010       3.130490       3.130120       3.129750       3.128350       3.499920       4.061760       3.827310       3.709400       3.709270       3.703850       3.544700       3.467620       3.451850       3.403450       3.387340       3.388050       3.396390       3.405100       3.435310       3.478520       3.533730       3.595540       3.667840       3.745340    
   3.257340       3.235030       3.235060       3.234960       3.200110       3.130490       3.130300       3.130120       3.129410       3.576310       4.061760       4.061760       4.061760       3.831520       3.715090       3.714680       3.703850       3.555490       3.483400       3.451850       3.441280       3.434700       3.435320       3.447270       3.466210       3.509940       3.566280       3.635400       3.711150       3.789040    
   3.235040       3.235060       3.235010       3.200160       3.130490       3.130400       3.130310       3.506540       3.798060       4.062080       4.061760       4.061760       4.061760       4.061760       3.839960       3.726730       3.725510       3.703850       3.582880       3.514940       3.497490       3.481620       3.471400       3.473370       3.494770       3.532080       3.594640       3.668540       3.746440       3.822060    
   3.235060       3.235040       3.200180       3.130490       3.130440       3.752750       4.686200       4.661270       4.636330       4.254140       4.062710       4.061760       4.061760       4.061760       4.061760       3.856670       3.750830       3.747180       3.703850       3.660890       3.616820       3.573320       3.539550       3.495970       3.506740       3.552980       3.620120       3.700680       3.780950       3.854780    
   3.235050       3.200190       3.130490       3.130470       3.877320       4.686340       4.686340       4.686200       4.661270       4.636330       4.255770       4.064600       4.061760       4.061760       4.061760       4.061760       3.888570       3.801450       3.790510       3.742790       3.704110       3.644360       3.583710       3.530000       3.512180       3.560340       3.638510       3.741770       3.822210       3.894100    
