iMOD/TUTORIALS/TUT_MetaswapAnalyser/model_MetaSWAP/meteo/Precipitation/Precipitation_20050722_L1.ASC
NCOLS                30
NROWS                30
XLLCORNER     160000.00
YLLCORNER     340000.00
CELLSIZE        1000.00
NODATA_VALUE   -9999.00
   1.331550       1.470480       1.614120       1.762110       1.911050       2.071170       2.231950       2.386800       2.528290       2.653210       2.763260       2.854880       2.930650       2.987130       3.021650       3.028030       2.953890       2.920980       2.873990       2.809910       2.730780       2.647420       2.545300       2.428940       2.311850       2.189500       2.063390       1.934840       1.805150       1.669990    
   1.341380       1.479550       1.623410       1.771250       1.919150       2.076240       2.232470       2.382740       2.522750       2.648170       2.758070       2.855630       2.933300       2.988990       3.027640       2.987710       2.982600       2.964020       2.915640       2.854970       2.779400       2.698960       2.600830       2.489020       2.376070       2.257810       2.135570       2.010540       1.886290       1.753670    
   1.354060       1.490640       1.632420       1.772800       1.924320       2.077490       2.229310       2.375940       2.513470       2.639590       2.753780       2.853440       2.932130       2.996850       3.042640       3.022210       3.020570       2.998870       2.958070       2.900180       2.821870       2.743980       2.643940       2.541890       2.433370       2.319740       2.205110       2.084000       1.955100       1.833260    
   1.367650       1.501980       1.641340       1.779680       1.927580       2.076660       2.224300       2.367040       2.502620       2.631030       2.746620       2.848450       2.933500       3.004250       3.055690       3.054440       3.055880       3.036220       2.996570       2.939660       2.868590       2.774880       2.690730       2.595860       2.491230       2.381710       2.268270       2.151790       2.028180       1.910530    
   1.381710       1.513200       1.644600       1.785600       1.929340       2.074060       2.217580       2.363080       2.495610       2.620180       2.733220       2.840760       2.933190       3.010330       3.067180       3.087820       3.096240       3.078550       3.039000       2.981960       2.905410       2.824790       2.742550       2.642020       2.541490       2.436420       2.327620       2.208590       2.096740       1.982910    
   1.395910       1.520880       1.653950       1.790780       1.930130       2.070430       2.218230       2.353040       2.487550       2.606080       2.721070       2.826220       2.924060       3.008880       3.088460       3.121720       3.133240       3.116140       3.073690       3.014490       2.938450       2.859180       2.779260       2.687760       2.591160       2.486410       2.382290       2.267960       2.160260       2.050390    
   1.408430       1.534060       1.662940       1.795340       1.942020       2.076330       2.210130       2.347440       2.468660       2.590430       2.705250       2.811810       2.908950       2.998490       3.105230       3.146820       3.169670       3.150490       3.100750       3.034400       2.963590       2.886360       2.803570       2.722200       2.630280       2.534240       2.425560       2.324380       2.218770       2.113120    
   1.391150       1.560570       1.685770       1.812430       1.941250       2.079640       2.208270       2.328370       2.452360       2.571760       2.685240       2.791620       2.889840       2.978810       3.107300       3.152820       3.189160       3.164780       3.108390       3.046150       2.977990       2.904550       2.826250       2.749860       2.663280       2.562530       2.469480       2.373290       2.279700       2.176560    
   1.421480       1.572640       1.691630       1.815300       1.949860       2.074630       2.198680       2.313560       2.433740       2.549930       2.660870       2.765400       2.862380       3.043860       3.093200       3.132070       3.152430       3.137480       3.096600       3.041980       2.980140       2.912760       2.840530       2.770300       2.679260       2.595410       2.507940       2.423840       2.328280       2.230220    
   1.436220       1.584140       1.698520       1.826390       1.948500       2.068450       2.178710       2.297020       2.412870       2.525080       2.632430       2.733700       2.827510       3.026010       3.063790       3.095270       3.109870       3.097800       3.065250       3.019260       2.964790       2.911140       2.846480       2.776950       2.699940       2.622510       2.548510       2.462120       2.372220       2.279330    
   1.451190       1.572960       1.734500       1.828960       1.943020       2.045300       2.165520       2.278910       2.389990       2.497620       2.600580       2.697570       2.956480       2.959150       3.007320       3.036070       3.054210       3.052560       3.035040       3.004960       2.965330       2.917940       2.863750       2.794330       2.735240       2.680100       2.603760       2.522390       2.436480       2.324150    
   1.452960       1.646900       1.828960       1.907550       1.939770       2.032750       2.148440       2.259450       2.365460       2.468100       2.514510       2.613040       2.872550       2.928550       2.961150       2.984660       2.995290       2.999370       2.988040       2.967420       2.938500       2.901700       2.855120       2.803770       2.745850       2.690870       2.621620       2.546860       2.467010       2.382540    
   1.567400       1.828960       1.896010       1.929110       1.918440       2.029230       2.133290       2.236160       2.264650       2.371320       2.470490       2.805090       2.847820       2.884370       2.911840       2.930640       2.938250       2.935420       2.934120       2.924550       2.903640       2.877700       2.843550       2.801570       2.752260       2.696130       2.643450       2.575420       2.501640       2.422500    
   1.828960       1.891800       1.923770       1.918440       1.988790       2.018690       2.026570       2.128350       2.228780       2.329380       2.423590       2.768420       2.806230       2.838010       2.861930       2.876110       2.882700       2.875580       2.868470       2.873710       2.868210       2.853290       2.810590       2.774700       2.731600       2.681910       2.635870       2.574730       2.507990       2.435940    
   1.890080       1.921110       1.918440       1.975310       2.018690       2.024510       2.028260       2.123440       2.217060       2.308160       2.704510       2.740390       2.772050       2.798090       2.816960       2.828960       2.828420       2.815710       2.808920       2.811950       2.821720       2.811560       2.792270       2.764740       2.729730       2.687800       2.639410       2.594750       2.534500       2.471510    
   1.919770       1.918440       1.970810       2.018690       2.023820       2.028260       2.075850       2.122920       2.320230       2.632260       2.667310       2.699570       2.727960       2.751300       2.765900       2.775840       2.775260       2.771930       2.770800       2.774110       2.771970       2.786070       2.774100       2.754250       2.726990       2.692750       2.651840       2.604520       2.560340       2.500380    
   1.918440       1.969310       2.018690       2.023590       2.028260       2.052050       2.075680       2.287820       2.632260       2.649790       2.657890       2.657640       2.680190       2.701700       2.710240       2.720190       2.731740       2.735040       2.738300       2.741810       2.742170       2.736950       2.725420       2.739390       2.718990       2.691870       2.658170       2.617990       2.571410       2.521780    
   1.968810       2.018690       2.023510       2.028260       2.040160       2.052000       2.261950       2.632260       2.641020       2.643560       2.645160       2.632690       2.652340       2.645860       2.660420       2.671210       2.689360       2.697060       2.703770       2.709390       2.712430       2.711320       2.705190       2.693690       2.708560       2.688260       2.661630       2.628600       2.589120       2.538330    
   2.018690       2.023490       2.028260       2.034210       2.040140       2.246590       2.632260       2.636640       2.637690       2.638930       2.632690       2.642510       2.631770       2.596200       2.610550       2.622240       2.631250       2.656830       2.666540       2.674860       2.680970       2.683850       2.682730       2.677140       2.666790       2.651510       2.661970       2.636110       2.599060       2.569430    
   2.023480       2.028260       2.031230       2.034200       2.238300       2.632260       2.634450       2.635020       2.635810       2.632690       2.637600       2.625790       2.596200       2.603370       2.609660       2.621350       2.636770       2.651540       2.646350       2.637320       2.646670       2.653530       2.657240       2.657290       2.653280       2.644850       2.640800       2.617260       2.567980       2.565460    
   2.028260       2.029750       2.031230       2.234000       2.632260       2.633360       2.633730       2.634250       2.632690       2.635150       2.623070       2.596200       2.599790       2.603080       2.611460       2.622590       2.636550       2.629520       2.616760       2.596200       2.608780       2.619550       2.627960       2.643830       2.645380       2.643120       2.603770       2.593480       2.578970       2.559810    
   2.029000       2.029750       2.231810       2.632260       2.632810       2.633100       2.633470       2.632690       2.633920       2.621780       2.596200       2.597990       2.599690       2.604780       2.612380       2.623540       2.618270       2.606480       2.596200       2.595100       2.580330       2.593520       2.605360       2.615260       2.593400       2.592430       2.593480       2.590980       2.584390       2.574000    
   2.029000       2.230700       2.632260       2.632530       2.632790       2.633080       2.632690       2.633300       2.621150       2.596200       2.597100       2.597960       2.600820       2.605610       2.613560       2.572730       2.601340       2.596200       2.527060       2.513620       2.528040       2.551630       2.533330       2.548530       2.560830       2.571390       2.579600       2.584620       2.585770       2.582320    
   2.230150       2.632260       2.632400       2.632630       2.632880       2.632690       2.633000       2.620840       2.596200       2.596650       2.597090       2.598630       2.601460       2.451080       2.394510       2.406910       2.408140       2.418370       2.429330       2.403310       2.446910       2.467830       2.490140       2.509220       2.527790       2.545180       2.560610       2.573240       2.582210       2.586020    
   2.632260       2.632330       2.632550       2.632790       2.632690       2.632840       2.620680       2.596200       2.596420       2.596640       2.597450       2.599060       2.322460       1.981820       1.984340       2.183910       2.211260       2.220080       2.319180       2.371060       2.359710       2.384780       2.440490       2.464610       2.489080       2.513120       2.535790       2.556040       2.572310       2.584820    
   2.632290       2.632510       2.632740       2.632690       2.632770       2.620600       2.596200       2.596310       2.596420       2.596840       2.235890       1.693140       1.883510       1.979300       1.979300       1.984340       2.131890       2.202450       2.220080       2.282270       2.306550       2.329510       2.354970       2.413860       2.444100       2.474770       2.504700       2.532110       2.556700       2.576910    
   2.632490       2.632710       2.632690       2.632730       2.620560       2.596200       2.596260       2.596310       2.596530       2.163090       1.693140       1.693140       1.693140       1.879780       1.974250       1.974260       1.984340       2.120690       2.184810       2.220080       2.242750       2.268840       2.298350       2.331120       2.392480       2.429830       2.466800       2.502300       2.534470       2.561930    
   2.632700       2.632690       2.632710       2.620550       2.596200       2.596230       2.596260       2.259350       1.973560       1.692900       1.693140       1.693140       1.693140       1.693140       1.872440       1.964130       1.964190       1.984340       2.093530       2.149550       2.174010       2.202700       2.235660       2.272980       2.314430       2.377960       2.422900       2.466300       2.506140       2.540880    
   2.632690       2.632700       2.620540       2.596200       2.596210       2.018330       1.151540       1.199930       1.248320       1.544220       1.692430       1.693140       1.693140       1.693140       1.693140       1.858230       1.943880       1.944040       1.984340       2.020140       2.059260       2.101640       2.147640       2.208710       2.255120       2.307000       2.373140       2.424950       2.472780       2.515180    
   2.632690       2.620530       2.596200       2.596210       1.902660       1.151410       1.151410       1.151540       1.199920       1.248320       1.542980       1.691000       1.693140       1.693140       1.693140       1.693140       1.831700       1.903250       1.903730       1.940800       1.982660       2.027250       2.075400       2.127380       2.186320       2.254610       2.324870       2.375000       2.435750       2.486150    
