iMOD/TUTORIALS/TUT_MetaswapAnalyser/model_MetaSWAP/meteo/Precipitation/Precipitation_20051011_L1.ASC
NCOLS                30
NROWS                30
XLLCORNER     160000.00
YLLCORNER     340000.00
CELLSIZE        1000.00
NODATA_VALUE   -9999.00
   0.000000       0.000000       0.000000       0.000000       0.000000       0.000000       0.000000       0.000000       0.000000       0.000000       0.000000       0.000000       0.000000       0.000000       0.000000       0.000000       0.000000       0.000000       0.000000       0.000000       0.000000       0.000000       0.000000       0.000000       0.000000       0.000000       0.000000       0.000000      0.1289000E-01  0.1948000E-01
  0.1001000E-01  0.1001000E-01   0.000000       0.000000       0.000000       0.000000       0.000000       0.000000       0.000000       0.000000       0.000000       0.000000       0.000000       0.000000       0.000000       0.000000       0.000000       0.000000       0.000000       0.000000       0.000000       0.000000       0.000000       0.000000       0.000000       0.000000       0.000000      0.1225000E-01  0.2746000E-01  0.4986000E-01
  0.1001000E-01  0.1001000E-01  0.1001000E-01  0.1084000E-01  0.9830000E-02   0.000000       0.000000       0.000000       0.000000       0.000000       0.000000       0.000000       0.000000       0.000000       0.000000       0.000000       0.000000       0.000000       0.000000       0.000000       0.000000       0.000000       0.000000       0.000000       0.000000       0.000000       0.000000      0.1815000E-01  0.4856000E-01  0.1032900    
  0.1001000E-01  0.1001000E-01  0.1001000E-01  0.1087000E-01  0.1087000E-01  0.1085000E-01  0.1003000E-01   0.000000       0.000000       0.000000       0.000000       0.000000       0.000000       0.000000       0.000000       0.000000       0.000000       0.000000       0.000000       0.000000       0.000000       0.000000       0.000000       0.000000       0.000000       0.000000       0.000000      0.1916000E-01  0.5260000E-01  0.1179300    
  0.1001000E-01  0.1001000E-01  0.1087000E-01  0.1087000E-01  0.1087000E-01  0.1087000E-01  0.1080000E-01  0.1022000E-01   0.000000       0.000000       0.000000       0.000000       0.000000       0.000000       0.000000      0.1339000E-01  0.1768000E-01  0.1645000E-01  0.1185000E-01   0.000000       0.000000       0.000000       0.000000       0.000000       0.000000       0.000000       0.000000      0.1502000E-01  0.3445000E-01  0.6411000E-01
  0.1001000E-01  0.1087000E-01  0.1087000E-01  0.1087000E-01  0.1087000E-01  0.1087000E-01  0.1196000E-01  0.1087000E-01  0.9980000E-02   0.000000       0.000000       0.000000       0.000000       0.000000      0.1640000E-01  0.3243000E-01  0.4723000E-01  0.4222000E-01  0.2447000E-01  0.1214000E-01   0.000000       0.000000       0.000000       0.000000       0.000000       0.000000       0.000000      0.9980000E-02  0.1673000E-01  0.2596000E-01
  0.1196000E-01  0.1087000E-01  0.1087000E-01  0.1087000E-01  0.1196000E-01  0.1196000E-01  0.1196000E-01  0.1001000E-01   0.000000       0.000000       0.000000       0.000000       0.000000      0.1126000E-01  0.2668000E-01  0.6395000E-01  0.1100400      0.9214000E-01  0.4455000E-01  0.1838000E-01   0.000000       0.000000       0.000000       0.000000       0.000000       0.000000       0.000000       0.000000       0.000000      0.1096000E-01
   0.000000      0.1339000E-01  0.1196000E-01  0.1196000E-01  0.1196000E-01  0.1087000E-01  0.1001000E-01   0.000000       0.000000       0.000000       0.000000       0.000000       0.000000      0.1269000E-01  0.3160000E-01  0.7937000E-01  0.1625800      0.1216300      0.5387000E-01  0.2053000E-01  0.9800000E-02   0.000000       0.000000       0.000000       0.000000       0.000000       0.000000       0.000000       0.000000       0.000000    
   0.000000      0.1339000E-01  0.1339000E-01  0.1196000E-01  0.1087000E-01  0.1087000E-01  0.1001000E-01   0.000000       0.000000       0.000000       0.000000       0.000000       0.000000      0.1177000E-01  0.2405000E-01  0.5361000E-01  0.8525000E-01  0.7488000E-01  0.3856000E-01  0.1650000E-01   0.000000       0.000000       0.000000       0.000000       0.000000       0.000000       0.000000       0.000000       0.000000       0.000000    
   0.000000      0.1339000E-01  0.1339000E-01  0.1196000E-01  0.1087000E-01  0.1087000E-01   0.000000       0.000000       0.000000       0.000000       0.000000       0.000000       0.000000      0.1040000E-01  0.1486000E-01  0.2507000E-01  0.3578000E-01  0.3255000E-01  0.2057000E-01  0.1178000E-01   0.000000       0.000000       0.000000       0.000000       0.000000       0.000000       0.000000       0.000000       0.000000       0.000000    
  0.4463330E-02  0.8926670E-02  0.1267500E-01  0.1196000E-01  0.1196000E-01  0.1001000E-01   0.000000       0.000000       0.000000       0.000000       0.000000       0.000000      0.1001000E-01   0.000000      0.9770000E-02  0.1223000E-01  0.1369000E-01  0.1297000E-01  0.1033000E-01   0.000000       0.000000       0.000000       0.000000       0.000000      0.1001000E-01   0.000000       0.000000       0.000000       0.000000       0.000000    
  0.4463330E-02  0.9506250E-02  0.1196000E-01  0.1168750E-01  0.1196000E-01  0.1087000E-01  0.1001000E-01   0.000000       0.000000       0.000000       0.000000       0.000000       0.000000      0.1001000E-01   0.000000       0.000000       0.000000       0.000000       0.000000       0.000000       0.000000       0.000000      0.1001000E-01  0.1001000E-01  0.1001000E-01   0.000000       0.000000       0.000000       0.000000       0.000000    
  0.6854340E-02  0.1196000E-01  0.1148310E-01  0.1141500E-01  0.1087000E-01  0.1001000E-01  0.1001000E-01  0.1001000E-01   0.000000       0.000000       0.000000      0.1001000E-01  0.1001000E-01  0.1001000E-01   0.000000       0.000000       0.000000       0.000000       0.000000       0.000000       0.000000      0.9950000E-02  0.1001000E-01  0.1001000E-01  0.1001000E-01  0.1001000E-01   0.000000       0.000000       0.000000       0.000000    
  0.1196000E-01  0.1136390E-01  0.1114250E-01  0.1087000E-01  0.1029670E-01  0.1001000E-01   0.000000       0.000000       0.000000      0.1001000E-01  0.1001000E-01  0.1001000E-01  0.1001000E-01  0.1001000E-01  0.9830000E-02   0.000000       0.000000       0.000000       0.000000       0.000000       0.000000       0.000000       0.000000       0.000000       0.000000       0.000000       0.000000       0.000000       0.000000       0.000000    
  0.1130000E-01  0.1100630E-01  0.1087000E-01  0.1039220E-01  0.1001000E-01  0.6960000E-02  0.1087000E-01  0.1087000E-01  0.1087000E-01  0.1087000E-01  0.1196000E-01  0.1196000E-01  0.1196000E-01  0.1196000E-01  0.1154000E-01   0.000000       0.000000       0.000000       0.000000       0.000000       0.000000       0.000000       0.000000       0.000000       0.000000       0.000000       0.000000       0.000000       0.000000       0.000000    
  0.1093810E-01  0.1087000E-01  0.1042410E-01  0.1001000E-01  0.9280000E-02  0.1087000E-01  0.1087000E-01  0.1087000E-01  0.1114250E-01  0.1196000E-01  0.1196000E-01  0.1196000E-01  0.1196000E-01  0.1196000E-01  0.1063000E-01   0.000000       0.000000       0.000000       0.000000       0.000000       0.000000       0.000000       0.000000       0.000000       0.000000       0.000000       0.000000       0.000000       0.000000       0.000000    
  0.1087000E-01  0.1043470E-01  0.1001000E-01  0.1005330E-01  0.1087000E-01  0.1087000E-01  0.1087000E-01  0.1121060E-01  0.1196000E-01  0.1196000E-01  0.1196000E-01  0.1196000E-01  0.1087000E-01  0.1087000E-01  0.1085000E-01  0.1001000E-01   0.000000       0.000000       0.000000       0.000000       0.000000      0.9920000E-02  0.1001000E-01   0.000000       0.000000       0.000000       0.000000       0.000000       0.000000       0.000000    
  0.1043820E-01  0.1001000E-01  0.1031110E-01  0.1087000E-01  0.1087000E-01  0.1087000E-01  0.1122770E-01  0.1196000E-01  0.1196000E-01  0.1196000E-01  0.1196000E-01  0.1196000E-01  0.1196000E-01  0.1087000E-01  0.1087000E-01  0.1079000E-01   0.000000       0.000000       0.000000       0.000000      0.9850000E-02  0.1001000E-01  0.1001000E-01  0.1001000E-01   0.000000       0.000000       0.000000       0.000000       0.000000      0.1001000E-01
  0.1001000E-01  0.1039700E-01  0.1087000E-01  0.1087000E-01  0.1087000E-01  0.1123190E-01  0.1196000E-01  0.1196000E-01  0.1196000E-01  0.1196000E-01  0.1196000E-01  0.1196000E-01  0.1141500E-01  0.1087000E-01  0.1087000E-01  0.1087000E-01  0.1087000E-01  0.9970000E-02  0.9950000E-02  0.1001000E-01  0.1001000E-01  0.1001000E-01  0.1001000E-01  0.1001000E-01  0.1001000E-01  0.1001000E-01   0.000000       0.000000      0.1001000E-01  0.1087000E-01
  0.1042570E-01  0.1087000E-01  0.1087000E-01  0.1087000E-01  0.1123300E-01  0.1196000E-01  0.1196000E-01  0.1196000E-01  0.1196000E-01  0.1196000E-01  0.1196000E-01  0.1155120E-01  0.1087000E-01  0.1087000E-01  0.1087000E-01  0.1087000E-01  0.1057000E-01  0.1026330E-01  0.9990000E-02  0.1001000E-01  0.1001000E-01  0.1001000E-01  0.1001000E-01  0.1001000E-01  0.1001000E-01  0.1001000E-01  0.1087000E-01  0.1196000E-01  0.1087000E-01  0.1001000E-01
  0.1087000E-01  0.1087000E-01  0.1087000E-01  0.1123320E-01  0.1196000E-01  0.1196000E-01  0.1196000E-01  0.1196000E-01  0.1196000E-01  0.1196000E-01  0.1158530E-01  0.1087000E-01  0.1087000E-01  0.1087000E-01  0.1087000E-01  0.1077000E-01  0.1056780E-01  0.1016870E-01  0.1001000E-01  0.1001000E-01  0.1001000E-01  0.1001000E-01  0.1001000E-01  0.1087000E-01  0.1087000E-01  0.1087000E-01  0.1087000E-01  0.1087000E-01  0.1087000E-01  0.1087000E-01
  0.1087000E-01  0.1087000E-01  0.1123330E-01  0.1196000E-01  0.1196000E-01  0.1196000E-01  0.1196000E-01  0.1196000E-01  0.1196000E-01  0.1159380E-01  0.1087000E-01  0.1087000E-01  0.1087000E-01  0.1087000E-01  0.1083670E-01  0.1073590E-01  0.1030530E-01  0.1001000E-01  0.1001000E-01  0.1029670E-01  0.1087000E-01  0.1087000E-01  0.1087000E-01  0.1087000E-01  0.1001000E-01  0.1001000E-01  0.1001000E-01  0.1001000E-01  0.1001000E-01  0.1087000E-01
  0.1087000E-01  0.1123330E-01  0.1196000E-01  0.1196000E-01  0.1196000E-01  0.1196000E-01  0.1196000E-01  0.1196000E-01  0.1159600E-01  0.1087000E-01  0.1087000E-01  0.1087000E-01  0.1087000E-01  0.1085890E-01  0.1081420E-01  0.1037960E-01  0.1001000E-01  0.1001000E-01  0.9152920E-02  0.1087000E-01  0.8524000E-02  0.1001000E-01   0.000000       0.000000      0.1001000E-01   0.000000       0.000000       0.000000       0.000000       0.000000    
  0.1123330E-01  0.1196000E-01  0.1196000E-01  0.1196000E-01  0.1196000E-01  0.1196000E-01  0.1196000E-01  0.1159650E-01  0.1087000E-01  0.1087000E-01  0.1087000E-01  0.1087000E-01  0.1086630E-01  0.8135770E-02  0.8118320E-02  0.1001000E-01  0.1001000E-01  0.8881210E-02  0.7755000E-02  0.5435000E-02  0.1087000E-01   0.000000       0.000000       0.000000       0.000000       0.000000       0.000000       0.000000       0.000000       0.000000    
  0.1196000E-01  0.1196000E-01  0.1196000E-01  0.1196000E-01  0.1196000E-01  0.1196000E-01  0.1159660E-01  0.1087000E-01  0.1087000E-01  0.1087000E-01  0.1087000E-01  0.1086880E-01  0.5982650E-02   0.000000       0.000000      0.6647270E-02  0.1001000E-01  0.1001000E-01  0.7478130E-02  0.6960000E-02   0.000000      0.1001000E-01   0.000000       0.000000       0.000000       0.000000       0.000000       0.000000       0.000000       0.000000    
  0.1196000E-01  0.1196000E-01  0.1196000E-01  0.1196000E-01  0.1196000E-01  0.1159670E-01  0.1087000E-01  0.1087000E-01  0.1087000E-01  0.1087000E-01  0.6521750E-02   0.000000      0.3386190E-04  0.4119340E-04   0.000000       0.000000      0.6569060E-02  0.1001000E-01  0.1001000E-01  0.7507500E-02  0.1001000E-01  0.1001000E-01  0.1001000E-01   0.000000       0.000000       0.000000       0.000000      0.9980000E-02   0.000000       0.000000    
  0.1196000E-01  0.1196000E-01  0.1196000E-01  0.1196000E-01  0.1159670E-01  0.1087000E-01  0.1087000E-01  0.1087000E-01  0.1087000E-01  0.5652350E-02   0.000000       0.000000       0.000000      0.9425410E-04  0.1235800E-03   0.000000       0.000000      0.6256250E-02  0.1001000E-01  0.1001000E-01  0.1001000E-01  0.1001000E-01  0.1001000E-01  0.1001000E-01   0.000000       0.000000      0.1001000E-01  0.1001000E-01   0.000000       0.000000    
  0.1196000E-01  0.1196000E-01  0.1196000E-01  0.1159670E-01  0.1087000E-01  0.1087000E-01  0.1087000E-01  0.8152500E-02  0.4565390E-02   0.000000       0.000000       0.000000       0.000000       0.000000      0.2534360E-03  0.3707410E-03   0.000000       0.000000      0.5005000E-02  0.1001000E-01  0.1001000E-01  0.1001000E-01  0.9770000E-02   0.000000      0.9770000E-02   0.000000      0.9820000E-02  0.1001000E-01  0.9810000E-02   0.000000    
  0.1196000E-01  0.1196000E-01  0.1159670E-01  0.1087000E-01  0.1087000E-01  0.6522000E-02   0.000000       0.000000       0.000000       0.000000       0.000000       0.000000       0.000000       0.000000       0.000000      0.6430030E-03  0.1112220E-02   0.000000       0.000000       0.000000       0.000000       0.000000       0.000000       0.000000       0.000000       0.000000       0.000000      0.9800000E-02  0.1001000E-01  0.9850000E-02
  0.1196000E-01  0.1159670E-01  0.1087000E-01  0.1087000E-01  0.5652400E-02   0.000000       0.000000       0.000000       0.000000       0.000000       0.000000       0.000000       0.000000       0.000000       0.000000       0.000000      0.1459790E-02  0.3336670E-02   0.000000       0.000000      0.1000000E-01   0.000000       0.000000       0.000000       0.000000       0.000000       0.000000      0.1000000E-01  0.1001000E-01  0.1001000E-01
