iMOD/TUTORIALS/TUT_MetaswapAnalyser/model_MetaSWAP/meteo/Precipitation/Precipitation_20051214_L1.ASC
NCOLS                30
NROWS                30
XLLCORNER     160000.00
YLLCORNER     340000.00
CELLSIZE        1000.00
NODATA_VALUE   -9999.00
   0.000000       0.000000       0.000000      0.1542600      0.1647000      0.1876300      0.2279800      0.2782600      0.3313200      0.3734600      0.3994500      0.4189800      0.4375800      0.4530600      0.4667800      0.4788900      0.4921400      0.5026900      0.5127100      0.5219500      0.5303800      0.5371200      0.5438700      0.5461500      0.5510200      0.5550800      0.5584000      0.5612500      0.5644300      0.5708100    
  0.1584100      0.1622000      0.1729600      0.1814700      0.1988800      0.2243200      0.2618300      0.3094100      0.3639900      0.4057200      0.4194600      0.4344500      0.4467600      0.4579200      0.4681700      0.4797000      0.4896500      0.5017000      0.5118000      0.5224300      0.5329000      0.5420100      0.5512600      0.5563600      0.5633900      0.5691500      0.5734800      0.5763700      0.5784300      0.5827900    
  0.1719400      0.1783600      0.1870900      0.2029100      0.2273200      0.2531200      0.2874900      0.3290400      0.3771300      0.4088500      0.4287400      0.4409200      0.4502900      0.4587000      0.4680500      0.4777100      0.4859600      0.4957000      0.5069600      0.5193000      0.5316500      0.5434200      0.5525600      0.5634000      0.5730500      0.5811700      0.5869900      0.5909700      0.5932300      0.5925400    
  0.1849700      0.1934000      0.2043200      0.2229100      0.2422600      0.2675100      0.2986300      0.3396700      0.3808700      0.4126000      0.4284800      0.4406200      0.4517600      0.4577500      0.4625200      0.4704000      0.4769100      0.4865200      0.4992000      0.5140000      0.5297500      0.5425900      0.5568000      0.5701600      0.5829100      0.5941700      0.6035200      0.6104600      0.6152800      0.6155800    
  0.1969800      0.2067500      0.2239300      0.2390900      0.2581600      0.2814700      0.3086300      0.3592800      0.3852900      0.4075100      0.4299000      0.4382700      0.4456900      0.4501200      0.4537000      0.4592700      0.4632700      0.4733800      0.4886000      0.5068300      0.5239200      0.5428200      0.5605100      0.5778800      0.5943700      0.6096000      0.6233300      0.6367200      0.6470600      0.6580500    
  0.2077300      0.2242200      0.2367500      0.2518900      0.2700300      0.2911900      0.3259600      0.3660800      0.3985300      0.4141400      0.4274400      0.4364000      0.4413100      0.4418800      0.4469000      0.4439200      0.4453400      0.4565700      0.4762500      0.4992600      0.5208100      0.5435700      0.5650600      0.5864500      0.6070900      0.6267400      0.6456900      0.6655400      0.6835700      0.7031800    
  0.2251900      0.2347000      0.2472300      0.2618800      0.2930800      0.3116000      0.3316400      0.3863700      0.4003500      0.4144300      0.4252200      0.4322900      0.4355700      0.4356700      0.4372400      0.4284700      0.4225600      0.4369500      0.4643900      0.4914300      0.5185800      0.5449800      0.5707800      0.5954900      0.6204500      0.6451400      0.6716500      0.6962500      0.7212400      0.7478900    
  0.2235400      0.2632400      0.2726500      0.2862100      0.3013800      0.3488700      0.3789300      0.3903100      0.4037200      0.4151000      0.4237300      0.4291600      0.4311800      0.4305000      0.4335800      0.4212500      0.4057400      0.4255900      0.4576100      0.4883300      0.5180700      0.5473300      0.5764400      0.6049500      0.6342200      0.6659200      0.6961200      0.7270500      0.7627700      0.7964900    
  0.2508500      0.2726800      0.2840200      0.2939700      0.3441400      0.3578400      0.3875200      0.3961100      0.4071300      0.4163500      0.4232400      0.4274200      0.4287700      0.4431100      0.4342600      0.4256700      0.4222300      0.4343100      0.4595700      0.4887700      0.5192100      0.5504700      0.5824400      0.6145200      0.6500100      0.6845900      0.7202700      0.7613200      0.8002800      0.8406200    
  0.2583600      0.2808000      0.2914900      0.3458900      0.3535000      0.3657200      0.3914300      0.4016500      0.4107600      0.4182900      0.4238100      0.4271100      0.4281700      0.4450900      0.4387800      0.4333600      0.4318300      0.4434900      0.4643100      0.4911800      0.5217900      0.5537500      0.5883800      0.6244500      0.6634000      0.7025500      0.7476400      0.7909500      0.8362900      0.8835100    
  0.2627800      0.2768830      0.3184700      0.3557000      0.3662800      0.3729700      0.3984800      0.4071500      0.4147800      0.4209700      0.4254300      0.4280300      0.4541400      0.4429300      0.4327600      0.4319400      0.4354800      0.4462800      0.4650500      0.4909300      0.5221900      0.5571400      0.5946100      0.6360800      0.6816200      0.7226000      0.7686400      0.8172800      0.8687300      0.9242600    
  0.2630470      0.3034580      0.3557000      0.3695300      0.3743300      0.3839700      0.4103500      0.4128100      0.4192700      0.4244300      0.4215900      0.4243500      0.4504900      0.4360900      0.4343600      0.4328300      0.4349700      0.4435000      0.4610600      0.4876500      0.5211400      0.5589900      0.6046000      0.6482900      0.6938300      0.7402900      0.7905100      0.8439000      0.9009800      0.9619700    
  0.2933350      0.3557000      0.3712780      0.3780700      0.3818100      0.4107300      0.4176100      0.4237900      0.4195800      0.4207300      0.4244500      0.4436900      0.4415500      0.4383100      0.4354800      0.4316400      0.4300300      0.4346100      0.4510800      0.4814500      0.5217700      0.5648000      0.6099500      0.6566400      0.7049900      0.7555000      0.8076200      0.8647800      0.9265300      0.9935700    
  0.3557000      0.3721820      0.3799400      0.3818100      0.4037870      0.4188200      0.4133900      0.4194300      0.4246500      0.4142100      0.4185600      0.4481900      0.4457100      0.4418400      0.4366200      0.4310600      0.4260000      0.4212600      0.4354200      0.4745600      0.5206000      0.5681900      0.6165300      0.6653800      0.7155000      0.7676900      0.8214200      0.8808200      0.9455700       1.016860    
  0.3726420      0.3808750      0.3818100      0.4014720      0.4188200      0.4159770      0.4157200      0.4216000      0.4268000      0.4311000      0.4756100      0.4722400      0.4674200      0.4609700      0.4526500      0.4391400      0.4270200      0.4126200      0.4209700      0.4748500      0.5262900      0.5764200      0.6258700      0.6754400      0.7259800      0.7784400      0.8339200      0.8920100      0.9575300       1.032110    
  0.3813430      0.3818100      0.4007010      0.4188200      0.4168390      0.4157200      0.4186600      0.4213730      0.4414350      0.4862400      0.4844100      0.4814900      0.4773100      0.4716800      0.4726700      0.4617100      0.4584500      0.4460500      0.4567100      0.4967300      0.5442400      0.5916400      0.6397900      0.6881400      0.7373600      0.7883100      0.8420800      0.8999300      0.9614000       1.032100    
  0.3818100      0.4004440      0.4188200      0.4171260      0.4157200      0.4171900      0.4185840      0.4419270      0.4862400      0.4853250      0.5002500      0.4923400      0.5025200      0.4966100      0.5108200      0.4999100      0.4896700      0.4878300      0.5007700      0.5302400      0.5692400      0.6120200      0.6562200      0.6999400      0.7459900      0.7936600      0.8438400      0.8976800      0.9565200       1.023100    
  0.4003580      0.4188200      0.4172220      0.4157200      0.4164550      0.4171650      0.4409850      0.4862400      0.4857830      0.5106280      0.5245550      0.5567700      0.5495100      0.5416300      0.5342600      0.5280500      0.5235600      0.5274100      0.5411900      0.5655800      0.5978700      0.6346900      0.6738300      0.7142400      0.7541300      0.7970200      0.8419100      0.8897400      0.9416600       1.002720    
  0.4188200      0.4172540      0.4157200      0.4160870      0.4164470      0.4402110      0.4862400      0.4860110      0.5160170      0.5406630      0.5567700      0.5531400      0.5527150      0.5629500      0.5589800      0.5568900      0.5582700      0.5635800      0.5777800      0.5993000      0.6268400      0.6584500      0.6924100      0.7276300      0.7636400      0.8004400      0.8369100      0.8770600      0.9243000      0.9716000    
  0.4172650      0.4157200      0.4159040      0.4160850      0.4397460      0.4862400      0.4861260      0.5187510      0.5487160      0.5567700      0.5549550      0.5563940      0.5629500      0.5609650      0.5596070      0.5580470      0.5595800      0.5665430      0.6061780      0.6306200      0.6547900      0.6821000      0.7112400      0.7411700      0.7712500      0.8012900      0.8309700      0.8678800      0.9035500      0.9371600    
  0.4157200      0.4158120      0.4159030      0.4394940      0.4862400      0.4861830      0.5201260      0.5527430      0.5567700      0.5558630      0.5577670      0.5629500      0.5619570      0.5611740      0.5595390      0.5590780      0.5613900      0.6074050      0.6451150      0.6596100      0.6813700      0.7052600      0.7301500      0.7543100      0.7784000      0.8013000      0.8329500      0.8529600      0.8737600      0.8971100    
  0.4157660      0.4158120      0.4393620      0.4862400      0.4862110      0.5208150      0.5547570      0.5567700      0.5563160      0.5583370      0.5629500      0.5624540      0.5620270      0.5608900      0.5599300      0.5600020      0.6079690      0.6523620      0.6596100      0.6822500      0.7057700      0.7271700      0.7485900      0.7689200      0.7921800      0.8326800      0.8419700      0.8492700      0.8559800      0.8521900    
  0.4157660      0.4392950      0.4862400      0.4862260      0.5211600      0.5557630      0.5567700      0.5565430      0.5585930      0.5629500      0.5627020      0.5624770      0.5617900      0.5609490      0.5602740      0.6290210      0.6559860      0.6596100      0.7255390      0.7525600      0.7656080      0.7847400      0.8010800      0.8137600      0.8322700      0.8309200      0.8312600      0.8274600      0.8207900      0.8142100    
  0.4392610      0.4862400      0.4862330      0.5213330      0.5562670      0.5567700      0.5566570      0.5587140      0.5629500      0.5628260      0.5627100      0.5623230      0.5617390      0.6379940      0.7033660      0.7606000      0.7612150      0.7760320      0.7949210      0.8077350      0.7993500      0.8110100      0.8283400      0.8367100      0.8404700      0.8384500      0.8299800      0.8149900      0.7942800      0.7714000    
  0.4862400      0.4862360      0.5214190      0.5565180      0.5567700      0.5567130      0.5587730      0.5629500      0.5628880      0.5628290      0.5626200      0.5622570      0.6999660      0.8689050      0.8689600      0.8403900      0.8646000      0.8628200      0.8372700      0.8244670      0.8161200      0.8462400      0.8524900      0.8588500      0.8590300      0.8515800      0.8357000      0.8111700      0.7794000      0.7384000    
  0.4862380      0.5214620      0.5566440      0.5567700      0.5567420      0.5588020      0.5629500      0.5629190      0.5628890      0.5627790      0.6787770      0.8530900      0.8636040      0.8688690      0.8688500      0.8689600      0.8667860      0.8663800      0.8628200      0.8540580      0.8579300      0.8713300      0.8820000      0.8846100      0.8829600      0.8717500      0.8503700      0.8207500      0.7796100      0.7295100    
  0.5214830      0.5567070      0.5567700      0.5567560      0.5588160      0.5629500      0.5629350      0.5629190      0.5628620      0.7021250      0.8530900      0.8530900      0.8530900      0.8635510      0.8687980      0.8687400      0.8689600      0.8689830      0.8699400      0.8628200      0.8793600      0.8958300      0.9095700      0.9171000      0.9129600      0.8995900      0.8765600      0.8409300      0.7976500      0.7495300    
  0.5567390      0.5567700      0.5567630      0.5588230      0.5629500      0.5629420      0.5629350      0.6087340      0.7073990      0.8530120      0.8530900      0.8530900      0.8530900      0.8530900      0.8634640      0.8686950      0.8685200      0.8689600      0.8742130      0.8770600      0.8971400      0.9184100      0.9378400      0.9505900      0.9546600      0.9370700      0.9082400      0.8704100      0.8281400      0.7862200    
  0.5567700      0.5567670      0.5588260      0.5629500      0.5629460      0.6450460      0.7682000      0.7572090      0.7462200      0.8172550      0.8528560      0.8530900      0.8530900      0.8530900      0.8530900      0.8633330      0.8686040      0.8680800      0.8689600      0.8880100      0.9115100      0.9384100      0.9717200      0.9911000      0.9958400      0.9784200      0.9437200      0.9035000      0.8627200      0.8261400    
  0.5567680      0.5588280      0.5629500      0.5629480      0.6614730      0.7682060      0.7682050      0.7682000      0.7572080      0.7462200      0.8168550      0.8523890      0.8530900      0.8530900      0.8530900      0.8530900      0.8631160      0.8687730      0.8672000      0.8875800      0.9236300      0.9543600      0.9901700       1.025980       1.042440       1.018710      0.9772400      0.9344900      0.8938600      0.8615600    
