iMOD/TUTORIALS/TUT_MetaswapAnalyser/model_MetaSWAP/meteo/Precipitation/Precipitation_20061217_L1.ASC
NCOLS                30
NROWS                30
XLLCORNER     160000.00
YLLCORNER     340000.00
CELLSIZE        1000.00
NODATA_VALUE   -9999.00
  0.6089300      0.6453100      0.6763300      0.6999400      0.7113700      0.7063600      0.6808300      0.6385100      0.5882500      0.5540000      0.5444900      0.5368600      0.5247500      0.5064600      0.4842000      0.4623700      0.4253500      0.3979300      0.3675000      0.3363700      0.3048400      0.2713700      0.2397400       0.000000       0.000000       0.000000       0.000000       0.000000       0.000000       0.000000    
  0.5971300      0.6292500      0.6488700      0.6674800      0.6721100      0.6649000      0.6406700      0.5992200      0.5418800      0.5082600      0.5211900      0.5244200      0.5191500      0.5092300      0.4911000      0.4600800      0.4334800      0.3991900      0.3702900      0.3385200      0.3061400      0.2719500      0.2391400       0.000000       0.000000       0.000000       0.000000       0.000000       0.000000       0.000000    
  0.5844200      0.6126800      0.6351800      0.6441600      0.6411600      0.6343700      0.6142200      0.5814500      0.5425900      0.5205500      0.5218400      0.5241300      0.5228500      0.5128800      0.4943300      0.4654700      0.4386700      0.4092000      0.3779400      0.3455100      0.3142200      0.2790600      0.2442600       0.000000       0.000000       0.000000       0.000000       0.000000       0.000000       0.000000    
  0.5752400      0.6002500      0.6198500      0.6234400      0.6277100      0.6223500      0.6071800      0.5785700      0.5557500      0.5402500      0.5358000      0.5334300      0.5316000      0.5207200      0.5042400      0.4778600      0.4506900      0.4209000      0.3894100      0.3567100      0.3230900      0.2896200      0.2535900       0.000000       0.000000       0.000000       0.000000       0.000000       0.000000       0.000000    
  0.5695300      0.5919100      0.5963500      0.6083100      0.6134800      0.6113400      0.6023600      0.5896500      0.5741900      0.5620400      0.5599200      0.5534200      0.5442600      0.5315400      0.5167600      0.4924900      0.4592500      0.4283400      0.3964000      0.3636200      0.3284100      0.2944200      0.2592700      0.2267100       0.000000       0.000000       0.000000       0.000000       0.000000       0.000000    
  0.5669900      0.5691900      0.5858800      0.5977900      0.6043300      0.6053800      0.6016400      0.5957300      0.5920400      0.5866800      0.5790000      0.5714800      0.5610400      0.5482000      0.5337900      0.5066500      0.4762400      0.4449700      0.4135800      0.3813100      0.3464200      0.3123600      0.2771400      0.2430200       0.000000       0.000000       0.000000       0.000000       0.000000       0.000000    
  0.5435600      0.5626500      0.5786600      0.5908000      0.5988800      0.6026700      0.6028200      0.6103500      0.6089100      0.6028200      0.5965300      0.5893000      0.5797800      0.5657400      0.5555800      0.5269500      0.4942100      0.4633300      0.4336000      0.4007100      0.3674700      0.3334200      0.2992200      0.2645800      0.2319000       0.000000       0.000000       0.000000       0.000000       0.000000    
  0.5382600      0.5588800      0.5741200      0.5865800      0.5957600      0.6205200      0.6195600      0.6231700      0.6207200      0.6171200      0.6124300      0.6061500      0.5973500      0.5848300      0.5786000      0.5501700      0.5158800      0.4864300      0.4567100      0.4247300      0.3911500      0.3569300      0.3229100      0.2888200      0.2572000      0.2277500       0.000000       0.000000       0.000000       0.000000    
  0.5385100      0.5565300      0.5716700      0.5840600      0.6175100      0.6237700      0.6247500      0.6313900      0.6313600      0.6298200      0.6267400      0.6217500      0.6141700      0.6265200      0.6025700      0.5763200      0.5465700      0.5160500      0.4841000      0.4507300      0.4163300      0.3818000      0.3479500      0.3144500      0.2840300      0.2560900      0.2313100       0.000000       0.000000       0.000000    
  0.5396800      0.5555400      0.5703100      0.6109200      0.6202700      0.6277800      0.6355000      0.6391000      0.6409300      0.6410900      0.6395100      0.6358800      0.6297200      0.6489600      0.6268400      0.6014300      0.5752200      0.5442400      0.5112900      0.4768900      0.4418500      0.4065800      0.3729700      0.3412000      0.3107700      0.2842800      0.2631800      0.2435600      0.2283200       0.000000    
  0.5398300      0.5551770      0.5876870      0.6139800      0.6243100      0.6390900      0.6412900      0.6462600      0.6495000      0.6510300      0.6507300      0.6483700      0.6869200      0.6971500      0.6725400      0.6401400      0.6053200      0.5690300      0.5312800      0.4931200      0.4556300      0.4196800      0.3859200      0.3547900      0.3290700      0.3025100      0.2812000      0.2638700      0.2508100      0.2496900    
  0.5396110      0.5741690      0.6139800      0.6261630      0.6284200      0.6441300      0.6472900      0.6528300      0.6571200      0.6596900      0.7145600      0.7061700      0.7468000      0.7278400      0.6957500      0.6627200      0.6270800      0.5899400      0.5515000      0.5129200      0.4753400      0.4395600      0.4083300      0.3777700      0.3503100      0.3251800      0.3049200      0.2886900      0.2767200      0.2691800    
  0.5628450      0.6139800      0.6278160      0.6331800      0.6379400      0.6445200      0.6526500      0.6592300      0.7408300      0.7370900      0.7315200      0.8075900      0.7797300      0.7499800      0.7166700      0.6824200      0.6453600      0.6059900      0.5672500      0.5292700      0.4932100      0.4581900      0.4253500      0.3951900      0.3681600      0.3446500      0.3237700      0.3081700      0.2969200      0.2902100    
  0.6139800      0.6288240      0.6355600      0.6379400      0.6439030      0.6492500      0.7559500      0.7577700      0.7572400      0.7551100      0.7493800      0.8301400      0.8015000      0.7707000      0.7373200      0.7000000      0.6607600      0.6188700      0.5775600      0.5420100      0.5064200      0.4719800      0.4327400      0.4019400      0.3744600      0.3507300      0.3301300      0.3147400      0.3039300      0.2979600    
  0.6293730      0.6367500      0.6379400      0.6436980      0.6492500      0.7260970      0.7730900      0.7750700      0.7746100      0.7715400      0.8787000      0.8513600      0.8219400      0.7900900      0.7554200      0.7165400      0.6753000      0.6298400      0.5861700      0.5478600      0.5127500      0.4768600      0.4428000      0.4113500      0.3831200      0.3585900      0.3381300      0.3211500      0.3097800      0.3040700    
  0.6373450      0.6379400      0.6436290      0.6492500      0.7161460      0.7730900      0.7740800      0.7742570      0.8118130      0.9260300      0.9003000      0.8725200      0.8424000      0.8096400      0.7739700      0.7346200      0.6869200      0.6430600      0.5997200      0.5595200      0.5205100      0.4858500      0.4505500      0.4177100      0.3879700      0.3618500      0.3398100      0.3222100      0.3085300      0.3009600    
  0.6379400      0.6436060      0.6492500      0.7128290      0.7730900      0.7735850      0.7738090      0.8215450      0.9260300      0.9131650      0.9001180      0.8939100      0.8638500      0.8297800      0.7841200      0.7450700      0.7022100      0.6586900      0.6148400      0.5721100      0.5306400      0.4905700      0.4524000      0.4205400      0.3883900      0.3598100      0.3353000      0.3152800      0.3001600      0.2904700    
  0.6435990      0.6492500      0.7117230      0.7730900      0.7733370      0.7734950      0.8237420      0.9260300      0.9195980      0.9096030      0.9008700      0.9078300      0.8774700      0.8383900      0.8016300      0.7618300      0.7184100      0.6744400      0.6295200      0.5846700      0.5405400      0.4976400      0.4565200      0.4178300      0.3856500      0.3537800      0.3259500      0.3026700      0.2844100      0.2723900    
  0.6492500      0.7113540      0.7730900      0.7732140      0.7733070      0.8241510      0.9260300      0.9228140      0.9134820      0.9043500      0.9078300      0.8926500      0.8703800      0.8578300      0.8203500      0.7798100      0.7364600      0.6906700      0.6442900      0.5972800      0.5503900      0.5043000      0.4597000      0.4172800      0.3777400      0.3417100      0.3127900      0.2854900      0.2641000      0.2479500    
  0.7112310      0.7730900      0.7731520      0.7732040      0.8241760      0.9260300      0.9244220      0.9152490      0.9060900      0.9078300      0.9002400      0.8821720      0.8578300      0.8390900      0.8193300      0.7788730      0.7356470      0.6904730      0.6336140      0.6105400      0.5607400      0.5112200      0.4627500      0.4161100      0.3720500      0.3313400      0.2944200      0.2634500      0.2355100       0.000000    
  0.7730900      0.7731210      0.7731490      0.8241400      0.9260300      0.9252260      0.9160980      0.9069600      0.9078300      0.9040350      0.8870180      0.8578300      0.8484600      0.8387500      0.8124310      0.7779500      0.7349980      0.6605880      0.6179150      0.6252900      0.5724500      0.5193100      0.4667000      0.4151400      0.3661600      0.3202800      0.2770200      0.2401700       0.000000       0.000000    
  0.7731060      0.7731200      0.8241100      0.9260300      0.9256280      0.9165160      0.9073950      0.9078300      0.9059320      0.8891780      0.8578300      0.8531450      0.8483470      0.8332140      0.8097100      0.7751260      0.6840860      0.6216020      0.6252900      0.5946300      0.5861500      0.5293200      0.4724500      0.4164500      0.3602000      0.3105500      0.2627300      0.2198700       0.000000       0.000000    
  0.7731050      0.8240910      0.9260300      0.9258290      0.9167230      0.9076130      0.9078300      0.9068810      0.8901930      0.8578300      0.8554870      0.8531070      0.8449020      0.8304240      0.8060170      0.7220690      0.6234460      0.6252900      0.6183550      0.6080850      0.5715040      0.5460400      0.4840600      0.4221300      0.3617700      0.3045500      0.2506800       0.000000       0.000000       0.000000    
  0.8240810      0.9260300      0.9259290      0.9168270      0.9077210      0.9078300      0.9073560      0.8906830      0.8578300      0.8566590      0.8554750      0.8511650      0.8428110      0.8775130      0.8284460      0.7197070      0.7179750      0.6807420      0.6384000      0.6454150      0.6300200      0.5659900      0.4983200      0.4320300      0.3668500      0.3038400      0.2440900       0.000000       0.000000       0.000000    
  0.9260300      0.9259800      0.9168780      0.9077760      0.9078300      0.9075930      0.8909250      0.8578300      0.8572440      0.8566550      0.8544330      0.8498170      0.9272770       1.031180       1.028710      0.8637520      0.8176990      0.8106600      0.7110050      0.6617000      0.6608100      0.5886000      0.5195900      0.4488800      0.3789700      0.3109900      0.2460000       0.000000       0.000000       0.000000    
  0.9260050      0.9169040      0.9078030      0.9078300      0.9077110      0.8910440      0.8578300      0.8575370      0.8572430      0.8561110       1.059570       1.368480       1.145710       1.033720       1.033650       1.028710      0.8906260      0.8247370      0.8106600      0.7262450      0.6942700      0.6218200      0.5474700      0.4742000      0.4002700      0.3283100      0.2593600       0.000000       0.000000       0.000000    
  0.9169170      0.9078160      0.9078300      0.9077710      0.8911040      0.8578300      0.8576840      0.8575370      0.8569640       1.101980       1.368480       1.368480       1.368480       1.149470       1.038800       1.038580       1.028710      0.8983960      0.8388150      0.8106600      0.7392400      0.6640700      0.5864700      0.5081500      0.4323600      0.3577600      0.2865500      0.2198000       0.000000       0.000000    
  0.9078230      0.9078300      0.9078000      0.8911340      0.8578300      0.8577570      0.8576830       1.140460       1.291890       1.368800       1.368480       1.368480       1.368480       1.368480       1.156940       1.049110       1.048450       1.028710      0.9153980      0.8669700      0.7941900      0.7167900      0.6362600      0.5548700      0.4754200      0.4006700      0.3294500      0.2633100       0.000000       0.000000    
  0.9078300      0.9078150      0.8911490      0.8578300      0.8577930       1.364320       2.124050       2.056850       1.989650       1.576420       1.369450       1.368480       1.368480       1.368480       1.368480       1.171580       1.070160       1.068200       1.028710      0.9552500      0.8762300      0.7924100      0.7066300      0.6142200      0.5323700      0.4571300      0.3888800      0.3251800      0.2681900      0.2209000    
  0.9078230      0.8911560      0.8578300      0.8578120       1.465780       2.124260       2.124260       2.124050       2.056860       1.989650       1.578100       1.371400       1.368480       1.368480       1.368480       1.368480       1.199220       1.113560       1.107690       1.035140      0.9598300      0.8737900      0.7831100      0.6903200      0.6029400      0.5292200      0.4634300      0.4051700      0.3510300      0.3058000    
