iMOD/TUTORIALS/TUT_MetaswapAnalyser/model_MetaSWAP/meteo/Precipitation/Precipitation_20060101_L1.ASC
NCOLS                30
NROWS                30
XLLCORNER     160000.00
YLLCORNER     340000.00
CELLSIZE        1000.00
NODATA_VALUE   -9999.00
   0.000000      0.7523000E-01  0.7932000E-01  0.8065000E-01  0.7809000E-01   0.000000       0.000000       0.000000       0.000000       0.000000       0.000000       0.000000       0.000000       0.000000       0.000000       0.000000       0.000000       0.000000       0.000000       0.000000       0.000000       0.000000       0.000000       0.000000       0.000000      0.7986000E-01  0.9038000E-01  0.1024700      0.1144000      0.1252800    
   0.000000       0.000000       0.000000       0.000000       0.000000       0.000000       0.000000       0.000000       0.000000       0.000000       0.000000       0.000000       0.000000       0.000000       0.000000       0.000000       0.000000       0.000000       0.000000       0.000000       0.000000       0.000000       0.000000       0.000000      0.7777000E-01  0.8804000E-01  0.1013200      0.1172200      0.1364000      0.1520500    
   0.000000       0.000000       0.000000       0.000000       0.000000       0.000000       0.000000       0.000000       0.000000       0.000000       0.000000       0.000000       0.000000       0.000000       0.000000       0.000000      0.7612000E-01  0.7887000E-01  0.7808000E-01  0.7617000E-01   0.000000       0.000000       0.000000       0.000000      0.7963000E-01  0.9110000E-01  0.1089300      0.1275400      0.1513900      0.1732100    
   0.000000       0.000000       0.000000       0.000000       0.000000       0.000000       0.000000       0.000000       0.000000       0.000000       0.000000       0.000000       0.000000       0.000000       0.000000      0.7550000E-01  0.8180000E-01  0.8413000E-01  0.8273000E-01  0.8018000E-01  0.7709000E-01   0.000000       0.000000      0.7588000E-01  0.8281000E-01  0.9433000E-01  0.1096200      0.1286900      0.1534100      0.1778600    
   0.000000       0.000000       0.000000       0.000000       0.000000       0.000000       0.000000       0.000000       0.000000       0.000000       0.000000       0.000000       0.000000       0.000000       0.000000      0.8224000E-01  0.9047000E-01  0.9197000E-01  0.9001000E-01  0.8693000E-01  0.8559000E-01  0.8192000E-01  0.7713000E-01  0.7624000E-01  0.8188000E-01  0.9201000E-01  0.1058900      0.1254200      0.1432600      0.1586600    
   0.000000       0.000000       0.000000       0.000000       0.000000       0.000000       0.000000       0.000000       0.000000       0.000000       0.000000       0.000000       0.000000       0.000000      0.8255000E-01  0.9121000E-01  0.9648000E-01  0.9660000E-01  0.9399000E-01  0.9018000E-01  0.8807000E-01  0.8381000E-01  0.7779000E-01  0.7860000E-01  0.8274000E-01  0.8757000E-01  0.9898000E-01  0.1150600      0.1277600      0.1370600    
   0.000000       0.000000       0.000000       0.000000       0.000000       0.000000       0.000000       0.000000       0.000000       0.000000       0.000000       0.000000       0.000000      0.8018000E-01  0.8921000E-01  0.9663000E-01  0.1004300      0.9913000E-01  0.9555000E-01  0.9320000E-01  0.8918000E-01  0.8496000E-01  0.8132000E-01  0.7713000E-01  0.7955000E-01  0.8526000E-01  0.9770000E-01  0.1070000      0.1120300      0.1178500    
   0.000000       0.000000       0.000000       0.000000       0.000000       0.000000       0.000000       0.000000       0.000000       0.000000       0.000000       0.000000      0.7581000E-01  0.8811000E-01  0.9395000E-01  0.9749000E-01  0.9828000E-01  0.9589000E-01  0.9302000E-01  0.8985000E-01  0.8673000E-01  0.8359000E-01  0.8042000E-01  0.7526000E-01  0.7604000E-01  0.8352000E-01  0.8965000E-01  0.9614000E-01  0.1063400      0.1099400    
   0.000000       0.000000       0.000000       0.000000       0.000000       0.000000       0.000000       0.000000       0.000000       0.000000       0.000000       0.000000      0.7891000E-01  0.9181000E-01  0.9044000E-01  0.9026000E-01  0.8903000E-01  0.8755000E-01  0.8439000E-01  0.8247000E-01  0.8087000E-01  0.7933000E-01  0.7772000E-01   0.000000      0.7652000E-01  0.7864000E-01  0.8268000E-01  0.9156000E-01  0.9525000E-01  0.9745000E-01
   0.000000       0.000000       0.000000       0.000000       0.000000       0.000000       0.000000       0.000000       0.000000       0.000000       0.000000      0.7482000E-01  0.7755000E-01  0.8174000E-01  0.8490000E-01  0.8006000E-01  0.7782000E-01  0.7517000E-01   0.000000       0.000000      0.7480000E-01   0.000000       0.000000       0.000000       0.000000      0.7512000E-01  0.8192000E-01  0.8449000E-01  0.8668000E-01  0.8679000E-01
   0.000000       0.000000       0.000000       0.000000       0.000000       0.000000       0.000000       0.000000       0.000000       0.000000       0.000000       0.000000      0.7627000E-01   0.000000      0.7467000E-01   0.000000       0.000000       0.000000       0.000000       0.000000       0.000000       0.000000       0.000000       0.000000      0.8073000E-01   0.000000       0.000000      0.7536000E-01  0.7573000E-01  0.7832000E-01
   0.000000       0.000000       0.000000      0.1931500E-01   0.000000      0.7726000E-01   0.000000       0.000000       0.000000       0.000000       0.000000       0.000000       0.000000       0.000000       0.000000       0.000000       0.000000       0.000000       0.000000       0.000000       0.000000       0.000000       0.000000       0.000000      0.7822000E-01  0.7656000E-01  0.7778000E-01  0.7763000E-01  0.7597000E-01   0.000000    
   0.000000       0.000000      0.3380130E-01  0.3863000E-01  0.7726000E-01   0.000000       0.000000       0.000000       0.000000       0.000000       0.000000       0.000000       0.000000       0.000000       0.000000       0.000000       0.000000       0.000000       0.000000       0.000000       0.000000       0.000000       0.000000       0.000000      0.7610000E-01  0.8083000E-01  0.7764000E-01  0.7707000E-01   0.000000       0.000000    
   0.000000      0.4225160E-01  0.5794500E-01  0.7726000E-01  0.2575330E-01   0.000000       0.000000       0.000000       0.000000       0.000000       0.000000       0.000000       0.000000       0.000000       0.000000       0.000000       0.000000       0.000000       0.000000       0.000000       0.000000       0.000000       0.000000       0.000000      0.8052000E-01  0.8682000E-01  0.8412000E-01  0.8306000E-01  0.7893000E-01   0.000000    
  0.4677850E-01  0.6760250E-01  0.7726000E-01  0.3433780E-01   0.000000      0.2518000E-01  0.7554000E-01  0.7554000E-01  0.7554000E-01  0.7540000E-01  0.7912000E-01   0.000000       0.000000       0.000000       0.000000       0.000000       0.000000       0.000000       0.000000       0.000000       0.000000       0.000000       0.000000       0.000000      0.8074000E-01  0.8747000E-01  0.9119000E-01  0.8373000E-01  0.7909000E-01  0.7637000E-01
  0.7243130E-01  0.7726000E-01  0.3719930E-01   0.000000      0.3357330E-01  0.7554000E-01  0.7554000E-01  0.7554000E-01  0.7700000E-01  0.8152000E-01  0.7933000E-01  0.7464000E-01   0.000000       0.000000       0.000000       0.000000       0.000000       0.000000       0.000000       0.000000       0.000000       0.000000       0.000000      0.7729000E-01  0.8741000E-01  0.9482000E-01  0.9885000E-01  0.9699000E-01  0.8440000E-01  0.7646000E-01
  0.7726000E-01  0.3815310E-01   0.000000      0.3637110E-01  0.7554000E-01  0.7554000E-01  0.7554000E-01  0.7740000E-01  0.8152000E-01  0.8042500E-01  0.8013000E-01  0.7585000E-01   0.000000       0.000000       0.000000       0.000000       0.000000       0.000000       0.000000       0.000000       0.000000       0.000000       0.000000      0.8018000E-01  0.8933000E-01  0.9589000E-01  0.9919000E-01  0.9754000E-01  0.9209000E-01  0.7519000E-01
  0.3847100E-01   0.000000      0.3730370E-01  0.7554000E-01  0.7554000E-01  0.7554000E-01  0.7750000E-01  0.8152000E-01  0.8097250E-01  0.8279300E-01  0.8258000E-01  0.8931000E-01  0.8272000E-01  0.7829000E-01   0.000000       0.000000       0.000000       0.000000       0.000000       0.000000       0.000000       0.000000      0.8115000E-01  0.9177000E-01  0.9212000E-01  0.9735000E-01  0.9944000E-01  0.9842000E-01  0.9423000E-01  0.8402000E-01
   0.000000      0.3761460E-01  0.7554000E-01  0.7554000E-01  0.7554000E-01  0.7752500E-01  0.8152000E-01  0.8124620E-01  0.8410810E-01  0.8594500E-01  0.8931000E-01  0.8601500E-01  0.8377750E-01  0.8479000E-01  0.7684000E-01   0.000000       0.000000       0.000000       0.000000       0.000000       0.000000      0.8005000E-01  0.8901000E-01  0.9742000E-01  0.1041900      0.1083100      0.9960000E-01  0.9984000E-01  0.9368000E-01  0.8626000E-01
  0.3771820E-01  0.7554000E-01  0.7554000E-01  0.7554000E-01  0.7753120E-01  0.8152000E-01  0.8138310E-01  0.8476240E-01  0.8762750E-01  0.8931000E-01  0.8766250E-01  0.8597310E-01  0.8479000E-01  0.8081500E-01  0.5387670E-01  0.2561330E-01   0.000000       0.000000      0.3413800E-01  0.7923000E-01  0.8395000E-01  0.9014000E-01  0.9679000E-01  0.1028400      0.1072700      0.1093000      0.1072200      0.1033000      0.9421000E-01  0.8563000E-01
  0.7554000E-01  0.7554000E-01  0.7554000E-01  0.7753280E-01  0.8152000E-01  0.8145160E-01  0.8508880E-01  0.8846870E-01  0.8931000E-01  0.8848630E-01  0.8693390E-01  0.8479000E-01  0.8280250E-01  0.7316060E-01  0.5343500E-01  0.2649670E-01  0.8537780E-02  0.4218860E-01  0.8534500E-01  0.9146000E-01  0.9475000E-01  0.9900000E-01  0.1034000      0.1044200      0.1064100      0.1071800      0.9429000E-01  0.9591000E-01  0.9740000E-01  0.9713000E-01
  0.7554000E-01  0.7554000E-01  0.7753320E-01  0.8152000E-01  0.8148580E-01  0.8525200E-01  0.8888940E-01  0.8931000E-01  0.8889810E-01  0.8738000E-01  0.8479000E-01  0.8379620E-01  0.8025100E-01  0.6979940E-01  0.5103070E-01  0.2948980E-01  0.5141710E-01  0.8840250E-01  0.9146000E-01  0.9561330E-01  0.1006300      0.1030000      0.1051600      0.1063800      0.9700000E-01  0.8677000E-01  0.8894000E-01  0.9128000E-01  0.9346000E-01  0.1008400    
  0.7554000E-01  0.7753330E-01  0.8152000E-01  0.8150290E-01  0.8533350E-01  0.8909970E-01  0.8931000E-01  0.8910410E-01  0.8759450E-01  0.8479000E-01  0.8429310E-01  0.8294580E-01  0.7794890E-01  0.6702700E-01  0.5010660E-01  0.6126180E-01  0.8993120E-01  0.9146000E-01  0.9132710E-01  0.9449500E-01  0.9560200E-01  0.9631000E-01  0.8891000E-01  0.8923000E-01  0.8637000E-01  0.8456000E-01  0.8717000E-01  0.8992000E-01  0.9258000E-01  0.9477000E-01
  0.7753330E-01  0.8152000E-01  0.8151140E-01  0.8537420E-01  0.8920480E-01  0.8931000E-01  0.8920700E-01  0.8769970E-01  0.8479000E-01  0.8454160E-01  0.8400960E-01  0.8172930E-01  0.7597390E-01  0.6915560E-01  0.7077320E-01  0.8401420E-01  0.8444000E-01  0.8542490E-01  0.8661280E-01  0.8374000E-01  0.8836000E-01  0.8971000E-01  0.8220000E-01  0.8307000E-01  0.8499000E-01  0.8758000E-01  0.9038000E-01  0.9299000E-01  0.9518000E-01  0.1005800    
  0.8152000E-01  0.8151570E-01  0.8539460E-01  0.8925740E-01  0.8931000E-01  0.8925850E-01  0.8775170E-01  0.8479000E-01  0.8466580E-01  0.8444710E-01  0.8342680E-01  0.8057090E-01  0.7800820E-01  0.8156750E-01  0.8154000E-01  0.8068950E-01  0.7767130E-01  0.7742000E-01  0.8030460E-01  0.8160330E-01  0.7912000E-01  0.7634000E-01  0.8470000E-01  0.8608000E-01  0.8848000E-01  0.9144000E-01  0.9440000E-01  0.9686000E-01  0.1022900      0.1023100    
  0.8151790E-01  0.8540480E-01  0.8928370E-01  0.8931000E-01  0.8928430E-01  0.8777750E-01  0.8479000E-01  0.8472790E-01  0.8463430E-01  0.8417990E-01  0.8045700E-01  0.7692000E-01  0.8005650E-01  0.8161450E-01  0.8159500E-01  0.8154000E-01  0.7910690E-01  0.7792250E-01  0.7742000E-01  0.7845500E-01  0.7733000E-01  0.7920000E-01  0.8079000E-01  0.8953000E-01  0.9228000E-01  0.9551000E-01  0.9857000E-01  0.1047900      0.1053600      0.1045700    
  0.8540990E-01  0.8929680E-01  0.8931000E-01  0.8929710E-01  0.8779040E-01  0.8479000E-01  0.8475890E-01  0.8471740E-01  0.8451400E-01  0.8062220E-01  0.7692000E-01  0.7692000E-01  0.7692000E-01  0.8012400E-01  0.8170840E-01  0.8165000E-01  0.8154000E-01  0.7954500E-01  0.7842500E-01  0.7742000E-01  0.7995000E-01  0.8241000E-01  0.8447000E-01  0.8662000E-01  0.9578000E-01  0.9912000E-01  0.1060300      0.1077500      0.1080300      0.1067900    
  0.8930340E-01  0.8931000E-01  0.8930360E-01  0.8779690E-01  0.8479000E-01  0.8477450E-01  0.8475540E-01  0.6349760E-01  0.6297640E-01  0.7686720E-01  0.7692000E-01  0.7692000E-01  0.7692000E-01  0.7692000E-01  0.8027260E-01  0.8193520E-01  0.8176000E-01  0.8154000E-01  0.8079500E-01  0.7943000E-01  0.8256000E-01  0.8558000E-01  0.8811000E-01  0.9031000E-01  0.9694000E-01  0.1051800      0.1078600      0.1094600      0.1095300      0.1080400    
  0.8931000E-01  0.8930680E-01  0.8780010E-01  0.8479000E-01  0.8478220E-01  0.5086400E-01   0.000000       0.000000       0.000000      0.5113740E-01  0.7676170E-01  0.7692000E-01  0.7692000E-01  0.7692000E-01  0.7692000E-01  0.8058510E-01  0.8250560E-01  0.8198000E-01  0.8154000E-01  0.8479000E-01  0.8821000E-01  0.9141000E-01  0.9757000E-01  0.9656000E-01  0.9888000E-01  0.1016600      0.1080700      0.1095000      0.1093700      0.1077100    
  0.8930840E-01  0.8780170E-01  0.8479000E-01  0.8478610E-01  0.4408720E-01   0.000000       0.000000       0.000000       0.000000       0.000000      0.5086780E-01  0.7644520E-01  0.7692000E-01  0.7692000E-01  0.7692000E-01  0.7692000E-01  0.8115480E-01  0.8399670E-01  0.8242000E-01  0.8596000E-01  0.9411000E-01  0.9689000E-01  0.9891000E-01  0.9998000E-01  0.1010200      0.1030700      0.1049500      0.1035200      0.1075600      0.1057900    
