iMOD/TUTORIALS/TUT_MetaswapAnalyser/model_MetaSWAP/meteo/Precipitation/Precipitation_20060423_L1.ASC
NCOLS                30
NROWS                30
XLLCORNER     160000.00
YLLCORNER     340000.00
CELLSIZE        1000.00
NODATA_VALUE   -9999.00
   1.898950       1.951330       2.006670       2.058340       2.082230       2.057970       1.966070       1.843250       1.718730       1.619250       1.550770       1.495330       1.444440       1.406820       1.369170       1.343660       1.326170       1.296560       1.274450       1.255120       1.237890       1.216170       1.200730       1.188520       1.173230       1.157380       1.140180       1.120210       1.094940       1.059620    
   1.923600       1.964020       2.002150       2.028050       2.022760       1.987020       1.908050       1.799150       1.676390       1.578300       1.523600       1.468550       1.417360       1.381170       1.340610       1.314890       1.285830       1.257550       1.235040       1.221290       1.210970       1.197660       1.190450       1.186420       1.179820       1.172980       1.165310       1.155800       1.141290       1.116800    
   1.929720       1.957310       1.978000       1.975630       1.963790       1.922140       1.850510       1.756280       1.653120       1.565320       1.498070       1.439690       1.388360       1.342090       1.295130       1.262980       1.232760       1.211240       1.197890       1.191010       1.183540       1.178470       1.181690       1.182630       1.183610       1.184340       1.183750       1.183380       1.180760       1.174190    
   1.921190       1.937370       1.944890       1.930380       1.908200       1.864030       1.798430       1.716810       1.629290       1.543280       1.473520       1.410110       1.351210       1.297750       1.246810       1.208390       1.176900       1.157640       1.149710       1.150110       1.155500       1.161420       1.164830       1.171730       1.179140       1.185910       1.191890       1.196950       1.200140       1.201630    
   1.902610       1.909430       1.898440       1.885420       1.857110       1.811950       1.750940       1.667890       1.591890       1.515690       1.444580       1.379040       1.313260       1.252690       1.195120       1.148370       1.113960       1.097350       1.096550       1.105690       1.122540       1.137880       1.146730       1.157000       1.169300       1.180050       1.188890       1.194100       1.195710       1.186170    
   1.877420       1.870090       1.861560       1.842160       1.810080       1.764710       1.691520       1.627840       1.550220       1.486080       1.414380       1.343460       1.274570       1.209310       1.142000       1.085560       1.045390       1.032560       1.042410       1.062160       1.087130       1.109250       1.123940       1.141760       1.157220       1.167620       1.177290       1.181380       1.179010       1.163790    
   1.843660       1.839120       1.824940       1.801160       1.742510       1.701120       1.649480       1.578110       1.523190       1.454780       1.384520       1.313300       1.241420       1.170430       1.095300       1.027390      0.9724400      0.9673500      0.9941100       1.026630       1.056150       1.083070       1.107090       1.121990       1.139240       1.152910       1.161160       1.164680       1.158670       1.142280    
   1.836840       1.769490       1.757300       1.734270       1.702200       1.644310       1.594980       1.551610       1.490340       1.425080       1.357140       1.287340       1.216100       1.144090       1.064060      0.9921700      0.9203700      0.9273700      0.9660300       1.001190       1.033000       1.061510       1.086710       1.102540       1.120180       1.132740       1.141690       1.144490       1.127820       1.116290    
   1.769390       1.739390       1.721510       1.698660       1.643650       1.604850       1.557170       1.518150       1.460160       1.398240       1.333470       1.266680       1.198560       1.117350       1.053410      0.9925900      0.9469700      0.9395700      0.9619500      0.9903700       1.018820       1.045410       1.069390       1.084350       1.100070       1.113080       1.121420       1.110190       1.108840       1.098680    
   1.744130       1.710550       1.690290       1.635560       1.606810       1.568780       1.538030       1.487840       1.433070       1.374730       1.313780       1.251170       1.187890       1.110710       1.055340       1.007180      0.9729500      0.9619300      0.9697700      0.9874100       1.008520       1.034020       1.054980       1.073720       1.081710       1.093430       1.086480       1.091370       1.090420       1.082390    
   1.735740       1.714990       1.659480       1.601510       1.570130       1.563260       1.508170       1.460590       1.409040       1.354420       1.297650       1.239760       1.159450       1.095300       1.050380       1.015190      0.9913300      0.9814500      0.9844800      0.9962200       1.012430       1.030140       1.047520       1.062530       1.059920       1.072270       1.080200       1.084210       1.083420       1.066460    
   1.733920       1.677930       1.601510       1.563150       1.538860       1.532640       1.478850       1.436140       1.387780       1.336850       1.254600       1.206200       1.132310       1.089080       1.054940       1.025980       1.005500      0.9951500      0.9940200       1.000100       1.010690       1.023460       1.023410       1.034940       1.045530       1.048760       1.054970       1.058380       1.058410       1.054470    
   1.690170       1.601510       1.561810       1.540480       1.542110       1.493240       1.454290       1.411910       1.321930       1.281950       1.238550       1.152100       1.118390       1.086030       1.057580       1.032840       1.014500       1.003400      0.9997300       1.000620       1.000230       1.006750       1.014490       1.022500       1.030050       1.036560       1.035320       1.038020       1.038590       1.036760    
   1.601510       1.561680       1.541300       1.542110       1.501450       1.469000       1.370690       1.335900       1.298960       1.261460       1.222110       1.138500       1.109350       1.081540       1.056300       1.035810       1.015280       1.005380       1.000340      0.9963200      0.9971000       1.000000       1.006640       1.011620       1.016360       1.020430       1.017680       1.019270       1.019720       1.019040    
   1.561750       1.541700       1.542110       1.504190       1.469000       1.376660       1.290290       1.262770       1.233650       1.203450       1.120570       1.099030       1.077780       1.057670       1.039570       1.029260       1.015460       1.005610      0.9983200      0.9947000      0.9940900      0.9945800      0.9959100      0.9975200      0.9989900       1.000060       1.000590      0.9946100      0.9940300      0.9885000    
   1.541910       1.542110       1.505100       1.469000       1.378650       1.290290       1.276530       1.262240       1.205420       1.121820       1.103440       1.084700       1.066240       1.048690       1.037250       1.022730       1.017920       1.004990      0.9950500      0.9877700      0.9822900      0.9818900      0.9792700      0.9768800      0.9744600      0.9718700      0.9691400      0.9664200      0.9585400      0.9568900    
   1.542110       1.505400       1.469000       1.379310       1.290290       1.283410       1.276350       1.216500       1.121820       1.112630       1.095270       1.069680       1.059750       1.044080       1.042140       1.024480       1.014680       1.001550      0.9905900      0.9814900      0.9736900      0.9666900      0.9600700      0.9586500      0.9526300      0.9464100      0.9401100      0.9340300      0.9285400      0.9234300    
   1.505500       1.469000       1.379530       1.290290       1.286850       1.283350       1.224520       1.121820       1.117220       1.101920       1.083190       1.096700       1.075400       1.052080       1.033520       1.016300       1.009340      0.9960000      0.9841400      0.9734500      0.9635200      0.9539200      0.9442900      0.9344100      0.9292400      0.9190300      0.9086400      0.8984500      0.8889600      0.8844500    
   1.469000       1.379610       1.290290       1.288570       1.286830       1.229140       1.121820       1.119520       1.105520       1.089940       1.096700       1.086050       1.066290       1.040990       1.023290       1.006510      0.9904700      0.9886500      0.9760200      0.9639700      0.9521300      0.9401000      0.9275600      0.9143000      0.9002600      0.8855600      0.8753200      0.8603900      0.8497100      0.8373000    
   1.379630       1.290290       1.289430       1.288560       1.231590       1.121820       1.120670       1.107380       1.093320       1.096700       1.091370       1.072510       1.040990       1.032140       1.023600       1.006760      0.9952100      0.9850470      0.9648440      0.9534200      0.9399100      0.9256800      0.9103900      0.8938200      0.8759100      0.8568000      0.8357400      0.8203100      0.8029700      0.7882000    
   1.290290       1.289860       1.289430       1.232850       1.121820       1.121250       1.108320       1.095010       1.096700       1.094040       1.075390       1.040990       1.036570       1.032240       1.020830       1.008520      0.9956710      0.9670100      0.9477900      0.9421600      0.9273100      0.9111800      0.8934000      0.8723400      0.8507200      0.8272100      0.8087000      0.7828100      0.7570000      0.7326800    
   1.290080       1.289860       1.233490       1.121820       1.121530       1.108790       1.095860       1.096700       1.095370       1.076780       1.040990       1.038780       1.036600       1.029880       1.020530       1.008340      0.9716670      0.9449750      0.9421600      0.9274270      0.9128100      0.8954300      0.8757300      0.8533700      0.8311400      0.8065900      0.7763500      0.7443500      0.7119100      0.6806600    
   1.290070       1.233810       1.121820       1.121680       1.109020       1.096280       1.096700       1.096030       1.077460       1.040990       1.039880       1.038790       1.035090       1.029000       1.019580      0.9683990      0.9435680      0.9421600      0.9055250      0.8882000      0.8858520      0.8814800      0.8658300      0.8407700      0.8134100      0.7812500      0.7457900      0.7076200      0.6682000      0.6298800    
   1.233970       1.121820       1.121750       1.109140       1.096490       1.096700       1.096370       1.077800       1.040990       1.040440       1.039890       1.037920       1.034290      0.9806760      0.9354870      0.8978540      0.8978850      0.8859860      0.8708360      0.8643150      0.8635900      0.8759500      0.8520300      0.8263400      0.7957900      0.7603000      0.7202000      0.6762400      0.6297200      0.5873000    
   1.121820       1.121780       1.109200       1.096590       1.096700       1.096530       1.077960       1.040990       1.040710       1.040440       1.039410       1.037370      0.9457980      0.8384080      0.8390300      0.8590550      0.8521100      0.8536100      0.8577980      0.8599930      0.8650400      0.8420400      0.8413400      0.8148800      0.7826300      0.7444200      0.7005800      0.6518700      0.6033300      0.5474600    
   1.121800       1.109230       1.096650       1.096700       1.096620       1.078050       1.040990       1.040850       1.040710       1.040190      0.9250920      0.7541200      0.8097170      0.8376920      0.8377870      0.8390300      0.8471930      0.8506100      0.8536100      0.8532750      0.8513500      0.8352200      0.8147000      0.8071400      0.7742400      0.7343000      0.6879000      0.6396500      0.5833400      0.5237300    
   1.109250       1.096670       1.096700       1.096660       1.078090       1.040990       1.040920       1.040850       1.040580      0.9028470      0.7541200      0.7541200      0.7541200      0.8086460      0.8362590      0.8365440      0.8390300      0.8455220      0.8476100      0.8536100      0.8431000      0.8296900      0.8118300      0.7877300      0.7707500      0.7300200      0.6847900      0.6318100      0.5754000      0.5181400    
   1.096690       1.096700       1.096680       1.078110       1.040990       1.040960       1.040920      0.9310290      0.8405260      0.7540280      0.7541200      0.7541200      0.7541200      0.7541200      0.8064180      0.8332050      0.8340580      0.8390300      0.8418380      0.8416100      0.8341100      0.8244400      0.8107500      0.7903700      0.7607800      0.7323500      0.6840100      0.6306100      0.5757500      0.5229400    
   1.096700       1.096690       1.078120       1.040990       1.040970      0.8654710      0.6022700      0.6020140      0.6017600      0.7030830      0.7538430      0.7541200      0.7541200      0.7541200      0.7541200      0.8018020      0.8265260      0.8290850      0.8390300      0.8331000      0.8273100      0.8208200      0.8074400      0.7933900      0.7692200      0.7297300      0.6862300      0.6322500      0.5791100      0.5300600    
   1.096690       1.078120       1.040990       1.040980      0.8303550      0.6022200      0.6022200      0.6022700      0.6020110      0.6017600      0.7026070      0.7532900      0.7541200      0.7541200      0.7541200      0.7541200      0.7925050      0.8114630      0.8191400      0.8147800      0.8005600      0.8018500      0.8026000      0.7996600      0.7815700      0.7373000      0.6825000      0.6301200      0.5808600      0.5348400    
