iMOD/TUTORIALS/TUT_MetaswapAnalyser/model_MetaSWAP/meteo/Precipitation/Precipitation_20050704_L1.ASC
NCOLS                30
NROWS                30
XLLCORNER     160000.00
YLLCORNER     340000.00
CELLSIZE        1000.00
NODATA_VALUE   -9999.00
   13.83270       13.48510       13.16860       12.89820       12.71130       12.68380       12.82690       13.04870       13.22150       13.07640       12.55210       11.95490       11.38150       10.86940       10.44800       10.14290       10.00830       9.878070       9.888640       9.998000       10.19020       10.39410       10.69630       11.05470       11.41830       11.80050       12.19530       12.59700       12.99820       13.37480    
   13.96110       13.63620       13.34860       13.11730       12.96900       12.93770       13.02600       13.20450       13.43890       13.26460       12.46800       11.72560       11.05800       10.47840       9.993700       9.690260       9.457040       9.350560       9.351440       9.494660       9.728340       9.982160       10.32580       10.71950       11.11540       11.52530       11.94440       12.36860       12.79640       13.19370    
   14.08470       13.77820       13.51010       13.29240       13.14290       13.07340       13.07670       13.12020       13.11710       12.79780       12.12200       11.37330       10.66580       10.01830       9.471460       9.103460       8.848580       8.759850       8.828030       9.026000       9.283940       9.595600       10.00390       10.41640       10.84180       11.27380       11.71400       12.15130       12.57900       13.01820    
   14.19630       13.90150       13.63970       13.41840       13.24410       13.11450       13.01300       12.89590       12.69270       12.28450       11.66870       10.95430       10.22480       9.529370       8.923820       8.486000       8.207360       8.136730       8.259980       8.530990       8.897500       9.303570       9.702320       10.15580       10.60510       11.05060       11.49120       11.92780       12.35290       12.78980    
   14.29390       14.00430       13.74080       13.50380       13.29290       13.09940       12.90190       12.66400       12.33880       11.87180       11.26310       10.55490       9.808330       9.065180       8.383560       7.851960       7.537020       7.497100       7.708770       8.083780       8.563840       9.053990       9.493160       9.945430       10.40940       10.85750       11.29040       11.69650       12.10430       12.48710    
   14.37890       14.09400       13.82180       13.56480       13.31750       13.06850       12.79260       12.47680       12.06340       11.57160       10.95450       10.24510       9.477840       8.685960       7.899900       7.245960       6.841390       6.852320       7.210810       7.725300       8.302780       8.857990       9.337920       9.832980       10.29720       10.71200       11.12320       11.49820       11.86370       12.19710    
   14.45060       14.17300       13.89250       13.61730       13.33250       13.04490       12.72610       12.33220       11.91520       11.39210       10.77450       10.07090       9.297210       8.475510       7.588700       6.771710       6.148220       6.273770       6.881940       7.563140       8.206240       8.802340       9.347300       9.788440       10.23500       10.64290       11.00240       11.34800       11.65240       11.93920    
   14.56790       14.22610       13.95320       13.66790       13.37350       12.93470       12.66340       12.30100       11.85570       11.33520       10.73530       10.05880       9.312740       8.510870       7.603930       6.727080       5.838340       6.153010       6.941710       7.670490       8.329930       8.918960       9.441740       9.850460       10.25690       10.60440       10.93150       11.22620       11.50540       11.73820    
   14.63390       14.30990       14.02490       13.74410       13.27510       12.96370       12.69130       12.32930       11.89310       11.39630       10.83600       10.21400       9.536380       8.717350       8.006420       7.315390       6.840840       6.952020       7.495800       8.114210       8.698210       9.220390       9.678270       10.02180       10.34860       10.64940       10.91480       11.16640       11.37030       11.55060    
   14.71970       14.40130       14.11860       13.62520       13.34120       13.03130       12.79590       12.42730       12.01770       11.56280       11.06240       10.52020       9.945300       9.223780       8.701610       8.245860       7.985280       8.057370       8.392030       8.831610       9.271650       9.693380       10.04640       10.35140       10.53500       10.75640       10.96650       11.13040       11.27180       11.39450    
   14.70400       14.41320       13.96330       13.70810       13.42650       13.20910       12.92630       12.58500       12.21500       11.81570       11.38970       10.94410       10.28320       9.877260       9.521010       9.279460       9.185120       9.269360       9.491400       9.770510       10.04640       10.29400       10.50860       10.67970       10.85380       10.95210       11.06060       11.15050       11.22420       11.26730    
   14.70280       14.19720       13.70810       13.60770       13.54130       13.34150       13.08770       12.78910       12.46710       12.13120       11.72640       11.39300       10.84970       10.58240       10.44520       10.38330       10.42930       10.55510       10.70730       10.83260       10.92330       10.99250       11.05210       11.10280       11.14660       11.11400       11.13590       11.14940       11.15450       11.15220    
   14.39850       13.70810       13.67980       13.64820       13.75510       13.53970       13.28260       13.01820       12.66120       12.40250       12.14940       11.51880       11.40300       11.33950       11.36730       11.47670       11.68000       11.90750       12.01550       11.97070       11.84430       11.71830       11.61190       11.52620       11.45580       11.39470       11.26340       11.20310       11.14210       11.07910    
   13.70810       13.71120       13.70170       13.75510       13.67090       13.71800       13.37440       13.15990       12.95040       12.75600       12.57850       12.00220       11.99230       12.05020       12.20170       12.47960       12.86650       13.28770       13.40250       13.08410       12.71330       12.39560       12.12560       11.91440       11.73880       11.58800       11.38530       11.25730       11.13600       11.01840    
   13.72570       13.72840       13.75510       13.71470       13.71800       13.57120       13.62120       13.44240       13.27580       13.12860       12.43620       12.45410       12.52490       12.66950       12.91170       13.28880       13.79370       14.46010       14.65590       13.96310       13.38620       12.93100       12.56100       12.25510       11.99660       11.77250       11.57290       11.32180       11.14940       10.99240    
   13.74170       13.75510       13.72930       13.71800       13.63680       13.62120       13.53180       13.44650       13.14600       12.73720       12.76860       12.83900       12.96260       13.15530       13.42150       13.79540       14.27470       14.73230       14.79510       14.34350       13.81600       13.30830       12.89000       12.52950       12.21570       11.93810       11.68820       11.45930       11.18000       10.98060    
   13.75510       13.73410       13.71800       13.65870       13.62120       13.57650       13.53320       13.21540       12.73720       12.75290       12.98150       13.15530       13.29170       13.49430       13.77520       14.09130       14.42830       14.67020       14.66790       14.38920       13.97620       13.54240       13.13250       12.71610       12.37200       12.05980       11.77450       11.51170       11.26800       10.96890    
   13.73570       13.71800       13.66600       13.62120       13.59890       13.57700       13.26560       12.73720       12.74510       13.03210       13.28150       13.40760       13.55450       13.75210       13.97620       14.21960       14.44120       14.56530       14.53020       14.32280       13.99790       13.62210       13.23850       12.86780       12.47600       12.14560       11.83820       11.55260       11.28810       11.03220    
   13.71800       13.66840       13.62120       13.61000       13.59900       13.29460       12.73720       12.74110       13.05330       13.34450       13.40760       13.48110       13.65400       13.90170       14.08170       14.25950       14.40320       14.45390       14.39780       14.22290       13.95380       13.62770       13.27670       12.92150       12.57360       12.23900       11.88050       11.58070       11.29040       11.03710    
   13.66920       13.62120       13.61560       13.61010       13.31020       12.73720       12.73920       13.06310       13.37610       13.40760       13.44430       13.61110       13.90170       13.99170       14.08100       14.24810       14.37220       14.41830       14.24080       14.11620       13.88220       13.59390       13.27320       12.93730       12.59830       12.26400       11.94950       11.62530       11.36480       11.06400    
   13.62120       13.61840       13.61560       13.31830       12.73720       12.73820       13.06780       13.39180       13.40760       13.42600       13.59120       13.90170       13.94670       13.99150       14.10690       14.23380       14.34620       14.22190       14.06480       14.01340       13.80270       13.54260       13.24760       12.94140       12.61340       12.28260       11.97640       11.65870       11.35840       11.08410    
   13.61980       13.61840       13.32240       12.73720       12.73770       13.07010       13.39970       13.40760       13.41680       13.58160       13.90170       13.92420       13.94660       14.01500       14.11070       14.22900       14.17090       14.03910       14.01340       13.85140       13.73800       13.49890       13.22490       12.92560       12.64030       12.30200       11.97430       11.65150       11.34220       11.06030    
   13.61980       13.32440       12.73720       12.73740       13.07120       13.40370       13.40760       13.41220       13.57690       13.90170       13.91300       13.92420       13.96190       14.02410       14.11820       14.07500       14.02630       14.01340       13.79800       13.69690       13.54990       13.44610       13.20520       12.92740       12.62480       12.30820       11.98060       11.65120       11.32920       11.02760    
   13.32550       12.73720       12.73730       13.07180       13.40560       13.40760       13.40990       13.57460       13.90170       13.90730       13.91290       13.93300       13.97010       13.94840       13.91010       13.84080       13.83840       13.74980       13.64720       13.63030       13.65590       13.41040       13.18970       12.92370       12.63290       12.32190       11.99600       11.66110       11.32480       11.04270    
   12.73720       12.73730       13.07210       13.40660       13.40760       13.40870       13.57350       13.90170       13.90450       13.90730       13.91780       13.93870       13.84480       13.68760       13.68940       13.71300       13.65790       13.66340       13.62690       13.61420       13.60470       13.44650       13.17810       12.92940       12.65320       12.35240       12.03130       11.69450       11.38690       11.02870    
   12.73720       13.07230       13.40710       13.40760       13.40820       13.57290       13.90170       13.90310       13.90450       13.90990       13.67890       13.31540       13.56130       13.68490       13.68590       13.68940       13.66630       13.65230       13.66340       13.59980       13.58210       13.42110       13.22850       12.95140       12.69210       12.40480       12.09300       11.79490       11.44590       11.08280    
   13.07230       13.40740       13.40760       13.40790       13.57260       13.90170       13.90240       13.90310       13.90580       13.62480       13.31540       13.31540       13.31540       13.55720       13.67950       13.68230       13.68940       13.66020       13.64130       13.66340       13.54880       13.40720       13.23620       13.03320       12.75180       12.48100       12.20710       11.89170       11.55920       11.22120    
   13.40750       13.40760       13.40770       13.57240       13.90170       13.90210       13.90240       13.66200       13.47900       13.31520       13.31540       13.31540       13.31540       13.31540       13.54800       13.66670       13.67520       13.68940       13.64670       13.61920       13.52200       13.40240       13.25650       13.07940       12.86400       12.59070       12.31780       12.02060       11.71280       11.41060    
   13.40760       13.40770       13.57240       13.90170       13.90190       13.61490       13.18420       13.06040       12.93660       13.18850       13.31470       13.31540       13.31540       13.31540       13.31540       13.52760       13.63560       13.66100       13.68940       13.61490       13.52660       13.42260       13.24490       13.11210       12.94930       12.73150       12.44730       12.16810       11.88500       11.61420    
   13.40760       13.57230       13.90170       13.90180       13.55730       13.18410       13.18410       13.18420       13.06040       12.93660       13.18740       13.31340       13.31540       13.31540       13.31540       13.31540       13.48420       13.55640       13.63260       13.57000       13.36810       13.32920       13.27250       13.19040       13.05610       12.84250       12.58580       12.32820       12.05760       11.81190    
