iMOD/TUTORIALS/TUT_MetaswapAnalyser/model_MetaSWAP/meteo/Precipitation/Precipitation_20050313_L1.ASC
NCOLS                30
NROWS                30
XLLCORNER     160000.00
YLLCORNER     340000.00
CELLSIZE        1000.00
NODATA_VALUE   -9999.00
  0.1466700      0.1583900      0.1715100      0.1857300      0.1998700      0.2109000      0.2158800      0.2151400      0.2108000      0.2104300      0.2164500      0.2231800      0.2289700      0.2342000      0.2383100      0.2403400      0.2422000      0.2459400      0.2505300      0.2555000      0.2605900      0.2615000      0.2655600      0.2686400      0.2710300      0.2721700      0.2716900      0.2689100      0.2626400      0.2492200    
  0.1557500      0.1672000      0.1799300      0.1924300      0.2040600      0.2127700      0.2166500      0.2148200      0.2072600      0.2053800      0.2166000      0.2253300      0.2317800      0.2358300      0.2396200      0.2413900      0.2449900      0.2531200      0.2578700      0.2635400      0.2693900      0.2712800      0.2760700      0.2799800      0.2832000      0.2853900      0.2863700      0.2857500      0.2805600      0.2705100    
  0.1646100      0.1753800      0.1865800      0.1976100      0.2073500      0.2144500      0.2177600      0.2168200      0.2137100      0.2140800      0.2210500      0.2284000      0.2331900      0.2374800      0.2422300      0.2445500      0.2482200      0.2528400      0.2585100      0.2649000      0.2709800      0.2738500      0.2791400      0.2838900      0.2878200      0.2909000      0.2910800      0.2929400      0.2921300      0.2914900    
  0.1725600      0.1825100      0.1925600      0.2021600      0.2105200      0.2167500      0.2201800      0.2206200      0.2214900      0.2230000      0.2271400      0.2317200      0.2348600      0.2382300      0.2404600      0.2418800      0.2447800      0.2493600      0.2556200      0.2629000      0.2703900      0.2768000      0.2794600      0.2822300      0.2863400      0.2895900      0.2920700      0.2939300      0.2937700      0.2950700    
  0.1797700      0.1888800      0.1978900      0.2063300      0.2136500      0.2192900      0.2229400      0.2261200      0.2276200      0.2293700      0.2286400      0.2321500      0.2345600      0.2358600      0.2366900      0.2364800      0.2370700      0.2414600      0.2485900      0.2570000      0.2650500      0.2725900      0.2750800      0.2799200      0.2833900      0.2855900      0.2864900      0.2837800      0.2815500      0.2740900    
  0.1864300      0.1947200      0.2028000      0.2103000      0.2168300      0.2220500      0.2256100      0.2297800      0.2283900      0.2286100      0.2310000      0.2327700      0.2337500      0.2333000      0.2313400      0.2281800      0.2272500      0.2318800      0.2410500      0.2513000      0.2604100      0.2682600      0.2707200      0.2746700      0.2768600      0.2773000      0.2756600      0.2695500      0.2623900      0.2495600    
  0.1925800      0.2001800      0.2074400      0.2141500      0.2197700      0.2246200      0.2283100      0.2272100      0.2274300      0.2300700      0.2320200      0.2329700      0.2325100      0.2304600      0.2268700      0.2199200      0.2140800      0.2201100      0.2331900      0.2451800      0.2551400      0.2627500      0.2680300      0.2672800      0.2677500      0.2659100      0.2591600      0.2521600      0.2414300      0.2259100    
  0.2023400      0.2049400      0.2115700      0.2176000      0.2229200      0.2124900      0.2240400      0.2245100      0.2278300      0.2303800      0.2320500      0.2325800      0.2316000      0.2286700      0.2246700      0.2159800      0.2045900      0.2134200      0.2286300      0.2408500      0.2501500      0.2567100      0.2606500      0.2583700      0.2568900      0.2502700      0.2436400      0.2339100      0.2207200      0.2038100    
  0.2078800      0.2099300      0.2157800      0.2212600      0.2072100      0.2122400      0.2242800      0.2241500      0.2273700      0.2298100      0.2313500      0.2317900      0.2308700      0.2306800      0.2257400      0.2196400      0.2154300      0.2195100      0.2293000      0.2385900      0.2457600      0.2504600      0.2526100      0.2485400      0.2425600      0.2365600      0.2277500      0.2159900      0.2011400      0.1834500    
  0.2134900      0.2147700      0.2199800      0.2019500      0.2070400      0.2115800      0.2194800      0.2231400      0.2261700      0.2284800      0.2299900      0.2305600      0.2300700      0.2315900      0.2279200      0.2248400      0.2236700      0.2259900      0.2311200      0.2366200      0.2408800      0.2439100      0.2440700      0.2417500      0.2305800      0.2227700      0.2122800      0.1989900      0.1830700      0.1649100    
  0.2118930      0.2160800      0.2096780      0.2020100      0.2063700      0.2067700      0.2182200      0.2215400      0.2243100      0.2264600      0.2279300      0.2286800      0.2334000      0.2405900      0.2365100      0.2322700      0.2296700      0.2287100      0.2292200      0.2301700      0.2305600      0.2297100      0.2272000      0.2206900      0.2139700      0.2025000      0.1910500      0.1772700      0.1613300      0.1483000    
  0.2117960      0.2099150      0.2020100      0.2035430      0.2054900      0.2049900      0.2163700      0.2193800      0.2218200      0.2237400      0.2411300      0.2399400      0.2448400      0.2417500      0.2372600      0.2333000      0.2300200      0.2281700      0.2267500      0.2255900      0.2240500      0.2215200      0.2156700      0.2098600      0.2021100      0.1888000      0.1766000      0.1623000      0.1461000       0.000000    
  0.2076520      0.2020100      0.2021870      0.2028950      0.2003000      0.2113900      0.2141800      0.2166100      0.2404900      0.2405400      0.2397500      0.2490700      0.2449300      0.2405100      0.2358500      0.2314100      0.2272200      0.2234300      0.2209600      0.2187000      0.2146400      0.2108800      0.2058600      0.1992600      0.1908300      0.1804300      0.1645900      0.1501300       0.000000       0.000000    
  0.2020100      0.2015240      0.2015970      0.2003000      0.2070270      0.2093900      0.2387000      0.2393300      0.2393600      0.2386300      0.2374300      0.2472400      0.2426700      0.2377700      0.2325900      0.2271500      0.2217900      0.2159500      0.2114100      0.2085100      0.2054200      0.2013400      0.1942600      0.1870900      0.1782900      0.1677400      0.1524600       0.000000       0.000000       0.000000    
  0.2011960      0.2009490      0.2003000      0.2055720      0.2093900      0.2297700      0.2412200      0.2410900      0.2403500      0.2389700      0.2510500      0.2460600      0.2406600      0.2348600      0.2286400      0.2219900      0.2146200      0.2063800      0.2001200      0.1973000      0.1948400      0.1903800      0.1846300      0.1774800      0.1688000      0.1585200      0.1465500       0.000000       0.000000       0.000000    
  0.2006240      0.2003000      0.2050870      0.2093900      0.2267930      0.2412200      0.2411550      0.2408870      0.2434850      0.2535300      0.2483900      0.2428000      0.2367600      0.2302500      0.2239000      0.2162900      0.2080200      0.1994400      0.1927500      0.1885700      0.1843900      0.1810400      0.1753300      0.1683900      0.1601200      0.1504100       0.000000       0.000000       0.000000       0.000000    
  0.2003000      0.2049260      0.2093900      0.2258010      0.2412200      0.2411870      0.2410870      0.2447640      0.2535300      0.2509600      0.2455080      0.2391500      0.2333100      0.2261700      0.2185600      0.2098800      0.2018800      0.1936200      0.1866200      0.1810400      0.1759600      0.1706200      0.1646200      0.1597100      0.1519800       0.000000       0.000000       0.000000       0.000000       0.000000    
  0.2048720      0.2093900      0.2254700      0.2412200      0.2412040      0.2411650      0.2451420      0.2535300      0.2522450      0.2470160      0.2414100      0.2436700      0.2350000      0.2217500      0.2128100      0.2036900      0.1959200      0.1876300      0.1802400      0.1738300      0.1680200      0.1623100      0.1563400      0.1498800       0.000000       0.000000       0.000000       0.000000       0.000000       0.000000    
  0.2093900      0.2253600      0.2412200      0.2412120      0.2411960      0.2452600      0.2535300      0.2528870      0.2478000      0.2425400      0.2436700      0.2393350      0.2292370      0.2165300      0.2070900      0.1975700      0.1881900      0.1813400      0.1735400      0.1665400      0.1601900      0.1541900      0.1482800       0.000000       0.000000       0.000000       0.000000       0.000000       0.000000       0.000000    
  0.2253230      0.2412200      0.2412160      0.2412090      0.2453000      0.2535300      0.2532090      0.2481990      0.2431050      0.2436700      0.2415020      0.2321930      0.2165300      0.2118100      0.2070630      0.1976170      0.1890330      0.1810230      0.1663080      0.1590000      0.1522100      0.1459900       0.000000       0.000000       0.000000       0.000000       0.000000       0.000000       0.000000       0.000000    
  0.2412200      0.2412180      0.2412150      0.2453140      0.2535300      0.2533690      0.2483990      0.2433870      0.2436700      0.2425860      0.2334740      0.2165300      0.2141700      0.2118010      0.2054970      0.1979040      0.1892240      0.1685090      0.1550600      0.1511200       0.000000       0.000000       0.000000       0.000000       0.000000       0.000000       0.000000       0.000000       0.000000       0.000000    
  0.2412190      0.2412180      0.2453190      0.2535300      0.2534500      0.2484990      0.2435290      0.2436700      0.2431280      0.2340650      0.2165300      0.2153500      0.2141670      0.2104890      0.2050670      0.1975420      0.1719700      0.1530900      0.1511200      0.5037330E-01   0.000000       0.000000       0.000000       0.000000       0.000000       0.000000       0.000000       0.000000       0.000000       0.000000    
  0.2412190      0.2453210      0.2535300      0.2534900      0.2485500      0.2435990      0.2436700      0.2433990      0.2343480      0.2165300      0.2159400      0.2153490      0.2133350      0.2099080      0.2043660      0.1604490      0.1521050      0.1511200      0.5037330E-01   0.000000       0.000000       0.000000       0.000000       0.000000       0.000000       0.000000       0.000000       0.000000       0.000000       0.000000    
  0.2453220      0.2535300      0.2535100      0.2485750      0.2436350      0.2436700      0.2435350      0.2344870      0.2165300      0.2162350      0.2159400      0.2148750      0.2128640      0.1569020      0.1115840      0.7588830E-01  0.7556000E-01  0.4029870E-01   0.000000       0.000000       0.000000       0.000000       0.000000       0.000000       0.000000       0.000000       0.000000       0.000000       0.000000       0.000000    
  0.2535300      0.2535200      0.2485870      0.2436520      0.2436700      0.2436020      0.2345550      0.2165300      0.2163830      0.2162350      0.2156830      0.2145600      0.1169280       0.000000       0.000000      0.1889000E-01   0.000000       0.000000       0.000000       0.000000       0.000000       0.000000       0.000000       0.000000       0.000000       0.000000       0.000000       0.000000       0.000000       0.000000    
  0.2535250      0.2485940      0.2436610      0.2436700      0.2436360      0.2345890      0.2165300      0.2164560      0.2163820      0.2161000      0.1292960       0.000000       0.000000       0.000000       0.000000       0.000000       0.000000       0.000000       0.000000       0.000000       0.000000       0.000000       0.000000       0.000000       0.000000       0.000000       0.000000       0.000000       0.000000       0.000000    
  0.2485970      0.2436660      0.2436700      0.2436530      0.2346060      0.2165300      0.2164930      0.2164560      0.2163130      0.1123560       0.000000       0.000000       0.000000       0.000000       0.000000       0.000000       0.000000       0.000000       0.000000       0.000000       0.000000       0.000000       0.000000       0.000000       0.000000       0.000000       0.000000       0.000000       0.000000       0.000000    
  0.2436680      0.2436700      0.2436620      0.2346150      0.2165300      0.2165120      0.2164930      0.2029810      0.1270630      0.1011520E-03   0.000000       0.000000       0.000000       0.000000       0.000000       0.000000       0.000000       0.000000       0.000000       0.000000       0.000000       0.000000       0.000000       0.000000       0.000000       0.000000       0.000000       0.000000       0.000000       0.000000    
  0.2436700      0.2436660      0.2346190      0.2165300      0.2165210      0.1969440      0.1675900      0.1651250      0.1626600      0.5449410E-01  0.3034570E-03   0.000000       0.000000       0.000000       0.000000       0.000000       0.000000       0.000000       0.000000       0.000000       0.000000       0.000000       0.000000       0.000000       0.000000       0.000000       0.000000       0.000000       0.000000       0.000000    
  0.2436680      0.2346210      0.2165300      0.2165250      0.1930390      0.1675960      0.1675960      0.1675900      0.1651250      0.1626600      0.5501310E-01  0.9103700E-03   0.000000       0.000000       0.000000       0.000000       0.000000       0.000000       0.000000       0.000000       0.000000       0.000000       0.000000       0.000000       0.000000       0.000000       0.000000       0.000000       0.000000       0.000000    
