iMOD/TUTORIALS/TUT_MetaswapAnalyser/model_MetaSWAP/meteo/Precipitation/Precipitation_20060903_L1.ASC
NCOLS                30
NROWS                30
XLLCORNER     160000.00
YLLCORNER     340000.00
CELLSIZE        1000.00
NODATA_VALUE   -9999.00
   2.907830       2.832540       2.752370       2.670750       2.596000       2.541440       2.508120       2.479330       2.448060       2.437400       2.455390       2.478670       2.496410       2.519880       2.536970       2.560490       2.578970       2.606610       2.636740       2.669710       2.703470       2.725520       2.752980       2.781270       2.795460       2.802350       2.802100       2.796100       2.787880       2.785770    
   2.873120       2.800410       2.706000       2.632100       2.563960       2.505310       2.454790       2.403680       2.343690       2.313960       2.341500       2.359720       2.370700       2.386620       2.394230       2.401670       2.417280       2.435390       2.467230       2.502850       2.540680       2.568710       2.600270       2.630970       2.646830       2.653320       2.649920       2.637100       2.601080       2.588250    
   2.831380       2.762850       2.691740       2.621920       2.533750       2.472240       2.413760       2.355000       2.297560       2.265360       2.263410       2.264970       2.262670       2.259520       2.251920       2.247670       2.254970       2.274830       2.306760       2.347160       2.393020       2.428080       2.471290       2.499510       2.517900       2.525030       2.502270       2.487310       2.461140       2.424990    
   2.796980       2.732160       2.664960       2.598960       2.531770       2.466220       2.402070       2.324940       2.271200       2.234600       2.209260       2.189180       2.168520       2.144570       2.120480       2.102210       2.099760       2.117400       2.153850       2.202460       2.255350       2.314960       2.350390       2.365160       2.388700       2.400400       2.399320       2.384690       2.356810       2.314280    
   2.768810       2.707180       2.645840       2.580380       2.514720       2.449490       2.385130       2.332910       2.273400       2.220580       2.176000       2.132640       2.089870       2.041380       1.998770       1.961600       1.936460       1.951030       1.994870       2.054700       2.125550       2.184990       2.228350       2.270900       2.299220       2.315260       2.318840       2.311680       2.293000       2.272750    
   2.746070       2.690860       2.629330       2.566200       2.502210       2.437950       2.391260       2.324570       2.260890       2.204420       2.147370       2.089120       2.031800       1.961290       1.892420       1.825360       1.786750       1.803400       1.865660       1.943870       2.027240       2.096300       2.147040       2.192350       2.225490       2.248500       2.258190       2.259400       2.252940       2.247290    
   2.711760       2.676300       2.617230       2.556310       2.519650       2.454740       2.389260       2.318900       2.257370       2.194040       2.129350       2.061090       1.986680       1.905730       1.816580       1.716440       1.636760       1.665700       1.762470       1.865810       1.954480       2.030140       2.092520       2.134370       2.171020       2.196450       2.213390       2.220850       2.224620       2.227060    
   2.698070       2.682350       2.644250       2.583550       2.521130       2.448130       2.384910       2.322510       2.258150       2.192150       2.123320       2.049860       1.969580       1.876470       1.785680       1.669440       1.543080       1.596080       1.717110       1.822320       1.912600       1.988630       2.051250       2.093830       2.131900       2.161420       2.180700       2.193420       2.201280       2.208850    
   2.736640       2.680620       2.625660       2.587830       2.515020       2.453700       2.391640       2.330060       2.265830       2.199350       2.129690       2.055640       1.975940       1.893030       1.804870       1.709740       1.642640       1.658430       1.736030       1.822280       1.901830       1.970990       2.029160       2.069110       2.107660       2.136020       2.157210       2.171940       2.184290       2.194680    
   2.737690       2.682770       2.629820       2.564590       2.523180       2.463650       2.404070       2.343140       2.280320       2.215280       2.147500       2.076510       2.002150       1.936690       1.852050       1.788400       1.742180       1.748880       1.793040       1.853350       1.915340       1.973180       2.023180       2.065280       2.092640       2.119410       2.139450       2.156360       2.170260       2.182250    
   2.735820       2.683430       2.612500       2.572820       2.518760       2.477150       2.419970       2.361320       2.300970       2.238800       2.174740       2.108960       2.059650       2.019700       1.926340       1.873660       1.843470       1.837900       1.857600       1.892810       1.934120       1.975440       2.013530       2.048220       2.075530       2.092370       2.111890       2.128600       2.143460       2.170370    
   2.735100       2.651140       2.572820       2.541850       2.532530       2.477300       2.424760       2.383920       2.326720       2.268290       2.267710       2.199540       2.155590       2.062170       1.998670       1.955500       1.928660       1.919200       1.925730       1.944830       1.970750       1.998860       2.026280       2.051190       2.073150       2.083760       2.099750       2.114200       2.127890       2.141470    
   2.685960       2.572820       2.548960       2.537900       2.543270       2.495990       2.446240       2.395320       2.431830       2.379040       2.315720       2.244020       2.183940       2.127490       2.069760       2.031500       2.005290       1.992560       1.988720       1.995600       2.009690       2.026170       2.043110       2.059160       2.073750       2.086900       2.089950       2.101000       2.112470       2.124970    
   2.572820       2.551410       2.540590       2.543270       2.518740       2.516970       2.587380       2.531580       2.474650       2.401840       2.346000       2.299250       2.244120       2.192550       2.146380       2.101510       2.074000       2.055270       2.047480       2.043660       2.047730       2.054170       2.055990       2.062280       2.068320       2.074210       2.072590       2.079100       2.087390       2.098150    
   2.552360       2.541930       2.543270       2.526330       2.516970       2.570140       2.606060       2.555190       2.503400       2.451120       2.397650       2.346220       2.296650       2.250050       2.207610       2.167480       2.136810       2.111380       2.095630       2.090580       2.080310       2.076340       2.073270       2.070660       2.068410       2.066790       2.066360       2.060120       2.064000       2.073290    
   2.542600       2.543270       2.528860       2.516970       2.564390       2.606060       2.580630       2.554880       2.502430       2.500000       2.450900       2.402620       2.355900       2.311500       2.271090       2.232950       2.190090       2.164210       2.144940       2.132350       2.122270       2.102250       2.090270       2.078830       2.068080       2.058420       2.050570       2.045410       2.036540       2.039800    
   2.543270       2.529700       2.516970       2.562470       2.606060       2.593340       2.580520       2.534480       2.500000       2.475450       2.463810       2.459200       2.416470       2.372840       2.323810       2.286010       2.245320       2.216750       2.192220       2.171360       2.152510       2.134380       2.116410       2.084220       2.064300       2.045710       2.029330       2.016270       2.007800       1.998530    
   2.529980       2.516970       2.561830       2.606060       2.599700       2.593310       2.552090       2.500000       2.487730       2.485680       2.482770       2.506350       2.464280       2.421180       2.380720       2.341820       2.298250       2.266350       2.236560       2.208520       2.181390       2.154420       2.127210       2.099730       2.058640       2.030360       2.004430       1.982240       1.965390       1.955290    
   2.516970       2.561620       2.606060       2.602880       2.599690       2.561270       2.500000       2.493860       2.494860       2.494560       2.506350       2.485310       2.467300       2.477380       2.436470       2.396190       2.356580       2.313860       2.278930       2.244270       2.209390       2.173870       2.137460       2.100260       2.062680       2.025490       1.976450       1.943790       1.916820       1.901250    
   2.561550       2.606060       2.604470       2.602880       2.565960       2.500000       2.496930       2.499110       2.500460       2.506350       2.495830       2.484090       2.477380       2.456920       2.436680       2.396410       2.355540       2.316460       2.286450       2.279570       2.237380       2.193610       2.148160       2.101170       2.053090       2.004750       1.962880       1.919310       1.879790       1.837780    
   2.606060       2.605270       2.604470       2.568330       2.500000       2.498470       2.501160       2.503400       2.506350       2.501090       2.490910       2.477380       2.467150       2.457000       2.430010       2.396210       2.356140       2.314330       2.297590       2.315600       2.266500       2.214870       2.160640       2.108050       2.049720       1.990010       1.930110       1.872400       1.819800       1.776570    
   2.605660       2.605260       2.569520       2.500000       2.499230       2.502170       2.504880       2.506350       2.503720       2.493930       2.477380       2.472270       2.467180       2.451380       2.427740       2.394120       2.337770       2.306590       2.315600       2.294070       2.300120       2.241620       2.179570       2.114040       2.044880       1.971880       1.899330       1.827070       1.758610       1.700270    
   2.605660       2.570110       2.500000       2.499620       2.502670       2.505610       2.506350       2.505040       2.495350       2.477380       2.474820       2.472270       2.463610       2.448770       2.424410       2.386380       2.311100       2.315600       2.333970       2.334610       2.295320       2.266790       2.196420       2.122850       2.044400       1.962080       1.876690       1.789080       1.702420       1.623170    
   2.570410       2.500000       2.499810       2.502920       2.505980       2.506350       2.505690       2.496030       2.477380       2.476100       2.474830       2.470240       2.461550       2.517110       2.511800       2.462910       2.461190       2.423390       2.380860       2.391600       2.369100       2.298990       2.220740       2.140510       2.054850       1.963660       1.866860       1.764810       1.659170       1.556620    
   2.500000       2.499900       2.503050       2.506170       2.506350       2.506020       2.496360       2.477380       2.476740       2.476100       2.473720       2.468870       2.584190       2.734580       2.731640       2.616680       2.616450       2.606790       2.479750       2.416360       2.414100       2.334690       2.255910       2.169710       2.077770       1.979740       1.874850       1.762180       1.642480       1.513870    
   2.499950       2.503110       2.506260       2.506350       2.506190       2.496530       2.477380       2.477060       2.476740       2.475520       2.694730       3.027490       2.834610       2.737480       2.737520       2.731640       2.657440       2.626100       2.606790       2.504240       2.465880       2.385300       2.298590       2.210230       2.114370       2.013020       1.905020       1.789630       1.663290       1.525550    
   2.503140       2.506300       2.506350       2.506270       2.496610       2.477380       2.477220       2.477060       2.476440       2.740400       3.027490       3.027490       3.027490       2.838900       2.743280       2.743400       2.731640       2.665240       2.645420       2.606790       2.530170       2.445970       2.355370       2.260090       2.165250       2.064520       1.959640       1.848080       1.729010       1.604930    
   2.506330       2.506350       2.506310       2.496650       2.477380       2.477300       2.477220       2.719670       2.889680       3.027780       3.027490       3.027490       3.027490       3.027490       2.847320       2.754810       2.755150       2.731640       2.677120       2.684040       2.605420       2.518030       2.423650       2.325460       2.226320       2.133250       2.036630       1.936300       1.832640       1.731300    
   2.506350       2.506330       2.496670       2.477380       2.477340       2.839340       3.382360       3.415160       3.447940       3.168430       3.028370       3.027490       3.027490       3.027490       3.027490       2.863580       2.777630       2.778660       2.731640       2.686020       2.627370       2.555680       2.466870       2.400230       2.303590       2.215960       2.134340       2.049130       1.962840       1.881780    
   2.506340       2.496680       2.477380       2.477360       2.911800       3.382420       3.382420       3.382360       3.415170       3.447940       3.169930       3.030120       3.027490       3.027490       3.027490       3.027490       2.894040       2.822590       2.825680       2.785000       2.716780       2.649520       2.566790       2.472850       2.384500       2.319270       2.258780       2.182360       2.111670       2.045300    
