iMOD/TUTORIALS/TUT_MetaswapAnalyser/model_MetaSWAP/meteo/Precipitation/Precipitation_20061204_L1.ASC
NCOLS                30
NROWS                30
XLLCORNER     160000.00
YLLCORNER     340000.00
CELLSIZE        1000.00
NODATA_VALUE   -9999.00
   5.965900       5.987900       6.018440       6.042610       6.024220       5.888740       5.620380       5.293260       4.983370       4.807680       4.785010       4.808230       4.835690       4.856170       4.871330       4.880300       4.892180       4.864580       4.828620       4.785970       4.741670       4.691510       4.657600       4.637070       4.628210       4.634800       4.657220       4.694690       4.744780       4.798270    
   5.914030       5.913940       5.935490       5.908660       5.836770       5.681600       5.440690       5.139140       4.806940       4.633180       4.707350       4.771790       4.826900       4.871720       4.903300       4.939030       4.938600       4.904040       4.868180       4.825390       4.779610       4.728980       4.693060       4.670240       4.659740       4.665010       4.686730       4.724580       4.791840       4.844710    
   5.857150       5.835070       5.802820       5.752340       5.681790       5.526500       5.316100       5.068590       4.826220       4.704110       4.724320       4.783210       4.845920       4.898150       4.935120       4.971470       4.976280       4.959350       4.923830       4.876280       4.821860       4.765470       4.725620       4.695770       4.680530       4.681460       4.716010       4.748360       4.793000       4.857140    
   5.784410       5.745610       5.694650       5.629640       5.526280       5.387380       5.217340       5.053560       4.887180       4.799520       4.788320       4.825120       4.887120       4.939050       4.985470       5.024870       5.035230       5.016700       4.973000       4.914090       4.850840       4.791560       4.734430       4.715930       4.693180       4.686400       4.696140       4.722660       4.762570       4.823450    
   5.703540       5.653640       5.602280       5.523090       5.422630       5.300520       5.163190       5.029940       4.917140       4.849660       4.860180       4.884010       4.932270       4.987800       5.038820       5.082980       5.109780       5.087350       5.028890       4.952280       4.877180       4.805500       4.736940       4.689310       4.659750       4.646210       4.648440       4.661120       4.693340       4.733170    
   5.619390       5.576350       5.509370       5.429730       5.336120       5.230320       5.134730       5.017990       4.981860       4.925100       4.903050       4.915250       4.961810       5.019520       5.073380       5.141530       5.174780       5.140420       5.052200       4.948230       4.853210       4.768560       4.691490       4.639190       4.603260       4.581300       4.575590       4.578390       4.597090       4.621180    
   5.647250       5.491210       5.422930       5.345680       5.283280       5.189270       5.094260       5.067640       4.994060       4.942880       4.920220       4.926020       4.957700       5.022480       5.075660       5.169270       5.241000       5.180320       5.040860       4.909080       4.794380       4.700570       4.626570       4.561620       4.521400       4.495740       4.477550       4.476600       4.483350       4.496310    
   5.572980       5.548640       5.373360       5.297710       5.216610       5.219070       5.130280       5.051070       4.984780       4.936950       4.911010       4.908160       4.928240       4.980210       5.019390       5.116550       5.233540       5.130900       4.957710       4.812070       4.693450       4.598950       4.525310       4.460460       4.418970       4.384460       4.367380       4.359290       4.359690       4.363390    
   5.554990       5.486520       5.409720       5.228400       5.262100       5.176190       5.094840       5.022260       4.959620       4.910580       4.877710       4.862270       4.864540       4.845280       4.897610       4.949930       4.976140       4.908750       4.781290       4.656000       4.550210       4.465420       4.399140       4.339240       4.293990       4.265410       4.245250       4.233700       4.225480       4.222020    
   5.495110       5.427330       5.351490       5.382480       5.214640       5.132880       5.054830       4.984980       4.921940       4.868100       4.825050       4.793450       4.773000       4.698720       4.725860       4.731990       4.705970       4.643560       4.551560       4.456940       4.374750       4.306730       4.254000       4.212450       4.164090       4.137290       4.117750       4.100360       4.086720       4.076720    
   5.494740       5.424640       5.375950       5.342510       5.255690       5.084010       5.011740       4.941830       4.875740       4.814770       4.759540       4.709880       4.571600       4.612020       4.575580       4.524540       4.460210       4.379430       4.295290       4.220300       4.159950       4.113020       4.075980       4.040680       4.016710       3.983240       3.962010       3.942850       3.925790       3.930780    
   5.493310       5.409460       5.342510       5.246580       5.220000       5.123270       5.042340       4.895860       4.825340       4.756260       4.792950       4.710810       4.540840       4.459250       4.400100       4.310780       4.213930       4.119170       4.041600       3.989700       3.957870       3.936650       3.916450       3.899500       3.881650       3.853320       3.832220       3.810450       3.788650       3.767720    
   5.451230       5.342510       5.237820       5.194060       5.168120       5.086810       5.005930       4.923490       4.978740       4.832630       4.738020       4.502130       4.422510       4.331280       4.242190       4.117640       3.985640       3.866560       3.789450       3.765390       3.763770       3.769500       3.771300       3.766720       3.755720       3.739170       3.708570       3.683670       3.656850       3.629350    
   5.342510       5.232380       5.181090       5.168120       5.103080       5.054300       5.155170       5.057590       4.955810       4.846650       4.734250       4.435560       4.339240       4.227650       4.098100       3.961150       3.789870       3.626320       3.546000       3.562630       3.601960       3.632200       3.648720       3.652450       3.645120       3.628790       3.597170       3.568110       3.535740       3.501610    
   5.229400       5.174600       5.168120       5.108500       5.054300       5.116500       5.140030       5.041050       4.936300       4.824840       4.544250       4.441330       4.324600       4.191520       4.039460       3.859640       3.666210       3.449210       3.345720       3.435290       3.496180       3.537540       3.559430       3.564760       3.556320       3.536790       3.508710       3.466250       3.427560       3.370450    
   5.171360       5.168120       5.110310       5.054300       5.103610       5.140030       5.090540       5.039130       4.856350       4.623210       4.528070       4.420750       4.299520       4.162660       4.006050       3.836650       3.673020       3.488260       3.396330       3.418240       3.458350       3.486520       3.498950       3.495750       3.478840       3.450690       3.413950       3.371370       3.318710       3.272140    
   5.168120       5.110910       5.054300       5.099310       5.140030       5.115280       5.089900       4.902310       4.623210       4.575640       4.499300       4.423470       4.297750       4.166450       4.050780       3.889430       3.737500       3.595410       3.509380       3.483590       3.485710       3.489950       3.485430       3.468210       3.439490       3.400350       3.353220       3.300990       3.246750       3.192450    
   5.111110       5.054300       5.097880       5.140030       5.127660       5.115070       4.932670       4.623210       4.599420       4.532270       4.462230       4.500990       4.379480       4.246270       4.106340       3.963470       3.836850       3.716280       3.630360       3.579930       3.551510       3.529510       3.503770       3.469440       3.424530       3.371010       3.310530       3.246150       3.181520       3.124600    
   5.054300       5.097400       5.140030       5.133840       5.127590       4.949650       4.623210       4.611320       4.547500       4.481610       4.500990       4.440240       4.360280       4.314360       4.188200       4.061940       3.942600       3.844850       3.757690       3.692240       3.641620       3.596580       3.549460       3.495640       3.433290       3.362780       3.285560       3.206240       3.132340       3.059670    
   5.097240       5.140030       5.136940       5.133820       4.958570       4.623210       4.617260       4.554860       4.491300       4.500990       4.470610       4.403960       4.314360       4.251280       4.188170       4.064250       3.949800       3.848380       3.812960       3.816770       3.749830       3.685670       3.618800       3.545410       3.463770       3.374170       3.276010       3.183000       3.080580       2.997430    
   5.140030       5.138480       5.136930       4.963130       4.623210       4.620240       4.558490       4.496140       4.500990       4.485800       4.422480       4.314360       4.282820       4.251270       4.167900       4.067400       3.954140       3.889880       3.885010       3.953250       3.874160       3.794470       3.710100       3.616020       3.514460       3.404150       3.280640       3.162600       3.048960       2.948080    
   5.139260       5.138480       4.965440       4.623210       4.621720       4.560300       4.498570       4.500990       4.493400       4.430910       4.314360       4.298590       4.282820       4.234000       4.162190       4.063150       3.956760       3.919130       3.953250       3.947140       4.014010       3.921690       3.821970       3.712300       3.583700       3.451190       3.312080       3.169140       3.029840       2.904610    
   5.139260       4.966600       4.623210       4.622470       4.561200       4.499780       4.500990       4.497190       4.434910       4.314360       4.306470       4.298590       4.271800       4.226330       4.153110       4.122630       3.936190       3.953250       4.132550       4.183190       4.119720       4.072290       3.953470       3.827300       3.683990       3.531620       3.368250       3.197540       3.027210       2.869610    
   4.967180       4.623210       4.622840       4.561650       4.500380       4.500990       4.499090       4.436860       4.314360       4.310420       4.306470       4.292290       4.265570       4.534700       4.592520       4.499060       4.494870       4.444680       4.390420       4.446620       4.352370       4.238250       4.103460       3.968810       3.815830       3.644630       3.457190       3.257510       3.052230       2.850380    
   4.623210       4.623020       4.561870       4.500690       4.500990       4.500040       4.437830       4.314360       4.312390       4.310420       4.303060       4.288110       4.817890       5.494800       5.487560       5.066440       5.066130       5.036500       4.710690       4.541450       4.540860       4.416580       4.292060       4.148980       3.983360       3.795110       3.586120       3.360000       3.119440       2.876140    
   4.623120       4.561990       4.500840       4.500990       4.500510       4.438300       4.314360       4.313370       4.312390       4.308620       5.043230       6.157290       5.721670       5.502110       5.502040       5.487560       5.217190       5.095760       5.036500       4.818180       4.731120       4.633010       4.513960       4.363550       4.189460       3.987970       3.761850       3.514260       3.253830       2.984400    
   4.562040       4.500910       4.500990       4.500750       4.438540       4.314360       4.313870       4.313370       4.311460       5.195770       6.157290       6.157290       6.157290       5.732490       5.516750       5.516510       5.487560       5.248940       5.155010       5.036500       4.964230       4.874190       4.761020       4.618810       4.436710       4.225920       3.986500       3.727940       3.460230       3.194940    
   4.500950       4.500990       4.500870       4.438660       4.314360       4.314110       4.313870       4.975870       5.561860       6.157840       6.157290       6.157290       6.157290       6.157290       5.753890       5.546180       5.545460       5.487560       5.316670       5.273530       5.214380       5.137810       5.037470       4.904580       4.732300       4.508790       4.258250       3.992040       3.725650       3.476140    
   4.500990       4.500930       4.438720       4.314360       4.314240       5.321040       6.831380       6.898080       6.964770       6.427930       6.158930       6.157290       6.157290       6.157290       6.157290       5.795570       5.605510       5.603360       5.487560       5.469090       5.437610       5.389640       5.324380       5.229140       5.060980       4.833960       4.565590       4.290950       4.026400       3.788840    
   4.500960       4.438750       4.314360       4.314300       5.522550       6.831470       6.831470       6.831380       6.898090       6.964770       6.430730       6.162200       6.157290       6.157290       6.157290       6.157290       5.874010       5.725600       5.719160       5.716920       5.714760       5.683940       5.637170       5.564120       5.424990       5.181990       4.895550       4.604520       4.339350       4.108150    
