iMOD/TUTORIALS/TUT_MetaswapAnalyser/model_MetaSWAP/meteo/Precipitation/Precipitation_20051202_L1.ASC
NCOLS                30
NROWS                30
XLLCORNER     160000.00
YLLCORNER     340000.00
CELLSIZE        1000.00
NODATA_VALUE   -9999.00
   1.090020       1.063030       1.040030       1.027670       1.042630       1.117040       1.265780       1.461820       1.660970       1.754660       1.712180       1.632610       1.551420       1.474770       1.407270       1.359720       1.316880       1.279340       1.246270       1.219900       1.199110       1.177350       1.164030       1.155040       1.146100       1.138600       1.132190       1.126710       1.122250       1.122700    
   1.127580       1.113660       1.107480       1.119420       1.161760       1.251330       1.397190       1.594990       1.836060       1.941020       1.807630       1.691090       1.588600       1.506410       1.429650       1.370020       1.315900       1.275730       1.245310       1.220000       1.201250       1.182640       1.172420       1.166720       1.161260       1.157300       1.154370       1.152190       1.151440       1.154200    
   1.165220       1.162830       1.171870       1.199130       1.252180       1.343080       1.473880       1.637920       1.804010       1.864960       1.792400       1.687530       1.590920       1.498680       1.419790       1.356320       1.301070       1.258020       1.226110       1.203560       1.191890       1.177790       1.173690       1.170560       1.169590       1.170130       1.172440       1.174380       1.179670       1.180630    
   1.199500       1.205540       1.223280       1.257510       1.313590       1.395000       1.500110       1.615600       1.714460       1.750570       1.712520       1.635790       1.548840       1.463450       1.385230       1.320460       1.266310       1.226000       1.198550       1.181410       1.171810       1.172910       1.167750       1.170660       1.174730       1.180310       1.186920       1.194090       1.204020       1.209540    
   1.227760       1.238870       1.260380       1.295470       1.346380       1.413290       1.491840       1.571980       1.629830       1.648340       1.608820       1.554140       1.483360       1.407010       1.332770       1.267870       1.216010       1.180590       1.160430       1.151160       1.151140       1.153420       1.154480       1.165410       1.175000       1.186170       1.198580       1.215740       1.228690       1.242910    
   1.248860       1.261990       1.283910       1.315900       1.358480       1.410110       1.465790       1.519040       1.512340       1.530000       1.512770       1.469840       1.408410       1.339820       1.267220       1.203130       1.152210       1.123630       1.114400       1.115370       1.123410       1.132670       1.140080       1.153410       1.168720       1.188300       1.206840       1.230600       1.251120       1.273390    
   1.259620       1.275890       1.295800       1.322720       1.355890       1.393660       1.431530       1.408780       1.437310       1.441490       1.424050       1.386880       1.334560       1.271260       1.199610       1.134130       1.077890       1.059540       1.066410       1.079890       1.093920       1.109390       1.126440       1.140910       1.161440       1.184120       1.213470       1.239710       1.269280       1.299110    
   1.268440       1.278300       1.298170       1.319330       1.344010       1.305770       1.324100       1.352240       1.364360       1.362090       1.343800       1.310270       1.264070       1.208550       1.140210       1.077530       1.013460       1.008430       1.027780       1.046350       1.065140       1.084830       1.106010       1.124790       1.149860       1.182440       1.212450       1.245150       1.275450       1.314430    
   1.268690       1.277410       1.290550       1.309430       1.245660       1.267570       1.274560       1.293330       1.297520       1.290700       1.271780       1.241190       1.200600       1.142520       1.091940       1.042610       1.002910      0.9910400       1.001510       1.018390       1.037860       1.059340       1.083010       1.104870       1.138470       1.170260       1.205470       1.238220       1.281620       1.327810    
   1.264980       1.271750       1.281110       1.194420       1.212780       1.227250       1.232020       1.237580       1.236140       1.226190       1.207070       1.179170       1.143840       1.091440       1.052660       1.014970      0.9869800      0.9761800      0.9797300      0.9920600       1.009500       1.032220       1.056930       1.085050       1.116640       1.151960       1.185300       1.230330       1.279900       1.333440    
   1.265000       1.272610       1.227930       1.164430       1.174630       1.191320       1.184820       1.185010       1.179540       1.167470       1.148480       1.123000       1.074730       1.022590      0.9954100      0.9741300      0.9593600      0.9546000      0.9593700      0.9716600      0.9894200       1.011470       1.037390       1.071430       1.099450       1.135390       1.179040       1.228200       1.282930       1.329550    
   1.265520       1.232490       1.164430       1.145750       1.138220       1.147340       1.136750       1.135460       1.127060       1.113540       1.051630       1.034320      0.9923400      0.9696400      0.9535700      0.9386900      0.9284700      0.9255800      0.9297900      0.9404900      0.9566900      0.9776500       1.002040       1.031880       1.066690       1.101620       1.147410       1.199810       1.259230       1.325720    
   1.230460       1.164430       1.134470       1.121970       1.105720       1.096300       1.092830       1.086250       1.015690       1.008690      0.9963800      0.9449000      0.9341700      0.9218200      0.9102000      0.8993500      0.8919800      0.8894400      0.8940200      0.9027400      0.9187100      0.9383800      0.9626900      0.9918800       1.026410       1.066930       1.108460       1.162780       1.225480       1.297140    
   1.164430       1.129620       1.113840       1.105720       1.086380       1.057120      0.9734900      0.9696300      0.9632400      0.9534400      0.9418600      0.8926300      0.8838900      0.8741100      0.8644700      0.8567200      0.8506300      0.8481500      0.8507500      0.8618800      0.8761200      0.8946000      0.9221600      0.9507500      0.9846600       1.024660       1.066410       1.121010       1.184870       1.259100    
   1.127390       1.109780       1.105720       1.083070       1.057120      0.9849900      0.9243600      0.9187500      0.9112500      0.9018000      0.8492200      0.8430100      0.8354300      0.8271600      0.8190200      0.8120800      0.8064700      0.8031500      0.8053400      0.8162100      0.8323900      0.8504400      0.8723600      0.8987200      0.9302200      0.9677400       1.012340       1.059970       1.122230       1.196390    
   1.107750       1.105720       1.081970       1.057120      0.9888230      0.9243600      0.9215550      0.9181200      0.8845100      0.8062400      0.8014500      0.7952600      0.7880800      0.7804600      0.7731200      0.7667100      0.7608400      0.7587000      0.7612400      0.7693400      0.7809300      0.7990400      0.8183000      0.8415900      0.8696400      0.9033600      0.9438300      0.9923400       1.045320       1.114400    
   1.105720       1.081600       1.057120      0.9901010      0.9243600      0.9229570      0.9213450      0.8826060      0.8062400      0.8038450      0.7691640      0.7489800      0.7415100      0.7345300      0.7242000      0.7192800      0.7160400      0.7142200      0.7158300      0.7212900      0.7300400      0.7418000      0.7567300      0.7796700      0.8032100      0.8318000      0.8665100      0.9085800      0.9594400       1.012140    
   1.081480       1.057120      0.9905270      0.9243600      0.9236590      0.9228880      0.8832870      0.8062400      0.8050430      0.7589150      0.7214350      0.6938900      0.6885600      0.6848000      0.6793100      0.6743700      0.6710000      0.6687100      0.6689300      0.6719700      0.6777200      0.6860600      0.6971000      0.7111800      0.7330400      0.7555400      0.7832400      0.8172900      0.8590000      0.9061700    
   1.057120      0.9906690      0.9243600      0.9240090      0.9236350      0.8840180      0.8062400      0.8056410      0.7543500      0.7076620      0.6938900      0.6912250      0.6770580      0.6409800      0.6351600      0.6298500      0.6255200      0.6226700      0.6212700      0.6219200      0.6246500      0.6294300      0.6363200      0.6455700      0.6575900      0.6730000      0.6966600      0.7216900      0.7500300      0.7881500    
  0.9907160      0.9243600      0.9241850      0.9240020      0.8844760      0.8062400      0.8059410      0.7521800      0.7007760      0.6938900      0.6925570      0.6757880      0.6409800      0.6380700      0.6353300      0.6301770      0.6260130      0.6231530      0.5920680      0.5718800      0.5716800      0.5729400      0.5756900      0.5800400      0.5862800      0.5948500      0.6056000      0.6172500      0.6448800      0.6751500    
  0.9243600      0.9242720      0.9241820      0.8847260      0.8062400      0.8060900      0.7511170      0.6973330      0.6938900      0.6932240      0.6758040      0.6409800      0.6395250      0.6381270      0.6345260      0.6305070      0.6264480      0.5822150      0.5472400      0.5226000      0.5196600      0.5176200      0.5164500      0.5154600      0.5161400      0.5180900      0.5259100      0.5318600      0.5414700      0.5562600    
  0.9243160      0.9242710      0.8848550      0.8062400      0.8061650      0.7505900      0.6956120      0.6938900      0.6935570      0.6759740      0.6409800      0.6402520      0.6395440      0.6373920      0.6343860      0.6304930      0.5793380      0.5349200      0.5226000      0.5036630      0.4687300      0.4637900      0.4591400      0.4547000      0.4558700      0.4506900      0.4469100      0.4442500      0.4438000      0.4475800    
  0.9243160      0.8849210      0.8062400      0.8062030      0.7503270      0.6947510      0.6938900      0.6937230      0.6761000      0.6409800      0.6406160      0.6402590      0.6390630      0.6371080      0.6340910      0.5546750      0.5287600      0.5226000      0.4509760      0.4220200      0.4179720      0.4128400      0.4095900      0.4022900      0.3944700      0.3850600      0.3751800      0.3650600      0.3555700      0.3486500    
  0.8849540      0.8062400      0.8062210      0.7501960      0.6943200      0.6938900      0.6938070      0.6761730      0.6409800      0.6407980      0.6406180      0.6399790      0.6388100      0.5326450      0.4557570      0.4010540      0.4003950      0.3880770      0.3718220      0.3556200      0.3753100      0.3691900      0.3626500      0.3516200      0.3397300      0.3267100      0.3123300      0.2965700      0.2797700      0.2666600    
  0.8062400      0.8062310      0.7501310      0.6941050      0.6938900      0.6938480      0.6762130      0.6409800      0.6408890      0.6407990      0.6404650      0.6398020      0.4498710      0.2194280      0.2203200      0.2872950      0.2740060      0.2781900      0.3167990      0.3378270      0.3359300      0.3302200      0.3177700      0.3051300      0.2914300      0.2763000      0.2594000      0.2404400      0.2218400      0.1980900    
  0.8062350      0.7500980      0.6939980      0.6938900      0.6938690      0.6762330      0.6409800      0.6409350      0.6408890      0.6407180      0.4396130      0.1385000      0.1916780      0.2184920      0.2185360      0.2203200      0.2544600      0.2698220      0.2781900      0.2955570      0.3022400      0.2901500      0.2776300      0.2637900      0.2494500      0.2337600      0.2163800      0.1989000      0.1770100      0.1523700    
  0.7500810      0.6939440      0.6938900      0.6938800      0.6762430      0.6409800      0.6409570      0.6409350      0.6408470      0.3996440      0.1385000      0.1385000      0.1385000      0.1902920      0.2166200      0.2167510      0.2203200      0.2495060      0.2614550      0.2781900      0.2658700      0.2534700      0.2407800      0.2275900      0.2131800      0.1982400      0.1832700      0.1659700      0.1470600      0.1273100    
  0.6939170      0.6938900      0.6938850      0.6762480      0.6409800      0.6409690      0.6409570      0.4806850      0.3186510      0.1384050      0.1385000      0.1385000      0.1385000      0.1385000      0.1875140      0.2127890      0.2131830      0.2203200      0.2380600      0.2447200      0.2322700      0.2199000      0.2074400      0.1948000      0.1813700      0.1686500      0.1555000      0.1414900      0.1271100      0.1136100    
  0.6938900      0.6938870      0.6762510      0.6409800      0.6409740      0.3845810       0.000000       0.000000       0.000000      0.9207650E-01  0.1382150      0.1385000      0.1385000      0.1385000      0.1385000      0.1820150      0.2048650      0.2060450      0.2203200      0.2090100      0.1978400      0.1867100      0.1716800      0.1631400      0.1531100      0.1431200      0.1326700      0.1224300      0.1125600      0.1041900    
  0.6938890      0.6762520      0.6409800      0.6409770      0.3333070       0.000000       0.000000       0.000000       0.000000       0.000000      0.9159110E-01  0.1376450      0.1385000      0.1385000      0.1385000      0.1385000      0.1715110      0.1882300      0.1917700      0.1805600      0.1614400      0.1532300      0.1446200      0.1356500      0.1271700      0.1202100      0.1137300      0.1067300      0.1006300       0.000000    
