iMOD/TUTORIALS/TUT_MetaswapAnalyser/model_MetaSWAP/meteo/Precipitation/Precipitation_20050311_L1.ASC
NCOLS                30
NROWS                30
XLLCORNER     160000.00
YLLCORNER     340000.00
CELLSIZE        1000.00
NODATA_VALUE   -9999.00
   5.974090       6.070210       6.166450       6.249980       6.284930       6.224400       6.045420       5.809040       5.587020       5.496910       5.565180       5.683140       5.814160       5.959440       6.098600       6.251540       6.404300       6.551590       6.692570       6.831750       6.968380       7.084590       7.211830       7.322520       7.439810       7.550030       7.651750       7.742980       7.820650       7.865550    
   6.003420       6.077470       6.144570       6.184480       6.171970       6.092790       5.933480       5.714480       5.460980       5.369470       5.536320       5.696620       5.852290       6.023580       6.177490       6.337990       6.485770       6.632310       6.778080       6.913940       7.045210       7.156330       7.276400       7.380560       7.490710       7.594440       7.690750       7.778140       7.843540       7.890730    
   6.025820       6.079510       6.119050       6.125370       6.100960       6.022190       5.890080       5.720900       5.557690       5.513910       5.621360       5.771450       5.935900       6.104090       6.265580       6.429560       6.580780       6.724920       6.861730       6.991660       7.122440       7.227050       7.327840       7.435580       7.538040       7.634810       7.714050       7.799320       7.862490       7.934220    
   6.044300       6.082780       6.106200       6.099780       6.070220       6.004870       5.908180       5.798250       5.712500       5.700610       5.771470       5.896670       6.045270       6.209300       6.370020       6.533050       6.684680       6.826530       6.958170       7.080830       7.196150       7.300660       7.391060       7.477680       7.572160       7.661840       7.746240       7.824670       7.884370       7.953590    
   6.063910       6.092580       6.100880       6.098540       6.073860       6.026800       5.963950       5.903750       5.863840       5.871410       5.926910       6.035340       6.171540       6.326910       6.488460       6.648580       6.793880       6.930310       7.052920       7.164800       7.255090       7.353480       7.434170       7.531390       7.616240       7.696540       7.771500       7.822970       7.887370       7.935680    
   6.087300       6.105290       6.118200       6.117440       6.101870       6.073480       6.042460       6.013070       5.974280       6.010500       6.078650       6.181390       6.308610       6.455950       6.609410       6.768990       6.919050       7.048730       7.159040       7.257940       7.337850       7.424710       7.495320       7.573810       7.648760       7.725440       7.790070       7.830690       7.881310       7.914940    
   6.117880       6.134360       6.147570       6.151390       6.151820       6.139300       6.126050       6.075580       6.102360       6.145650       6.218070       6.318370       6.441910       6.583130       6.730970       6.893850       7.050220       7.169300       7.261200       7.336020       7.414560       7.489950       7.562280       7.618180       7.682810       7.743400       7.778340       7.829470       7.873020       7.897670    
   6.194470       6.185140       6.193660       6.202460       6.206310       6.146770       6.148100       6.178030       6.211880       6.265970       6.343070       6.442980       6.563150       6.700590       6.840190       7.001850       7.166640       7.271030       7.342320       7.413320       7.481470       7.546680       7.608950       7.654990       7.709750       7.738530       7.786880       7.828670       7.863650       7.882170    
   6.249020       6.227010       6.244910       6.253470       6.185500       6.205120       6.218690       6.263920       6.309530       6.371860       6.452910       6.552790       6.669850       6.785340       6.930120       7.080080       7.220620       7.328930       7.407530       7.475110       7.536400       7.593190       7.646410       7.683150       7.706130       7.749770       7.789720       7.827460       7.853480       7.869330    
   6.294450       6.272550       6.294220       6.213310       6.232620       6.261660       6.298600       6.341170       6.395350       6.463660       6.547530       6.647040       6.760830       6.867160       7.005090       7.141090       7.272060       7.375440       7.457590       7.524310       7.580840       7.628800       7.673700       7.715370       7.717480       7.753130       7.789560       7.818020       7.840770       7.855950    
   6.277980       6.287070       6.258240       6.252890       6.285460       6.335220       6.359390       6.409260       6.469460       6.541800       6.627290       6.725880       6.807710       6.950690       7.091120       7.211850       7.321360       7.417400       7.494710       7.555230       7.603360       7.643510       7.678960       7.693060       7.728290       7.739130       7.766160       7.791060       7.812650       7.839490    
   6.277130       6.269050       6.252890       6.314260       6.328110       6.391950       6.419260       6.467910       6.532070       6.606780       6.720430       6.813770       6.890040       7.027640       7.144190       7.258960       7.367040       7.457280       7.530910       7.585110       7.624860       7.656010       7.669420       7.693620       7.717560       7.724000       7.746400       7.768420       7.789310       7.808090    
   6.264890       6.252890       6.329270       6.359350       6.390580       6.414660       6.465520       6.523380       6.629990       6.695330       6.776710       6.867590       6.966610       7.072740       7.185000       7.296130       7.402780       7.496710       7.562900       7.608390       7.625580       7.644430       7.661010       7.677490       7.694860       7.713480       7.714130       7.733850       7.754540       7.775670    
   6.252890       6.336930       6.374960       6.390580       6.418720       6.450910       6.557670       6.613570       6.676570       6.731870       6.812620       6.907800       7.002360       7.103480       7.209450       7.319750       7.431060       7.527690       7.594330       7.611180       7.622020       7.630060       7.622030       7.628700       7.637950       7.650140       7.648230       7.665630       7.686450       7.710630    
   6.340790       6.382770       6.390580       6.420070       6.450910       6.546290       6.630280       6.683750       6.743230       6.809210       6.890420       6.968370       7.052740       7.142760       7.237420       7.332010       7.433790       7.537200       7.602410       7.598600       7.587960       7.584460       7.583080       7.584370       7.588810       7.596780       7.608610       7.606920       7.626900       7.656890    
   6.386680       6.390580       6.420520       6.450910       6.542490       6.630280       6.657010       6.685750       6.770040       6.843970       6.911230       6.984100       7.062150       7.144700       7.233150       7.321150       7.407080       7.487420       7.537500       7.550030       7.551600       7.532730       7.528560       7.526570       7.527540       7.532110       7.540810       7.554180       7.555150       7.579680    
   6.390580       6.420670       6.450910       6.541230       6.630280       6.643650       6.657680       6.739190       6.843970       6.877600       6.953500       6.989020       7.063080       7.136950       7.207360       7.279620       7.355480       7.415340       7.455470       7.473810       7.479060       7.478870       7.477160       7.451160       7.448860       7.449860       7.454980       7.464980       7.480540       7.499540    
   6.420720       6.450910       6.540810       6.630280       6.636960       6.643870       6.721120       6.843970       6.860780       6.945680       7.014110       7.039200       7.092760       7.112270       7.171970       7.230450       7.293980       7.339480       7.371310       7.388580       7.394790       7.394500       7.391210       7.387240       7.359300       7.356690       7.357860       7.363760       7.375280       7.405060    
   6.450910       6.540670       6.630280       6.633620       6.637040       6.711480       6.843970       6.852380       6.943260       7.026650       7.039200       7.065980       7.081170       7.080440       7.128840       7.174790       7.215400       7.262480       7.286530       7.299950       7.304400       7.302610       7.297190       7.290280       7.283520       7.278200       7.251370       7.252450       7.270500       7.276500    
   6.540620       6.630280       6.631950       6.633650       6.706530       6.843970       6.848170       6.942350       7.032930       7.039200       7.052590       7.066700       7.080440       7.104640       7.128020       7.173010       7.217560       7.254800       7.236090       7.210320       7.211270       7.206590       7.198190       7.187830       7.177020       7.167050       7.150340       7.160130       7.145370       7.133540    
   6.630280       6.631120       6.631960       6.704020       6.843970       6.846070       6.941950       7.036060       7.039200       7.045890       7.059730       7.080440       7.092540       7.104370       7.135220       7.172860       7.215120       7.199080       7.165760       7.121190       7.117590       7.109000       7.096850       7.072400       7.057920       7.043620       7.025740       7.016270       7.011020       7.012220    
   6.630700       6.631120       6.702770       6.843970       6.845020       6.941760       7.037630       7.039200       7.042550       7.056320       7.080440       7.086490       7.092450       7.110710       7.137490       7.174400       7.170350       7.143470       7.121190       7.083240       7.010950       6.999410       6.984300       6.966810       6.931890       6.918180       6.901410       6.885890       6.873610       6.868560    
   6.630700       6.702140       6.843970       6.844490       6.941670       7.038420       7.039200       7.040870       7.054630       7.080440       7.083460       7.086460       7.096550       7.113550       7.140870       7.092680       7.132330       7.121190       6.966950       6.908010       6.902320       6.906600       6.863300       6.842720       6.824920       6.802590       6.780460       6.758350       6.737920       6.722850    
   6.701820       6.843970       6.844230       6.941630       7.038810       7.039200       7.040040       7.053780       7.080440       7.081950       7.083450       7.088820       7.098850       6.975680       6.897080       6.850450       6.848850       6.823740       6.790780       6.755370       6.805070       6.789580       6.763980       6.742760       6.719840       6.695630       6.670060       6.642900       6.614470       6.570850    
   6.843970       6.844100       6.941610       7.039000       7.039200       7.039620       7.053370       7.080440       7.081200       7.081950       7.084740       7.090380       6.853010       6.551040       6.551770       6.633170       6.570170       6.576510       6.663270       6.708950       6.705670       6.669320       6.672160       6.648040       6.623350       6.598300       6.572120       6.543360       6.495830       6.460880    
   6.844040       6.941600       7.039100       7.039200       7.039410       7.053160       7.080440       7.080820       7.081190       7.082630       6.907030       6.639040       6.580070       6.550650       6.550300       6.551770       6.561900       6.563830       6.576510       6.612270       6.616100       6.591170       6.564260       6.560730       6.535720       6.512530       6.489850       6.452680       6.424270       6.389940    
   6.941590       7.039150       7.039200       7.039300       7.053050       7.080440       7.080630       7.080820       7.081550       6.869790       6.639040       6.639040       6.639040       6.579540       6.549890       6.548840       6.551770       6.555500       6.551150       6.576510       6.550800       6.521290       6.490560       6.461940       6.457170       6.438950       6.415300       6.400390       6.384400       6.366410    
   7.039180       7.039200       7.039250       7.053000       7.080440       7.080530       7.080630       6.982130       6.835210       6.639050       6.639040       6.639040       6.639040       6.639040       6.578940       6.549060       6.545910       6.551770       6.542580       6.525780       6.495590       6.461100       6.425560       6.394120       6.371640       6.372160       6.368240       6.369480       6.372120       6.376810    
   7.039200       7.039230       7.052970       7.080440       7.080490       6.945000       6.741710       6.713610       6.685510       6.654560       6.639070       6.639040       6.639040       6.639040       6.639040       6.578810       6.549510       6.540040       6.551770       6.516270       6.474870       6.428870       6.397940       6.341550       6.313780       6.311920       6.336670       6.358120       6.381270       6.407110    
   7.039210       7.052960       7.080440       7.080460       6.917870       6.741710       6.741710       6.741710       6.713610       6.685510       6.654620       6.639140       6.639040       6.639040       6.639040       6.639040       6.580780       6.556710       6.528320       6.491090       6.489030       6.425190       6.358900       6.296370       6.260620       6.275660       6.313800       6.363440       6.408570       6.451400    
