iMOD/TUTORIALS/TUT_MetaswapAnalyser/model_MetaSWAP/meteo/Precipitation/Precipitation_20060516_L1.ASC
NCOLS                30
NROWS                30
XLLCORNER     160000.00
YLLCORNER     340000.00
CELLSIZE        1000.00
NODATA_VALUE   -9999.00
   3.080800       2.948000       2.796370       2.630500       2.467050       2.311070       2.176200       2.044250       1.926990       1.897970       1.977010       2.076850       2.175150       2.258270       2.333380       2.401030       2.420490       2.478460       2.544450       2.607240       2.662510       2.718680       2.746550       2.757710       2.744770       2.711610       2.661670       2.602360       2.547520       2.521470    
   3.007070       2.883900       2.750620       2.598550       2.449020       2.293550       2.141440       1.983750       1.811260       1.759940       1.896810       2.019720       2.121170       2.204950       2.280030       2.308770       2.376820       2.506760       2.575800       2.650880       2.716330       2.776480       2.804410       2.809970       2.783430       2.729260       2.650160       2.552350       2.427210       2.356760    
   2.992820       2.879610       2.753530       2.627420       2.485010       2.338580       2.191990       2.046120       1.917600       1.881660       1.958760       2.055270       2.141300       2.215010       2.304670       2.348250       2.420870       2.503250       2.593310       2.683290       2.751080       2.819990       2.856770       2.857880       2.825780       2.760650       2.639040       2.519980       2.381350       2.239230    
   3.021720       2.920510       2.808780       2.697900       2.571110       2.442950       2.317110       2.201010       2.113480       2.092850       2.118640       2.177120       2.231750       2.293350       2.348420       2.385210       2.450560       2.538100       2.644060       2.754530       2.853140       2.919520       2.969820       2.944070       2.911520       2.843350       2.742190       2.611630       2.457430       2.286950    
   3.089540       3.002030       2.915650       2.812180       2.705640       2.599590       2.498970       2.430310       2.363870       2.335550       2.294460       2.329010       2.373960       2.409120       2.445810       2.465900       2.503180       2.596440       2.726630       2.866200       2.991010       3.081160       3.140440       3.138780       3.105630       3.035390       2.933650       2.809960       2.674630       2.563520    
   3.192410       3.127750       3.048670       2.965740       2.881730       2.800170       2.756650       2.687810       2.549160       2.523100       2.542310       2.572170       2.599240       2.605430       2.608950       2.589520       2.608460       2.717450       2.896390       3.082470       3.239100       3.347320       3.414010       3.422900       3.387530       3.308380       3.209560       3.097480       2.987260       2.911000    
   3.337000       3.274370       3.215050       3.154160       3.145000       3.081430       3.026590       2.834060       2.797970       2.812250       2.839560       2.870890       2.893920       2.895490       2.880470       2.805190       2.750070       2.899930       3.169670       3.413570       3.597240       3.716010       3.772840       3.785350       3.742760       3.665440       3.567940       3.459950       3.358920       3.294130    
   3.316900       3.537500       3.481030       3.435410       3.393120       3.163930       3.110540       3.077570       3.102160       3.140580       3.188550       3.237860       3.276870       3.291520       3.300540       3.206140       3.057870       3.286020       3.633270       3.904620       4.093770       4.204040       4.244630       4.238820       4.178830       4.090840       3.983100       3.873160       3.800610       3.724700    
   3.571690       3.738280       3.714230       3.683330       3.404080       3.418090       3.387290       3.378160       3.435330       3.506640       3.588430       3.673940       3.753470       3.887690       3.898290       3.884930       3.903060       4.084860       4.357000       4.593410       4.749000       4.821710       4.823280       4.781530       4.693060       4.577480       4.451880       4.360800       4.246570       4.159700    
   3.758860       3.959210       3.958610       3.621470       3.642020       3.686780       3.620180       3.697220       3.792100       3.904600       4.032570       4.171690       4.315610       4.550710       4.657660       4.766210       4.903570       5.100980       5.320380       5.492660       5.582110       5.566620       5.502220       5.391060       5.268240       5.115630       4.997550       4.847270       4.715810       4.611030    
   3.830160       3.892230       3.844880       3.840250       3.900910       3.817050       3.913140       4.027280       4.163750       4.323750       4.507430       4.713730       5.090780       5.365340       5.573210       5.801160       6.040300       6.269510       6.444180       6.523220       6.499260       6.392960       6.232650       6.045300       5.889470       5.662870       5.469900       5.294970       5.144170       5.071470    
   3.831660       3.851880       3.840250       4.025690       4.149640       4.089850       4.218320       4.358970       4.538580       4.749080       5.121450       5.386990       5.872500       6.170830       6.517190       6.895180       7.273940       7.586740       7.748870       7.725770       7.558170       7.310380       7.072330       6.789640       6.515670       6.268600       6.035980       5.830070       5.653290       5.506900    
   3.830040       3.840250       4.064670       4.180790       4.211950       4.347130       4.505660       4.693260       5.100770       5.333840       5.622360       6.203060       6.554380       6.970540       7.455970       8.003890       8.572110       9.038090       9.206870       9.031680       8.684440       8.266870       7.856050       7.473900       7.127420       6.818240       6.556490       6.320830       6.119720       5.951390    
   3.840250       4.078310       4.196370       4.211950       4.382980       4.589870       5.022240       5.229840       5.474630       5.778910       6.116180       6.759580       7.185510       7.696010       8.303970       9.017530       9.833440       10.58790       10.79880       10.33070       9.697640       9.097520       8.627980       8.169120       7.768610       7.420270       7.126240       6.866220       6.643040       6.452390    
   4.083670       4.204160       4.211950       4.394930       4.589870       5.027000       5.468900       5.692840       5.956400       6.266480       6.943810       7.330210       7.795350       8.353650       9.022120       9.801490       10.75470       11.88860       12.26410       11.31580       10.50420       9.810450       9.216690       8.707920       8.271670       7.897560       7.576830       7.309570       7.073670       6.896510    
   4.208060       4.211950       4.398920       4.589870       5.028590       5.468900       5.580870       5.706050       6.220760       6.967310       7.308240       7.715720       8.200090       8.772610       9.513570       10.28440       11.10180       11.92860       12.14980       11.59480       10.89000       10.21150       9.625160       9.116580       8.679070       8.304230       7.983530       7.708680       7.477750       7.271110    
   4.211950       4.400250       4.589870       5.029120       5.468900       5.524890       5.585270       6.118750       6.967310       7.137770       7.625530       7.993270       8.557230       9.104620       9.642020       10.32540       10.99450       11.51920       11.66550       11.38820       10.89330       10.35110       9.835010       9.345740       8.936500       8.583430       8.280930       8.021710       7.797720       7.609700    
   4.400690       4.589870       5.029300       5.468900       5.496890       5.526350       6.049050       6.967310       7.052540       7.588380       8.068180       8.143100       8.609900       9.100290       9.649890       10.20660       10.70000       11.05600       11.16600       11.01350       10.68090       10.26920       9.847030       9.450400       9.070510       8.759610       8.493000       8.265010       8.067870       7.896060    
   4.589870       5.029360       5.468900       5.482900       5.497380       6.009900       6.967310       7.009930       7.571390       8.105640       8.143100       8.376500       8.731270       9.071790       9.530140       9.970530       10.34740       10.58500       10.66900       10.57800       10.35160       10.04880       9.720670       9.401800       9.111450       8.857890       8.618540       8.436030       8.282590       8.168160    
   5.029380       5.468900       5.475900       5.483060       5.989370       6.967310       6.988620       7.563220       8.124370       8.143100       8.259800       8.580660       9.071790       9.300960       9.524150       9.949360       10.30100       10.53380       10.31760       10.11590       9.956730       9.735440       9.488700       9.245330       9.024140       8.834810       8.723900       8.610680       8.610560       8.456100    
   5.468900       5.472400       5.475950       5.978910       6.967310       6.977960       7.559200       8.133740       8.143100       8.201450       8.513840       9.071790       9.186380       9.298970       9.591490       9.924830       10.26140       10.13410       9.877960       9.640030       9.521360       9.357430       9.175360       9.051080       8.892610       8.766560       8.812790       8.745570       8.692720       8.637130    
   5.470650       5.472420       5.973640       6.967310       6.972640       7.557200       8.138420       8.143100       8.172280       8.482540       9.071790       9.129080       9.185710       9.358950       9.605100       9.925900       9.943860       9.759000       9.640030       9.430940       9.131440       8.995890       8.854300       8.726210       8.754150       8.686140       8.665090       8.674610       8.701750       8.730140    
   5.470660       5.971000       6.967310       6.969970       7.556200       8.140760       8.143100       8.157690       8.467430       9.071790       9.100440       9.128860       9.224580       9.383250       9.629980       9.487590       9.699510       9.640030       8.928090       8.667710       8.598670       8.552830       8.509300       8.429790       8.390240       8.392300       8.440000       8.528620       8.644640       8.762450    
   5.969690       6.967310       6.968640       7.555700       8.141930       8.143100       8.150390       8.460000       9.071790       9.086110       9.100360       9.151290       9.245560       8.628150       8.340290       8.265980       8.263600       8.200880       8.120030       7.973670       8.203970       8.109230       8.017060       7.966440       7.961950       8.013480       8.124190       8.290220       8.500050       8.709310    
   6.967310       6.967980       7.555450       8.142520       8.143100       8.146750       8.456320       9.071790       9.078950       9.086090       9.112590       9.165740       7.910180       6.266710       6.274790       7.000150       6.834820       6.887170       7.429100       7.718710       7.743370       7.620520       7.487840       7.445300       7.463010       7.552100       7.715510       7.949130       8.226160       8.571160    
   6.967640       7.555330       8.142810       8.143100       8.144920       8.454490       9.071790       9.075370       9.078940       9.092540       7.844750       5.929670       6.148180       6.259190       6.258630       6.274790       6.627390       6.782460       6.887170       7.136850       7.208800       7.075490       6.970010       6.876190       6.900660       7.014500       7.218210       7.488320       7.842070       8.253560    
   7.555270       8.142950       8.143100       8.144010       8.453580       9.071790       9.073580       9.075370       9.082290       7.575120       5.929670       5.929670       5.929670       6.137150       6.244160       6.242460       6.274790       6.565120       6.677760       6.887170       6.708050       6.531110       6.384840       6.303400       6.285390       6.413530       6.638180       6.957120       7.337100       7.749160    
   8.143030       8.143100       8.143560       8.453120       9.071790       9.072690       9.073580       8.263580       7.229920       5.929640       5.929670       5.929670       5.929670       5.929670       6.116120       6.215240       6.210130       6.274790       6.420770       6.468350       6.240760       6.007280       5.800160       5.665760       5.653880       5.764530       6.028150       6.377230       6.767470       7.156420    
   8.143100       8.143330       8.452890       9.071790       9.072240       7.742320       5.746950       5.785020       5.823070       5.894060       5.929590       5.929670       5.929670       5.929670       5.929670       6.077120       6.160790       6.145470       6.274790       6.052770       5.791020       5.505550       5.240780       5.032740       4.968500       5.121210       5.419940       5.804660       6.203000       6.573120    
   8.143210       8.452780       9.071790       9.072010       7.475780       5.746610       5.746610       5.746950       5.785030       5.823070       5.893930       5.929430       5.929670       5.929670       5.929670       5.929670       6.007860       6.062120       6.016160       5.768160       5.502750       5.147230       4.769700       4.422330       4.273880       4.497380       4.896700       5.305990       5.702070       6.054400    
