iMOD/TUTORIALS/TUT_MetaswapAnalyser/model_MetaSWAP/meteo/Precipitation/Precipitation_20060330_L1.ASC
NCOLS                30
NROWS                30
XLLCORNER     160000.00
YLLCORNER     340000.00
CELLSIZE        1000.00
NODATA_VALUE   -9999.00
   4.173090       4.173750       4.180960       4.200520       4.244460       4.355710       4.535100       4.745100       4.920530       4.910220       4.685120       4.410100       4.143460       3.902390       3.704730       3.527280       3.448050       3.406580       3.416960       3.477730       3.583160       3.722370       3.897750       4.081040       4.307030       4.550980       4.808060       5.071460       5.329940       5.554360    
   4.266000       4.268740       4.276200       4.309430       4.367720       4.478270       4.637320       4.834540       5.057770       5.043530       4.671730       4.327340       4.017940       3.724540       3.500470       3.351250       3.249170       3.204380       3.235940       3.323330       3.460360       3.634200       3.844420       4.063580       4.323980       4.602890       4.896850       5.201170       5.521480       5.791630    
   4.346280       4.351460       4.368230       4.394440       4.452200       4.543370       4.661960       4.793210       4.889540       4.805330       4.510510       4.171540       3.833490       3.537270       3.289440       3.120410       3.015600       2.991380       3.044600       3.164860       3.342070       3.554170       3.782610       4.054620       4.346710       4.655900       4.996040       5.331950       5.668430       6.017520    
   4.421260       4.425890       4.440370       4.460440       4.504610       4.562970       4.627320       4.675290       4.664040       4.532230       4.285700       3.969810       3.642500       3.331260       3.066000       2.876030       2.767410       2.758350       2.844020       3.006320       3.224340       3.466600       3.747370       4.066650       4.385650       4.717140       5.059910       5.413550       5.769250       6.144630    
   4.489890       4.491200       4.491630       4.508010       4.530450       4.554200       4.568270       4.545090       4.473210       4.318110       4.097570       3.795000       3.465510       3.140470       2.843410       2.621700       2.509000       2.520140       2.652620       2.870900       3.124650       3.425560       3.742130       4.076150       4.416080       4.761990       5.112220       5.452570       5.803390       6.126770    
   4.552800       4.542910       4.542880       4.544750       4.545330       4.538280       4.502530       4.444500       4.407380       4.205440       3.954020       3.652260       3.320850       2.981430       2.652430       2.382000       2.229450       2.267150       2.469630       2.758000       3.069940       3.412370       3.759380       4.111980       4.464790       4.817720       5.164550       5.491210       5.813980       6.099080    
   4.583920       4.599340       4.590010       4.578340       4.544250       4.515670       4.464910       4.490550       4.325730       4.127550       3.876500       3.579810       3.249100       2.897320       2.533000       2.194700       1.951310       2.041510       2.358430       2.713010       3.086470       3.460410       3.830460       4.190960       4.547060       4.894160       5.215820       5.536750       5.833870       6.092320    
   4.756220       4.600950       4.616190       4.595920       4.566270       4.667330       4.609800       4.469500       4.314190       4.114880       3.871230       3.587270       3.269980       2.927070       2.556440       2.193710       1.838900       2.014340       2.409650       2.809410       3.203640       3.588740       3.962850       4.321410       4.670100       4.989650       5.308310       5.606050       5.890750       6.121310    
   4.792220       4.656060       4.636640       4.639560       4.794810       4.723870       4.661100       4.511630       4.356850       4.165890       3.938810       3.678720       3.391440       3.059900       2.757450       2.474140       2.298030       2.393650       2.697360       3.062120       3.437740       3.808210       4.167660       4.509930       4.825320       5.139150       5.433890       5.722910       5.963120       6.171330    
   4.860660       4.715250       4.692190       4.906610       4.881070       4.806310       4.714420       4.595890       4.450250       4.276150       4.074560       3.849110       3.606480       3.326100       3.099040       2.917660       2.844920       2.925920       3.150700       3.451680       3.780160       4.117860       4.445250       4.761580       5.045020       5.330320       5.614490       5.854880       6.068320       6.252210    
   4.816220       4.756030       4.831180       5.010660       4.953370       4.871540       4.827610       4.718730       4.589010       4.438540       4.269440       4.086440       3.846160       3.696540       3.562070       3.455370       3.435480       3.521040       3.701060       3.940980       4.209510       4.487980       4.766620       5.027070       5.308350       5.561250       5.793100       6.003480       6.189100       6.364870    
   4.814830       4.853520       5.010660       5.052140       5.076820       4.966250       4.940730       4.875210       4.766270       4.644000       4.547320       4.405200       4.215490       4.138260       4.053220       4.021730       4.058250       4.165580       4.323900       4.512610       4.719030       4.937030       5.164220       5.390470       5.612360       5.820800       6.018290       6.196950       6.353070       6.484120    
   4.884050       5.010660       5.088190       5.122260       5.167710       5.170040       5.105210       5.030720       5.001180       4.931230       4.831140       4.719360       4.639480       4.585070       4.569470       4.608770       4.707610       4.850760       5.001370       5.138240       5.273540       5.426020       5.593610       5.770490       5.949640       6.124300       6.283890       6.431590       6.558880       6.662520    
   5.010660       5.102890       5.144990       5.167710       5.225640       5.339180       5.363950       5.303420       5.239070       5.143720       5.086760       5.067900       5.038190       5.039980       5.086410       5.189250       5.364220       5.572300       5.723280       5.779950       5.837900       5.925540       5.995030       6.117940       6.250730       6.385380       6.512460       6.630450       6.732050       6.813240    
   5.109400       5.156350       5.167710       5.244180       5.339180       5.433840       5.598390       5.555950       5.513820       5.475540       5.448160       5.433950       5.444100       5.488960       5.580250       5.739340       5.955460       6.245310       6.427140       6.347720       6.332700       6.361350       6.424520       6.511290       6.611960       6.717950       6.821740       6.914280       6.994820       7.042950    
   5.162030       5.167710       5.250360       5.339180       5.457140       5.598390       5.577170       5.556050       5.578390       5.768260       5.767890       5.785820       5.829400       5.906940       6.001400       6.173840       6.388380       6.638580       6.783070       6.776780       6.758700       6.784060       6.825810       6.889440       6.967340       7.052000       7.136380       7.214120       7.278000       7.326480    
   5.167710       5.252420       5.339180       5.464900       5.598390       5.587780       5.577200       5.619970       5.768260       5.768070       5.977080       6.127450       6.159030       6.257300       6.374020       6.543670       6.740050       6.929410       7.057670       7.110170       7.130440       7.153400       7.191150       7.266520       7.334090       7.407560       7.481100       7.549000       7.606040       7.630770    
   5.253100       5.339180       5.467490       5.598390       5.593090       5.587790       5.638300       5.768260       5.768170       6.046220       6.281710       6.435980       6.514490       6.582290       6.716920       6.875040       7.045510       7.204280       7.327180       7.407060       7.459430       7.504030       7.552780       7.609810       7.697510       7.768230       7.838540       7.903670       7.958990       7.985980    
   5.339180       5.468350       5.598390       5.595740       5.593090       5.646860       5.768260       5.768210       6.075500       6.358850       6.435980       6.475230       6.607550       6.897460       7.029480       7.176700       7.329160       7.474000       7.595850       7.691470       7.766880       7.832470       7.896740       7.964130       8.035530       8.109410       8.205990       8.274940       8.320450       8.368960    
   5.468640       5.598390       5.597060       5.595740       5.650990       5.768260       5.768240       6.089070       6.397410       6.435980       6.455610       6.604060       6.897460       6.963470       7.034550       7.178450       7.326620       7.466340       7.795760       7.970690       8.063410       8.147500       8.228390       8.309680       8.392680       8.476750       8.561510       8.620110       8.665020       8.752480    
   5.598390       5.597730       5.597060       5.653010       5.768260       5.768250       6.095650       6.416700       6.435980       6.445790       6.598280       6.897460       6.930460       6.965160       7.058820       7.179870       7.323800       7.788860       8.108750       8.246810       8.353560       8.453900       8.551190       8.650110       8.747600       8.845690       8.894700       8.989220       9.078480       9.158240    
   5.598060       5.597730       5.654020       5.768260       5.768250       6.098900       6.426340       6.435980       6.440890       6.594380       6.897460       6.913960       6.931030       6.984820       7.067950       7.187500       7.743420       8.177780       8.246810       8.414050       8.641790       8.756330       8.869030       8.981710       9.062830       9.176580       9.288280       9.400090       9.508020       9.601960    
   5.598060       5.654520       5.768260       5.768260       6.100510       6.431160       6.435980       6.438430       6.592180       6.897460       6.905710       6.914150       6.943270       6.994600       7.080090       7.856690       8.212300       8.246810       8.727740       8.915040       8.992520       9.035480       9.171100       9.293660       9.412910       9.538180       9.668480       9.801470       9.933650       10.05850    
   5.654760       5.768260       5.768260       6.101320       6.433570       6.435980       6.437210       6.591010       6.897460       6.901590       6.905770       6.921040       6.950670       7.802740       8.500100       9.070890       9.072280       9.148850       9.243990       9.335060       9.188300       9.340700       9.482150       9.611970       9.748070       9.890810       10.04010       10.19510       10.35370       10.55020    
   5.768260       5.768260       6.101720       6.434770       6.435980       6.436590       6.590410       6.897460       6.899520       6.901610       6.909470       6.925830       8.416040       10.19980       10.19300       9.805350       9.928090       9.897760       9.627950       9.481870       9.481830       9.637020       9.778580       9.921060       10.07100       10.22890       10.39500       10.56950       10.78780       10.97050    
   5.768260       6.101920       6.435380       6.435980       6.436290       6.590110       6.897460       6.898490       6.899530       6.903530       8.371740       10.56090       10.32520       10.20590       10.20670       10.19300       10.02800       9.958420       9.897760       9.797100       9.775490       9.912870       10.05810       10.21710       10.37880       10.54900       10.72790       10.94670       11.14150       11.34230    
   6.102020       6.435680       6.435980       6.436130       6.589960       6.897460       6.897980       6.898490       6.900520       8.659320       10.56090       10.56090       10.56090       10.33420       10.21810       10.22030       10.19300       10.06290       10.01910       9.897760       10.03330       10.17790       10.33150       10.49410       10.66990       10.84910       11.05910       11.25580       11.45410       11.65100    
   6.435830       6.435980       6.436060       6.589880       6.897460       6.897720       6.897980       8.044750       9.228540       10.56150       10.56090       10.56090       10.56090       10.56090       10.35110       10.24090       10.24760       10.19300       10.14160       10.14040       10.28060       10.43130       10.59200       10.76210       10.94250       11.14140       11.34000       11.53780       11.73200       11.91600    
   6.435980       6.436020       6.589840       6.897460       6.897590       8.847490       11.77190       11.62700       11.48200       10.86950       10.56260       10.56090       10.56090       10.56090       10.56090       10.38210       10.28220       10.30220       10.19300       10.33540       10.48840       10.65200       10.78610       10.99710       11.19950       11.40180       11.60270       11.79900       11.98710       12.16010    
   6.436000       6.589830       6.897460       6.897520       9.237670       11.77240       11.77240       11.77190       11.62700       11.48200       10.87240       10.56600       10.56090       10.56090       10.56090       10.56090       10.43770       10.35130       10.41150       10.55590       10.61360       10.81330       11.01970       11.23120       11.44380       11.65290       11.85720       12.04540       12.22940       12.39600    
