iMOD/TUTORIALS/TUT_MetaswapAnalyser/model_MetaSWAP/meteo/Precipitation/Precipitation_20050825_L1.ASC
NCOLS                30
NROWS                30
XLLCORNER     160000.00
YLLCORNER     340000.00
CELLSIZE        1000.00
NODATA_VALUE   -9999.00
   5.500940       5.515140       5.545280       5.604160       5.709410       5.977200       6.401340       6.904160       7.389570       7.684790       7.747800       7.733900       7.697420       7.651790       7.602110       7.551960       7.505600       7.456180       7.412700       7.376620       7.350050       7.335080       7.330920       7.345080       7.366810       7.400330       7.444710       7.498820       7.561620       7.634030    
   5.767420       5.797060       5.781330       5.889300       6.038520       6.326630       6.725940       7.212200       7.755780       8.067870       7.995900       7.939940       7.883000       7.829060       7.775720       7.726530       7.674300       7.623890       7.575710       7.534480       7.501810       7.480310       7.469330       7.475890       7.489950       7.515080       7.550010       7.593190       7.626110       7.686630    
   5.955860       6.007320       6.090070       6.171260       6.297060       6.581140       6.943720       7.364400       7.790380       8.039500       8.067400       8.045380       8.002600       7.956360       7.911960       7.864970       7.815610       7.764620       7.714110       7.667540       7.627630       7.599490       7.586030       7.581690       7.589130       7.607260       7.618800       7.655830       7.698120       7.743230    
   6.129830       6.197190       6.296200       6.378000       6.574870       6.827580       7.130160       7.401680       7.724920       7.933340       8.027270       8.067510       8.062440       8.037110       8.005970       7.968770       7.927450       7.878500       7.825050       7.772810       7.727360       7.694380       7.672870       7.647750       7.652290       7.667700       7.692030       7.722890       7.758510       7.794120    
   6.283930       6.360620       6.389730       6.536150       6.721810       6.946230       7.200430       7.479970       7.714070       7.889230       8.016420       8.054580       8.084060       8.078040       8.059560       8.038720       8.003580       7.954480       7.894830       7.834890       7.784500       7.746380       7.722270       7.709940       7.711980       7.724860       7.746410       7.776050       7.808270       7.843630    
   6.415860       6.401000       6.512120       6.651640       6.820500       7.015740       7.227870       7.463680       7.698030       7.845410       7.947500       8.010000       8.067200       8.075280       8.074810       8.078780       8.063590       8.016710       7.948290       7.879490       7.823460       7.782550       7.757320       7.746980       7.749520       7.760380       7.781800       7.812050       7.844000       7.878790    
   6.533920       6.496760       6.603130       6.731830       6.881410       7.049590       7.228100       7.492070       7.644480       7.771340       7.868070       7.936880       7.984780       8.040410       8.047900       8.079220       8.095420       8.044750       7.958160       7.881140       7.822590       7.783150       7.761510       7.754490       7.760830       7.777260       7.804590       7.834320       7.864530       7.899120    
   6.574290       6.704340       6.666770       6.782940       6.914850       7.169490       7.322910       7.459850       7.585320       7.692860       7.779180       7.845270       7.895560       7.942590       7.976220       8.017460       8.063090       8.000730       7.904900       7.830110       7.777800       7.746590       7.733810       7.735090       7.749090       7.775360       7.805150       7.838710       7.871750       7.905160    
   6.643440       6.768770       6.851010       6.812500       7.061410       7.176200       7.306830       7.418770       7.521130       7.609690       7.682040       7.738470       7.781680       7.793690       7.845910       7.871290       7.880280       7.845940       7.779180       7.723910       7.688750       7.673900       7.676400       7.691110       7.719950       7.753210       7.790520       7.827850       7.865470       7.901660    
   6.691820       6.815960       6.888660       7.107040       7.074090       7.170050       7.281770       7.371630       7.453230       7.523060       7.579070       7.620920       7.649870       7.631470       7.659860       7.679040       7.677100       7.640970       7.600080       7.571010       7.561440       7.569480       7.593580       7.628240       7.671430       7.716980       7.761940       7.806980       7.850110       7.890100    
   6.714170       6.798810       6.986140       7.132910       7.201800       7.162290       7.250130       7.321000       7.383740       7.435420       7.473980       7.498410       7.456360       7.423200       7.467090       7.450450       7.432710       7.401580       7.381890       7.383280       7.406940       7.447780       7.499420       7.560340       7.618960       7.674410       7.730590       7.783500       7.832180       7.872710    
   6.717070       6.908010       7.132910       7.187210       7.205140       7.265710       7.328430       7.269470       7.315290       7.349970       7.293730       7.309840       7.251530       7.290820       7.271620       7.226870       7.177840       7.143860       7.134600       7.166110       7.228350       7.306370       7.391150       7.473850       7.552930       7.625600       7.693110       7.754340       7.809010       7.856760    
   6.851470       7.132910       7.184050       7.207070       7.209000       7.264550       7.301410       7.331630       7.231350       7.173270       7.188530       7.180410       7.164880       7.129960       7.085770       7.009600       6.925910       6.862760       6.862060       6.932940       7.045650       7.166500       7.283020       7.390800       7.488810       7.577190       7.654680       7.723840       7.784280       7.836110    
   7.132910       7.183500       7.208040       7.209000       7.241370       7.250550       7.123460       7.150080       7.168010       7.229200       7.216160       7.073180       7.042860       6.990670       6.914020       6.820080       6.683120       6.569140       6.568950       6.709860       6.882730       7.045410       7.185020       7.312760       7.425420       7.524670       7.612050       7.687360       7.752450       7.807830    
   7.183480       7.208520       7.209000       7.233640       7.250550       7.155590       7.092770       7.109040       7.116570       7.113000       7.044460       7.018170       6.972780       6.905210       6.812100       6.668760       6.521820       6.341440       6.310130       6.559070       6.772580       6.958760       7.120280       7.260730       7.383050       7.489630       7.582380       7.663140       7.731080       7.788090    
   7.208760       7.209000       7.231060       7.250550       7.166300       7.092770       7.100900       7.106130       7.083910       6.997030       6.981650       6.951230       6.903360       6.835630       6.767140       6.648520       6.541040       6.400410       6.394430       6.558920       6.753980       6.936550       7.098320       7.240540       7.364700       7.472600       7.565960       7.646320       7.715860       7.772830    
   7.209000       7.230200       7.250550       7.169870       7.092770       7.096840       7.099930       7.071990       6.997030       6.989340       6.970180       6.904680       6.895140       6.828840       6.806680       6.701830       6.602920       6.532260       6.544230       6.647640       6.796700       6.954060       7.103640       7.240060       7.359880       7.464990       7.556280       7.634870       7.701940       7.763820    
   7.229920       7.250550       7.171060       7.092770       7.094800       7.096510       7.066450       6.997030       6.993190       6.986670       6.960490       7.016300       6.960790       6.900510       6.826510       6.751540       6.693080       6.660810       6.681670       6.758580       6.873270       7.003620       7.134600       7.258170       7.371940       7.470370       7.556280       7.630290       7.693390       7.751400    
   7.250550       7.171460       7.092770       7.093790       7.094700       7.063700       6.997030       6.995110       6.996320       6.988400       7.016300       6.988550       6.948910       6.918040       6.864450       6.815460       6.780810       6.777060       6.804110       6.868560       6.961560       7.070200       7.183180       7.292670       7.394000       7.484720       7.564880       7.631800       7.694450       7.749290    
   7.171590       7.092770       7.093280       7.093750       7.062300       6.997030       6.996070       7.001420       7.002350       7.016300       7.002420       6.967950       6.918040       6.891240       6.865980       6.820240       6.791110       6.787330       6.896890       6.970930       7.050800       7.143850       7.241880       7.338170       7.427990       7.508440       7.584110       7.652460       7.698040       7.740780    
   7.092770       7.093020       7.093270       7.061590       6.997030       6.996550       7.004030       7.009320       7.016300       7.009360       6.976180       6.918040       6.904640       6.891760       6.859160       6.825780       6.799560       6.911300       7.017370       7.063810       7.136180       7.218850       7.305590       7.401470       7.478940       7.547380       7.617860       7.661420       7.697230       7.728330    
   7.092900       7.093020       7.061230       6.997030       6.996790       7.005340       7.012810       7.016300       7.012830       6.979970       6.918040       6.911340       6.904810       6.885180       6.858900       6.828160       6.928210       7.040590       7.063810       7.144700       7.234120       7.308180       7.384960       7.459460       7.530100       7.641360       7.677380       7.703660       7.722040       7.714020    
   7.092900       7.061040       6.997030       6.996910       7.006000       7.014560       7.016300       7.014570       6.981790       6.918040       6.914690       6.911400       6.900450       6.882960       6.857420       7.003620       7.052200       7.063810       7.267060       7.353300       7.400170       7.456720       7.518700       7.575590       7.651550       7.687520       7.710550       7.721580       7.722280       7.717630    
   7.060950       6.997030       6.996970       7.006330       7.015430       7.016300       7.015430       6.982670       6.918040       6.916360       6.914710       6.908840       6.898270       7.062760       7.209680       7.346910       7.350640       7.404560       7.471940       7.506430       7.472480       7.529370       7.629750       7.674130       7.711080       7.736660       7.748200       7.744470       7.726130       7.697240    
   6.997030       6.997000       7.006500       7.015860       7.016300       7.015870       6.983110       6.918040       6.917200       6.916370       6.913310       6.907270       7.217030       7.608540       7.610220       7.556960       7.637890       7.637470       7.582530       7.556080       7.540380       7.651430       7.693950       7.737260       7.770940       7.790590       7.793210       7.777180       7.741980       7.688310    
   6.997010       7.006580       7.016080       7.016300       7.016080       6.983330       6.918040       6.917620       6.917200       6.915630       7.096510       7.372800       7.528470       7.606750       7.606850       7.610220       7.629100       7.638300       7.637470       7.630120       7.655380       7.704840       7.755290       7.797950       7.832200       7.849260       7.846340       7.822600       7.777760       7.711720    
   7.006620       7.016190       7.016300       7.016190       6.983440       6.918040       6.917830       6.917620       6.916820       7.134990       7.372800       7.372800       7.372800       7.525800       7.603190       7.603480       7.610220       7.630410       7.639130       7.637470       7.687260       7.744980       7.804370       7.857230       7.893760       7.911350       7.905960       7.878990       7.833630       7.774090    
   7.016250       7.016300       7.016250       6.983490       6.918040       6.917940       6.917830       6.885260       7.051260       7.372380       7.372800       7.372800       7.372800       7.372800       7.520380       7.595870       7.596750       7.610220       7.634800       7.640800       7.698740       7.767810       7.841120       7.907850       7.955640       7.973950       7.966640       7.938910       7.898200       7.852580    
   7.016300       7.016270       6.983520       6.918040       6.917990       6.906320       6.888900       6.838830       6.788770       7.176990       7.371550       7.372800       7.372800       7.372800       7.372800       7.509350       7.580640       7.583270       7.610220       7.650710       7.710500       7.787070       7.876350       7.948940       8.011370       8.032200       8.019510       7.990590       7.955750       7.923260    
   7.016290       6.983530       6.918040       6.918010       6.904020       6.888890       6.888890       6.888900       6.838810       6.788770       7.174840       7.369040       7.372800       7.372800       7.372800       7.372800       7.487210       7.548420       7.556330       7.597580       7.666980       7.754620       7.862320       7.978450       8.064040       8.075790       8.051920       8.021510       7.992820       7.973110    
