iMOD/TUTORIALS/TUT_MetaswapAnalyser/model_MetaSWAP/meteo/Precipitation/Precipitation_20060412_L1.ASC
NCOLS                30
NROWS                30
XLLCORNER     160000.00
YLLCORNER     340000.00
CELLSIZE        1000.00
NODATA_VALUE   -9999.00
  0.8472800      0.8565800      0.8659300      0.8745400      0.8786700      0.8779000      0.8675800      0.8515000      0.8379400      0.8553600      0.9104800      0.9759800       1.040420       1.102370       1.155060       1.191110       1.220220       1.232600       1.235010       1.226090       1.208430       1.174820       1.147880       1.116130       1.088180       1.061400       1.036330       1.013320      0.9927600      0.9733600    
  0.8845800      0.8894200      0.8631700      0.8701500      0.8715100      0.8699700      0.8608100      0.8437800      0.8191000      0.8341900      0.9168600      0.9944100       1.068570       1.134090       1.193220       1.240420       1.272810       1.285980       1.282730       1.269200       1.246090       1.208020       1.176350       1.140970       1.110090       1.081160       1.054540       1.030290       1.014430      0.9935700    
  0.8871700      0.8920100      0.8958100      0.8964500      0.8680400      0.8686400      0.8646300      0.8571500      0.8571800      0.8838700      0.9510100       1.028480       1.103270       1.180520       1.245750       1.299690       1.335780       1.350880       1.345880       1.325040       1.290640       1.245430       1.204310       1.167520       1.133200       1.101910       1.082610       1.055520       1.029170       1.006580    
  0.8896500      0.8948200      0.8992100      0.9007600      0.9026000      0.9027300      0.9019400      0.8827300      0.9047600      0.9392400      0.9992800       1.067870       1.147670       1.232850       1.310320       1.374200       1.415820       1.429010       1.415370       1.382710       1.339950       1.287760       1.233830       1.203510       1.165320       1.131140       1.100670       1.073290       1.047100       1.024260    
  0.8921800      0.8979500      0.9013200      0.9066000      0.9116200      0.9169500      0.9241800      0.9488600      0.9701900       1.008510       1.051440       1.124320       1.207260       1.300720       1.381340       1.460810       1.520550       1.529950       1.502030       1.452530       1.393610       1.336780       1.273800       1.223440       1.182370       1.146960       1.116550       1.088740       1.066840       1.049430    
  0.8947000      0.8987600      0.9056700      0.9130000      0.9212200      0.9312700      0.9463100      0.9802700      0.9918400       1.030130       1.090010       1.165110       1.250670       1.353260       1.461350       1.563740       1.632730       1.633900       1.578770       1.503860       1.427330       1.359250       1.290060       1.239220       1.196490       1.157970       1.128830       1.103290       1.085000       1.072060    
  0.9036900      0.9016600      0.9098000      0.9190000      0.9318700      0.9453800      0.9632800      0.9822100       1.008790       1.055430       1.115810       1.190990       1.281620       1.388170       1.511310       1.646540       1.761470       1.740970       1.636940       1.532130       1.442010       1.366230       1.303330       1.241920       1.199660       1.165710       1.136620       1.116240       1.099240       1.090300    
  0.9024600      0.9173900      0.9156700      0.9261500      0.9388100      0.9273000      0.9682100      0.9856800       1.021860       1.068440       1.127160       1.199550       1.287110       1.395280       1.516970       1.663500       1.831940       1.773800       1.635990       1.522000       1.428750       1.352930       1.291620       1.232930       1.193650       1.160670       1.137770       1.121560       1.122250       1.117280    
  0.9082200      0.9199700      0.9291000      0.9295000      0.9110300      0.9296900      0.9734100      0.9900500       1.025440       1.069660       1.124090       1.190000       1.268490       1.366630       1.466620       1.577360       1.660580       1.643690       1.557490       1.465380       1.384730       1.317940       1.263920       1.211720       1.175490       1.150160       1.132290       1.133300       1.127950       1.127850    
  0.9094200      0.9215600      0.9309800      0.9018500      0.9097700      0.9284000      0.9609700      0.9877700       1.020620       1.060520       1.108350       1.164660       1.229570       1.304130       1.383870       1.449780       1.490560       1.483920       1.436750       1.375300       1.316000       1.264100       1.221870       1.188320       1.150680       1.131970       1.133090       1.127640       1.127860       1.133190    
  0.9110400      0.9206530      0.9133600      0.8990500      0.9136300      0.9118200      0.9555400      0.9798900       1.008930       1.043180       1.082900       1.127960       1.180210       1.243130       1.291170       1.327940       1.342960       1.335710       1.307950       1.271170       1.234320       1.201540       1.174160       1.150620       1.148520       1.125630       1.120810       1.121460       1.127460       1.133040    
  0.9113630      0.9110260      0.8990500      0.9015630      0.9081100      0.9101600      0.9538300      0.9677000      0.9922000       1.020120       1.068880       1.100700       1.137450       1.164390       1.193460       1.207660       1.208420       1.195120       1.177470       1.159080       1.142260       1.127340       1.124830       1.116060       1.110280       1.096220       1.098030       1.104670       1.116420       1.133350    
  0.9061320      0.8990500      0.8957140      0.8967850      0.8854600      0.9275300      0.9426200      0.9597800       1.001420       1.014500       1.035720       1.057450       1.076680       1.091640       1.103240       1.099450       1.084910       1.065220       1.050940       1.052570       1.057410       1.061080       1.063540       1.065550       1.068350       1.073140       1.068860       1.080850       1.097780       1.120150    
  0.8990500      0.8928370      0.8911230      0.8854600      0.9101170      0.9173600      0.9560800      0.9685000      0.9817800      0.9908700       1.004470       1.015110       1.023670       1.026470       1.020770       1.007160      0.9843500      0.9458000      0.9316400      0.9506500      0.9736100      0.9916000       1.007080       1.017820       1.027530       1.037910       1.038360       1.054480       1.075350       1.101870    
  0.8914100      0.8882910      0.8854600      0.9043120      0.9173600      0.9529830      0.9855100      0.9923800      0.9990900       1.005030       1.021770       1.021540       1.016620       1.004970      0.9842900      0.9478500      0.9043000      0.8460800      0.8249800      0.8734100      0.9074900      0.9336300      0.9532500      0.9688500      0.9825700      0.9962900       1.011630       1.018210       1.041510       1.074200    
  0.8868760      0.8854600      0.9023770      0.9173600      0.9519510      0.9855100      0.9889450      0.9923270      0.9986230      0.9979900      0.9959800      0.9905700      0.9804000      0.9639500      0.9372700      0.9048200      0.8716200      0.8264100      0.8122200      0.8383900      0.8697100      0.8918000      0.9126800      0.9299400      0.9452500      0.9602600      0.9765100      0.9954800       1.006250       1.035470    
  0.8854600      0.9017330      0.9173600      0.9516070      0.9855100      0.9872270      0.9889270      0.9944710      0.9979900      0.9969850      0.9803100      0.9649700      0.9480500      0.9302500      0.9201500      0.8886500      0.8561500      0.8271700      0.8160600      0.8252600      0.8438600      0.8634200      0.8810500      0.8906300      0.9046800      0.9186900      0.9339400      0.9517600      0.9734300      0.9876100    
  0.9015180      0.9173600      0.9514920      0.9855100      0.9863690      0.9872220      0.9921540      0.9979900      0.9974880      0.9771660      0.9585050      0.9520400      0.9367700      0.9251100      0.9008600      0.8739800      0.8492600      0.8277500      0.8169100      0.8177200      0.8262200      0.8377700      0.8496500      0.8609500      0.8654500      0.8767300      0.8893200      0.9043600      0.9230100      0.9458300    
  0.9173600      0.9514540      0.9855100      0.9859390      0.9863670      0.9909340      0.9979900      0.9977390      0.9759910      0.9552730      0.9520400      0.9444050      0.9309250      0.9097800      0.8876200      0.8643200      0.8421600      0.8259700      0.8143100      0.8098900      0.8110700      0.8154600      0.8212000      0.8273700      0.8337900      0.8408400      0.8431000      0.8540500      0.8678000      0.8841400    
  0.9514410      0.9855100      0.9857250      0.9859390      0.9903070      0.9979900      0.9978640      0.9754830      0.9536560      0.9520400      0.9482230      0.9342880      0.9097800      0.8987000      0.8872400      0.8647000      0.8441500      0.8274800      0.8078480      0.8002900      0.7958400      0.7941200      0.7940100      0.7947800      0.7961900      0.7983900      0.8000800      0.8049700      0.8130200      0.8209200    
  0.9855100      0.9856170      0.9857240      0.9899900      0.9979900      0.9979270      0.9752450      0.9528480      0.9520400      0.9501310      0.9360830      0.9097800      0.9042400      0.8985730      0.8835470      0.8653630      0.8454430      0.8125590      0.7945350      0.7887800      0.7796200      0.7726000      0.7670800      0.7605200      0.7569100      0.7540800      0.7508600      0.7507900      0.7533600      0.7600500    
  0.9855640      0.9856170      0.9898300      0.9979900      0.9979590      0.9751290      0.9524440      0.9520400      0.9510860      0.9370090      0.9097800      0.9070100      0.9041980      0.8954530      0.8824940      0.8647840      0.8207610      0.7916570      0.7887800      0.7760130      0.7596400      0.7480800      0.7378000      0.7285300      0.7191900      0.7102900      0.7032700      0.6971900      0.6929500      0.6926600    
  0.9855640      0.9897500      0.9979900      0.9979740      0.9750720      0.9522420      0.9520400      0.9515630      0.9374790      0.9097800      0.9083950      0.9069960      0.9022200      0.8940490      0.8809110      0.8202980      0.7902190      0.7887800      0.7536470      0.7392500      0.7302740      0.7243800      0.7089800      0.6954200      0.6819300      0.6717800      0.6596200      0.6474900      0.6358800      0.6267000    
  0.9897100      0.9979900      0.9979820      0.9750430      0.9521410      0.9520400      0.9518010      0.9377150      0.9097800      0.9090880      0.9083900      0.9058700      0.9010880      0.8480470      0.7946130      0.7432780      0.7432300      0.7312240      0.7169780      0.7105450      0.7188600      0.7004100      0.6834100      0.6657300      0.6491800      0.6333200      0.6173800      0.6004900      0.5821800      0.5660200    
  0.9979900      0.9979860      0.9750290      0.9520910      0.9520400      0.9519210      0.9378340      0.9097800      0.9094340      0.9090860      0.9077830      0.9051160      0.8170660      0.7150850      0.7150100      0.7141360      0.6963850      0.6976800      0.6990370      0.7011400      0.7022300      0.6772200      0.6561400      0.6349800      0.6156800      0.5977500      0.5799900      0.5607200      0.5409000      0.5131500    
  0.9979880      0.9750220      0.9520650      0.9520400      0.9519800      0.9378940      0.9097800      0.9096070      0.9094330      0.9087680      0.8625650      0.7954200      0.7419950      0.7152410      0.7151590      0.7150100      0.7019180      0.6950900      0.6976800      0.6867820      0.6823300      0.6542100      0.6275300      0.6046300      0.5835200      0.5653200      0.5484400      0.5336000      0.5112000      0.4826500    
  0.9750190      0.9520530      0.9520400      0.9520100      0.9379240      0.9097800      0.9096930      0.9096070      0.9092690      0.8543210      0.7954200      0.7954200      0.7954200      0.7422330      0.7155530      0.7153090      0.7150100      0.6998920      0.6925000      0.6976800      0.6648900      0.6319900      0.6007100      0.5731900      0.5521100      0.5356000      0.5260900      0.5130500      0.4975600      0.4784600    
  0.9520460      0.9520400      0.9520250      0.9379380      0.9097800      0.9097370      0.9096930      0.9173520      0.8756030      0.7954920      0.7954200      0.7954200      0.7954200      0.7954200      0.7428010      0.7163390      0.7156080      0.7150100      0.6943770      0.6873200      0.6499600      0.6115700      0.5745000      0.5424700      0.5238300      0.5109000      0.5049100      0.5012400      0.4965800      0.4908800    
  0.9520400      0.9520330      0.9379460      0.9097800      0.9097580      0.9061920      0.9008600      0.9208500      0.9408400      0.8440900      0.7956370      0.7954200      0.7954200      0.7954200      0.7954200      0.7441350      0.7184010      0.7162050      0.7150100      0.6775000      0.6364300      0.5926700      0.5540600      0.5153200      0.4891000      0.4825700      0.4884900      0.4969700      0.5043200      0.5109500    
  0.9520360      0.9379500      0.9097800      0.9097690      0.9055120      0.9008880      0.9008880      0.9008600      0.9208510      0.9408400      0.8444650      0.7960700      0.7954200      0.7954200      0.7954200      0.7954200      0.7471120      0.7239870      0.7174000      0.6778400      0.6424700      0.5909600      0.5359700      0.4825500      0.4496900      0.4564300      0.4785300      0.5008400      0.5193800      0.5356300    
