iMOD/TUTORIALS/TUT_MetaswapAnalyser/model_MetaSWAP/meteo/Precipitation/Precipitation_20050125_L1.ASC
NCOLS                30
NROWS                30
XLLCORNER     160000.00
YLLCORNER     340000.00
CELLSIZE        1000.00
NODATA_VALUE   -9999.00
  0.6527000E-01  0.6821000E-01  0.7078000E-01  0.7205000E-01  0.6824000E-01   0.000000       0.000000       0.000000       0.000000       0.000000       0.000000       0.000000       0.000000       0.000000      0.6056000E-01  0.7214000E-01  0.8405000E-01  0.9558000E-01  0.1070000      0.1183100      0.1296700      0.1411900      0.1534600      0.1668500      0.1812600      0.1969600      0.2136700      0.2302600      0.2439200      0.2498000    
  0.6602000E-01  0.6738000E-01  0.6676000E-01  0.6490000E-01   0.000000       0.000000       0.000000       0.000000       0.000000       0.000000       0.000000       0.000000       0.000000       0.000000       0.000000      0.7156000E-01  0.8405000E-01  0.9626000E-01  0.1084500      0.1207000      0.1331100      0.1458600      0.1595900      0.1747800      0.1916300      0.2107300      0.2323500      0.2561600      0.2799700      0.2963800    
  0.6560000E-01  0.6571000E-01  0.6438000E-01   0.000000       0.000000       0.000000       0.000000       0.000000       0.000000       0.000000       0.000000       0.000000       0.000000       0.000000       0.000000      0.7187000E-01  0.8473000E-01  0.9762000E-01  0.1104700      0.1233100      0.1362300      0.1496700      0.1643400      0.1804200      0.1987000      0.2199200      0.2449700      0.2745700      0.3095100      0.3454600    
  0.6532000E-01  0.6461000E-01  0.6250000E-01   0.000000       0.000000       0.000000       0.000000       0.000000       0.000000       0.000000       0.000000       0.000000       0.000000       0.000000      0.6079000E-01  0.7349000E-01  0.8642000E-01  0.9950000E-01  0.1125400      0.1255300      0.1386500      0.1522500      0.1666800      0.1828300      0.2011200      0.2224200      0.2476500      0.2778700      0.3145200      0.3565000    
  0.6540000E-01  0.6426000E-01   0.000000       0.000000       0.000000       0.000000       0.000000       0.000000       0.000000       0.000000       0.000000       0.000000       0.000000       0.000000      0.6370000E-01  0.7603000E-01  0.8880000E-01  0.1017800      0.1146800      0.1273800      0.1401600      0.1531600      0.1667700      0.1816600      0.1984900      0.2177100      0.2397700      0.2651600      0.2912800      0.3110700    
  0.6593000E-01  0.6005000E-01   0.000000       0.000000       0.000000       0.000000       0.000000       0.000000       0.000000       0.000000       0.000000       0.000000       0.000000       0.000000      0.6777000E-01  0.7925000E-01  0.9156000E-01  0.1042300      0.1166600      0.1286300      0.1404200      0.1522000      0.1642900      0.1773500      0.1915800      0.2070400      0.2238800      0.2415000      0.2560500      0.2620300    
  0.6527000E-01  0.6061000E-01   0.000000       0.000000       0.000000       0.000000       0.000000       0.000000       0.000000       0.000000       0.000000       0.000000       0.000000      0.6203000E-01  0.7202000E-01  0.8278000E-01  0.9445000E-01  0.1066600      0.1183200      0.1292200      0.1395400      0.1496400      0.1598400      0.1702300      0.1812200      0.1925900      0.2044000      0.2142500      0.2202100      0.2191700    
   0.000000      0.6734000E-01  0.6165000E-01  0.5976000E-01   0.000000       0.000000       0.000000       0.000000       0.000000       0.000000       0.000000       0.000000      0.6080000E-01  0.6744000E-01  0.7654000E-01  0.8664000E-01  0.9744000E-01  0.1089200      0.1194300      0.1288500      0.1374900      0.1456500      0.1535500      0.1612000      0.1688300      0.1766300      0.1829200      0.1871400      0.1884000      0.1836500    
  0.6163000E-01  0.6907000E-01  0.6771000E-01  0.6197000E-01   0.000000       0.000000       0.000000       0.000000       0.000000       0.000000       0.000000      0.6014000E-01  0.6590000E-01  0.7285000E-01  0.8066000E-01  0.9027000E-01  0.1005000      0.1106400      0.1196300      0.1274800      0.1343500      0.1404700      0.1460300      0.1509800      0.1559900      0.1596700      0.1619800      0.1627900      0.1598700      0.1530400    
  0.6270000E-01  0.7098000E-01  0.6996000E-01  0.6172000E-01   0.000000       0.000000       0.000000       0.000000       0.000000       0.000000      0.6037000E-01  0.6461000E-01  0.7015000E-01  0.7829000E-01  0.8468000E-01  0.9297000E-01  0.1024100      0.1112300      0.1188900      0.1252200      0.1303400      0.1343600      0.1376900      0.1403000      0.1424600      0.1432200      0.1431600      0.1404900      0.1353200      0.1273200    
  0.6546330E-01  0.6788000E-01  0.6656500E-01  0.6360000E-01  0.6307000E-01   0.000000       0.000000       0.000000       0.000000      0.6087000E-01  0.6395000E-01  0.6810000E-01  0.7518000E-01  0.8040000E-01  0.8663000E-01  0.9483000E-01  0.1027500      0.1105700      0.1170200      0.1218700      0.1252800      0.1275300      0.1288500      0.1297900      0.1300200      0.1281800      0.1253200      0.1207400      0.1141900      0.1058000    
  0.6532780E-01  0.6587710E-01  0.6360000E-01  0.6410750E-01  0.6512000E-01  0.6309000E-01  0.6129000E-01  0.5973000E-01  0.6129000E-01  0.6354000E-01  0.6548000E-01  0.6953000E-01  0.7630000E-01  0.8255000E-01  0.8757000E-01  0.9506000E-01  0.1025700      0.1090200      0.1143400      0.1177700      0.1195600      0.1201300      0.1206500      0.1195400      0.1175100      0.1142400      0.1099000      0.1041200      0.9678000E-01  0.8791000E-01
  0.6458090E-01  0.6360000E-01  0.6430690E-01  0.6488000E-01  0.6464000E-01  0.6243000E-01  0.6314000E-01  0.6422000E-01  0.6403000E-01  0.6409000E-01  0.6709000E-01  0.7359000E-01  0.7793000E-01  0.8309000E-01  0.8723000E-01  0.9396000E-01  0.1007300      0.1067300      0.1107900      0.1129200      0.1136700      0.1129700      0.1114000      0.1090300      0.1058100      0.1016400      0.9623000E-01  0.8982000E-01  0.8218000E-01  0.7337000E-01
  0.6360000E-01  0.6432670E-01  0.6476000E-01  0.6464000E-01  0.6360000E-01  0.6373000E-01  0.6252000E-01  0.6371000E-01  0.6531000E-01  0.6778000E-01  0.7043000E-01  0.7420000E-01  0.7803000E-01  0.8251000E-01  0.8755000E-01  0.9154000E-01  0.9782000E-01  0.1031500      0.1064200      0.1071800      0.1063500      0.1046100      0.1020700      0.9887000E-01  0.9492000E-01  0.9016000E-01  0.8435000E-01  0.7775000E-01  0.7020000E-01  0.6173000E-01
  0.6431670E-01  0.6470000E-01  0.6464000E-01  0.6399000E-01  0.6373000E-01  0.6392000E-01  0.6551000E-01  0.6663000E-01  0.6808000E-01  0.6993000E-01  0.7634000E-01  0.7873000E-01  0.8156000E-01  0.8479000E-01  0.8832000E-01  0.8835000E-01  0.9314000E-01  0.9769000E-01  0.1004400      0.9989000E-01  0.9819000E-01  0.9590000E-01  0.9294000E-01  0.8932000E-01  0.8504000E-01  0.8007000E-01  0.7436000E-01  0.6777000E-01  0.6059000E-01   0.000000    
  0.6467000E-01  0.6464000E-01  0.6412000E-01  0.6373000E-01  0.6438670E-01  0.6551000E-01  0.6607000E-01  0.6674000E-01  0.6983250E-01  0.7469000E-01  0.7628000E-01  0.7820000E-01  0.8041000E-01  0.8287000E-01  0.8491000E-01  0.8759000E-01  0.8982000E-01  0.9182000E-01  0.9276000E-01  0.9235000E-01  0.9089000E-01  0.8798000E-01  0.8493000E-01  0.8123000E-01  0.7689000E-01  0.7195000E-01  0.6639000E-01  0.6024000E-01   0.000000       0.000000    
  0.6464000E-01  0.6416330E-01  0.6373000E-01  0.6454220E-01  0.6551000E-01  0.6579000E-01  0.6610670E-01  0.6933310E-01  0.7469000E-01  0.7548500E-01  0.7717400E-01  0.7713000E-01  0.7798000E-01  0.7979000E-01  0.8456000E-01  0.8579000E-01  0.8444000E-01  0.8533000E-01  0.8546000E-01  0.8470000E-01  0.8307000E-01  0.8067000E-01  0.7758000E-01  0.7319000E-01  0.6899000E-01  0.6428000E-01   0.000000       0.000000       0.000000       0.000000    
  0.6417780E-01  0.6373000E-01  0.6459410E-01  0.6551000E-01  0.6565000E-01  0.6580220E-01  0.6897990E-01  0.7469000E-01  0.7508750E-01  0.7705380E-01  0.7835000E-01  0.7957000E-01  0.8032000E-01  0.8068000E-01  0.8135000E-01  0.8179000E-01  0.7930000E-01  0.7940000E-01  0.7891000E-01  0.7775000E-01  0.7591000E-01  0.7342000E-01  0.7035000E-01  0.6675000E-01  0.6201000E-01   0.000000       0.000000       0.000000       0.000000       0.000000    
  0.6373000E-01  0.6461140E-01  0.6551000E-01  0.6558000E-01  0.6565410E-01  0.6878050E-01  0.7469000E-01  0.7488880E-01  0.7707230E-01  0.7896000E-01  0.7957000E-01  0.7994500E-01  0.7965000E-01  0.7803000E-01  0.7808000E-01  0.7788000E-01  0.7734000E-01  0.7402000E-01  0.7303000E-01  0.7151000E-01  0.6947000E-01  0.6691000E-01  0.6387000E-01  0.6040000E-01   0.000000       0.000000       0.000000       0.000000       0.000000       0.000000    
  0.6461710E-01  0.6551000E-01  0.6554500E-01  0.6558140E-01  0.6867620E-01  0.7469000E-01  0.7478940E-01  0.7709720E-01  0.7926500E-01  0.7957000E-01  0.7975750E-01  0.7929870E-01  0.7803000E-01  0.7805500E-01  0.7799670E-01  0.7776670E-01  0.7641330E-01  0.7479670E-01  0.6907800E-01  0.6593000E-01  0.6371000E-01  0.6108000E-01   0.000000       0.000000       0.000000       0.000000       0.000000       0.000000       0.000000       0.000000    
  0.6551000E-01  0.6552750E-01  0.6554540E-01  0.6862310E-01  0.7469000E-01  0.7473970E-01  0.7711280E-01  0.7941750E-01  0.7957000E-01  0.7966380E-01  0.7916410E-01  0.7803000E-01  0.7804250E-01  0.7802720E-01  0.7793940E-01  0.7739220E-01  0.7632560E-01  0.6892060E-01  0.6341500E-01  0.6090000E-01   0.000000       0.000000       0.000000       0.000000       0.000000       0.000000       0.000000       0.000000       0.000000       0.000000    
  0.6551880E-01  0.6552760E-01  0.6859650E-01  0.7469000E-01  0.7471480E-01  0.7712130E-01  0.7949370E-01  0.7957000E-01  0.7961690E-01  0.7910700E-01  0.7803000E-01  0.7803620E-01  0.7803320E-01  0.7800300E-01  0.7778630E-01  0.7721910E-01  0.6913920E-01  0.6215750E-01  0.6090000E-01  0.2030000E-01   0.000000       0.000000       0.000000       0.000000       0.000000       0.000000       0.000000       0.000000       0.000000       0.000000    
  0.6551880E-01  0.6858320E-01  0.7469000E-01  0.7470240E-01  0.7712560E-01  0.7953190E-01  0.7957000E-01  0.7959340E-01  0.7908100E-01  0.7803000E-01  0.7803310E-01  0.7803320E-01  0.7802420E-01  0.7794090E-01  0.7766950E-01  0.6322470E-01  0.6152870E-01  0.6090000E-01  0.2030000E-01   0.000000       0.000000       0.000000       0.000000       0.000000       0.000000       0.000000       0.000000       0.000000       0.000000       0.000000    
  0.6857660E-01  0.7469000E-01  0.7469620E-01  0.7712780E-01  0.7955090E-01  0.7957000E-01  0.7958170E-01  0.7906860E-01  0.7803000E-01  0.7803160E-01  0.7803210E-01  0.7803020E-01  0.7799940E-01  0.5840860E-01  0.4285120E-01  0.3065960E-01  0.3045000E-01  0.1624000E-01   0.000000       0.000000       0.000000       0.000000       0.000000       0.000000       0.000000       0.000000       0.000000       0.000000       0.000000       0.000000    
  0.7469000E-01  0.7469310E-01  0.7712890E-01  0.7956050E-01  0.7957000E-01  0.7957590E-01  0.7906260E-01  0.7803000E-01  0.7803080E-01  0.7803120E-01  0.7803130E-01  0.7802060E-01  0.4288760E-01   0.000000       0.000000      0.7612500E-02   0.000000       0.000000       0.000000       0.000000       0.000000       0.000000       0.000000       0.000000       0.000000       0.000000       0.000000       0.000000       0.000000       0.000000    
  0.7469150E-01  0.7712940E-01  0.7956520E-01  0.7957000E-01  0.7957290E-01  0.7905960E-01  0.7803000E-01  0.7803040E-01  0.7803070E-01  0.7803110E-01  0.4681660E-01   0.000000       0.000000       0.000000       0.000000       0.000000       0.000000       0.000000       0.000000       0.000000       0.000000       0.000000       0.000000       0.000000       0.000000       0.000000       0.000000       0.000000       0.000000       0.000000    
  0.7712970E-01  0.7956760E-01  0.7957000E-01  0.7957150E-01  0.7905810E-01  0.7803000E-01  0.7803020E-01  0.7803030E-01  0.7803070E-01  0.4057570E-01   0.000000       0.000000       0.000000       0.000000       0.000000       0.000000       0.000000       0.000000       0.000000       0.000000       0.000000       0.000000       0.000000       0.000000       0.000000       0.000000       0.000000       0.000000       0.000000       0.000000    
  0.7956880E-01  0.7957000E-01  0.7957070E-01  0.7905740E-01  0.7803000E-01  0.7803010E-01  0.7803020E-01  0.5852280E-01  0.3277280E-01   0.000000       0.000000       0.000000       0.000000       0.000000       0.000000       0.000000       0.000000       0.000000       0.000000       0.000000       0.000000       0.000000       0.000000       0.000000       0.000000       0.000000       0.000000       0.000000       0.000000       0.000000    
  0.7957000E-01  0.7957040E-01  0.7905700E-01  0.7803000E-01  0.7803000E-01  0.4681810E-01   0.000000       0.000000       0.000000       0.000000       0.000000       0.000000       0.000000       0.000000       0.000000       0.000000       0.000000       0.000000       0.000000       0.000000       0.000000       0.000000       0.000000       0.000000       0.000000       0.000000       0.000000       0.000000       0.000000       0.000000    
  0.7957020E-01  0.7905690E-01  0.7803000E-01  0.7803000E-01  0.4057560E-01   0.000000       0.000000       0.000000       0.000000       0.000000       0.000000       0.000000       0.000000       0.000000       0.000000       0.000000       0.000000       0.000000       0.000000       0.000000       0.000000       0.000000       0.000000       0.000000       0.000000       0.000000       0.000000       0.000000       0.000000       0.000000    
