iMOD/TUTORIALS/TUT_MetaswapAnalyser/model_MetaSWAP/meteo/Precipitation/Precipitation_20050418_L1.ASC
NCOLS                30
NROWS                30
XLLCORNER     160000.00
YLLCORNER     340000.00
CELLSIZE        1000.00
NODATA_VALUE   -9999.00
  0.3218800      0.3316900      0.3380600      0.3424700      0.3498100      0.3692600      0.4028000      0.4401100      0.4731500      0.4990700      0.5172000      0.5280900      0.5321000      0.5283700      0.5181900      0.4911600      0.4616700      0.4309700      0.3987400      0.3634300      0.3261000      0.2886100      0.2502000      0.2092000       0.000000       0.000000       0.000000       0.000000       0.000000       0.000000    
  0.3273600      0.3393600      0.3496600      0.3603000      0.3745400      0.3959400      0.4246100      0.4560800      0.4851500      0.5087800      0.5260300      0.5364900      0.5397400      0.5274700      0.5153100      0.4910800      0.4667400      0.4427500      0.4069000      0.3704100      0.3317700      0.2926500      0.2526000      0.2100300       0.000000       0.000000       0.000000       0.000000       0.000000       0.000000    
  0.3354500      0.3495900      0.3633500      0.3781300      0.3953400      0.4172600      0.4431100      0.4704600      0.4963300      0.5178800      0.5342600      0.5440400      0.5413700      0.5351000      0.5246700      0.5020000      0.4770800      0.4471300      0.4130600      0.3758500      0.3338500      0.2938800      0.2491300      0.2095600       0.000000       0.000000       0.000000       0.000000       0.000000       0.000000    
  0.3448900      0.3607100      0.3767400      0.3938900      0.4131000      0.4349100      0.4588200      0.4828300      0.5064400      0.5265100      0.5415300      0.5492900      0.5486400      0.5430400      0.5306500      0.5087300      0.4829800      0.4522400      0.4175000      0.3797200      0.3398200      0.2918700      0.2518800      0.2102500       0.000000       0.000000       0.000000       0.000000       0.000000       0.000000    
  0.3548300      0.3718000      0.3892300      0.4076300      0.4274900      0.4489000      0.4713900      0.4943600      0.5157100      0.5340700      0.5458600      0.5530400      0.5541800      0.5485800      0.5364000      0.5156400      0.4889000      0.4576100      0.4225100      0.3845400      0.3387000      0.2979400      0.2573700      0.2154700       0.000000       0.000000       0.000000       0.000000       0.000000       0.000000    
  0.3647400      0.3823400      0.4005000      0.4194700      0.4394300      0.4603000      0.4818100      0.5031000      0.5321400      0.5398000      0.5514700      0.5581400      0.5589700      0.5537800      0.5431000      0.5224200      0.4956700      0.4642300      0.4293400      0.3916300      0.3465800      0.3057600      0.2651700      0.2248200      0.1859600       0.000000       0.000000       0.000000       0.000000       0.000000    
  0.3730800      0.3921100      0.4105200      0.4295800      0.4495800      0.4697400      0.4899700      0.5233400      0.5306400      0.5451500      0.5560400      0.5623700      0.5633700      0.5582800      0.5501400      0.5296200      0.5026100      0.4716000      0.4376300      0.3961300      0.3564900      0.3158300      0.2750200      0.2353400      0.1968700       0.000000       0.000000       0.000000       0.000000       0.000000    
  0.3692800      0.4000800      0.4196200      0.4383900      0.4575900      0.4890200      0.5136700      0.5199300      0.5358900      0.5493900      0.5595800      0.5656300      0.5668100      0.5623700      0.5570000      0.5372500      0.5105700      0.4807700      0.4450200      0.4076000      0.3682600      0.3279300      0.2875000      0.2482200      0.2101600       0.000000       0.000000       0.000000       0.000000       0.000000    
  0.3773400      0.4076500      0.4256600      0.4454100      0.4788500      0.4968700      0.5213700      0.5250500      0.5399500      0.5525600      0.5621300      0.5679400      0.5693200      0.5759600      0.5631200      0.5448600      0.5207400      0.4912700      0.4572000      0.4202000      0.3813900      0.3416700      0.3018500      0.2631300      0.2281300      0.1923600       0.000000       0.000000       0.000000       0.000000    
  0.3845900      0.4142700      0.4317600      0.4679100      0.4862100      0.5034200      0.5134800      0.5289900      0.5429400      0.5547200      0.5637200      0.5693000      0.5708400      0.5803500      0.5681600      0.5510900      0.5313800      0.5017200      0.4682200      0.4320100      0.3941200      0.3565600      0.3177400      0.2793900      0.2453200      0.2096600       0.000000       0.000000       0.000000       0.000000    
  0.3896430      0.4102070      0.4471700      0.4747400      0.4916200      0.4886900      0.5173400      0.5319100      0.5449600      0.5559800      0.5644300      0.5697400      0.5903300      0.6003900      0.5933000      0.5693300      0.5414200      0.5096800      0.4750200      0.4385600      0.4011600      0.3634000      0.3257300      0.2911600      0.2515700      0.2193400      0.1871100       0.000000       0.000000       0.000000    
  0.3900120      0.4304400      0.4747400      0.4856900      0.4967100      0.4909300      0.5194300      0.5339300      0.5461400      0.5564400      0.5963400      0.5972800      0.6177800      0.6203100      0.5991800      0.5748300      0.5466800      0.5158800      0.4829000      0.4489100      0.4143000      0.3791500      0.3429800      0.3073600      0.2721500      0.2387500      0.2057800       0.000000       0.000000       0.000000    
  0.4167860      0.4747400      0.4820800      0.4882000      0.4796900      0.5074200      0.5213900      0.5343400      0.5908200      0.5971500      0.6005800      0.6589700      0.6441900      0.6262600      0.6042900      0.5791900      0.5504500      0.5192000      0.4883600      0.4571400      0.4273100      0.3956800      0.3629500      0.3294000      0.2954000      0.2613700      0.2287300      0.1959800       0.000000       0.000000    
  0.4747400      0.4801140      0.4839450      0.4796900      0.4988800      0.5095300      0.5792500      0.5887900      0.5964800      0.5996200      0.6026800      0.6664000      0.6508500      0.6322100      0.6100300      0.5835700      0.5525900      0.5202900      0.4904700      0.4668900      0.4418200      0.4145500      0.3848700      0.3538300      0.3215100      0.2882600      0.2554100      0.2213300      0.1874700       0.000000    
  0.4790900      0.4818170      0.4796900      0.4960330      0.5095300      0.5539730      0.5731400      0.5826000      0.5903900      0.5961400      0.6817800      0.6690500      0.6538200      0.6356500      0.6140600      0.5881400      0.5583800      0.5236000      0.4944000      0.4780200      0.4589000      0.4356900      0.4098000      0.3816700      0.3516100      0.3198400      0.2865500      0.2529300      0.2172300       0.000000    
  0.4807540      0.4796900      0.4950840      0.5095300      0.5455480      0.5731400      0.5778700      0.5820430      0.6177400      0.7018300      0.6905800      0.6773800      0.6618800      0.6437100      0.6220400      0.5975700      0.5689600      0.5399800      0.5154700      0.4976000      0.4793200      0.4607000      0.4381400      0.4132500      0.3861000      0.3567100      0.3250500      0.2910800      0.2558500      0.2175800    
  0.4796900      0.4947680      0.5095300      0.5427390      0.5731400      0.5755050      0.5776840      0.6198710      0.7018300      0.6962050      0.6888720      0.6862100      0.6701500      0.6523400      0.6301200      0.6083600      0.5846900      0.5611400      0.5400500      0.5220300      0.5048700      0.4868100      0.4671500      0.4481100      0.4247200      0.3989100      0.3703500      0.3387300      0.3038500      0.2655600    
  0.4946630      0.5095300      0.5418030      0.5731400      0.5743230      0.5754430      0.6187230      0.7018300      0.6990180      0.6925100      0.6872850      0.6883600      0.6742000      0.6593800      0.6414400      0.6219200      0.6016600      0.5819000      0.5636500      0.5472300      0.5318400      0.5164800      0.5004400      0.4832300      0.4669600      0.4461800      0.4225900      0.3955300      0.3644200      0.3277800    
  0.5095300      0.5414910      0.5731400      0.5737310      0.5743020      0.6175800      0.7018300      0.7004240      0.6939080      0.6878220      0.6883600      0.6812800      0.6729620      0.6699100      0.6533300      0.6358100      0.6179400      0.6013200      0.5855900      0.5713600      0.5583900      0.5462000      0.5342900      0.5222000      0.5093900      0.4951900      0.4812500      0.4613900      0.4356600      0.4073400    
  0.5413870      0.5731400      0.5734360      0.5737240      0.6168610      0.7018300      0.7011270      0.6945230      0.6880910      0.6883600      0.6848200      0.6781280      0.6699100      0.6616200      0.6530170      0.6356930      0.6183570      0.6016170      0.5928140      0.5933700      0.5831000      0.5744100      0.5671000      0.5608700      0.5552500      0.5495100      0.5446800      0.5333000      0.5082200      0.4919500    
  0.5731400      0.5732880      0.5734330      0.6164630      0.7018300      0.7014780      0.6948130      0.6882260      0.6883600      0.6865900      0.6803050      0.6699100      0.6657650      0.6615160      0.6501100      0.6356890      0.6185560      0.6056230      0.6029000      0.6124300      0.6047300      0.5995600      0.5970500      0.5995100      0.6020000      0.6063000      0.5960700      0.6003900      0.6018800      0.5976200    
  0.5732140      0.5732870      0.6162530      0.7018300      0.7016540      0.6949550      0.6882930      0.6883600      0.6874750      0.6812910      0.6699100      0.6678380      0.6657300      0.6591300      0.6491050      0.6347850      0.6159930      0.6076650      0.6124300      0.6140630      0.6250300      0.6227500      0.6246400      0.6311000      0.6282900      0.6424900      0.6613200      0.6825000      0.7031100      0.7185700    
  0.5732140      0.6161460      0.7018300      0.7017420      0.6950250      0.6883260      0.6883600      0.6879170      0.6817590      0.6699100      0.6688740      0.6678260      0.6642330      0.6579880      0.6476730      0.6270750      0.6100470      0.6124300      0.6242800      0.6337150      0.6321080      0.6373500      0.6303900      0.6418200      0.6604100      0.6868700      0.7212200      0.7621300      0.8067200      0.8491500    
  0.6160920      0.7018300      0.7017860      0.6950600      0.6883430      0.6883600      0.6881390      0.6819870      0.6699100      0.6693920      0.6688700      0.6669770      0.6633490      0.6627240      0.6478940      0.6244910      0.6254450      0.6290490      0.6350550      0.6369100      0.6424000      0.6330100      0.6409900      0.6563900      0.6823900      0.7201100      0.7700700      0.8319700      0.9040600      0.9817200    
  0.7018300      0.7018080      0.6950780      0.6883520      0.6883600      0.6882490      0.6820990      0.6699100      0.6696510      0.6693910      0.6684130      0.6663990      0.6712190      0.6813380      0.6810000      0.6491340      0.6379800      0.6384600      0.6350200      0.6345400      0.6314200      0.6318300      0.6411700      0.6590800      0.6906200      0.7377100      0.8015700      0.8827800      0.9817600       1.096360    
  0.7018190      0.6950860      0.6883560      0.6883600      0.6883050      0.6821550      0.6699100      0.6697800      0.6696500      0.6691520      0.7103080      0.7736700      0.7124210      0.6817080      0.6816760      0.6810000      0.6521120      0.6375000      0.6384600      0.6301700      0.6298000      0.6241800      0.6282400      0.6484000      0.6827000      0.7364100      0.8109200      0.9069400       1.023790       1.162050    
  0.6950910      0.6883580      0.6883600      0.6883320      0.6821820      0.6699100      0.6698450      0.6697800      0.6695280      0.7192900      0.7736700      0.7736700      0.7736700      0.7129680      0.6824490      0.6823510      0.6810000      0.6514880      0.6365400      0.6384600      0.6210000      0.6096300      0.6081700      0.6216200      0.6576500      0.7150900      0.7970900      0.9014600       1.025320       1.163600    
  0.6883590      0.6883600      0.6883460      0.6821960      0.6699100      0.6698780      0.6698450      0.7604830      0.7875930      0.7737960      0.7736700      0.7736700      0.7736700      0.7736700      0.7140780      0.6839970      0.6837020      0.6810000      0.6499530      0.6346200      0.6103500      0.5905600      0.5797000      0.5847600      0.6142100      0.6754400      0.7630400      0.8725900      0.9965300       1.124840    
  0.6883600      0.6883530      0.6822030      0.6699100      0.6698940      0.8373550       1.088520       1.060650       1.032780      0.8603830      0.7740470      0.7736700      0.7736700      0.7736700      0.7736700      0.7162950      0.6872870      0.6864050      0.6810000      0.6457300      0.6106500      0.5777200      0.5511100      0.5374400      0.5584100      0.6204300      0.7171900      0.8319200      0.9545300       1.074170    
  0.6883570      0.6822070      0.6699100      0.6699020      0.8709210       1.088620       1.088620       1.088520       1.060650       1.032780      0.8610370      0.7748010      0.7736700      0.7736700      0.7736700      0.7736700      0.7205220      0.6944570      0.6918100      0.6516000      0.6093400      0.5657800      0.5230300      0.4886100      0.4907800      0.5615900      0.6697600      0.7929600      0.9145900       1.027870    
