iMOD/TUTORIALS/TUT_MetaswapAnalyser/model_MetaSWAP/meteo/Precipitation/Precipitation_20050730_L1.ASC
NCOLS                30
NROWS                30
XLLCORNER     160000.00
YLLCORNER     340000.00
CELLSIZE        1000.00
NODATA_VALUE   -9999.00
  0.7082400      0.5619000      0.4263900       0.000000       0.000000       0.000000       0.000000       0.000000       0.000000       0.000000       0.000000       0.000000       0.000000       0.000000       0.000000       0.000000       0.000000       0.000000      0.4246300      0.4492100      0.4678500      0.4661000      0.4697800      0.4785100      0.4671200      0.4493900      0.4265100      0.4006000       0.000000       0.000000    
  0.7002900      0.5642300      0.4383300       0.000000       0.000000       0.000000       0.000000       0.000000       0.000000       0.000000       0.000000       0.000000       0.000000       0.000000       0.000000       0.000000       0.000000      0.4268000      0.4544500      0.4800600      0.4984800      0.4958700      0.4975900      0.5036300      0.4889400      0.4671300      0.4389900      0.4061000       0.000000       0.000000    
  0.7045200      0.5795100      0.4657100       0.000000       0.000000       0.000000       0.000000       0.000000       0.000000       0.000000       0.000000       0.000000       0.000000       0.000000       0.000000       0.000000      0.4193400      0.4609300      0.4956000      0.5223800      0.5339800      0.5300000      0.5432500      0.5337800      0.5164500      0.4915800      0.4627100      0.4235400       0.000000       0.000000    
  0.7219100      0.6069800      0.5023400      0.4088100       0.000000       0.000000       0.000000       0.000000       0.000000       0.000000       0.000000       0.000000       0.000000       0.000000       0.000000      0.4135100      0.4634500      0.5070000      0.5422600      0.5683000      0.5849800      0.6009800      0.5838600      0.5760400      0.5564000      0.5293500      0.4952600      0.4546100      0.4073700       0.000000    
  0.7498500      0.6440500      0.5461900      0.4607900       0.000000       0.000000       0.000000       0.000000       0.000000       0.000000       0.000000       0.000000       0.000000       0.000000      0.4144900      0.4703600      0.5238500      0.5686000      0.6030600      0.6268400      0.6599200      0.6643000      0.6405300      0.6218200      0.6008000      0.5733400      0.5402900      0.5020000      0.4638900      0.4333000    
  0.7862400      0.6875600      0.5988000      0.5196300      0.4508100       0.000000       0.000000       0.000000       0.000000       0.000000       0.000000       0.000000       0.000000      0.4268000      0.4850300      0.5441500      0.5995400      0.6439200      0.6744700      0.6931600      0.7202800      0.7209800      0.6943900      0.6782700      0.6560300      0.6252400      0.5946300      0.5615600      0.5325600      0.5136600    
  0.8301400      0.7390700      0.6571500      0.5840000      0.5000000      0.4509900      0.4121300       0.000000       0.000000       0.000000       0.000000      0.4118900      0.4539400      0.5070600      0.5672900      0.6311500      0.6930900      0.7344100      0.7556800      0.7815600      0.7860600      0.7826000      0.7720400      0.7346600      0.7117200      0.6851500      0.6552400      0.6274100      0.6021500      0.5883000    
  0.8584100      0.7565200      0.6863500      0.6246200      0.5711000      0.5239900      0.4899200      0.4624600      0.4513100      0.4531800      0.4686200      0.4973700      0.5385100      0.5904200      0.6551500      0.7224600      0.7938500      0.8270800      0.8467000      0.8536900      0.8531800      0.8460100      0.8329700      0.7932800      0.7697800      0.7422900      0.7157500      0.6906800      0.6810000      0.6646700    
  0.8612700      0.8158100      0.7517700      0.6940200      0.6408200      0.6010000      0.5708000      0.5454000      0.5366900      0.5399700      0.5557100      0.5838800      0.6238900      0.6791200      0.7388300      0.8020500      0.8607300      0.8980100      0.9150600      0.9202500      0.9172400      0.9079100      0.8933900      0.8517700      0.8262000      0.8007700      0.7751300      0.7652000      0.7417200      0.7249700    
  0.9165000      0.8779800      0.8187900      0.7601800      0.7148700      0.6788700      0.6453000      0.6281100      0.6213300      0.6256000      0.6412800      0.6683400      0.7062300      0.7591600      0.8122500      0.8695000      0.9116900      0.9514200      0.9728300      0.9803300      0.9783100      0.9656400      0.9510200      0.9324100      0.8826300      0.8573900      0.8478500      0.8209400      0.7969900      0.7780400    
  0.9271200      0.8710900      0.8219430      0.8308200      0.7903500      0.7431100      0.7244300      0.7093900      0.7039600      0.7086000      0.7235500      0.7486600      0.7920300      0.8244500      0.8494000      0.9048900      0.9582600      0.9965400       1.020230       1.030970       1.031780       1.025170       1.012860      0.9947700      0.9947300      0.9330000      0.9053600      0.8778400      0.8519200      0.8249600    
  0.9289010      0.8627430      0.8308200      0.8509600      0.8641000      0.8186000      0.8028700      0.7883300      0.7836200      0.7879800      0.7879300      0.8118600      0.8519800      0.8533700      0.9019600      0.9504800      0.9935000       1.032810       1.056930       1.070380       1.074620       1.071240       1.077370       1.063550       1.044910      0.9880100      0.9607200      0.9323900      0.9041400      0.8770600    
  0.9038750      0.8308200      0.8729210      0.8913350      0.9185700      0.8981100      0.8779600      0.8654300      0.8405200      0.8446200      0.8579400      0.8312500      0.8660100      0.9057900      0.9475900      0.9891000       1.025970       1.055310       1.084360       1.103400       1.120070       1.123430       1.119210       1.108420       1.092100       1.071220       1.008510      0.9794800      0.9489900      0.9177100    
  0.8308200      0.8818160      0.9049530      0.9185700      0.9286230      0.9691900      0.9213600      0.9114800      0.9086600      0.9352800      0.9442300      0.8878500      0.9185300      0.9529400      0.9888100       1.022510       1.057690       1.078660       1.097920       1.131130       1.149140       1.157720       1.168630       1.162960       1.150520       1.132240       1.071690       1.042350       1.009700      0.9740300    
  0.8857420      0.9117610      0.9185700      0.9387940      0.9691900      0.9885270       1.075030       1.058710       1.048770       1.045030      0.9510800      0.9704300      0.9936200       1.019130       1.044950       1.062760       1.083190       1.097080       1.115010       1.149200       1.185720       1.201750       1.208000       1.205780       1.196170       1.180010       1.157920       1.091670       1.058410       1.031530    
  0.9151660      0.9185700      0.9421850      0.9691900       1.010920       1.075030       1.066870       1.060840       1.035700      0.9903000       1.003010       1.019790       1.039690       1.061390       1.089340       1.108960       1.117470       1.133430       1.155980       1.186440       1.210960       1.244050       1.254640       1.256650       1.250840       1.237840       1.218090       1.191830       1.119840       1.081870    
  0.9185700      0.9433150      0.9691900       1.018380       1.075030       1.070950       1.067580       1.038430      0.9903000      0.9966550       1.032160       1.065670       1.090980       1.110250       1.117080       1.139950       1.155340       1.175810       1.199080       1.224430       1.246670       1.262420       1.270790       1.295660       1.292450       1.282160       1.265030       1.241190       1.210650       1.141320    
  0.9436920      0.9691900       1.020870       1.075030       1.072990       1.071190       1.041810      0.9903000      0.9934770       1.034990       1.073840       1.082010       1.103860       1.132200       1.155560       1.178880       1.192910       1.215110       1.238210       1.261240       1.281700       1.297350       1.307070       1.310560       1.332090       1.324900       1.311170       1.290950       1.264240       1.234920    
  0.9691900       1.021700       1.075030       1.074010       1.073070       1.044070      0.9903000      0.9918890       1.035740       1.077920       1.082010       1.092940       1.121770       1.169000       1.191920       1.215480       1.239760       1.249940       1.272530       1.294290       1.313740       1.329420       1.340390       1.346180       1.346680       1.341860       1.355610       1.340000       1.322210       1.300900    
   1.021970       1.075030       1.074520       1.074040       1.045360      0.9903000      0.9910940       1.035980       1.079970       1.082010       1.087470       1.116430       1.169000       1.180460       1.192130       1.215720       1.235060       1.254080       1.296800       1.322400       1.341270       1.357190       1.369450       1.377610       1.381430       1.380780       1.379000       1.374960       1.370540       1.367820    
   1.075030       1.074770       1.074530       1.046050      0.9903000      0.9906970       1.036070       1.080990       1.082010       1.084740       1.113730       1.169000       1.174730       1.180530       1.196100       1.214300       1.234950       1.292880       1.333620       1.344840       1.363240       1.379470       1.393020       1.407580       1.414610       1.418180       1.435940       1.431330       1.421690       1.406810    
   1.074900       1.074780       1.046410      0.9903000      0.9904990       1.036120       1.081500       1.082010       1.083380       1.112370       1.169000       1.171860       1.174750       1.183790       1.196980       1.215120       1.285240       1.339230       1.344840       1.364140       1.384350       1.400140       1.414350       1.426750       1.450360       1.461200       1.467100       1.469140       1.466720       1.459590    
   1.074900       1.046600      0.9903000      0.9903990       1.036140       1.081750       1.082010       1.082690       1.111690       1.169000       1.170430       1.171870       1.176800       1.185170       1.198630       1.278630       1.342040       1.344840       1.384720       1.405410       1.407780       1.410090       1.433820       1.448910       1.464950       1.478730       1.490390       1.499210       1.504330       1.504630    
   1.046690      0.9903000      0.9903500       1.036150       1.081880       1.082010       1.082350       1.111350       1.169000       1.169720       1.170440       1.173040       1.177950       1.208730       1.269660       1.351830       1.353800       1.381010       1.415050       1.424470       1.426460       1.417850       1.431670       1.449730       1.467900       1.485940       1.503230       1.518870       1.531720       1.522910    
  0.9903000      0.9903250       1.036150       1.081950       1.082010       1.082180       1.111180       1.169000       1.169360       1.169720       1.171060       1.173810       1.221260       1.273560       1.274330       1.329380       1.359660       1.362750       1.397720       1.415260       1.422490       1.433020       1.420820       1.439190       1.459350       1.481120       1.503670       1.525730       1.530330       1.550070    
  0.9903120       1.036150       1.081980       1.082010       1.082100       1.111090       1.169000       1.169180       1.169360       1.170050       1.204180       1.253160       1.266320       1.273020       1.272780       1.274330       1.329760       1.356560       1.362750       1.388390       1.396820       1.411030       1.426560       1.416920       1.438030       1.462870       1.490160       1.504720       1.531820       1.557430    
   1.036150       1.081990       1.082010       1.082050       1.111050       1.169000       1.169090       1.169180       1.169530       1.209980       1.253160       1.253160       1.253160       1.265550       1.271950       1.271230       1.274330       1.325390       1.350370       1.362750       1.371480       1.380150       1.390560       1.405090       1.402920       1.430250       1.452390       1.484020       1.515040       1.542540    
   1.082000       1.082010       1.082030       1.111030       1.169000       1.169040       1.169090       1.139330       1.172710       1.253050       1.253160       1.253160       1.253160       1.253160       1.264300       1.270280       1.268130       1.274330       1.314120       1.337990       1.340410       1.341790       1.344500       1.352590       1.369660       1.378210       1.411970       1.448480       1.482570       1.510540    
   1.082010       1.082020       1.111020       1.169000       1.169020       1.099150      0.9943600       1.021940       1.049520       1.184990       1.252840       1.253160       1.253160       1.253160       1.253160       1.262540       1.268380       1.261930       1.274330       1.281390       1.284190       1.283130       1.294310       1.294930       1.300680       1.328570       1.359530       1.402000       1.439240       1.468050    
   1.082020       1.111010       1.169000       1.169010       1.085100      0.9942650      0.9942650      0.9943600       1.021940       1.049520       1.184430       1.252200       1.253160       1.253160       1.253160       1.253160       1.260490       1.268870       1.249540       1.252770       1.284410       1.264480       1.240100       1.216310       1.214650       1.256890       1.313460       1.354000       1.390390       1.419960    
