iMOD/TUTORIALS/TUT_MetaswapAnalyser/model_MetaSWAP/meteo/Precipitation/Precipitation_20050306_L1.ASC
NCOLS                30
NROWS                30
XLLCORNER     160000.00
YLLCORNER     340000.00
CELLSIZE        1000.00
NODATA_VALUE   -9999.00
   3.018180       3.039240       3.056810       3.067730       3.062570       3.023110       2.943450       2.842380       2.741600       2.678570       2.662440       2.660780       2.664220       2.675000       2.682420       2.688420       2.685450       2.700030       2.716620       2.735880       2.757700       2.778480       2.804350       2.839100       2.866330       2.893270       2.918120       2.937810       2.946930       2.937880    
   2.977550       2.993940       3.005270       3.004800       2.986880       2.943440       2.871930       2.778190       2.669920       2.606790       2.620280       2.631070       2.639650       2.650940       2.660440       2.659090       2.671640       2.692550       2.712100       2.734120       2.758950       2.783060       2.812290       2.850280       2.881740       2.913830       2.945450       2.974520       3.000180       3.003380    
   2.936090       2.947350       2.950690       2.942700       2.921050       2.878300       2.815700       2.737820       2.657350       2.610250       2.605400       2.611830       2.618390       2.630240       2.641820       2.644960       2.658320       2.675130       2.695620       2.719650       2.747470       2.774430       2.814040       2.847260       2.882120       2.918290       2.959550       2.996100       3.032420       3.059000    
   2.895430       2.902190       2.900780       2.888640       2.864020       2.825190       2.773250       2.714680       2.657740       2.618950       2.604020       2.601110       2.601920       2.610340       2.618730       2.623460       2.635640       2.652450       2.674000       2.699720       2.728840       2.769570       2.799660       2.839260       2.875480       2.912710       2.950640       2.988880       3.027790       3.062150    
   2.857280       2.860480       2.855530       2.841970       2.818220       2.784200       2.741740       2.691720       2.649910       2.618670       2.595680       2.588870       2.586470       2.589410       2.593580       2.598440       2.609470       2.625890       2.648610       2.676120       2.716760       2.749930       2.780830       2.816700       2.852710       2.888690       2.923760       2.957660       2.983320       2.991120    
   2.822570       2.822440       2.816090       2.802080       2.780090       2.750630       2.711890       2.673390       2.633650       2.605040       2.586820       2.575680       2.568890       2.566110       2.570870       2.570210       2.575890       2.591390       2.615630       2.644890       2.685570       2.719670       2.751020       2.785860       2.820210       2.853330       2.882910       2.907830       2.919760       2.910920    
   2.798720       2.789320       2.781840       2.768000       2.742530       2.717000       2.687590       2.645180       2.615330       2.592000       2.573650       2.560130       2.550430       2.540990       2.545650       2.538230       2.536470       2.551920       2.579380       2.616910       2.650460       2.684760       2.719200       2.749280       2.781140       2.809930       2.835160       2.850200       2.852400       2.835350    
   2.773700       2.760930       2.744950       2.731640       2.713310       2.668380       2.647790       2.620590       2.596880       2.575390       2.557020       2.541880       2.529550       2.514870       2.520210       2.508260       2.498380       2.514980       2.547470       2.579580       2.612740       2.646480       2.680000       2.708500       2.737750       2.764450       2.782690       2.791490       2.784890       2.764780    
   2.739570       2.734820       2.725730       2.704630       2.659000       2.640760       2.623150       2.598340       2.576780       2.556400       2.537880       2.521490       2.507190       2.511920       2.496480       2.484040       2.479060       2.488970       2.512730       2.541660       2.573180       2.605890       2.638380       2.665430       2.694240       2.716010       2.730420       2.732120       2.725020       2.703130    
   2.716760       2.712180       2.702740       2.651540       2.631780       2.615020       2.596010       2.576060       2.555790       2.535960       2.517130       2.499610       2.483620       2.499170       2.471610       2.459180       2.449310       2.458350       2.477110       2.502880       2.533030       2.563710       2.595610       2.625510       2.649020       2.668760       2.677590       2.680220       2.671150       2.648810    
   2.715080       2.710560       2.673250       2.626550       2.612570       2.587020       2.573040       2.554130       2.534560       2.514880       2.495540       2.476860       2.503590       2.484640       2.437650       2.424690       2.418560       2.421310       2.434270       2.456290       2.484680       2.516210       2.547990       2.579060       2.601400       2.614680       2.625730       2.627310       2.617900       2.601950    
   2.713590       2.681360       2.626550       2.599040       2.590170       2.570500       2.556450       2.532910       2.513650       2.493860       2.492100       2.469710       2.494930       2.440180       2.408660       2.391240       2.379860       2.377540       2.387490       2.409450       2.439550       2.473090       2.505350       2.535720       2.561310       2.576090       2.586840       2.588210       2.579010       2.558440    
   2.683830       2.626550       2.592740       2.578520       2.566870       2.553790       2.536540       2.517850       2.522930       2.496980       2.473780       2.474600       2.445360       2.416420       2.379660       2.356250       2.337100       2.327570       2.334520       2.359160       2.394230       2.431540       2.467300       2.499210       2.525670       2.545310       2.552210       2.554160       2.545880       2.526690    
   2.626550       2.589720       2.572690       2.566870       2.551950       2.535200       2.550480       2.529810       2.507710       2.476010       2.452610       2.457830       2.426780       2.395170       2.363000       2.324010       2.295210       2.272450       2.276270       2.310870       2.353970       2.396040       2.422680       2.454180       2.480160       2.499620       2.507830       2.510980       2.504740       2.488430    
   2.588230       2.569780       2.566870       2.551340       2.535200       2.537070       2.525530       2.505880       2.484740       2.462220       2.483100       2.450600       2.417280       2.382960       2.347410       2.300940       2.265430       2.226900       2.222600       2.271720       2.316740       2.358380       2.395630       2.428010       2.454880       2.475450       2.488860       2.490390       2.486590       2.470290    
   2.568330       2.566870       2.551140       2.535200       2.532600       2.525530       2.515710       2.505380       2.489490       2.505120       2.473330       2.440680       2.407160       2.372680       2.337240       2.300730       2.255020       2.227770       2.227500       2.260040       2.299970       2.338170       2.373870       2.405620       2.432650       2.454160       2.469280       2.477080       2.473160       2.463740    
   2.566870       2.551070       2.535200       2.531110       2.525530       2.520620       2.515540       2.503920       2.505120       2.489220       2.456940       2.433960       2.401400       2.367890       2.328680       2.295680       2.260010       2.243630       2.244860       2.264950       2.295270       2.328650       2.361580       2.391290       2.418430       2.441180       2.458580       2.469600       2.473240       2.468630    
   2.551050       2.535200       2.530610       2.525530       2.523070       2.520560       2.511300       2.505120       2.497170       2.463140       2.432800       2.431630       2.399690       2.359870       2.328480       2.299490       2.269140       2.258070       2.259290       2.273150       2.296120       2.323890       2.353330       2.382410       2.408730       2.432920       2.453020       2.467880       2.476390       2.480340    
   2.535200       2.530450       2.525530       2.524300       2.523060       2.515010       2.505120       2.501150       2.465860       2.432210       2.431630       2.415660       2.387720       2.359690       2.330860       2.305120       2.284390       2.269400       2.270090       2.280230       2.298160       2.321430       2.347780       2.375420       2.402900       2.428960       2.451380       2.470780       2.487620       2.494760    
   2.530390       2.525530       2.524920       2.524300       2.516870       2.505120       2.503130       2.467130       2.431920       2.431630       2.423650       2.398670       2.359690       2.345270       2.331890       2.306790       2.286300       2.274630       2.278070       2.284690       2.299030       2.318890       2.342810       2.369430       2.397500       2.425800       2.451920       2.480040       2.499750       2.513690    
   2.525530       2.525220       2.524910       2.517800       2.505120       2.504130       2.467760       2.431780       2.431630       2.427640       2.403410       2.359690       2.352480       2.345620       2.327980       2.308330       2.289240       2.282050       2.285320       2.285950       2.297430       2.314600       2.336640       2.361700       2.390750       2.421790       2.455180       2.486270       2.514400       2.537500    
   2.525380       2.525220       2.518260       2.505120       2.504620       2.468070       2.431700       2.431630       2.429630       2.405590       2.359690       2.356090       2.352600       2.342030       2.327310       2.308520       2.290240       2.285630       2.285950       2.291710       2.291750       2.306510       2.326930       2.352620       2.382710       2.418260       2.455570       2.493660       2.530370       2.562770    
   2.525380       2.518500       2.505120       2.504870       2.468220       2.431670       2.431630       2.430630       2.406640       2.359690       2.357890       2.356120       2.350240       2.340650       2.325950       2.293290       2.285790       2.285950       2.278230       2.277730       2.287860       2.296100       2.314860       2.340040       2.371330       2.409790       2.452800       2.498750       2.545270       2.589090    
   2.518610       2.505120       2.505000       2.468300       2.431650       2.431630       2.431130       2.407150       2.359690       2.358790       2.357900       2.354750       2.349000       2.313870       2.281350       2.254070       2.254570       2.257470       2.260940       2.257520       2.263720       2.281240       2.294210       2.320080       2.354110       2.396090       2.445070       2.499370       2.556650       2.614130    
   2.505120       2.505060       2.468340       2.431640       2.431630       2.431380       2.407400       2.359690       2.359240       2.358790       2.357150       2.353880       2.299090       2.238820       2.238660       2.235500       2.221860       2.223190       2.239030       2.247550       2.251330       2.248120       2.271120       2.295480       2.330260       2.375580       2.430490       2.493110       2.561570       2.632050    
   2.505090       2.468360       2.431630       2.431630       2.431510       2.407520       2.359690       2.359460       2.359240       2.358390       2.337200       2.308080       2.262070       2.239020       2.238980       2.238660       2.226890       2.220530       2.223190       2.227850       2.227600       2.226250       2.233830       2.264050       2.298710       2.347060       2.407800       2.478640       2.555640       2.636230    
   2.468370       2.431630       2.431630       2.431570       2.407590       2.359690       2.359580       2.359470       2.359030       2.334200       2.308080       2.308080       2.308080       2.262360       2.239410       2.239300       2.238660       2.225190       2.217880       2.223190       2.209270       2.201270       2.202470       2.217010       2.258760       2.310060       2.377300       2.455450       2.539490       2.624560    
   2.431630       2.431630       2.431600       2.407620       2.359690       2.359630       2.359580       2.389620       2.367840       2.308170       2.308080       2.308080       2.308080       2.308080       2.262980       2.240260       2.239940       2.238660       2.221050       2.212560       2.191720       2.175260       2.167210       2.173970       2.202880       2.265160       2.340460       2.427330       2.517890       2.605590    
   2.431630       2.431610       2.407630       2.359690       2.359660       2.424140       2.520870       2.500640       2.480400       2.365760       2.308340       2.308080       2.308080       2.308080       2.308080       2.264290       2.242160       2.241230       2.238660       2.209770       2.181070       2.154120       2.132890       2.125160       2.148150       2.209100       2.302380       2.400410       2.498180       2.589210    
   2.431620       2.407640       2.359690       2.359680       2.437090       2.520930       2.520930       2.520870       2.500640       2.480400       2.366210       2.308860       2.308080       2.308080       2.308080       2.308080       2.266950       2.246600       2.243800       2.211230       2.177120       2.141040       2.105030       2.076520       2.084880       2.161450       2.269340       2.381550       2.488090       2.582360    
