iMOD/TUTORIALS/TUT_MetaswapAnalyser/model_MetaSWAP/meteo/Precipitation/Precipitation_20060602_L1.ASC
NCOLS                30
NROWS                30
XLLCORNER     160000.00
YLLCORNER     340000.00
CELLSIZE        1000.00
NODATA_VALUE   -9999.00
   0.000000       0.000000       0.000000       0.000000       0.000000       0.000000      0.1797000E-01  0.4513000E-01  0.8848000E-01  0.9485000E-01  0.5435000E-01  0.2433000E-01   0.000000       0.000000       0.000000       0.000000       0.000000       0.000000       0.000000       0.000000       0.000000       0.000000       0.000000       0.000000       0.000000       0.000000       0.000000       0.000000       0.000000       0.000000    
   0.000000       0.000000       0.000000       0.000000       0.000000       0.000000      0.2471000E-01  0.6228000E-01  0.1359900      0.1553200      0.7284000E-01  0.2981000E-01   0.000000       0.000000       0.000000       0.000000       0.000000       0.000000       0.000000       0.000000       0.000000       0.000000       0.000000       0.000000       0.000000       0.000000       0.000000       0.000000       0.000000       0.000000    
   0.000000       0.000000       0.000000       0.000000       0.000000       0.000000      0.2290000E-01  0.4953000E-01  0.8919000E-01  0.9485000E-01  0.5610000E-01  0.2501000E-01   0.000000       0.000000       0.000000       0.000000       0.000000       0.000000       0.000000       0.000000       0.000000       0.000000       0.000000       0.000000       0.000000       0.000000       0.000000       0.000000       0.000000       0.000000    
   0.000000       0.000000       0.000000       0.000000       0.000000       0.000000      0.1734000E-01  0.2759000E-01  0.4048000E-01  0.4334000E-01  0.2956000E-01  0.1619000E-01   0.000000       0.000000       0.000000       0.000000       0.000000       0.000000       0.000000       0.000000       0.000000       0.000000       0.000000       0.000000       0.000000       0.000000       0.000000       0.000000       0.000000       0.000000    
   0.000000       0.000000       0.000000       0.000000       0.000000       0.000000       0.000000      0.1630000E-01  0.1981000E-01  0.2025000E-01  0.1938000E-01  0.1498000E-01   0.000000       0.000000       0.000000      0.1665000E-01  0.1946000E-01  0.1877000E-01  0.1603000E-01   0.000000       0.000000       0.000000       0.000000       0.000000       0.000000       0.000000       0.000000       0.000000       0.000000       0.000000    
   0.000000       0.000000       0.000000       0.000000       0.000000       0.000000       0.000000       0.000000      0.1628000E-01  0.1532000E-01  0.1510000E-01  0.1510000E-01   0.000000       0.000000      0.1874000E-01  0.2714000E-01  0.3426000E-01  0.3189000E-01  0.2311000E-01  0.1621000E-01   0.000000       0.000000       0.000000       0.000000       0.000000       0.000000       0.000000       0.000000       0.000000       0.000000    
   0.000000       0.000000       0.000000       0.000000       0.000000       0.000000       0.000000      0.1610000E-01  0.1510000E-01  0.1510000E-01  0.1510000E-01  0.1510000E-01  0.1510000E-01  0.1565000E-01  0.2425000E-01  0.4196000E-01  0.6223000E-01  0.5448000E-01  0.3299000E-01  0.2027000E-01  0.1480000E-01   0.000000       0.000000       0.000000       0.000000       0.000000       0.000000       0.000000       0.000000       0.000000    
  0.1523000E-01  0.1523000E-01   0.000000       0.000000       0.000000      0.1735000E-01  0.1610000E-01  0.1510000E-01  0.1510000E-01  0.1510000E-01  0.1510000E-01  0.1510000E-01  0.1510000E-01  0.1694000E-01  0.2720000E-01  0.4929000E-01  0.8448000E-01  0.6720000E-01  0.3782000E-01  0.2146000E-01  0.1503000E-01   0.000000       0.000000       0.000000       0.000000       0.000000       0.000000       0.000000      0.1510000E-01  0.1510000E-01
  0.1669000E-01  0.1523000E-01  0.1523000E-01   0.000000      0.1735000E-01  0.1735000E-01  0.1610000E-01  0.1510000E-01  0.1510000E-01  0.1510000E-01  0.1510000E-01  0.1510000E-01  0.1510000E-01  0.1679000E-01  0.2334000E-01  0.3770000E-01  0.5187000E-01  0.4782000E-01  0.3061000E-01  0.1921000E-01   0.000000       0.000000       0.000000       0.000000       0.000000       0.000000       0.000000      0.1510000E-01  0.1510000E-01  0.1510000E-01
  0.1669000E-01  0.1523000E-01  0.1523000E-01  0.1896000E-01  0.1735000E-01  0.1735000E-01  0.1510000E-01  0.1510000E-01  0.1510000E-01  0.1510000E-01  0.1510000E-01  0.1510000E-01  0.1510000E-01  0.1638000E-01  0.1873000E-01  0.2387000E-01  0.2981000E-01  0.2822000E-01  0.2200000E-01  0.1680000E-01  0.1510000E-01   0.000000       0.000000       0.000000       0.000000       0.000000      0.1510000E-01  0.1510000E-01  0.1510000E-01  0.1510000E-01
  0.1620330E-01  0.1571670E-01  0.1709500E-01  0.1896000E-01  0.1896000E-01  0.1610000E-01  0.1510000E-01  0.1510000E-01  0.1510000E-01  0.1510000E-01  0.1510000E-01  0.1510000E-01  0.1610000E-01  0.1510000E-01  0.1542000E-01  0.1709000E-01  0.1755000E-01  0.1709000E-01  0.1538000E-01   0.000000       0.000000       0.000000       0.000000      0.1510000E-01  0.1610000E-01   0.000000       0.000000       0.000000       0.000000      0.1510000E-01
  0.1620330E-01  0.1699370E-01  0.1896000E-01  0.1855750E-01  0.1896000E-01  0.1735000E-01  0.1610000E-01  0.1510000E-01  0.1510000E-01  0.1510000E-01   0.000000       0.000000      0.1510000E-01  0.1610000E-01  0.1510000E-01  0.1505000E-01   0.000000       0.000000       0.000000       0.000000       0.000000       0.000000      0.1610000E-01  0.1610000E-01  0.1610000E-01  0.1510000E-01  0.1510000E-01  0.1510000E-01  0.1510000E-01  0.1510000E-01
  0.1717120E-01  0.1896000E-01  0.1825560E-01  0.1815500E-01  0.1735000E-01  0.1610000E-01  0.1610000E-01  0.1610000E-01  0.1510000E-01   0.000000       0.000000      0.1610000E-01  0.1610000E-01  0.1610000E-01  0.1510000E-01   0.000000       0.000000       0.000000       0.000000       0.000000       0.000000      0.1600000E-01  0.1610000E-01  0.1610000E-01  0.1610000E-01  0.1610000E-01  0.1510000E-01  0.1510000E-01  0.1510000E-01  0.1510000E-01
  0.1896000E-01  0.1807950E-01  0.1775250E-01  0.1735000E-01  0.1651670E-01  0.1610000E-01  0.1510000E-01  0.1510000E-01  0.1510000E-01  0.1610000E-01  0.1610000E-01  0.1610000E-01  0.1610000E-01  0.1610000E-01  0.1584000E-01   0.000000       0.000000       0.000000       0.000000       0.000000       0.000000      0.1552000E-01  0.1510000E-01  0.1510000E-01  0.1510000E-01  0.1510000E-01   0.000000       0.000000       0.000000       0.000000    
  0.1798520E-01  0.1755120E-01  0.1735000E-01  0.1665560E-01  0.1610000E-01  0.1618330E-01  0.1735000E-01  0.1735000E-01  0.1735000E-01  0.1735000E-01  0.1896000E-01  0.1896000E-01  0.1896000E-01  0.1896000E-01  0.1833000E-01   0.000000       0.000000       0.000000       0.000000       0.000000       0.000000       0.000000       0.000000       0.000000       0.000000       0.000000       0.000000       0.000000       0.000000       0.000000    
  0.1745060E-01  0.1735000E-01  0.1670190E-01  0.1610000E-01  0.1654440E-01  0.1735000E-01  0.1735000E-01  0.1735000E-01  0.1775250E-01  0.1896000E-01  0.1896000E-01  0.1896000E-01  0.1896000E-01  0.1896000E-01  0.1701000E-01   0.000000       0.000000       0.000000       0.000000       0.000000       0.000000       0.000000      0.1510000E-01  0.1510000E-01  0.1510000E-01  0.1510000E-01  0.1510000E-01  0.1510000E-01   0.000000       0.000000    
  0.1735000E-01  0.1671730E-01  0.1610000E-01  0.1666480E-01  0.1735000E-01  0.1735000E-01  0.1735000E-01  0.1785310E-01  0.1896000E-01  0.1896000E-01  0.1896000E-01  0.1896000E-01  0.1735000E-01  0.1735000E-01  0.1733000E-01  0.1608000E-01   0.000000       0.000000       0.000000       0.000000       0.000000      0.1596000E-01  0.1610000E-01  0.1510000E-01  0.1510000E-01  0.1510000E-01  0.1510000E-01  0.1510000E-01  0.1510000E-01  0.1510000E-01
  0.1672240E-01  0.1610000E-01  0.1670490E-01  0.1735000E-01  0.1735000E-01  0.1735000E-01  0.1787830E-01  0.1896000E-01  0.1896000E-01  0.1896000E-01  0.1896000E-01  0.1896000E-01  0.1896000E-01  0.1735000E-01  0.1735000E-01  0.1723000E-01  0.1521000E-01   0.000000       0.000000      0.1498000E-01  0.1586000E-01  0.1610000E-01  0.1610000E-01  0.1610000E-01  0.1510000E-01  0.1510000E-01  0.1510000E-01  0.1510000E-01  0.1510000E-01  0.1610000E-01
  0.1610000E-01  0.1671830E-01  0.1735000E-01  0.1735000E-01  0.1735000E-01  0.1788460E-01  0.1896000E-01  0.1896000E-01  0.1896000E-01  0.1896000E-01  0.1896000E-01  0.1896000E-01  0.1815500E-01  0.1735000E-01  0.1735000E-01  0.1735000E-01  0.1735000E-01  0.1603000E-01  0.1601000E-01  0.1610000E-01  0.1610000E-01  0.1610000E-01  0.1610000E-01  0.1610000E-01  0.1610000E-01  0.1610000E-01  0.1510000E-01  0.1510000E-01  0.1610000E-01  0.1735000E-01
  0.1672280E-01  0.1735000E-01  0.1735000E-01  0.1735000E-01  0.1788610E-01  0.1896000E-01  0.1896000E-01  0.1896000E-01  0.1896000E-01  0.1896000E-01  0.1896000E-01  0.1835620E-01  0.1735000E-01  0.1735000E-01  0.1735000E-01  0.1735000E-01  0.1691000E-01  0.1646330E-01  0.1606800E-01  0.1610000E-01  0.1610000E-01  0.1610000E-01  0.1610000E-01  0.1610000E-01  0.1610000E-01  0.1610000E-01  0.1735000E-01  0.1896000E-01  0.1735000E-01  0.1610000E-01
  0.1735000E-01  0.1735000E-01  0.1735000E-01  0.1788650E-01  0.1896000E-01  0.1896000E-01  0.1896000E-01  0.1896000E-01  0.1896000E-01  0.1896000E-01  0.1840660E-01  0.1735000E-01  0.1735000E-01  0.1735000E-01  0.1735000E-01  0.1720330E-01  0.1690780E-01  0.1632830E-01  0.1610000E-01  0.1610000E-01  0.1610000E-01  0.1610000E-01  0.1610000E-01  0.1735000E-01  0.1735000E-01  0.1735000E-01  0.1735000E-01  0.1735000E-01  0.1735000E-01  0.1735000E-01
  0.1735000E-01  0.1735000E-01  0.1788660E-01  0.1896000E-01  0.1896000E-01  0.1896000E-01  0.1896000E-01  0.1896000E-01  0.1896000E-01  0.1841910E-01  0.1735000E-01  0.1735000E-01  0.1735000E-01  0.1735000E-01  0.1730110E-01  0.1715370E-01  0.1652790E-01  0.1610000E-01  0.1610000E-01  0.1651670E-01  0.1735000E-01  0.1735000E-01  0.1735000E-01  0.1735000E-01  0.1610000E-01  0.1610000E-01  0.1610000E-01  0.1610000E-01  0.1610000E-01  0.1735000E-01
  0.1735000E-01  0.1788670E-01  0.1896000E-01  0.1896000E-01  0.1896000E-01  0.1896000E-01  0.1896000E-01  0.1896000E-01  0.1842230E-01  0.1735000E-01  0.1735000E-01  0.1735000E-01  0.1735000E-01  0.1733370E-01  0.1726830E-01  0.1663650E-01  0.1610000E-01  0.1610000E-01  0.1654790E-01  0.1735000E-01  0.1665000E-01  0.1610000E-01  0.1510000E-01  0.1510000E-01  0.1610000E-01  0.1510000E-01  0.1510000E-01  0.1510000E-01  0.1509000E-01   0.000000    
  0.1788670E-01  0.1896000E-01  0.1896000E-01  0.1896000E-01  0.1896000E-01  0.1896000E-01  0.1896000E-01  0.1842310E-01  0.1735000E-01  0.1735000E-01  0.1735000E-01  0.1735000E-01  0.1734460E-01  0.1776300E-01  0.1725770E-01  0.1610000E-01  0.1610000E-01  0.1628470E-01  0.1658610E-01  0.1622500E-01  0.1735000E-01  0.1510000E-01  0.1510000E-01  0.1510000E-01  0.1510000E-01  0.1510000E-01  0.1510000E-01  0.1510000E-01   0.000000       0.000000    
  0.1896000E-01  0.1896000E-01  0.1896000E-01  0.1896000E-01  0.1896000E-01  0.1896000E-01  0.1842330E-01  0.1735000E-01  0.1735000E-01  0.1735000E-01  0.1735000E-01  0.1734820E-01  0.1811580E-01  0.1910000E-01  0.1910000E-01  0.1710780E-01  0.1610000E-01  0.1610000E-01  0.1608960E-01  0.1618330E-01  0.1510000E-01  0.1610000E-01  0.1510000E-01  0.1510000E-01  0.1510000E-01  0.1510000E-01  0.1510000E-01  0.1508000E-01   0.000000       0.000000    
  0.1896000E-01  0.1896000E-01  0.1896000E-01  0.1896000E-01  0.1896000E-01  0.1842330E-01  0.1735000E-01  0.1735000E-01  0.1735000E-01  0.1735000E-01  0.1661360E-01  0.1551000E-01  0.1783810E-01  0.1902140E-01  0.1910000E-01  0.1910000E-01  0.1713130E-01  0.1610000E-01  0.1610000E-01  0.1585000E-01  0.1610000E-01  0.1610000E-01  0.1610000E-01  0.1510000E-01  0.1510000E-01  0.1510000E-01  0.1510000E-01   0.000000       0.000000       0.000000    
  0.1896000E-01  0.1896000E-01  0.1896000E-01  0.1896000E-01  0.1842330E-01  0.1735000E-01  0.1735000E-01  0.1735000E-01  0.1735000E-01  0.1646670E-01  0.1551000E-01  0.1551000E-01  0.1551000E-01  0.1772120E-01  0.1886420E-01  0.1910000E-01  0.1910000E-01  0.1722500E-01  0.1610000E-01  0.1610000E-01  0.1610000E-01  0.1610000E-01  0.1610000E-01  0.1610000E-01  0.1513000E-01  0.1510000E-01   0.000000       0.000000       0.000000       0.000000    
  0.1896000E-01  0.1896000E-01  0.1896000E-01  0.1842330E-01  0.1735000E-01  0.1735000E-01  0.1735000E-01  0.1778750E-01  0.1708210E-01  0.1551250E-01  0.1551000E-01  0.1551000E-01  0.1551000E-01  0.1551000E-01  0.1741040E-01  0.1839260E-01  0.1910000E-01  0.1910000E-01  0.1760000E-01  0.1610000E-01  0.1610000E-01  0.1610000E-01  0.1703000E-01  0.1902000E-01  0.1501000E-01   0.000000       0.000000       0.000000       0.000000       0.000000    
  0.1896000E-01  0.1896000E-01  0.1842330E-01  0.1735000E-01  0.1735000E-01  0.1735000E-01  0.1735000E-01  0.1822490E-01  0.1910000E-01  0.1671330E-01  0.1551740E-01  0.1551000E-01  0.1551000E-01  0.1551000E-01  0.1551000E-01  0.1663900E-01  0.1697780E-01  0.1910000E-01  0.1910000E-01  0.1910000E-01  0.1910000E-01  0.2033000E-01  0.2013000E-01  0.2290000E-01  0.2601000E-01  0.2224000E-01  0.1553000E-01   0.000000       0.000000       0.000000    
  0.1896000E-01  0.1842330E-01  0.1735000E-01  0.1735000E-01  0.1735000E-01  0.1735000E-01  0.1735000E-01  0.1735000E-01  0.1822470E-01  0.1910000E-01  0.1672590E-01  0.1553220E-01  0.1551000E-01  0.1551000E-01  0.1551000E-01  0.1551000E-01  0.1496830E-01  0.1273330E-01  0.1910000E-01  0.1910000E-01   0.000000      0.1799000E-01  0.2800000E-01  0.4434000E-01  0.5426000E-01  0.4242000E-01  0.2651000E-01   0.000000       0.000000       0.000000    
