iMOD/TUTORIALS/TUT_MetaswapAnalyser/model_MetaSWAP/meteo/Precipitation/Precipitation_20050416_L1.ASC
NCOLS                30
NROWS                30
XLLCORNER     160000.00
YLLCORNER     340000.00
CELLSIZE        1000.00
NODATA_VALUE   -9999.00
   1.680820       1.684230       1.689280       1.700110       1.716900       1.789160       1.903500       2.036010       2.150650       2.171650       2.079690       1.955300       1.827600       1.695100       1.567190       1.431990       1.327430       1.214760       1.100830      0.9917800      0.8880500      0.7884300      0.6961100      0.6019400      0.5228300      0.4496500      0.3826700      0.3226000      0.2709000      0.2305000    
   1.722100       1.735040       1.759960       1.787590       1.821200       1.902840       2.015450       2.152110       2.304190       2.336760       2.184310       2.039850       1.899480       1.752190       1.617630       1.502420       1.373450       1.239780       1.123220       1.005660      0.8938900      0.7872600      0.6887700      0.5899200      0.5063600      0.4292300      0.3583800      0.2940000      0.2350700      0.1902700    
   1.765660       1.785050       1.811960       1.830590       1.895080       1.974860       2.075020       2.187540       2.288890       2.298300       2.201590       2.070910       1.930920       1.793650       1.656260       1.534390       1.401780       1.269780       1.139940       1.014430      0.9013400      0.7883900      0.6761300      0.5813400      0.4939900      0.4135900      0.3368100      0.2695000      0.2082400      0.1539700    
   1.798870       1.822210       1.852980       1.875430       1.933160       2.003930       2.084130       2.164630       2.221630       2.226480       2.160580       2.055960       1.937120       1.809190       1.680550       1.558490       1.426210       1.290830       1.155140       1.023000      0.8976300      0.7770600      0.6692400      0.5674600      0.4786400      0.3975200      0.3233500      0.2554300      0.1934100      0.1368700    
   1.820200       1.844820       1.856970       1.898550       1.948360       2.004890       2.063190       2.134430       2.159060       2.146820       2.107260       2.021250       1.916120       1.802040       1.686620       1.568590       1.437320       1.299900       1.158410       1.020020      0.8781800      0.7589700      0.6508600      0.5568600      0.4677700      0.3872200      0.3145000      0.2496500      0.1922600      0.1459700    
   1.829420       1.838270       1.867980       1.902990       1.942550       1.984270       2.048050       2.077790       2.123920       2.094530       2.041900       1.966700       1.875650       1.777200       1.669390       1.562930       1.443170       1.304360       1.155760       1.011340      0.8675800      0.7466500      0.6382600      0.5409700      0.4539000      0.3783300      0.3087200      0.2481000      0.1964900      0.1565300    
   1.829630       1.841430       1.865450       1.892450       1.958200       1.981260       1.999810       2.071160       2.053540       2.021980       1.970430       1.901670       1.820480       1.730800       1.631710       1.542070       1.440420       1.297620       1.138090      0.9811000      0.8466100      0.7269300      0.6206000      0.5263200      0.4423800      0.3680200      0.3031500      0.2467200      0.2004700      0.1637900    
   1.764770       1.899580       1.900260       1.914140       1.927640       1.982190       2.024930       2.008460       1.985640       1.947610       1.894140       1.827100       1.749820       1.665390       1.567000       1.487340       1.407570       1.258760       1.090910      0.9437800      0.8138800      0.6993000      0.5980800      0.5086700      0.4293000      0.3597400      0.2983300      0.2456000      0.2014500      0.1668000    
   1.812640       1.885810       1.891470       1.884820       1.944900       1.940680       1.977160       1.948840       1.916720       1.871940       1.814440       1.745520       1.667450       1.557750       1.477750       1.392210       1.293480       1.164940       1.022530      0.8890800      0.7698400      0.6643600      0.5710000      0.4883200      0.4152700      0.3499400      0.2925900      0.2426900      0.2011900      0.1675000    
   1.794320       1.865110       1.864300       1.930620       1.909410       1.895610       1.918730       1.888430       1.847890       1.796220       1.733370       1.660160       1.578070       1.460760       1.373790       1.280160       1.179510       1.059940      0.9370700      0.8209800      0.7161100      0.6238900      0.5406000      0.4659500      0.3996400      0.3395200      0.2856800      0.2391100      0.1992200      0.1659700    
   1.818310       1.841240       1.890270       1.901060       1.883510       1.859000       1.867290       1.828720       1.780600       1.722230       1.653480       1.574820       1.444870       1.383780       1.297300       1.185850       1.070200      0.9536700      0.8422000      0.7406600      0.6503000      0.5698800      0.4976000      0.4325000      0.3720600      0.3200200      0.2714900      0.2284000      0.1908000      0.1631600    
   1.818360       1.862720       1.901060       1.861870       1.844990       1.825070       1.827840       1.771210       1.716430       1.651930       1.619540       1.528370       1.389650       1.313990       1.199180       1.081500      0.9631100      0.8506000      0.7506600      0.6656200      0.5924500      0.5270800      0.4664800      0.4102800      0.3577400      0.3095100      0.2644900      0.2235700      0.1869300      0.1547100    
   1.846430       1.901060       1.853080       1.831460       1.817930       1.824930       1.780380       1.727820       1.728970       1.642390       1.555450       1.449500       1.345360       1.232780       1.111480      0.9875500      0.8639500      0.7505900      0.6598900      0.5927000      0.5381900      0.4882600      0.4398700      0.3924600      0.3463300      0.3019900      0.2605900      0.2213200      0.1851900      0.1524500    
   1.901060       1.849190       1.824690       1.817930       1.809600       1.785950       1.821490       1.756570       1.682920       1.578170       1.489280       1.389980       1.282030       1.165570       1.041510      0.9104200      0.7785800      0.6560400      0.5714000      0.5284000      0.4941600      0.4584100      0.4278000      0.3885000      0.3479800      0.3072300      0.2674700      0.2286800      0.1918200      0.1573000    
   1.847370       1.821310       1.817930       1.804490       1.785950       1.787240       1.754280       1.689090       1.615560       1.533300       1.449810       1.347930       1.237570       1.119170      0.9934900      0.8573300      0.7229700      0.5852300      0.4988200      0.4908500      0.4725200      0.4471100      0.4164400      0.3820600      0.3453200      0.3073700      0.2691500      0.2317500      0.1951300      0.1608300    
   1.819620       1.817930       1.802790       1.785950       1.775820       1.754280       1.721680       1.686310       1.587040       1.510210       1.415970       1.313900       1.204340       1.087960      0.9569700      0.8325900      0.7206600      0.6009700      0.5243400      0.4948600      0.4734900      0.4483100      0.4196800      0.3874900      0.3526600      0.3161400      0.2787700      0.2413200      0.2046700      0.1688900    
   1.817930       1.802220       1.785950       1.772020       1.754280       1.737980       1.720760       1.626310       1.510210       1.463090       1.359580       1.292650       1.172180       1.061230      0.9820200      0.8612700      0.7420800      0.6424600      0.5703600      0.5253700      0.4933900      0.4642200      0.4339100      0.4003400      0.3657200      0.3295500      0.2924300      0.2550100      0.2179100      0.1804800    
   1.802030       1.785950       1.770750       1.754280       1.746130       1.737670       1.648820       1.510210       1.486650       1.375400       1.278910       1.265180       1.163270       1.108150      0.9955400      0.8854200      0.7772000      0.6884800      0.6183800      0.5662000      0.5257100      0.4904700      0.4565400      0.4221000      0.3854700      0.3488200      0.3114200      0.2737600      0.2364000      0.1985500    
   1.785950       1.770330       1.754280       1.750210       1.746030       1.660710       1.510210       1.498430       1.381900       1.272050       1.265180       1.214230       1.165440       1.125160       1.020410      0.9193300      0.8257000      0.7362000      0.6673300      0.6113500      0.5650600      0.5245200      0.4866600      0.4495900      0.4123700      0.3747000      0.3356600      0.2975600      0.2582400      0.2201700    
   1.770190       1.754280       1.752240       1.750170       1.666790       1.510210       1.504320       1.384870       1.268610       1.265180       1.239700       1.192500       1.125160       1.072780       1.021630      0.9218130      0.8270770      0.7430770      0.6763400      0.6588700      0.6086400      0.5639200      0.5224900      0.4827100      0.4435900      0.4046500      0.3632100      0.3215900      0.2756800      0.2416300    
   1.754280       1.753260       1.752230       1.669850       1.510210       1.507270       1.386290       1.266900       1.265180       1.252440       1.205640       1.125160       1.098970       1.073190       1.005410      0.9235080      0.8306560      0.7275710      0.6834100      0.7079500      0.6549800      0.6070600      0.5626100      0.5165800      0.4760700      0.4362300      0.3820000      0.3443600      0.3078800      0.2730100    
   1.753770       1.753260       1.671390       1.510210       1.508740       1.387000       1.266040       1.265180       1.258810       1.212100       1.125160       1.112070       1.099110       1.059190       1.000700      0.9198580      0.7770730      0.6956800      0.7079500      0.6865500      0.6967200      0.6473600      0.6012800      0.5575400      0.5012300      0.4578300      0.4186100      0.3805500      0.3437500      0.3088000    
   1.753770       1.672160       1.510210       1.509470       1.387350       1.265610       1.265180       1.262000       1.215310       1.125160       1.118610       1.112110       1.090120       1.053000      0.9932510      0.8511770      0.7018150      0.7079500      0.7416090      0.7521600      0.7139940      0.6948900      0.6287800      0.5842300      0.5404200      0.4990900      0.4592800      0.4208200      0.3836500      0.3479300    
   1.672540       1.510210       1.509840       1.387520       1.265390       1.265180       1.263590       1.216910       1.125160       1.121890       1.118630       1.106950       1.085080       1.074090      0.9894870      0.8566590      0.8564350      0.8312180      0.8051390      0.8197750      0.8076000      0.7234000      0.6766400      0.6293400      0.5847900      0.5425600      0.5022600      0.4635700      0.4262100      0.3940700    
   1.510210       1.510030       1.387610       1.265290       1.265180       1.264380       1.217710       1.125160       1.123520       1.121890       1.115820       1.103550       1.118260       1.161760       1.159990       1.022840       1.011730       1.004920      0.8964740      0.8434830      0.8319500      0.7836900      0.7247800      0.6761000      0.6304400      0.5874800      0.5468000      0.5079900      0.4745000      0.4374600    
   1.510120       1.387650       1.265230       1.265180       1.264780       1.218110       1.125160       1.124340       1.123520       1.120410       1.205380       1.342830       1.223460       1.163400       1.163530       1.159990       1.063230       1.018530       1.004920      0.9177180      0.8909000      0.8337100      0.7798800      0.7234600      0.6766100      0.6328600      0.5918000      0.5564800      0.5188000      0.4819500    
   1.387670       1.265210       1.265180       1.264980       1.218310       1.125160       1.124750       1.124340       1.122760       1.227000       1.342830       1.342830       1.342830       1.225860       1.166680       1.167080       1.159990       1.069460       1.032150       1.004920      0.9431000      0.8841700      0.8283600      0.7759700      0.7224700      0.6777800      0.6390800      0.6001600      0.5625300      0.5258500    
   1.265190       1.265180       1.265080       1.218410       1.125160       1.124960       1.124750       1.271140       1.332740       1.343010       1.342830       1.342830       1.342830       1.342830       1.230380       1.172980       1.174170       1.159990       1.080800       1.059370      0.9960900      0.9351000      0.8767900      0.8218800      0.7712500      0.7230100      0.6818000      0.6425700      0.6046600      0.5678300    
   1.265180       1.265130       1.218460       1.125160       1.125060       1.359910       1.712270       1.712500       1.712720       1.466620       1.343380       1.342830       1.342830       1.342830       1.342830       1.238630       1.184790       1.188340       1.159990       1.098900       1.038380      0.9786100      0.9132600      0.8637800      0.8131500      0.7674500      0.7231700      0.6833600      0.6448000      0.6074300    
   1.265160       1.218480       1.125160       1.125110       1.407040       1.712400       1.712400       1.712270       1.712500       1.712720       1.467570       1.344470       1.342830       1.342830       1.342830       1.342830       1.252760       1.206020       1.216700       1.155400       1.075600       1.019860      0.9629200      0.9058800      0.8528700      0.8081600      0.7671000      0.7234200      0.6829900      0.6446000    
