iMOD/TUTORIALS/TUT_MetaswapAnalyser/model_MetaSWAP/meteo/Precipitation/Precipitation_20050702_L1.ASC
NCOLS                30
NROWS                30
XLLCORNER     160000.00
YLLCORNER     340000.00
CELLSIZE        1000.00
NODATA_VALUE   -9999.00
  0.4596200      0.4815100      0.5054100      0.5371900      0.5871200      0.7001800      0.8899900       1.135940       1.395230       1.550890       1.557390       1.518400       1.471660       1.422410       1.374120       1.326340       1.269010       1.221660       1.179160       1.138010       1.098310       1.056450       1.019310      0.9837800      0.9493000      0.9161200      0.8843400      0.8543500      0.8271800      0.8052800    
  0.4969100      0.5294500      0.5668000      0.6213900      0.6950300      0.8268700       1.019770       1.274480       1.586050       1.761430       1.675240       1.600760       1.533800       1.471960       1.414930       1.350430       1.298900       1.249700       1.198100       1.151650       1.107150       1.061370       1.020430      0.9814300      0.9436600      0.9071400      0.8716600      0.8372700      0.8039300      0.7764700    
  0.5357000      0.5778400      0.6301800      0.6833800      0.7793100      0.9157100       1.097700       1.321930       1.557330       1.688310       1.669730       1.614160       1.551880       1.491430       1.433630       1.370470       1.315510       1.262050       1.210110       1.160030       1.108070       1.059250       1.015780      0.9740500      0.9340100      0.8952100      0.8562900      0.8187300      0.7817200      0.7453800    
  0.5745700      0.6236200      0.6838900      0.7386500      0.8392800      0.9685200       1.127060       1.302810       1.468170       1.566840       1.591920       1.572650       1.529970       1.480540       1.429090       1.372570       1.317630       1.262580       1.208070       1.155120       1.104570       1.053510       1.005110      0.9610600      0.9200300      0.8803900      0.8415400      0.8028900      0.7642900      0.7249300    
  0.6111100      0.6640100      0.6987100      0.7771700      0.8735600      0.9895100       1.122170       1.245440       1.371180       1.458920       1.500720       1.499380       1.479510       1.444800       1.403830       1.358040       1.306050       1.251300       1.195340       1.140550       1.089200       1.040350      0.9905800      0.9445100      0.9037000      0.8645300      0.8264900      0.7897400      0.7536000      0.7212400    
  0.6439300      0.6620100      0.7256700      0.8009400      0.8892400      0.9900800       1.080420       1.189760       1.292630       1.365290       1.406470       1.419140       1.413880       1.390620       1.369410       1.328570       1.282250       1.228870       1.171760       1.115920       1.064250       1.015890      0.9673100      0.9253600      0.8858200      0.8463800      0.8104800      0.7765300      0.7443700      0.7166500    
  0.6246700      0.6824200      0.7432900      0.8129800      0.8673700      0.9541500       1.045110       1.138270       1.216850       1.277250       1.315900       1.333480       1.333960       1.324930       1.316590       1.284800       1.247490       1.194990       1.135900       1.080700       1.029920      0.9837800      0.9416000      0.8986400      0.8618500      0.8269700      0.7943100      0.7627300      0.7331000      0.7080800    
  0.6411900      0.6610800      0.7246400      0.7877000      0.8568800      0.9363700       1.010750       1.083050       1.146150       1.195970       1.229840       1.247740       1.251790       1.246270       1.251710       1.224450       1.195470       1.143100       1.085270       1.032910      0.9861300      0.9442400      0.9063100      0.8674900      0.8345500      0.8039600      0.7740600      0.7457700      0.7182500      0.6957800    
  0.6169400      0.6654400      0.7170200      0.7807700      0.8473300      0.9094100      0.9705800       1.029390       1.080190       1.120530       1.148520       1.163850       1.167670       1.195630       1.173860       1.145360       1.111240       1.066890       1.018830      0.9738300      0.9336900      0.8980800      0.8660200      0.8325800      0.8050800      0.7779800      0.7518200      0.7248900      0.7017700      0.6804800    
  0.6211300      0.6658400      0.7121200      0.7707200      0.8284600      0.8805500      0.9314100      0.9783500       1.018830       1.050610       1.072260       1.083330       1.084370       1.113760       1.088300       1.058300       1.021320      0.9818900      0.9420500      0.9055400      0.8736800      0.8468000      0.8220000      0.7988600      0.7729200      0.7504800      0.7262300      0.7045800      0.6833800      0.6629800    
  0.6229070      0.6663630      0.7264900      0.7572800      0.8013600      0.8523900      0.8928600      0.9304500      0.9621300      0.9862200       1.001550       1.007580       1.057290       1.043170       1.008610      0.9719000      0.9331600      0.8940400      0.8591200      0.8304700      0.8076900      0.7888900      0.7721100      0.7564200      0.7377900      0.7181200      0.7000600      0.6812800      0.6619900      0.6443600    
  0.6240570      0.6932600      0.7572800      0.7746950      0.7798000      0.8175000      0.8503000      0.8860700      0.9102600      0.9275700      0.9579000      0.9561700      0.9997400      0.9650400      0.9282400      0.8863000      0.8431200      0.8038100      0.7734200      0.7539900      0.7423000      0.7340800      0.7251800      0.7164200      0.7059900      0.6898800      0.6753400      0.6590700      0.6413000      0.6223000    
  0.6647070      0.7572800      0.7655960      0.7700700      0.7603400      0.7886000      0.8160300      0.8395700      0.8866700      0.9004000      0.9021600      0.9600900      0.9324400      0.8970300      0.8548800      0.8066000      0.7564600      0.7124500      0.6852000      0.6768700      0.6783900      0.6815900      0.6829600      0.6813400      0.6765100      0.6685500      0.6537600      0.6398800      0.6235600      0.6050400    
  0.7572800      0.7621050      0.7652050      0.7603400      0.7705870      0.7628200      0.8192300      0.8358000      0.8471200      0.8463600      0.8449500      0.9091200      0.8779400      0.8388700      0.7919600      0.7381100      0.6796500      0.6225000      0.5959700      0.6058000      0.6232200      0.6374300      0.6444800      0.6484700      0.6480200      0.6435700      0.6323000      0.6206000      0.6058200      0.5880900    
  0.7606240      0.7627720      0.7603400      0.7645820      0.7628200      0.7923270      0.7949300      0.8069400      0.8140100      0.8152500      0.8985300      0.8718300      0.8378800      0.7963300      0.7469300      0.6899200      0.6244300      0.5512300      0.5185900      0.5552800      0.5825900      0.6027800      0.6163400      0.6241400      0.6269000      0.6251900      0.6194400      0.6068800      0.5936300      0.5767600    
  0.7615560      0.7603400      0.7625810      0.7628200      0.7833590      0.7949300      0.8009350      0.8052930      0.8310970      0.8881900      0.8664400      0.8385600      0.8042000      0.7631600      0.7166200      0.6623000      0.6037300      0.5480200      0.5248700      0.5416000      0.5648800      0.5836100      0.5977700      0.6068400      0.6111600      0.6111400      0.6071100      0.5993200      0.5850600      0.5700000    
  0.7603400      0.7619140      0.7628200      0.7803700      0.7949300      0.7979330      0.8003860      0.8313790      0.8881900      0.8773150      0.8410520      0.8133100      0.7821500      0.7429800      0.6997100      0.6522800      0.6052800      0.5666200      0.5477300      0.5501500      0.5628400      0.5770400      0.5890400      0.5963300      0.6008100      0.6015700      0.5987200      0.5924200      0.5827500      0.5656500    
  0.7616910      0.7628200      0.7793730      0.7949300      0.7964310      0.7977500      0.8294720      0.8881900      0.8827520      0.8422700      0.8060350      0.7987600      0.7667500      0.7310600      0.6920700      0.6522400      0.6149900      0.5854600      0.5685100      0.5645900      0.5693100      0.5774800      0.5857100      0.5922000      0.5949900      0.5958300      0.5937500      0.5887400      0.5808900      0.5688600    
  0.7628200      0.7790410      0.7949300      0.7956810      0.7963700      0.8279610      0.8881900      0.8854710      0.8428740      0.8023970      0.7987600      0.7827550      0.7552970      0.7246200      0.6906900      0.6571700      0.6266900      0.6023300      0.5864900      0.5793600      0.5788900      0.5821500      0.5866600      0.5907500      0.5934200      0.5941600      0.5915100      0.5876400      0.5803700      0.5718500    
  0.7789300      0.7949300      0.7953050      0.7956600      0.8270500      0.8881900      0.8868310      0.8431750      0.8005790      0.7987600      0.7907580      0.7653580      0.7246200      0.7076550      0.6908270      0.6581830      0.6287300      0.6051700      0.5930740      0.5928000      0.5889200      0.5884900      0.5898400      0.5916500      0.5929900      0.5932500      0.5917900      0.5876300      0.5853100      0.5787600    
  0.7949300      0.7951180      0.7952990      0.8265510      0.8881900      0.8875100      0.8433250      0.7996690      0.7987600      0.7947590      0.7698740      0.7246200      0.7161370      0.7077010      0.6855550      0.6592470      0.6306940      0.6059920      0.5985950      0.6043900      0.5981300      0.5949400      0.5937600      0.5935600      0.5936200      0.5933700      0.5944700      0.5920800      0.5887900      0.5847400    
  0.7950240      0.7951150      0.8262890      0.8881900      0.8878500      0.8434000      0.7992150      0.7987600      0.7967590      0.7720030      0.7246200      0.7203790      0.7161530      0.7031310      0.6841670      0.6584990      0.6203630      0.6014930      0.6043900      0.6029200      0.6062400      0.6007900      0.5974600      0.5956200      0.5961100      0.5962800      0.5950700      0.5935500      0.5915300      0.5897900    
  0.7950230      0.8261550      0.8881900      0.8880200      0.8434370      0.7989870      0.7987600      0.7977600      0.7730360      0.7246200      0.7224990      0.7203840      0.7132210      0.7011500      0.6819320      0.6390100      0.6029410      0.6043900      0.6079710      0.6098550      0.6057360      0.6026300      0.5988300      0.5963700      0.5987000      0.5971000      0.5963000      0.5956200      0.5946400      0.5933400    
  0.8260860      0.8881900      0.8881050      0.8434560      0.7988740      0.7987600      0.7982600      0.7735440      0.7246200      0.7235600      0.7225010      0.7187010      0.7115850      0.6913260      0.6621160      0.6287550      0.6290800      0.6223750      0.6150460      0.6147200      0.6134700      0.6055500      0.6073900      0.6016300      0.5983000      0.5969600      0.5969200      0.5973500      0.5975000      0.5986600    
  0.8881900      0.8881470      0.8434660      0.7988170      0.7987600      0.7985100      0.7737960      0.7246200      0.7240900      0.7235600      0.7215870      0.7175960      0.6920850      0.6692930      0.6690000      0.6528500      0.6542430      0.6537700      0.6306980      0.6205630      0.6159700      0.6171600      0.6068100      0.5997700      0.5960400      0.5952400      0.5965200      0.5987100      0.6018800      0.6022100    
  0.8881690      0.8434700      0.7987880      0.7987600      0.7986350      0.7739210      0.7246200      0.7243550      0.7240900      0.7230790      0.7128170      0.7006700      0.6799360      0.6695180      0.6695870      0.6690000      0.6590780      0.6547150      0.6537700      0.6337380      0.6322500      0.6164500      0.6038000      0.5952300      0.5911700      0.5914200      0.5948800      0.6005500      0.6054300      0.6082000    
  0.8434730      0.7987740      0.7987600      0.7986970      0.7739840      0.7246200      0.7244870      0.7243550      0.7238410      0.7122650      0.7006700      0.7006700      0.7006700      0.6802600      0.6699680      0.6701740      0.6690000      0.6588250      0.6556600      0.6537700      0.6329600      0.6140600      0.5983600      0.5875300      0.5830800      0.5850200      0.5917300      0.6013000      0.6104700      0.6176300    
  0.7987670      0.7987600      0.7987290      0.7740150      0.7246200      0.7245540      0.7244870      0.7434760      0.7327940      0.7007300      0.7006700      0.7006700      0.7006700      0.7006700      0.6808170      0.6707300      0.6713470      0.6690000      0.6568700      0.6575500      0.6336900      0.6108700      0.5908300      0.5764600      0.5690000      0.5747700      0.5873000      0.6024600      0.6170400      0.6294300    
  0.7987600      0.7987440      0.7740310      0.7246200      0.7245870      0.7509740      0.7906000      0.7959100      0.8012200      0.7343500      0.7008500      0.7006700      0.7006700      0.7006700      0.7006700      0.6816950      0.6718430      0.6736950      0.6690000      0.6471600      0.6239400      0.5998400      0.5706100      0.5586300      0.5527600      0.5628300      0.5828900      0.6052300      0.6257300      0.6430400    
  0.7987520      0.7740390      0.7246200      0.7246030      0.7562840      0.7906100      0.7906100      0.7906000      0.7959100      0.8012200      0.7346600      0.7012120      0.7006700      0.7006700      0.7006700      0.7006700      0.6829180      0.6728330      0.6783900      0.6557300      0.6182100      0.5938200      0.5668500      0.5407900      0.5303100      0.5507100      0.5828800      0.6123200      0.6381400      0.6592500    
