iMOD/TUTORIALS/TUT_MetaswapAnalyser/model_MetaSWAP/meteo/Precipitation/Precipitation_20050901_L1.ASC
NCOLS                30
NROWS                30
XLLCORNER     160000.00
YLLCORNER     340000.00
CELLSIZE        1000.00
NODATA_VALUE   -9999.00
   0.000000       0.000000       0.000000       0.000000       0.000000       0.000000       0.000000       0.000000       0.000000       0.000000       0.000000       0.000000       0.000000       0.000000       0.000000      0.1389400      0.1515600      0.1597000      0.1617600      0.1582000      0.1499600      0.1382900       0.000000       0.000000       0.000000       0.000000       0.000000       0.000000       0.000000       0.000000    
   0.000000       0.000000       0.000000       0.000000       0.000000       0.000000       0.000000       0.000000       0.000000       0.000000       0.000000       0.000000       0.000000       0.000000       0.000000      0.1410300      0.1559100      0.1648400      0.1671100      0.1633400      0.1545500      0.1420700       0.000000       0.000000       0.000000       0.000000       0.000000       0.000000       0.000000       0.000000    
   0.000000       0.000000       0.000000       0.000000       0.000000       0.000000       0.000000       0.000000       0.000000       0.000000       0.000000       0.000000       0.000000       0.000000       0.000000      0.1495500      0.1652300      0.1741400      0.1759400      0.1712500      0.1613200      0.1475500      0.1312600       0.000000       0.000000       0.000000       0.000000       0.000000       0.000000       0.000000    
   0.000000       0.000000       0.000000       0.000000       0.000000       0.000000       0.000000       0.000000       0.000000       0.000000       0.000000       0.000000       0.000000       0.000000      0.1411100      0.1633100      0.1796700      0.1883500      0.1889500      0.1824700      0.1705700      0.1551700      0.1371200       0.000000       0.000000       0.000000       0.000000       0.000000       0.000000       0.000000    
   0.000000       0.000000       0.000000       0.000000       0.000000       0.000000       0.000000       0.000000       0.000000       0.000000       0.000000       0.000000       0.000000      0.1311800      0.1582700      0.1827300      0.1999200      0.2078300      0.2060500      0.1966200      0.1824000      0.1643000      0.1444100       0.000000       0.000000       0.000000       0.000000       0.000000       0.000000       0.000000    
   0.000000       0.000000       0.000000       0.000000       0.000000       0.000000       0.000000       0.000000       0.000000       0.000000       0.000000       0.000000       0.000000      0.1503800      0.1809800      0.2075600      0.2270600      0.2335400      0.2274800      0.2136300      0.1957800      0.1749600      0.1530700      0.1309500       0.000000       0.000000       0.000000       0.000000       0.000000       0.000000    
   0.000000       0.000000       0.000000       0.000000       0.000000       0.000000       0.000000       0.000000       0.000000       0.000000       0.000000       0.000000      0.1425000      0.1708900      0.2048100      0.2358300      0.2612800      0.2644400      0.2506800      0.2317500      0.2096300      0.1861100      0.1622200      0.1388700       0.000000       0.000000       0.000000       0.000000       0.000000       0.000000    
   0.000000       0.000000       0.000000       0.000000       0.000000       0.000000       0.000000       0.000000       0.000000       0.000000       0.000000      0.1362200      0.1611700      0.1902300      0.2263300      0.2597500      0.2930000      0.2902300      0.2701800      0.2471600      0.2223300      0.1967000      0.1712200      0.1467900       0.000000       0.000000       0.000000       0.000000       0.000000       0.000000    
   0.000000       0.000000       0.000000       0.000000       0.000000       0.000000       0.000000       0.000000       0.000000       0.000000      0.1322000      0.1526700      0.1775500      0.2123500      0.2419500      0.2716700      0.2939700      0.2955900      0.2805900      0.2581900      0.2325700      0.2057800      0.1792300      0.1540000      0.1310600       0.000000       0.000000       0.000000       0.000000       0.000000    
   0.000000       0.000000       0.000000       0.000000       0.000000       0.000000       0.000000       0.000000       0.000000       0.000000      0.1461800      0.1665500      0.1907800      0.2259700      0.2524000      0.2769800      0.2923900      0.2959400      0.2852800      0.2651300      0.2399300      0.2127600      0.1856200      0.1598100      0.1366100       0.000000       0.000000       0.000000       0.000000       0.000000    
   0.000000       0.000000       0.000000       0.000000       0.000000       0.000000       0.000000       0.000000       0.000000      0.1413200      0.1576300      0.1774900      0.2114500      0.2331300      0.2536200      0.2764500      0.2919600      0.2962200      0.2879700      0.2695800      0.2449700      0.2176900      0.1902500      0.1645600      0.1404900       0.000000       0.000000       0.000000       0.000000       0.000000    
   0.000000       0.000000       0.000000       0.000000       0.000000       0.000000       0.000000       0.000000      0.1376300      0.1505000      0.1643500      0.1834400      0.2163000      0.2331600      0.2561900      0.2772000      0.2921000      0.2970500      0.2899600      0.2720500      0.2473000      0.2197600      0.1923700      0.1663300      0.1426700       0.000000       0.000000       0.000000       0.000000       0.000000    
   0.000000       0.000000       0.000000       0.000000       0.000000       0.000000      0.1305400      0.1383600      0.1452500      0.1548700      0.1700700      0.1938700      0.2133800      0.2345600      0.2558000      0.2758800      0.2914000      0.2981100      0.2917600      0.2727100      0.2471600      0.2191100      0.1916000      0.1659500      0.1427800       0.000000       0.000000       0.000000       0.000000       0.000000    
   0.000000       0.000000       0.000000       0.000000      0.4351670E-01  0.1305500      0.1330700      0.1407900      0.1504200      0.1580800      0.1722100      0.1957700      0.2134200      0.2325600      0.2523400      0.2712200      0.2888700      0.2988900      0.2931500      0.2708600      0.2429700      0.2147000      0.1878500      0.1631000      0.1408400       0.000000       0.000000       0.000000       0.000000       0.000000    
   0.000000       0.000000       0.000000      0.5802220E-01  0.1305500      0.1335500      0.1370300      0.1444200      0.1534600      0.1643100      0.1913600      0.2045700      0.2192300      0.2349400      0.2510800      0.2632400      0.2791800      0.2932300      0.2900700      0.2615200      0.2333600      0.2063000      0.1809800      0.1577700      0.1368700       0.000000       0.000000       0.000000       0.000000       0.000000    
   0.000000       0.000000      0.6285740E-01  0.1305500      0.1337100      0.1370300      0.1407250      0.1449700      0.1607950      0.1809900      0.1909600      0.2022100      0.2145000      0.2274500      0.2401000      0.2526700      0.2584400      0.2669200      0.2619600      0.2419700      0.2180000      0.1941700      0.1713700      0.1502500      0.1310700       0.000000       0.000000       0.000000       0.000000       0.000000    
   0.000000      0.6446910E-01  0.1305500      0.1337630      0.1370300      0.1388780      0.1409080      0.1568700      0.1809900      0.1859750      0.1899620      0.1978100      0.2069900      0.2171500      0.2179500      0.2281500      0.2353700      0.2381000      0.2324300      0.2183300      0.1996500      0.1796000      0.1598100      0.1413100       0.000000       0.000000       0.000000       0.000000       0.000000       0.000000    
  0.6500640E-01  0.1305500      0.1337810      0.1370300      0.1379540      0.1389390      0.1544110      0.1809900      0.1834820      0.1845180      0.1878250      0.1778400      0.1864600      0.1950100      0.2029900      0.2095000      0.2128200      0.2125400      0.2067300      0.1955800      0.1807900      0.1643000      0.1475200      0.1312800       0.000000       0.000000       0.000000       0.000000       0.000000       0.000000    
  0.1305500      0.1337870      0.1370300      0.1374920      0.1379740      0.1530730      0.1809900      0.1822360      0.1819330      0.1828320      0.1778400      0.1821500      0.1855750      0.1829900      0.1881400      0.1917300      0.1928700      0.1903500      0.1845200      0.1750700      0.1629100      0.1492100      0.1350100       0.000000       0.000000       0.000000       0.000000       0.000000       0.000000       0.000000    
  0.1337890      0.1370300      0.1372610      0.1374990      0.1523820      0.1809900      0.1816130      0.1806670      0.1803360      0.1778400      0.1799950      0.1821390      0.1829900      0.1855650      0.1876200      0.1909130      0.1916500      0.1892470      0.1695400      0.1569000      0.1465300      0.1349200       0.000000       0.000000       0.000000       0.000000       0.000000       0.000000       0.000000       0.000000    
  0.1370300      0.1371450      0.1372630      0.1520330      0.1809900      0.1813020      0.1800400      0.1790880      0.1778400      0.1789170      0.1807410      0.1829900      0.1842780      0.1853920      0.1880330      0.1900610      0.1906030      0.1680350      0.1488800      0.1408600      0.1317300       0.000000       0.000000       0.000000       0.000000       0.000000       0.000000       0.000000       0.000000       0.000000    
  0.1370880      0.1371460      0.1518580      0.1809900      0.1811460      0.1797270      0.1784640      0.1778400      0.1783790      0.1801220      0.1829900      0.1836340      0.1842200      0.1859010      0.1878290      0.1895660      0.1668860      0.1448700      0.1408600      0.9086330E-01   0.000000       0.000000       0.000000       0.000000       0.000000       0.000000       0.000000       0.000000       0.000000       0.000000    
  0.1370880      0.1517700      0.1809900      0.1810680      0.1795710      0.1781520      0.1778400      0.1781090      0.1798330      0.1829900      0.1833120      0.1836140      0.1845850      0.1859830      0.1877650      0.1515150      0.1428650      0.1408600      0.5793080E-01   0.000000       0.000000       0.000000       0.000000       0.000000       0.000000       0.000000       0.000000       0.000000       0.000000       0.000000    
  0.1517270      0.1809900      0.1810290      0.1794930      0.1779960      0.1778400      0.1779750      0.1796930      0.1829900      0.1831510      0.1833050      0.1838370      0.1847270      0.1395830      0.1023280      0.7109830E-01  0.7043000E-01  0.3975820E-01   0.000000       0.000000       0.000000       0.000000       0.000000       0.000000       0.000000       0.000000       0.000000       0.000000       0.000000       0.000000    
  0.1809900      0.1810090      0.1794540      0.1779180      0.1778400      0.1779070      0.1796240      0.1829900      0.1830700      0.1831490      0.1834310      0.1839570      0.1016300       0.000000       0.000000      0.1760750E-01   0.000000       0.000000       0.000000       0.000000       0.000000       0.000000       0.000000       0.000000       0.000000       0.000000       0.000000       0.000000       0.000000       0.000000    
  0.1810000      0.1794340      0.1778790      0.1778400      0.1778740      0.1795900      0.1829900      0.1830300      0.1830700      0.1832170      0.1101070       0.000000       0.000000       0.000000       0.000000       0.000000       0.000000       0.000000       0.000000       0.000000       0.000000       0.000000       0.000000       0.000000       0.000000       0.000000       0.000000       0.000000       0.000000       0.000000    
  0.1794250      0.1778600      0.1778400      0.1778570      0.1795740      0.1829900      0.1830100      0.1830300      0.1831060      0.9527880E-01   0.000000       0.000000       0.000000       0.000000       0.000000       0.000000       0.000000       0.000000       0.000000       0.000000       0.000000       0.000000       0.000000       0.000000       0.000000       0.000000       0.000000       0.000000       0.000000       0.000000    
  0.1778500      0.1778400      0.1778480      0.1795650      0.1829900      0.1830000      0.1830100      0.1372860      0.7690240E-01   0.000000       0.000000       0.000000       0.000000       0.000000       0.000000       0.000000       0.000000       0.000000       0.000000       0.000000       0.000000       0.000000       0.000000       0.000000       0.000000       0.000000       0.000000       0.000000       0.000000       0.000000    
  0.1778400      0.1778440      0.1795610      0.1829900      0.1829950      0.1098000       0.000000       0.000000       0.000000       0.000000       0.000000       0.000000       0.000000       0.000000       0.000000       0.000000       0.000000       0.000000       0.000000       0.000000       0.000000       0.000000       0.000000       0.000000       0.000000       0.000000       0.000000       0.000000       0.000000       0.000000    
  0.1778420      0.1795590      0.1829900      0.1829930      0.9515700E-01   0.000000       0.000000       0.000000       0.000000       0.000000       0.000000       0.000000       0.000000       0.000000       0.000000       0.000000       0.000000       0.000000       0.000000       0.000000       0.000000       0.000000       0.000000       0.000000       0.000000       0.000000       0.000000       0.000000       0.000000       0.000000    
