iMOD/TUTORIALS/TUT_MetaswapAnalyser/model_MetaSWAP/meteo/Precipitation/Precipitation_20051109_L1.ASC
NCOLS                30
NROWS                30
XLLCORNER     160000.00
YLLCORNER     340000.00
CELLSIZE        1000.00
NODATA_VALUE   -9999.00
  0.2432300      0.2576500      0.2705800      0.2779300      0.2677400      0.2283100      0.1606300       0.000000       0.000000       0.000000       0.000000      0.1455200      0.2278200      0.3208300      0.4190500      0.5161800      0.6051500      0.6851400      0.7509900      0.8016800      0.8374500      0.8593400      0.8695700      0.8706000      0.8634900      0.8504600      0.8330700      0.8125100      0.7895600      0.7645400    
  0.2454700      0.2534800      0.2583800      0.2520800      0.2272700      0.1847400       0.000000       0.000000       0.000000       0.000000       0.000000       0.000000      0.2186400      0.3172400      0.4207200      0.5212500      0.6153300      0.6967400      0.7629300      0.8122100      0.8455600      0.8645400      0.8716500      0.8695800      0.8596300      0.8440800      0.8245800      0.8023900      0.7793700      0.7530800    
  0.2490200      0.2518400      0.2485500      0.2315600      0.2084100      0.1694700       0.000000       0.000000       0.000000       0.000000       0.000000      0.1450100      0.2334300      0.3350000      0.4423800      0.5471600      0.6435700      0.7253400      0.7891300      0.8343800      0.8627700      0.8761800      0.8781200      0.8705200      0.8558700      0.8361600      0.8140800      0.7887500      0.7621600      0.7353600    
  0.2541300      0.2536900      0.2472600      0.2276900      0.2046000      0.1728800      0.1365600       0.000000       0.000000       0.000000       0.000000      0.1844300      0.2719200      0.3745200      0.4844900      0.5933500      0.6915200      0.7718200      0.8305600      0.8683300      0.8880800      0.8936300      0.8873700      0.8737200      0.8524900      0.8268400      0.7984100      0.7685100      0.7381000      0.7081500    
  0.2617800      0.2598900      0.2460100      0.2335100      0.2146700      0.1908200      0.1654800      0.1413600       0.000000      0.1443800      0.1800000      0.2413700      0.3280700      0.4321300      0.5457000      0.6598700      0.7609100      0.8380900      0.8878600      0.9138500      0.9214700      0.9155400      0.8989900      0.8754600      0.8462800      0.8134900      0.7785700      0.7426300      0.7066200      0.6704600    
  0.2723000      0.2616400      0.2563000      0.2466800      0.2331200      0.2171800      0.2047300      0.1872300      0.1884000      0.2066100      0.2470500      0.3109400      0.3980600      0.5030500      0.6243700      0.7447500      0.8510300      0.9221500      0.9560000      0.9647000      0.9569200      0.9376600      0.9095100      0.8754800      0.8372000      0.7968900      0.7546400      0.7121700      0.6699200      0.6283200    
  0.2685100      0.2743500      0.2710800      0.2651100      0.2617800      0.2528700      0.2461700      0.2340000      0.2443000      0.2710000      0.3165200      0.3832200      0.4713800      0.5816500      0.7083300      0.8403300      0.9630600       1.021770       1.028390       1.015750      0.9915000      0.9583100      0.9184000      0.8733200      0.8255300      0.7761200      0.7264500      0.6771800      0.6297100      0.5833100    
  0.2807300      0.2895400      0.2955700      0.2931600      0.2901700      0.2760600      0.2720100      0.2798700      0.2999800      0.3337000      0.3843700      0.4542300      0.5440700      0.6562000      0.7880600      0.9240300       1.066290       1.103740       1.086510       1.058250       1.020380      0.9746800      0.9232200      0.8676000      0.8103500      0.7526900      0.6955600      0.6398100      0.5863200      0.5361600    
  0.3036200      0.3071000      0.3092800      0.3183400      0.3045700      0.3095400      0.3109000      0.3254800      0.3525900      0.3923400      0.4474500      0.5198700      0.6102300      0.7328900      0.8498200      0.9719900       1.077150       1.124520       1.118270       1.086980       1.040870      0.9850500      0.9231700      0.8576200      0.7914900      0.7258800      0.6618200      0.6000800      0.5420000      0.4877300    
  0.3204100      0.3259100      0.3308300      0.3180700      0.3322200      0.3423500      0.3443100      0.3678200      0.4005900      0.4451100      0.5035800      0.5774600      0.6669700      0.7837400      0.8969700       1.002790       1.089780       1.134520       1.136060       1.105410       1.053750      0.9892100      0.9178000      0.8435000      0.7687500      0.6959100      0.6255900      0.5591200      0.4966600      0.4388500    
  0.3205170      0.3257170      0.3287600      0.3402300      0.3515600      0.3624800      0.3776300      0.4058100      0.4428600      0.4908000      0.5513700      0.6256000      0.7320300      0.8276400      0.9368500       1.031720       1.107400       1.149850       1.152520       1.119670       1.061360      0.9879200      0.9072200      0.8246800      0.7427100      0.6635200      0.5884000      0.5176000      0.4516000      0.3906800    
  0.3204490      0.3288060      0.3402300      0.3624100      0.3757400      0.3810100      0.3988600      0.4386900      0.4786600      0.5286600      0.5911300      0.6646500      0.7696200      0.8662300      0.9666600       1.056750       1.130310       1.172710       1.173520       1.133640       1.064930      0.9807900      0.8908300      0.8006000      0.7128300      0.6287300      0.5496300      0.4757100      0.4073000      0.3446800    
  0.3261400      0.3402300      0.3659190      0.3789250      0.3821100      0.3954500      0.4230000      0.4570500      0.5013000      0.5595500      0.6205400      0.7242000      0.8025800      0.8895800      0.9873700       1.076830       1.154450       1.202870       1.201230       1.147660       1.063280      0.9669600      0.8682300      0.7716000      0.6792000      0.5920600      0.5103900      0.4349100      0.3654900      0.3022200    
  0.3402300      0.3671940      0.3805170      0.3821100      0.3970430      0.4135700      0.4450700      0.4802200      0.5225800      0.5754400      0.6351500      0.7436100      0.8178900      0.9003500      0.9889500       1.084960       1.172230       1.237730       1.235570       1.155340       1.050730      0.9428100      0.8410900      0.7407800      0.6460900      0.5575400      0.4751600      0.3993600      0.3299900      0.2670100    
  0.3677120      0.3813140      0.3821100      0.3975740      0.4135700      0.4419570      0.4672300      0.5022400      0.5437200      0.5924700      0.6869400      0.7482400      0.8175000      0.8940900      0.9768400       1.073560       1.160420       1.246580       1.255690       1.136460       1.020300      0.9083900      0.8016900      0.7008600      0.6063700      0.5185200      0.4374500      0.3630900      0.2956600      0.2350700    
  0.3817120      0.3821100      0.3977510      0.4135700      0.4409190      0.4672300      0.4847350      0.5043970      0.5699500      0.6413700      0.6906400      0.7464900      0.8086800      0.8764800      0.9397600       1.016430       1.108160       1.160740       1.150370       1.065690      0.9614100      0.8557900      0.7533800      0.6559300      0.5643800      0.4793000      0.4010400      0.3298300      0.2656600      0.2086600    
  0.3821100      0.3978100      0.4135700      0.4405730      0.4672300      0.4759820      0.4854540      0.5501130      0.6413700      0.6660050      0.7112920      0.7360100      0.7767900      0.8361700      0.9207100      0.9758900       1.027910       1.050100       1.031760      0.9709500      0.8863100      0.7932600      0.6993100      0.6080600      0.5214400      0.4406000      0.3663300      0.2991400      0.2393500      0.1869400    
  0.3978300      0.4135700      0.4404580      0.4672300      0.4716060      0.4762220      0.5382300      0.6413700      0.6536870      0.6999190      0.7389800      0.7419500      0.7857000      0.8287600      0.8726800      0.9113400      0.9451000      0.9505200      0.9282700      0.8781400      0.8080800      0.7275100      0.6432200      0.5594600      0.4788600      0.4031700      0.3335900      0.2710000      0.2159700      0.1685800    
  0.4135700      0.4404190      0.4672300      0.4694180      0.4716860      0.5318570      0.6413700      0.6475290      0.6954780      0.7404650      0.7419500      0.7638250      0.7866180      0.7900600      0.8220100      0.8472400      0.8611000      0.8638800      0.8393100      0.7947800      0.7344100      0.6639500      0.5886000      0.5123300      0.4379800      0.3676600      0.3029400      0.2449900      0.1943000      0.1517200    
  0.4404060      0.4672300      0.4683240      0.4694450      0.5285830      0.6413700      0.6444490      0.6935070      0.7412070      0.7419500      0.7528870      0.7706130      0.7900600      0.8060350      0.8197700      0.8434500      0.8574070      0.8547630      0.7758820      0.7220500      0.6683000      0.6056100      0.5378100      0.4683000      0.3998200      0.3346000      0.2736200      0.2192900      0.1727900       0.000000    
  0.4672300      0.4677770      0.4683330      0.5269300      0.6413700      0.6429100      0.6925710      0.7415790      0.7419500      0.7474190      0.7638780      0.7900600      0.7980470      0.8052880      0.8230850      0.8402090      0.8518730      0.7676320      0.6907200      0.6593900      0.6104200      0.5537000      0.4920900      0.4259300      0.3633000      0.3031300      0.2447700      0.1954000      0.1533900       0.000000    
  0.4675030      0.4677800      0.5261030      0.6413700      0.6421400      0.6921130      0.7417640      0.7419500      0.7446840      0.7608270      0.7900600      0.7940540      0.7977990      0.8088070      0.8228610      0.8383890      0.7588320      0.6750550      0.6593900      0.6082430      0.5549200      0.5040100      0.4484400      0.3904900      0.3321200      0.2756600      0.2229300      0.1757700       0.000000       0.000000    
  0.4675050      0.5256890      0.6413700      0.6417550      0.6918860      0.7418570      0.7419500      0.7433170      0.7593800      0.7900600      0.7920570      0.7939710      0.8002200      0.8098220      0.8233520      0.7262900      0.6672220      0.6593900      0.5641930      0.5191000      0.4914940      0.4735600      0.4207500      0.3646700      0.3053400      0.2525900      0.2023200      0.1569500       0.000000       0.000000    
  0.5254830      0.6413700      0.6415620      0.6917730      0.7419040      0.7419500      0.7426340      0.7586770      0.7900600      0.7910580      0.7920290      0.7954160      0.8013380      0.7066160      0.6237980      0.5458850      0.5441450      0.5155120      0.4807320      0.4700400      0.4832800      0.4417000      0.3860900      0.3350600      0.2833900      0.2327600      0.1847400      0.1407900       0.000000       0.000000    
  0.6413700      0.6414660      0.6917160      0.7419270      0.7419500      0.7422920      0.7583300      0.7900600      0.7905590      0.7910490      0.7928340      0.7962610      0.6176090      0.3925390      0.3930700      0.4443670      0.4262860      0.4289000      0.4443430      0.4530570      0.4568000      0.4045300      0.3611600      0.3133600      0.2647900      0.2169300      0.1711900       0.000000       0.000000       0.000000    
  0.6414180      0.6916880      0.7419380      0.7419500      0.7421210      0.7581580      0.7900600      0.7903100      0.7905560      0.7914810      0.6317050      0.3891900      0.3910930      0.3921370      0.3920080      0.3930700      0.4139680      0.4236720      0.4289000      0.4253750      0.4190900      0.3807300      0.3389600      0.2955300      0.2499200      0.2049400      0.1618800       0.000000       0.000000       0.000000    
  0.6916740      0.7419440      0.7419500      0.7420350      0.7580720      0.7900600      0.7901850      0.7903090      0.7907820      0.5984240      0.3891900      0.3891900      0.3891900      0.3905070      0.3913330      0.3909450      0.3930700      0.4102310      0.4184450      0.4289000      0.3967100      0.3606400      0.3214300      0.2800700      0.2381200      0.1962100      0.1577700       0.000000       0.000000       0.000000    
  0.7419470      0.7419500      0.7419930      0.7580290      0.7900600      0.7901220      0.7901840      0.6748160      0.5442220      0.3891490      0.3891900      0.3891900      0.3891900      0.3891900      0.3894970      0.3899850      0.3888200      0.3930700      0.4005080      0.4079900      0.3774900      0.3434600      0.3065100      0.2675800      0.2324200      0.1920900      0.1549900       0.000000       0.000000       0.000000    
  0.7419500      0.7419710      0.7580080      0.7900600      0.7900910      0.6052950      0.3280700      0.3280290      0.3279900      0.3686790      0.3890680      0.3891900      0.3891900      0.3891900      0.3891900      0.3878680      0.3880640      0.3845700      0.3930700      0.3720700      0.3471800      0.3185700      0.2960500      0.2629900      0.2227800      0.1859900      0.1535200       0.000000       0.000000       0.000000    
  0.7419610      0.7579970      0.7900600      0.7900760      0.5682900      0.3280360      0.3280360      0.3280700      0.3280260      0.3279900      0.3684700      0.3888230      0.3891900      0.3891900      0.3891900      0.3891900      0.3853970      0.3865530      0.3760700      0.3562500      0.3515600      0.3190800      0.2839900      0.2470200      0.2107400      0.1792100      0.1521700       0.000000       0.000000       0.000000    
