iMOD/TUTORIALS/TUT_MetaswapAnalyser/model_MetaSWAP/meteo/Precipitation/Precipitation_20060522_L1.ASC
NCOLS                30
NROWS                30
XLLCORNER     160000.00
YLLCORNER     340000.00
CELLSIZE        1000.00
NODATA_VALUE   -9999.00
   2.080690       1.982890       1.876490       1.758050       1.620350       1.442900       1.232250       1.018280      0.8431200      0.7997000      0.9015200       1.052560       1.216100       1.383560       1.546550       1.705610       1.830200       1.965040       2.077030       2.173350       2.255730       2.340820       2.404290       2.480380       2.530390       2.577040       2.621730       2.665990       2.711860       2.763940    
   2.012530       1.911080       1.796660       1.669150       1.522550       1.346160       1.146470      0.9350200      0.7233900      0.6726300      0.8589700       1.048590       1.241560       1.437010       1.622990       1.781340       1.936300       2.078740       2.199460       2.291420       2.364980       2.436840       2.485930       2.545190       2.578080       2.606480       2.631730       2.655090       2.684290       2.712740    
   1.957880       1.856450       1.743310       1.619400       1.473690       1.311780       1.137490      0.9634900      0.8230900      0.8065400      0.9382200       1.121590       1.324650       1.531880       1.737540       1.916110       2.082440       2.220370       2.328010       2.408120       2.476030       2.530490       2.581770       2.603220       2.618360       2.628880       2.642120       2.645170       2.647520       2.647610    
   1.921390       1.823490       1.715520       1.599740       1.469130       1.330430       1.191190       1.067110      0.9912900      0.9966400       1.096290       1.258600       1.455350       1.670210       1.886620       2.081910       2.256390       2.392770       2.488810       2.550700       2.587680       2.637580       2.658870       2.667850       2.664200       2.656530       2.645750       2.632370       2.618100       2.600250    
   1.902740       1.811410       1.715920       1.609490       1.498070       1.386120       1.282200       1.201960       1.164550       1.189520       1.276280       1.427230       1.619340       1.838930       2.068130       2.283320       2.467290       2.596920       2.671030       2.704610       2.736540       2.731270       2.732980       2.720920       2.699120       2.674960       2.649350       2.625130       2.599290       2.579150    
   1.900330       1.820400       1.732690       1.641830       1.550790       1.464670       1.387350       1.344350       1.318020       1.361800       1.460160       1.609760       1.798140       2.022950       2.271620       2.512500       2.714270       2.829880       2.864870       2.857940       2.853450       2.820910       2.799020       2.761430       2.722890       2.688540       2.649990       2.615090       2.581510       2.555660    
   1.906690       1.840150       1.765100       1.690110       1.611640       1.549560       1.502700       1.457170       1.473290       1.530930       1.634410       1.783730       1.975500       2.201140       2.469910       2.744480       2.994100       3.078230       3.045530       3.007210       2.950800       2.893350       2.836280       2.795890       2.742390       2.690620       2.643540       2.597160       2.557880       2.523670    
   1.922790       1.852560       1.799100       1.740240       1.687200       1.581240       1.579880       1.582510       1.615070       1.683290       1.791010       1.939460       2.127630       2.352390       2.624480       2.909420       3.216490       3.247230       3.170620       3.091580       3.014900       2.940500       2.868470       2.814570       2.749020       2.688840       2.629170       2.573690       2.534320       2.487410    
   1.937310       1.891300       1.841980       1.804380       1.680310       1.660940       1.678870       1.696310       1.740520       1.815720       1.924950       2.069450       2.248490       2.486040       2.712340       2.952560       3.154490       3.223120       3.187040       3.117710       3.039090       2.958270       2.877980       2.815350       2.743720       2.672260       2.604360       2.553810       2.492170       2.437030    
   1.972360       1.935610       1.896600       1.751640       1.741680       1.735100       1.768010       1.796300       1.848080       1.926630       2.034080       2.170980       2.335800       2.556880       2.749900       2.934350       3.073770       3.147470       3.145320       3.097900       3.028570       2.947920       2.865100       2.782060       2.720760       2.643260       2.582870       2.509940       2.441540       2.378650    
   1.974760       1.934860       1.845440       1.797910       1.789850       1.813170       1.846210       1.881490       1.937320       2.015970       2.118670       2.245140       2.441640       2.585390       2.723620       2.881920       3.001140       3.070460       3.083560       3.053130       2.995060       2.921580       2.840550       2.758800       2.690380       2.620860       2.540180       2.462180       2.387700       2.313800    
   1.975350       1.888240       1.797910       1.831330       1.839970       1.863650       1.905100       1.951770       2.008750       2.084890       2.168650       2.284570       2.465950       2.563230       2.704150       2.834780       2.938570       2.996260       3.013500       2.990860       2.939550       2.870550       2.806450       2.723760       2.638780       2.571680       2.488610       2.407160       2.328030       2.251850    
   1.919680       1.797910       1.848910       1.868790       1.897610       1.931850       1.959130       2.000140       2.038580       2.119500       2.208530       2.319640       2.433630       2.554160       2.672360       2.782440       2.871850       2.930330       2.942460       2.922390       2.881290       2.817140       2.742400       2.661570       2.577590       2.492390       2.426640       2.343260       2.261030       2.180380    
   1.797910       1.856910       1.883200       1.897610       1.934180       1.973080       1.978160       2.020330       2.075250       2.168210       2.246170       2.330650       2.429010       2.531500       2.632590       2.724120       2.806290       2.859910       2.877410       2.850520       2.802750       2.740410       2.641310       2.559070       2.474320       2.388800       2.322240       2.238910       2.156740       2.075920    
   1.860710       1.890400       1.897610       1.934960       1.973080       2.008500       2.074250       2.109730       2.155680       2.212050       2.262900       2.339120       2.421140       2.505590       2.588270       2.664190       2.729740       2.781330       2.799000       2.760410       2.696940       2.631510       2.558540       2.480560       2.399600       2.317200       2.234460       2.170480       2.089040       2.002580    
   1.894010       1.897610       1.935220       1.973080       2.018610       2.074250       2.091990       2.113220       2.169470       2.200420       2.259290       2.324230       2.393090       2.463050       2.532460       2.594030       2.613940       2.659510       2.672210       2.647440       2.603370       2.528990       2.460880       2.387620       2.311150       2.232950       2.154140       2.075520       2.015260       1.937530    
   1.897610       1.935300       1.973080       2.021980       2.074250       2.083120       2.093150       2.143770       2.200420       2.229860       2.264610       2.299990       2.359060       2.415910       2.410700       2.467450       2.508980       2.539050       2.545800       2.527910       2.491450       2.442400       2.384550       2.296760       2.226210       2.153580       2.080050       2.006540       1.933720       1.890000    
   1.935330       1.973080       2.023100       2.074250       2.078680       2.083510       2.130120       2.200420       2.215140       2.240720       2.269570       2.239140       2.290860       2.283530       2.333610       2.377390       2.404200       2.423710       2.425880       2.410100       2.378890       2.335830       2.284050       2.225970       2.140400       2.073930       2.006470       1.939040       1.872540       1.819120    
   1.973080       2.023480       2.074250       2.076470       2.078810       2.123180       2.200420       2.207780       2.229950       2.254350       2.239140       2.265000       2.257440       2.216230       2.255050       2.287780       2.311920       2.314330       2.312580       2.297050       2.269030       2.230700       2.184350       2.132050       2.075510       2.016190       1.933920       1.873080       1.824550       1.764990    
   2.023600       2.074250       2.075360       2.076510       2.119720       2.200420       2.204100       2.224810       2.246750       2.239140       2.252070       2.244450       2.216230       2.235640       2.253020       2.284920       2.304680       2.312940       2.240200       2.189520       2.163410       2.128660       2.086960       2.039970       1.989170       1.935890       1.878730       1.839130       1.799430       1.726530    
   2.074250       2.074800       2.075370       2.118000       2.200420       2.202260       2.222280       2.242940       2.239140       2.245600       2.237970       2.216230       2.225930       2.234960       2.257860       2.280870       2.300850       2.216780       2.138530       2.087540       2.062560       2.030540       1.992760       1.947460       1.902320       1.855110       1.836070       1.787000       1.738180       1.691310    
   2.074530       2.074810       2.117150       2.200420       2.201340       2.221030       2.241040       2.239140       2.242370       2.234740       2.216230       2.221080       2.225710       2.239590       2.257900       2.279860       2.199810       2.113030       2.087540       2.037450       1.962250       1.932840       1.898820       1.861290       1.838940       1.803480       1.762000       1.719430       1.677080       1.637630    
   2.074530       2.116730       2.200420       2.200880       2.220400       2.240090       2.239140       2.240760       2.233120       2.216230       2.218660       2.221010       2.228790       2.241060       2.259110       2.132990       2.100290       2.087540       1.942770       1.882580       1.862430       1.846740       1.823950       1.791640       1.761780       1.728140       1.692680       1.656010       1.619070       1.583670    
   2.116520       2.200420       2.200650       2.220090       2.239620       2.239140       2.239950       2.232310       2.216230       2.217440       2.218630       2.222820       2.230290       2.047900       1.919520       1.828550       1.827110       1.810220       1.787930       1.763500       1.802900       1.767430       1.735410       1.710870       1.684380       1.656430       1.627170       1.596540       1.564720       1.511850    
   2.200420       2.200530       2.219940       2.239380       2.239140       2.239540       2.231910       2.216230       2.216840       2.217430       2.219630       2.223910       1.884350       1.460990       1.462610       1.592800       1.558240       1.566680       1.666200       1.717710       1.724100       1.690000       1.653600       1.632300       1.610580       1.588750       1.566440       1.542820       1.498470       1.473650    
   2.200480       2.219860       2.239260       2.239140       2.239340       2.231710       2.216230       2.216530       2.216830       2.217970       1.908760       1.441410       1.453440       1.459740       1.459370       1.462610       1.523250       1.549800       1.566680       1.616900       1.626130       1.608850       1.590140       1.557070       1.540150       1.525140       1.511130       1.480630       1.464800       1.446840    
   2.219820       2.239200       2.239140       2.239240       2.231600       2.216230       2.216380       2.216530       2.217110       1.845280       1.441410       1.441410       1.441410       1.451640       1.457240       1.456130       1.462610       1.513930       1.532920       1.566680       1.550700       1.532260       1.513380       1.496590       1.472540       1.465310       1.449750       1.445170       1.440560       1.434350    
   2.239170       2.239140       2.239190       2.231550       2.216230       2.216310       2.216380       1.973120       1.722900       1.441290       1.441410       1.441410       1.441410       1.441410       1.448530       1.452980       1.449650       1.462610       1.493500       1.499160       1.481340       1.460970       1.440520       1.423900       1.414430       1.402770       1.407570       1.416310       1.425120       1.432650    
   2.239140       2.239170       2.231530       2.216230       2.216270       1.810460       1.201740       1.222090       1.242440       1.374760       1.441050       1.441410       1.441410       1.441410       1.441410       1.443610       1.446690       1.436690       1.462610       1.445560       1.424510       1.400320       1.394190       1.362460       1.348070       1.354720       1.370630       1.394850       1.417880       1.438520    
   2.239150       2.231520       2.216230       2.216250       1.729230       1.201670       1.201670       1.201740       1.222090       1.242440       1.374140       1.440330       1.441410       1.441410       1.441410       1.441410       1.436670       1.440790       1.410760       1.393590       1.419740       1.378250       1.335930       1.297270       1.280440       1.304160       1.344370       1.384810       1.419710       1.451610    
