iMOD/TUTORIALS/TUT_MetaswapAnalyser/model_MetaSWAP/meteo/Precipitation/Precipitation_20050420_L1.ASC
NCOLS                30
NROWS                30
XLLCORNER     160000.00
YLLCORNER     340000.00
CELLSIZE        1000.00
NODATA_VALUE   -9999.00
   2.028980       2.146050       2.262060       2.369390       2.447230       2.463550       2.404280       2.304090       2.189100       2.074830       1.969300       1.871430       1.783160       1.712700       1.651130       1.606390       1.553800       1.555700       1.565070       1.589460       1.625960       1.666210       1.716720       1.763760       1.818270       1.871210       1.920750       1.965200       2.002760       2.025230    
   1.974210       2.074020       2.164990       2.243270       2.290440       2.294780       2.249930       2.168440       2.066730       1.960930       1.862680       1.767780       1.679060       1.606880       1.543360       1.475530       1.447390       1.443580       1.467160       1.497460       1.540850       1.588910       1.646620       1.701140       1.762110       1.821180       1.876650       1.926980       1.978730       2.006400    
   1.909320       1.992490       2.065600       2.119150       2.148300       2.145110       2.106290       2.037820       1.949020       1.854270       1.759110       1.665150       1.576120       1.499830       1.434210       1.370040       1.341430       1.336660       1.354530       1.391280       1.454920       1.512350       1.572490       1.640840       1.708720       1.774210       1.844330       1.899310       1.942040       1.984540    
   1.842310       1.910690       1.967660       2.005750       2.023910       2.015320       1.979300       1.918780       1.839790       1.752910       1.661980       1.568590       1.477110       1.396440       1.324650       1.260560       1.229920       1.228670       1.255060       1.302970       1.365200       1.441930       1.513620       1.598270       1.672420       1.743040       1.808790       1.868580       1.916860       1.964300    
   1.776760       1.832760       1.875160       1.904410       1.914380       1.902540       1.868560       1.816480       1.745200       1.662840       1.570600       1.481660       1.389540       1.303030       1.220780       1.152930       1.120600       1.124370       1.163770       1.227180       1.298290       1.380560       1.463410       1.556430       1.636460       1.711980       1.781860       1.838660       1.895970       1.943170    
   1.714990       1.759450       1.794520       1.815620       1.820130       1.806420       1.779650       1.727310       1.654700       1.579090       1.495230       1.405330       1.313360       1.221930       1.135110       1.053750       1.007400       1.018110       1.077460       1.160410       1.247380       1.340520       1.431400       1.520240       1.604980       1.691770       1.764570       1.823910       1.882460       1.930410    
   1.671510       1.695830       1.723670       1.739060       1.748400       1.732840       1.701680       1.642720       1.584170       1.514880       1.436340       1.350300       1.258290       1.163980       1.074380      0.9718800      0.8971200      0.9228200       1.015250       1.115950       1.219610       1.320630       1.417740       1.509070       1.596280       1.677810       1.745490       1.814600       1.878300       1.927800    
   1.642040       1.668340       1.673300       1.683810       1.681930       1.664360       1.622170       1.581360       1.529370       1.466950       1.395480       1.316200       1.230120       1.139780       1.055480      0.9462600      0.8385000      0.8887100       1.001970       1.113730       1.221470       1.324490       1.422440       1.514020       1.601180       1.674550       1.750570       1.819710       1.881720       1.932570    
   1.616520       1.621310       1.638320       1.629700       1.624010       1.610660       1.570140       1.534500       1.489310       1.434950       1.372520       1.303150       1.227990       1.178900       1.086680       1.001600      0.9478200      0.9723500       1.055680       1.154650       1.255160       1.353020       1.446860       1.535030       1.611360       1.691170       1.765710       1.835430       1.896390       1.948920    
   1.580820       1.581420       1.596120       1.596790       1.579380       1.568280       1.529430       1.500240       1.462580       1.417350       1.365660       1.308810       1.248430       1.221180       1.154000       1.098050       1.073880       1.092590       1.150910       1.229650       1.315400       1.403840       1.489170       1.571810       1.642140       1.717980       1.791160       1.857990       1.919040       1.973170    
   1.571280       1.586120       1.583870       1.561140       1.559860       1.525580       1.499730       1.476810       1.447180       1.411790       1.371880       1.329030       1.339940       1.293570       1.252730       1.216060       1.203980       1.221540       1.264890       1.324570       1.392310       1.463430       1.535650       1.601210       1.673430       1.745530       1.813450       1.878410       1.939480       2.003470    
   1.569080       1.575600       1.561140       1.538690       1.533320       1.515610       1.491700       1.462230       1.440790       1.415430       1.410390       1.378300       1.408620       1.377590       1.349550       1.332060       1.334130       1.355490       1.391490       1.436370       1.487060       1.542250       1.595850       1.656880       1.719670       1.782380       1.845730       1.908040       1.968390       2.025760    
   1.562850       1.561140       1.529290       1.516880       1.500440       1.485190       1.478390       1.467310       1.486270       1.455790       1.435690       1.519230       1.483220       1.456230       1.446660       1.446180       1.462680       1.492000       1.524090       1.554550       1.583020       1.620800       1.665110       1.714890       1.768830       1.825680       1.883340       1.942720       2.002010       2.060320    
   1.561140       1.524880       1.508660       1.500440       1.486000       1.472360       1.515480       1.507000       1.496310       1.483030       1.472210       1.568190       1.544730       1.531400       1.531280       1.551830       1.585240       1.628710       1.659960       1.667220       1.678890       1.700710       1.734380       1.774200       1.820170       1.870790       1.923770       1.980060       2.037830       2.096300    
   1.522750       1.504550       1.500440       1.486270       1.472360       1.511560       1.546850       1.541180       1.534300       1.527490       1.667820       1.642170       1.624450       1.617230       1.623260       1.643620       1.684990       1.744880       1.781360       1.762600       1.758460       1.768600       1.790360       1.821560       1.860330       1.905140       1.954690       2.006800       2.062810       2.128290    
   1.502500       1.500440       1.486360       1.472360       1.510260       1.546850       1.544010       1.540780       1.582960       1.728870       1.704540       1.686160       1.675600       1.674910       1.673950       1.700090       1.762940       1.804340       1.827890       1.824670       1.823300       1.826430       1.843770       1.870200       1.904330       1.944890       1.990690       2.040710       2.092340       2.148300    
   1.500440       1.486390       1.472360       1.509820       1.546850       1.545430       1.543880       1.599160       1.728870       1.716710       1.720170       1.724630       1.701350       1.704230       1.753880       1.770840       1.805010       1.831580       1.849550       1.856280       1.860690       1.869930       1.886510       1.903290       1.933640       1.970320       2.012390       2.058940       2.109070       2.165600    
   1.486400       1.472360       1.509680       1.546850       1.546140       1.545390       1.604330       1.728870       1.722790       1.732600       1.740630       1.756640       1.748910       1.786810       1.791740       1.803960       1.833700       1.851630       1.866020       1.875730       1.884050       1.895050       1.911230       1.933550       1.954390       1.988060       2.026910       2.070130       2.116790       2.170580    
   1.472360       1.509630       1.546850       1.546500       1.546130       1.606180       1.728870       1.725830       1.737910       1.748640       1.756640       1.752770       1.777580       1.817970       1.820280       1.827840       1.838710       1.867010       1.878380       1.888280       1.898140       1.910190       1.926260       1.947380       1.973850       2.005500       2.034180       2.074320       2.121990       2.168950    
   1.509610       1.546850       1.546670       1.546490       1.606920       1.728870       1.727350       1.740380       1.752640       1.756640       1.754710       1.776240       1.817970       1.819120       1.822030       1.828940       1.844520       1.861370       1.885710       1.895780       1.905550       1.917620       1.933220       1.953230       1.978020       2.007530       2.044160       2.088260       2.121270       2.153540    
   1.546850       1.546760       1.546670       1.607240       1.728870       1.728110       1.741580       1.754640       1.756640       1.755670       1.776390       1.817970       1.818550       1.819710       1.823370       1.831830       1.844940       1.877620       1.897430       1.899080       1.907690       1.918850       1.933440       1.955490       1.978390       2.005780       2.035360       2.070610       2.108130       2.146710    
   1.546810       1.546760       1.607390       1.728870       1.728490       1.742170       1.755640       1.756640       1.756160       1.776670       1.817970       1.818260       1.818740       1.820540       1.824970       1.833380       1.870350       1.898250       1.899080       1.905690       1.910290       1.919170       1.931680       1.948360       1.961600       1.987360       2.018300       2.052230       2.088290       2.127000    
   1.546810       1.607460       1.728870       1.728680       1.742460       1.756140       1.756640       1.756400       1.776860       1.817970       1.818110       1.818320       1.819180       1.821420       1.826300       1.855700       1.898670       1.899080       1.886690       1.889580       1.898510       1.914380       1.905180       1.921400       1.943950       1.970120       1.999800       2.032460       2.067190       2.102820    
   1.607490       1.728870       1.728780       1.742610       1.756390       1.756640       1.756520       1.776970       1.817970       1.818040       1.818140       1.818540       1.819640       1.808050       1.820240       1.850710       1.851160       1.855320       1.860490       1.852410       1.868860       1.879860       1.886740       1.903180       1.923770       1.948590       1.977310       2.009200       2.043220       2.090140    
   1.728870       1.728820       1.742680       1.756510       1.756640       1.756580       1.777020       1.817970       1.818010       1.818050       1.818240       1.818770       1.795350       1.765340       1.765290       1.802020       1.802300       1.803230       1.827130       1.839490       1.835950       1.833390       1.867050       1.881090       1.899880       1.923580       1.951760       1.983460       2.027830       2.060800    
   1.728850       1.742720       1.756580       1.756640       1.756610       1.777050       1.817970       1.817990       1.818010       1.818100       1.784400       1.733480       1.754600       1.765200       1.765390       1.765290       1.789350       1.801370       1.803230       1.813390       1.813650       1.817010       1.823760       1.856070       1.872870       1.895680       1.923870       1.964830       1.998820       2.032510    
   1.742740       1.756610       1.756640       1.756620       1.777070       1.817970       1.817980       1.817990       1.818030       1.777490       1.733480       1.733480       1.733480       1.754390       1.764930       1.765480       1.765290       1.787490       1.799510       1.803230       1.800720       1.800130       1.802990       1.811210       1.843210       1.865490       1.900860       1.935380       1.971150       2.006530    
   1.756620       1.756640       1.756630       1.777080       1.817970       1.817970       1.817980       1.816250       1.786260       1.733540       1.733480       1.733480       1.733480       1.733480       1.753780       1.764000       1.765680       1.765290       1.781930       1.795790       1.789310       1.784070       1.781900       1.785650       1.798570       1.836790       1.870280       1.907660       1.946030       1.983600    
   1.756640       1.756640       1.777080       1.817970       1.817970       1.830300       1.848760       1.829890       1.811020       1.759480       1.733650       1.733480       1.733480       1.733480       1.733480       1.752140       1.761040       1.766070       1.765290       1.763430       1.760000       1.755690       1.740480       1.753870       1.768200       1.796940       1.842150       1.883660       1.925020       1.964640    
   1.756640       1.777080       1.817970       1.817970       1.832780       1.848800       1.848800       1.848760       1.829900       1.811020       1.759760       1.733980       1.733480       1.733480       1.733480       1.733480       1.748360       1.751770       1.766840       1.763400       1.728490       1.729350       1.727070       1.725000       1.735900       1.773430       1.822500       1.864730       1.910170       1.950940    
