iMOD/TUTORIALS/TUT_MetaswapAnalyser/model_MetaSWAP/meteo/Precipitation/Precipitation_20050815_L1.ASC
NCOLS                30
NROWS                30
XLLCORNER     160000.00
YLLCORNER     340000.00
CELLSIZE        1000.00
NODATA_VALUE   -9999.00
   0.000000       0.000000       0.000000       0.000000       0.000000       0.000000       0.000000       0.000000       0.000000       0.000000       0.000000       0.000000       0.000000       0.000000       0.000000      0.2985000E-01  0.3127000E-01  0.2985000E-01  0.2985000E-01  0.2985000E-01  0.2985000E-01  0.2867000E-01  0.2867000E-01  0.2987000E-01  0.2987000E-01  0.2925000E-01   0.000000       0.000000       0.000000       0.000000    
   0.000000       0.000000       0.000000       0.000000       0.000000       0.000000       0.000000       0.000000       0.000000       0.000000       0.000000       0.000000       0.000000       0.000000      0.2929000E-01  0.3119000E-01  0.3110000E-01  0.3385000E-01  0.3235000E-01  0.3238000E-01  0.3238000E-01  0.3099000E-01  0.3099000E-01  0.3240000E-01  0.3229000E-01  0.3077000E-01  0.2770000E-01   0.000000       0.000000       0.000000    
   0.000000       0.000000       0.000000       0.000000       0.000000       0.000000       0.000000       0.000000       0.000000       0.000000       0.000000       0.000000       0.000000       0.000000      0.3100000E-01  0.3225000E-01  0.3179000E-01  0.3193000E-01  0.3259000E-01  0.3344000E-01  0.3236000E-01  0.3099000E-01  0.3240000E-01  0.3240000E-01  0.3212000E-01  0.3013000E-01   0.000000       0.000000       0.000000       0.000000    
   0.000000       0.000000       0.000000       0.000000       0.000000       0.000000       0.000000       0.000000       0.000000       0.000000       0.000000       0.000000       0.000000      0.2913000E-01  0.2900000E-01  0.2877000E-01  0.2785000E-01  0.2812000E-01  0.2947000E-01  0.3135000E-01  0.3307000E-01  0.3400000E-01  0.3240000E-01  0.3404000E-01  0.3370000E-01  0.3142000E-01   0.000000       0.000000       0.000000       0.000000    
   0.000000       0.000000       0.000000       0.000000       0.000000       0.000000       0.000000       0.000000       0.000000       0.000000       0.000000       0.000000      0.2768000E-01  0.2922000E-01   0.000000       0.000000       0.000000       0.000000       0.000000      0.2957000E-01  0.3488000E-01  0.3753000E-01  0.3599000E-01  0.3404000E-01  0.3385000E-01  0.3197000E-01  0.2833000E-01   0.000000       0.000000       0.000000    
   0.000000       0.000000       0.000000       0.000000       0.000000       0.000000       0.000000       0.000000       0.000000      0.2975000E-01  0.3070000E-01  0.3180000E-01  0.2943000E-01   0.000000       0.000000       0.000000       0.000000       0.000000       0.000000       0.000000      0.3237000E-01  0.3633000E-01  0.3591000E-01  0.3599000E-01  0.3598000E-01  0.3291000E-01  0.3024000E-01   0.000000       0.000000       0.000000    
   0.000000       0.000000       0.000000       0.000000       0.000000       0.000000       0.000000       0.000000      0.3341000E-01  0.3335000E-01  0.3379000E-01  0.3350000E-01  0.3087000E-01   0.000000       0.000000       0.000000       0.000000       0.000000       0.000000       0.000000      0.3050000E-01  0.3536000E-01  0.3802000E-01  0.3599000E-01  0.3599000E-01  0.3569000E-01  0.3132000E-01  0.2912000E-01   0.000000       0.000000    
   0.000000       0.000000       0.000000       0.000000       0.000000      0.2828000E-01   0.000000      0.3505000E-01  0.3499000E-01  0.3498000E-01  0.3504000E-01  0.3391000E-01  0.3060000E-01   0.000000       0.000000       0.000000       0.000000       0.000000       0.000000       0.000000      0.2998000E-01  0.3509000E-01  0.3794000E-01  0.3599000E-01  0.3599000E-01  0.3299000E-01  0.3267000E-01  0.3164000E-01  0.3213000E-01  0.3112000E-01
  0.2794000E-01   0.000000       0.000000       0.000000      0.2828000E-01  0.2828000E-01   0.000000      0.3505000E-01  0.3505000E-01  0.3505000E-01  0.3505000E-01  0.3418000E-01  0.3123000E-01  0.3007000E-01   0.000000       0.000000       0.000000       0.000000       0.000000       0.000000      0.3102000E-01  0.3563000E-01  0.3810000E-01  0.3599000E-01  0.3299000E-01  0.3299000E-01  0.3299000E-01  0.3498000E-01  0.3456000E-01  0.3417000E-01
  0.2794000E-01   0.000000       0.000000      0.3003000E-01  0.2828000E-01  0.2828000E-01  0.3505000E-01  0.3505000E-01  0.3505000E-01  0.3505000E-01  0.3505000E-01  0.3468000E-01  0.3256000E-01  0.3072000E-01   0.000000       0.000000       0.000000       0.000000       0.000000      0.3258000E-01  0.3664000E-01  0.3684000E-01  0.3832000E-01  0.3835000E-01  0.3299000E-01  0.3299000E-01  0.3506000E-01  0.3506000E-01  0.3506000E-01  0.3506000E-01
  0.1862670E-01  0.9313330E-02  0.1501500E-01  0.3003000E-01  0.3003000E-01  0.3763000E-01  0.3505000E-01  0.3505000E-01  0.3505000E-01  0.3505000E-01  0.3505000E-01  0.3504000E-01  0.3643000E-01  0.3909000E-01  0.4185000E-01  0.4063000E-01  0.3968000E-01  0.4327000E-01  0.4762000E-01  0.5069000E-01  0.5137000E-01  0.4999000E-01  0.4776000E-01  0.4409000E-01  0.4812000E-01  0.4084000E-01  0.4084000E-01  0.4084000E-01  0.4084000E-01  0.3506000E-01
  0.1862670E-01  0.1824620E-01  0.3003000E-01  0.3274000E-01  0.3003000E-01  0.4087000E-01  0.3763000E-01  0.3505000E-01  0.3505000E-01  0.3505000E-01  0.4083000E-01  0.4083000E-01  0.4394000E-01  0.4789000E-01  0.5390000E-01  0.5910000E-01  0.6628000E-01  0.7038000E-01  0.7411000E-01  0.7224000E-01  0.6582000E-01  0.5728000E-01  0.5096000E-01  0.4814000E-01  0.4812000E-01  0.4409000E-01  0.4409000E-01  0.4409000E-01  0.4409000E-01  0.4409000E-01
  0.2293460E-01  0.3003000E-01  0.3477250E-01  0.3545000E-01  0.4087000E-01  0.3763000E-01  0.3763000E-01  0.3763000E-01  0.4409000E-01  0.4083000E-01  0.4083000E-01  0.4812000E-01  0.4837000E-01  0.5293000E-01  0.6580000E-01  0.7896000E-01  0.9485000E-01  0.1087200      0.1087400      0.1024900      0.8215000E-01  0.6624000E-01  0.5490000E-01  0.4896000E-01  0.4812000E-01  0.4812000E-01  0.4409000E-01  0.4409000E-01  0.4409000E-01  0.4409000E-01
  0.3003000E-01  0.3595810E-01  0.3816000E-01  0.4087000E-01  0.3871000E-01  0.3763000E-01  0.4409000E-01  0.4409000E-01  0.4409000E-01  0.4812000E-01  0.4812000E-01  0.4812000E-01  0.4910000E-01  0.5587000E-01  0.6935000E-01  0.9362000E-01  0.1240300      0.1489000      0.1528200      0.1237600      0.9593000E-01  0.7364000E-01  0.7336000E-01  0.6474000E-01  0.6261000E-01  0.6261000E-01  0.5695000E-01  0.5695000E-01  0.5695000E-01  0.5678000E-01
  0.3659330E-01  0.3951500E-01  0.4087000E-01  0.3907000E-01  0.3763000E-01  0.4497670E-01  0.5321000E-01  0.5321000E-01  0.5321000E-01  0.5321000E-01  0.5975000E-01  0.5975000E-01  0.6117000E-01  0.6904000E-01  0.8388000E-01  0.1038100      0.1343700      0.1748600      0.1836300      0.1527500      0.1188800      0.9566000E-01  0.7931000E-01  0.6974000E-01  0.6701000E-01  0.6701000E-01  0.6701000E-01  0.6106000E-01  0.6106000E-01  0.6642000E-01
  0.4019250E-01  0.4087000E-01  0.3919000E-01  0.3763000E-01  0.4527220E-01  0.5321000E-01  0.5321000E-01  0.5321000E-01  0.5484500E-01  0.5975000E-01  0.5975000E-01  0.5975000E-01  0.6084000E-01  0.6798000E-01  0.8992000E-01  0.1094300      0.1438300      0.1644300      0.1677100      0.1492000      0.1271700      0.9993000E-01  0.8521000E-01  0.7654000E-01  0.7430000E-01  0.7430000E-01  0.7430000E-01  0.7430000E-01  0.6701000E-01  0.6645000E-01
  0.4087000E-01  0.3923000E-01  0.3763000E-01  0.4537070E-01  0.5321000E-01  0.5321000E-01  0.5321000E-01  0.5525380E-01  0.5975000E-01  0.5975000E-01  0.6068200E-01  0.5975000E-01  0.6845000E-01  0.7353000E-01  0.9624000E-01  0.1102500      0.1277800      0.1395100      0.1410100      0.1311600      0.1162500      0.1018100      0.9069000E-01  0.7532000E-01  0.7430000E-01  0.7430000E-01  0.7430000E-01  0.7430000E-01  0.7430000E-01  0.7293000E-01
  0.3924330E-01  0.3763000E-01  0.4540360E-01  0.5321000E-01  0.5321000E-01  0.5321000E-01  0.5535590E-01  0.5975000E-01  0.5975000E-01  0.6133440E-01  0.6208000E-01  0.6441000E-01  0.6441000E-01  0.8287000E-01  0.8936000E-01  0.9865000E-01  0.1107500      0.1174900      0.1183000      0.1127600      0.1035300      0.9398000E-01  0.8670000E-01  0.8345000E-01  0.7430000E-01  0.7430000E-01  0.7430000E-01  0.7430000E-01  0.7430000E-01  0.8191000E-01
  0.3763000E-01  0.4541450E-01  0.5321000E-01  0.5321000E-01  0.5321000E-01  0.5538150E-01  0.5975000E-01  0.5975000E-01  0.6169790E-01  0.6324500E-01  0.6441000E-01  0.6441000E-01  0.7314250E-01  0.8088000E-01  0.8358000E-01  0.8863000E-01  0.9410000E-01  0.1003700      0.1008200      0.9777000E-01  0.9257000E-01  0.8726000E-01  0.8385000E-01  0.8340000E-01  0.8340000E-01  0.8340000E-01  0.7430000E-01  0.7430000E-01  0.8191000E-01  0.9304000E-01
  0.4541820E-01  0.5321000E-01  0.5321000E-01  0.5321000E-01  0.5538790E-01  0.5975000E-01  0.5975000E-01  0.6188710E-01  0.6382750E-01  0.6441000E-01  0.6441000E-01  0.7071060E-01  0.8088000E-01  0.8223000E-01  0.8436330E-01  0.8877000E-01  0.9436670E-01  0.9843000E-01  0.9402800E-01  0.8770000E-01  0.8543000E-01  0.8364000E-01  0.8340000E-01  0.8340000E-01  0.8340000E-01  0.8340000E-01  0.9494000E-01  0.1073900      0.1083000      0.9496000E-01
  0.5321000E-01  0.5321000E-01  0.5321000E-01  0.5538950E-01  0.5975000E-01  0.5975000E-01  0.6198320E-01  0.6411880E-01  0.6441000E-01  0.6441000E-01  0.7010270E-01  0.8088000E-01  0.8155500E-01  0.8249110E-01  0.8512110E-01  0.8916670E-01  0.9385560E-01  0.9117890E-01  0.8559000E-01  0.8348000E-01  0.8340000E-01  0.8340000E-01  0.8340000E-01  0.9494000E-01  0.9494000E-01  0.9494000E-01  0.1083000      0.1083000      0.1107500      0.1161600    
  0.5321000E-01  0.5321000E-01  0.5538990E-01  0.5975000E-01  0.5975000E-01  0.6203150E-01  0.6426440E-01  0.6441000E-01  0.6441000E-01  0.6995070E-01  0.8088000E-01  0.8121750E-01  0.8164200E-01  0.8305570E-01  0.8559300E-01  0.8938110E-01  0.8844320E-01  0.8453500E-01  0.8348000E-01  0.8727330E-01  0.9494000E-01  0.9494000E-01  0.9494000E-01  0.9494000E-01  0.9667000E-01  0.1244900      0.1244900      0.1282500      0.1384800      0.1354600    
  0.5321000E-01  0.5539000E-01  0.5975000E-01  0.5975000E-01  0.6205570E-01  0.6433720E-01  0.6441000E-01  0.6441000E-01  0.6991270E-01  0.8088000E-01  0.8104870E-01  0.8124650E-01  0.8197180E-01  0.8343020E-01  0.8600990E-01  0.9393300E-01  0.8400750E-01  0.8348000E-01  0.1001730      0.1027650      0.1046780      0.1112000      0.1117200      0.1117200      0.1244900      0.1576600      0.1594500      0.1702600      0.1883900      0.2098200    
  0.5539000E-01  0.5975000E-01  0.5975000E-01  0.6206790E-01  0.6437360E-01  0.6441000E-01  0.6441000E-01  0.6990320E-01  0.8088000E-01  0.8096440E-01  0.8105840E-01  0.8142230E-01  0.8221620E-01  0.1096730      0.1221950      0.1224040      0.1222400      0.1226490      0.1227970      0.1271750      0.1105900      0.1117200      0.1576600      0.1576600      0.1576600      0.1576600      0.1635400      0.1808300      0.2075100      0.2573600    
  0.5975000E-01  0.5975000E-01  0.6207390E-01  0.6439180E-01  0.6441000E-01  0.6441000E-01  0.6990080E-01  0.8088000E-01  0.8092220E-01  0.8096760E-01  0.8114840E-01  0.8156560E-01  0.1295950      0.1872760      0.1872800      0.1601140      0.1609650      0.1610000      0.1457970      0.1384500      0.1437600      0.1610000      0.1576600      0.1576600      0.1576400      0.1578800      0.1671000      0.1889000      0.2409300      0.2806700    
  0.5975000E-01  0.6207700E-01  0.6440090E-01  0.6441000E-01  0.6441000E-01  0.6990020E-01  0.8088000E-01  0.8090110E-01  0.8092330E-01  0.8101270E-01  0.1485680      0.2495800      0.2081440      0.1873850      0.1872730      0.1872800      0.1699690      0.1609300      0.1610000      0.1565630      0.1610000      0.1608000      0.1599800      0.1559600      0.1556700      0.1563800      0.1671900      0.2116500      0.2445900      0.2873500    
  0.6207850E-01  0.6440540E-01  0.6441000E-01  0.6441000E-01  0.6990010E-01  0.8088000E-01  0.8089060E-01  0.8090150E-01  0.8094570E-01  0.1619330      0.2495800      0.2495800      0.2495800      0.2083330      0.1876020      0.1872650      0.1872800      0.1706670      0.1608600      0.1610000      0.1604900      0.1586000      0.1561600      0.1541500      0.1506800      0.1515900      0.1813300      0.2039900      0.2357300      0.2726400    
  0.6440770E-01  0.6441000E-01  0.6441000E-01  0.6990000E-01  0.8088000E-01  0.8088530E-01  0.8089070E-01  0.1382440      0.1922590      0.2496210      0.2495800      0.2495800      0.2495800      0.2495800      0.2088780      0.1882620      0.1872500      0.1872800      0.1735280      0.1607200      0.1584500      0.1545400      0.1500100      0.1462800      0.1612400      0.1597700      0.1690000      0.1892500      0.2166700      0.2458900    
  0.6441000E-01  0.6441000E-01  0.6990000E-01  0.8088000E-01  0.8088260E-01  0.2166860      0.4203900      0.3653140      0.3102400      0.2699110      0.2497040      0.2495800      0.2495800      0.2495800      0.2495800      0.2104060      0.1902570      0.1872200      0.1872800      0.1851100      0.1786200      0.1690300      0.1741300      0.1481500      0.1445700      0.1489900      0.1556000      0.1728200      0.1950600      0.2171800    
  0.6441000E-01  0.6990000E-01  0.8088000E-01  0.8088130E-01  0.2438410      0.4203840      0.4203840      0.4203900      0.3653130      0.3102400      0.2701220      0.2499510      0.2495800      0.2495800      0.2495800      0.2495800      0.2145380      0.1962700      0.1871600      0.1833200      0.1969500      0.1797800      0.1596200      0.1401600      0.1311600      0.1420900      0.1619400      0.1642800      0.1775800      0.1937500    
