iMOD/TUTORIALS/TUT_MetaswapAnalyser/model_MetaSWAP/meteo/Precipitation/Precipitation_20050304_L1.ASC
NCOLS                30
NROWS                30
XLLCORNER     160000.00
YLLCORNER     340000.00
CELLSIZE        1000.00
NODATA_VALUE   -9999.00
   2.791860       2.692390       2.599890       2.523400       2.491350       2.529100       2.660670       2.841980       3.012340       3.045100       2.910890       2.736600       2.566390       2.408810       2.271210       2.159690       2.075300       2.001330       1.943440       1.902300       1.875590       1.863560       1.858930       1.869790       1.878240       1.891410       1.908230       1.927990       1.950390       1.979320    
   2.841110       2.762210       2.696850       2.654990       2.661210       2.718230       2.843840       3.026290       3.250100       3.297020       3.058760       2.845050       2.653980       2.487900       2.341210       2.227590       2.125020       2.042610       1.983350       1.938760       1.908880       1.893540       1.885850       1.893140       1.898630       1.908860       1.922740       1.939490       1.957180       1.982770    
   2.895990       2.834650       2.789790       2.779850       2.792120       2.850890       2.957020       3.098170       3.233370       3.236210       3.076300       2.881420       2.697630       2.527110       2.377570       2.258150       2.153100       2.069790       2.006690       1.961220       1.933530       1.917050       1.915650       1.913390       1.916950       1.925020       1.934860       1.949310       1.969080       1.986090    
   2.948800       2.900420       2.868550       2.866780       2.882980       2.930610       3.005440       3.089530       3.147570       3.126470       3.016210       2.860360       2.694240       2.532950       2.386630       2.265150       2.160630       2.078690       2.017910       1.974960       1.946120       1.939170       1.931790       1.927310       1.930090       1.937100       1.947440       1.960320       1.977880       1.992680    
   2.995590       2.955380       2.936220       2.926870       2.937900       2.968410       3.011570       3.052400       3.066060       3.029400       2.935870       2.807180       2.661030       2.511900       2.372670       2.250350       2.145600       2.067490       2.012420       1.975040       1.959090       1.943980       1.938990       1.939350       1.942070       1.948590       1.958250       1.974510       1.988040       2.004670    
   3.034520       3.000400       2.975580       2.964130       2.966170       2.979040       2.995990       3.005550       2.980520       2.939730       2.857500       2.745410       2.615260       2.477610       2.339690       2.217450       2.115400       2.044060       1.999720       1.971500       1.960710       1.949650       1.946790       1.946030       1.949220       1.957530       1.966990       1.983090       1.997100       2.014500    
   3.058770       3.025100       2.999760       2.983700       2.976090       2.973350       2.969910       2.939550       2.917410       2.865090       2.786180       2.684200       2.565880       2.438420       2.302040       2.178580       2.070090       2.009980       1.983060       1.971420       1.960000       1.952700       1.949220       1.952190       1.955810       1.962470       1.976720       1.988240       2.003410       2.020650    
   3.085260       3.039270       3.012210       2.990670       2.973640       2.930880       2.914090       2.896320       2.857680       2.800520       2.723580       2.628730       2.520000       2.402460       2.270600       2.151250       2.033710       1.988960       1.978360       1.968160       1.960240       1.955040       1.952730       1.956220       1.959980       1.971670       1.980340       1.991570       2.009710       2.025000    
   3.093090       3.045170       3.014880       2.988580       2.927980       2.905450       2.877750       2.850840       2.804960       2.744870       2.669790       2.580890       2.480930       2.355720       2.251250       2.148290       2.059630       2.007640       1.984700       1.971580       1.962950       1.957610       1.955230       1.958540       1.967250       1.973010       1.981190       1.996980       2.008990       2.023580    
   3.094200       3.044830       3.011600       2.935990       2.907460       2.877500       2.850120       2.809030       2.758560       2.697050       2.624090       2.540650       2.448920       2.329860       2.240140       2.153620       2.077760       2.028140       1.997730       1.979290       1.967820       1.960210       1.956750       1.956310       1.966920       1.971920       1.984780       1.993710       2.004940       2.018530    
   3.090260       3.050210       2.977500       2.917600       2.884350       2.862510       2.816560       2.770970       2.717760       2.655930       2.585360       2.506950       2.388540       2.321110       2.230050       2.155730       2.091420       2.041280       2.005530       1.981300       1.965310       1.955170       1.949380       1.951420       1.957920       1.962810       1.968660       1.976910       1.987580       2.009970    
   3.091040       3.008890       2.917600       2.878020       2.859810       2.835050       2.784980       2.736510       2.681870       2.620460       2.571510       2.494710       2.380270       2.290650       2.221500       2.154930       2.095880       2.047370       2.010550       1.984380       1.966530       1.954720       1.955750       1.952490       1.951920       1.956940       1.961480       1.968390       1.977690       1.989350    
   3.037360       2.917600       2.875250       2.855060       2.850310       2.801070       2.755420       2.705400       2.678850       2.614830       2.546120       2.400370       2.339190       2.275400       2.212250       2.150570       2.094320       2.046390       2.009320       1.983350       1.970230       1.958750       1.951030       1.946270       1.944090       1.944330       1.950340       1.955580       1.963230       1.973280    
   2.917600       2.873960       2.852680       2.850310       2.808850       2.775180       2.766260       2.712500       2.654440       2.597010       2.529780       2.378030       2.321010       2.261760       2.202050       2.144250       2.089360       2.039690       2.002250       1.981400       1.965720       1.953860       1.962840       1.959440       1.957740       1.957680       1.961740       1.965210       1.970440       1.977470    
   2.873340       2.851500       2.850310       2.811450       2.775180       2.767000       2.759550       2.704190       2.645210       2.582640       2.412970       2.362170       2.308190       2.252170       2.195410       2.139040       2.084200       2.032620       1.994580       1.984500       1.974680       1.966500       1.959760       1.954410       1.950460       1.947980       1.947080       1.950350       1.953040       1.960460    
   2.850900       2.850310       2.812310       2.775180       2.767240       2.759550       2.731870       2.702980       2.592860       2.439420       2.394600       2.346330       2.295360       2.242600       2.195870       2.142150       2.089760       2.042250       2.008460       1.991100       1.979230       1.967510       1.958520       1.950760       1.944230       1.939030       1.935310       1.933230       1.935240       1.936920    
   2.850310       2.812600       2.775180       2.767320       2.759550       2.745710       2.731470       2.616780       2.439420       2.417010       2.363130       2.333380       2.294120       2.244880       2.191550       2.144590       2.098230       2.056680       2.023990       2.000930       1.983890       1.969920       1.957750       1.944410       1.934450       1.925820       1.918670       1.913230       1.909740       1.904850    
   2.812700       2.775180       2.767350       2.759550       2.752630       2.745580       2.633350       2.439420       2.428220       2.367820       2.317650       2.301910       2.263280       2.236550       2.193680       2.150850       2.107800       2.069490       2.036990       2.010700       1.989250       1.970950       1.954670       1.939840       1.923770       1.911270       1.900280       1.891060       1.883950       1.874070    
   2.775180       2.767360       2.759550       2.756090       2.752590       2.642740       2.439420       2.433820       2.369430       2.309780       2.301910       2.282590       2.259670       2.236930       2.197360       2.157860       2.119840       2.080360       2.047640       2.019060       1.994050       1.971710       1.951260       1.932240       1.914440       1.897870       1.880310       1.866910       1.850720       1.833270    
   2.767360       2.759550       2.757820       2.756080       2.647710       2.439420       2.436620       2.370080       2.305840       2.301910       2.292250       2.270280       2.236930       2.217140       2.197380       2.158350       2.119350       2.082610       2.040880       2.025880       1.997830       1.971810       1.947330       1.924080       1.901900       1.880830       1.849930       1.823220       1.811090       1.802130    
   2.759550       2.758690       2.757820       2.650260       2.439420       2.438020       2.370380       2.303880       2.301910       2.297080       2.275340       2.236930       2.227040       2.217150       2.190960       2.158360       2.120110       2.060590       2.028670       2.031450       2.000670       1.971230       1.942890       1.903080       1.877140       1.852070       1.823070       1.800600       1.780830       1.764650    
   2.759120       2.758680       2.651540       2.439420       2.438720       2.370520       2.302890       2.301910       2.299500       2.277820       2.236930       2.231980       2.227040       2.211720       2.188830       2.156480       2.080110       2.030060       2.031450       2.006290       1.986760       1.955680       1.924920       1.894480       1.866190       1.831820       1.802370       1.774610       1.749260       1.727540    
   2.759120       2.652190       2.439420       2.439070       2.370600       2.302400       2.301910       2.300700       2.279040       2.236930       2.234460       2.231980       2.223580       2.209190       2.185670       2.101590       2.030750       2.031450       2.007560       1.992520       1.970180       1.954560       1.922180       1.888070       1.851730       1.816600       1.782230       1.749000       1.717540       1.689240    
   2.652520       2.439420       2.439240       2.370630       2.302160       2.301910       2.301310       2.279650       2.236930       2.235690       2.234460       2.230010       2.221590       2.186920       2.127380       2.051970       2.051770       2.027470       1.999500       1.999970       1.998270       1.955640       1.922060       1.881680       1.841750       1.802300       1.763310       1.724830       1.687160       1.659870    
   2.439420       2.439330       2.370650       2.302030       2.301910       2.301610       2.279950       2.236930       2.236310       2.235690       2.233390       2.228680       2.179670       2.129750       2.129240       2.086640       2.073390       2.072100       2.026760       2.006010       2.001670       1.970060       1.920230       1.876360       1.832830       1.789660       1.746750       1.703870       1.668480       1.623890    
   2.439380       2.370660       2.301970       2.301910       2.301760       2.280100       2.236930       2.236620       2.236310       2.235130       2.210120       2.176410       2.145590       2.130100       2.130260       2.129240       2.092150       2.074680       2.072100       2.028950       2.018080       1.971620       1.924690       1.872080       1.825290       1.779060       1.733250       1.694010       1.647300       1.599070    
   2.370660       2.301940       2.301910       2.301830       2.280170       2.236930       2.236780       2.236620       2.236020       2.206880       2.176410       2.176410       2.176410       2.146080       2.130800       2.131290       2.129240       2.092570       2.077250       2.072100       2.023950       1.974360       1.923930       1.873480       1.819080       1.770470       1.727710       1.681270       1.634430       1.587830    
   2.301930       2.301910       2.301870       2.280210       2.236930       2.236850       2.236780       2.253590       2.230070       2.176480       2.176410       2.176410       2.176410       2.176410       2.146850       2.131870       2.133330       2.129240       2.091710       2.082400       2.031640       1.978700       1.924450       1.870180       1.817700       1.765850       1.719120       1.672980       1.627670       1.584600    
   2.301910       2.301890       2.280230       2.236930       2.236890       2.264050       2.304860       2.304910       2.304960       2.219460       2.176630       2.176410       2.176410       2.176410       2.176410       2.147840       2.133050       2.137420       2.129240       2.083090       2.032910       1.979100       1.913240       1.863310       1.811160       1.762130       1.712800       1.667540       1.623940       1.583580    
   2.301900       2.280240       2.236930       2.236910       2.269510       2.304850       2.304850       2.304860       2.304910       2.304960       2.219840       2.177070       2.176410       2.176410       2.176410       2.176410       2.148570       2.132490       2.145600       2.098520       2.022250       1.973060       1.918450       1.860390       1.804480       1.756450       1.711560       1.664810       1.621050       1.581920    
