iMOD/TUTORIALS/TUT_MetaswapAnalyser/model_MetaSWAP/meteo/Precipitation/Precipitation_20050915_L1.ASC
NCOLS                30
NROWS                30
XLLCORNER     160000.00
YLLCORNER     340000.00
CELLSIZE        1000.00
NODATA_VALUE   -9999.00
   12.83260       12.80750       12.77450       12.72880       12.66420       12.54570       12.37740       12.18620       12.02670       12.03130       12.24430       12.51360       12.78490       13.03690       13.26740       13.56380       13.73930       13.86260       13.94250       13.97860       13.97430       13.97170       13.90360       13.80970       13.69200       13.55790       13.41580       13.28000       13.17620       13.14820    
   12.91600       12.89000       12.85730       12.80290       12.72930       12.61030       12.45190       12.25970       12.04120       12.04370       12.39390       12.72960       13.04770       13.40800       13.68230       13.91960       14.10100       14.19840       14.26220       14.27550       14.24290       14.20610       14.10550       13.97800       13.82600       13.65430       13.46780       13.27580       13.08970       12.98820    
   13.01710       12.99240       12.95670       12.91530       12.84260       12.74230       12.61840       12.48280       12.36850       12.43580       12.71170       13.04510       13.42790       13.75870       14.04810       14.29970       14.48850       14.60740       14.65650       14.64370       14.57770       14.50590       14.37450       14.21560       14.03390       13.83140       13.59850       13.36040       13.11060       12.87690    
   13.13090       13.11150       13.08320       13.05260       12.99770       12.93080       12.85910       12.80300       12.78140       12.89140       13.12580       13.44730       13.80750       14.15310       14.47630       14.75130       14.95220       15.06440       15.08930       15.04250       14.94310       14.80500       14.67340       14.47880       14.27880       14.06240       13.82950       13.57980       13.31430       13.04080    
   13.25710       13.24650       13.23970       13.21620       13.18780       13.15890       13.13970       13.12440       13.18300       13.32440       13.54620       13.86090       14.21480       14.57890       14.93700       15.24520       15.45910       15.55960       15.54670       15.45370       15.31170       15.14160       14.98810       14.78560       14.57890       14.36500       14.14620       13.92900       13.72660       13.59530    
   13.39370       13.40210       13.40030       13.39780       13.39750       13.40530       13.43080       13.46110       13.42800       13.68470       13.94180       14.25960       14.62010       15.00670       15.39900       15.76030       16.02050       16.10230       16.02770       15.87440       15.68770       15.48770       15.31510       15.11200       14.91060       14.71060       14.52520       14.36240       14.24270       14.21330    
   13.57260       13.55500       13.57000       13.58870       13.61400       13.65390       13.71630       13.57440       13.82080       14.03010       14.29780       14.62050       14.98980       15.39310       15.82320       16.25890       16.61810       16.65440       16.47360       16.25400       16.03020       15.81050       15.59850       15.43150       15.24610       15.07810       14.93650       14.83040       14.78010       14.81740    
   13.59390       13.74780       13.74190       13.78030       13.82970       13.78140       13.67810       13.92860       14.10540       14.32960       14.60390       14.92730       15.29540       15.70060       16.13970       16.60750       17.08590       17.04450       16.79050       16.54480       16.31030       16.08890       15.88320       15.73070       15.56960       15.43790       15.34010       15.28930       15.29660       15.38680    
   13.73540       13.90800       13.95170       13.96880       13.88600       13.98450       13.87130       14.15780       14.34860       14.58040       14.85500       15.17160       15.52630       15.90840       16.31550       16.71550       17.02220       17.07140       16.92420       16.72180       16.51130       16.30860       16.12210       15.99350       15.86400       15.76770       15.71480       15.70990       15.77430       15.91020    
   13.87360       14.06480       14.12120       13.99560       14.05240       14.16620       14.18680       14.35220       14.54990       14.78250       15.05090       15.35320       15.68440       16.03240       16.38320       16.70300       16.92940       17.00400       16.94150       16.80320       16.63560       16.46480       16.30630       16.17100       16.11010       16.05130       16.03560       16.08260       16.19400       16.37390    
   13.92440       14.01990       14.07930       14.13550       14.23930       14.47680       14.34130       14.51200       14.71060       14.93840       15.19510       15.47790       15.77690       16.24840       16.50660       16.72720       16.87360       16.91960       16.86920       16.75240       16.60300       16.44780       16.30550       16.19040       16.10590       16.12260       16.15200       16.24430       16.40550       16.76420    
   13.92680       14.03980       14.13550       14.35130       14.36980       14.66350       14.49840       14.63860       14.83330       15.05200       15.58220       15.80310       16.06390       16.29360       16.50140       16.67880       16.79870       16.84460       16.81610       16.72910       16.60920       16.48100       16.35950       16.26900       16.21750       16.26510       16.32610       16.45320       16.65250       16.92710    
   13.98900       14.13550       14.41570       14.51530       14.66080       14.45230       14.59930       14.76510       15.36900       15.50630       15.68820       15.92670       16.11720       16.30520       16.47460       16.62050       16.72280       16.76840       16.74970       16.67590       16.56980       16.45900       16.36090       16.29020       16.25920       16.27890       16.41450       16.56830       16.79810       17.10890    
   14.13550       14.45000       14.58800       14.66080       14.54800       14.53100       15.23240       15.35300       15.48710       15.63460       15.79160       15.97980       16.13910       16.29360       16.43490       16.55020       16.63780       16.68690       16.67230       16.59400       16.49290       16.39130       16.30590       16.24790       16.23000       16.26330       16.40950       16.57920       16.82840       17.16410    
   14.46770       14.62440       14.66080       14.57990       14.53100       15.03970       15.35560       15.46520       15.58470       15.71270       15.90780       16.03520       16.16170       16.28190       16.38980       16.45990       16.53470       16.59010       16.57740       16.48000       16.37880       16.28260       16.20260       16.15020       16.13690       16.17370       16.27140       16.49400       16.74690       17.10270    
   14.64260       14.66080       14.59060       14.53100       14.97540       15.35560       15.41040       15.46850       15.65220       15.84620       15.94730       16.04900       16.14740       16.23800       16.34350       16.40220       16.40800       16.42780       16.39960       16.32200       16.22860       16.12860       16.04940       15.99580       15.97870       16.00920       16.09830       16.25700       16.54750       16.87620    
   14.66080       14.59410       14.53100       14.95400       15.35560       15.38300       15.41150       15.59430       15.84620       15.89670       15.99580       16.04990       16.15910       16.22090       16.22110       16.25810       16.26020       16.24940       16.20400       16.12700       16.03330       15.93800       15.85340       15.77900       15.74760       15.75990       15.82700       15.95990       16.16950       16.51980    
   14.59530       14.53100       14.94690       15.35560       15.36930       15.38340       15.55880       15.84620       15.87150       15.97880       16.06830       16.08680       16.13390       16.10530       16.13160       16.14040       16.10880       16.07150       16.00730       15.91950       15.81700       15.71080       15.61180       15.53030       15.46490       15.44880       15.48200       15.57550       15.74000       15.99220    
   14.53100       14.94450       15.35560       15.36250       15.36940       15.53940       15.84620       15.85880       15.97220       16.07760       16.08680       16.11030       16.09200       16.04190       16.04200       16.02410       15.98590       15.89880       15.81380       15.70880       15.59030       15.46640       15.34620       15.23880       15.15350       15.10030       15.07800       15.12030       15.23380       15.40890    
   14.94370       15.35560       15.35900       15.36250       15.52940       15.84620       15.85250       15.96920       16.08220       16.08680       16.09860       16.08280       16.04190       16.04200       16.03600       16.01730       15.96960       15.89950       15.64530       15.50150       15.36180       15.21480       15.06780       14.92860       14.80540       14.70690       14.63320       14.62210       14.71900       14.81150    
   15.35560       15.35730       15.35900       15.52430       15.84620       15.84940       15.96780       16.08450       16.08680       16.09270       16.07750       16.04190       16.04190       16.03990       16.03180       16.00760       15.96210       15.64410       15.40260       15.30370       15.13960       14.96590       14.78840       14.60190       14.43730       14.28930       14.23850       14.14880       14.10570       14.12460    
   15.35650       15.35730       15.52170       15.84620       15.84780       15.96720       16.08560       16.08680       16.08970       16.07470       16.04190       16.04190       16.04130       16.03790       16.02650       16.00050       15.65420       15.35320       15.30370       15.11940       14.91480       14.71470       14.50650       14.29550       14.15460       13.95810       13.77200       13.60880       13.48200       13.41150    
   15.35650       15.52040       15.84620       15.84700       15.96680       16.08620       16.08680       16.08830       16.07330       16.04190       16.04190       16.04170       16.04030       16.03520       16.02160       15.60420       15.32840       15.30370       14.94320       14.76390       14.62490       14.50190       14.32600       14.07850       13.82910       13.57700       13.32930       13.09190       12.87660       12.70640    
   15.51980       15.84620       15.84660       15.96670       16.08650       16.08680       16.08750       16.07260       16.04190       16.04190       16.04180       16.04130       16.03910       15.78890       15.44110       15.02060       15.01140       14.83890       14.63130       14.58580       14.61300       14.37990       14.10820       13.82740       13.53790       13.24180       12.94030       12.63570       12.33390       12.01430    
   15.84620       15.84640       15.96660       16.08670       16.08680       16.08720       16.07220       16.04190       16.04190       16.04190       16.04170       16.04070       15.59990       15.06260       15.05850       14.90650       14.72210       14.71920       14.59700       14.54410       14.55850       14.26900       13.92960       13.61920       13.29840       12.96830       12.62740       12.27320       11.86960       11.49400    
   15.84630       15.96650       16.08670       16.08680       16.08700       16.07200       16.04190       16.04190       16.04190       16.04180       15.98230       15.89350       15.34380       15.06770       15.06670       15.05850       14.83390       14.72490       14.71920       14.53880       14.46090       14.15610       13.83350       13.46160       13.11880       12.76860       12.40850       12.00390       11.61070       11.19490    
   15.96650       16.08680       16.08680       16.08690       16.07190       16.04190       16.04190       16.04190       16.04190       15.97060       15.89350       15.89350       15.89350       15.35130       15.07790       15.07500       15.05850       14.83300       14.73060       14.71920       14.41680       14.08950       13.74410       13.38890       13.00230       12.64720       12.26790       11.90120       11.52830       11.15650    
   16.08680       16.08680       16.08680       16.07190       16.04190       16.04190       16.04190       16.32690       16.24260       15.89420       15.89350       15.89350       15.89350       15.89350       15.36720       15.10020       15.09140       15.05850       14.82360       14.74210       14.42210       14.07410       13.70680       13.33350       12.96790       12.58950       12.24800       11.91560       11.59270       11.29680    
   16.08680       16.08680       16.07190       16.04190       16.04190       16.65190       17.56670       17.37430       17.18190       16.32490       15.89560       15.89350       15.89350       15.89350       15.89350       15.40030       15.15070       15.12430       15.05850       14.77470       14.45210       14.09460       13.75170       13.35030       12.96250       12.62440       12.31060       12.02620       11.75990       11.53070    
   16.08680       16.07180       16.04190       16.04190       16.77400       17.56690       17.56690       17.56670       17.37430       17.18190       16.32860       15.89990       15.89350       15.89350       15.89350       15.89350       15.46540       15.26940       15.19010       14.90510       14.67970       14.27480       13.84050       13.39520       12.99790       12.70840       12.46590       12.22050       11.99960       11.81730    
