iMOD/TUTORIALS/TUT_MetaswapAnalyser/model_MetaSWAP/meteo/Precipitation/Precipitation_20050222_L1.ASC
NCOLS                30
NROWS                30
XLLCORNER     160000.00
YLLCORNER     340000.00
CELLSIZE        1000.00
NODATA_VALUE   -9999.00
  0.7924500      0.6851500      0.5883700      0.5046700      0.4421400      0.4123200      0.4163400      0.4352300      0.4522400      0.4441500      0.4083600      0.3658800      0.3230300      0.2857100      0.2495100      0.2202100      0.2016600      0.1758300      0.1548500       0.000000       0.000000       0.000000       0.000000       0.000000       0.000000       0.000000       0.000000       0.000000       0.000000       0.000000    
  0.8027400      0.7039600      0.6199000      0.5474100      0.4965000      0.4678900      0.4623200      0.4719700      0.4883800      0.4764500      0.4213100      0.3703000      0.3234500      0.2856000      0.2479300      0.2237900      0.1950200      0.1692300      0.1485000       0.000000       0.000000       0.000000       0.000000       0.000000       0.000000       0.000000       0.000000       0.000000       0.000000       0.000000    
  0.8170100      0.7264200      0.6478000      0.5873300      0.5421500      0.5117300      0.4974500      0.4937500      0.4907200      0.4661200      0.4192900      0.3687400      0.3221800      0.2800300      0.2404800      0.2129300      0.1845700      0.1614400       0.000000       0.000000       0.000000       0.000000       0.000000       0.000000       0.000000       0.000000       0.000000       0.000000       0.000000       0.000000    
  0.8303900      0.7470600      0.6748800      0.6213000      0.5745200      0.5410000      0.5183900      0.5038300      0.4844200      0.4540200      0.4096700      0.3622500      0.3158300      0.2720900      0.2318200      0.2011000      0.1732700      0.1516100       0.000000       0.000000       0.000000       0.000000       0.000000       0.000000       0.000000       0.000000       0.000000       0.000000       0.000000       0.000000    
  0.8412700      0.7640800      0.7063000      0.6484400      0.6012100      0.5636900      0.5334800      0.5089600      0.4793600      0.4436600      0.4010600      0.3542900      0.3085900      0.2639900      0.2216500      0.1870600      0.1608600       0.000000       0.000000       0.000000       0.000000       0.000000       0.000000       0.000000       0.000000       0.000000       0.000000       0.000000       0.000000       0.000000    
  0.8489200      0.7911800      0.7260000      0.6694500      0.6211900      0.5800900      0.5463900      0.5133800      0.4717100      0.4360500      0.3937700      0.3484100      0.3021600      0.2553300      0.2082500      0.1723500       0.000000       0.000000       0.000000       0.000000       0.000000       0.000000       0.000000       0.000000       0.000000       0.000000       0.000000       0.000000       0.000000       0.000000    
  0.8850700      0.8038900      0.7411900      0.6854800      0.6398500      0.5957100      0.5552500      0.5091000      0.4733200      0.4327400      0.3895700      0.3442200      0.2976000      0.2503600      0.1973800      0.1580200       0.000000       0.000000       0.000000       0.000000       0.000000       0.000000       0.000000       0.000000       0.000000       0.000000       0.000000       0.000000       0.000000       0.000000    
  0.8922900      0.8315400      0.7580300      0.7026900      0.6524200      0.5980700      0.5534700      0.5154000      0.4744100      0.4323000      0.3886300      0.3435300      0.2974500      0.2494700      0.1944500      0.1539600       0.000000       0.000000       0.000000       0.000000       0.000000       0.000000       0.000000       0.000000       0.000000       0.000000       0.000000       0.000000       0.000000       0.000000    
  0.9088900      0.8413000      0.7806200      0.7133100      0.6516900      0.6055700      0.5590800      0.5196500      0.4772800      0.4344600      0.3908400      0.3464600      0.3016800      0.2342000      0.1997200      0.1649000       0.000000       0.000000       0.000000       0.000000       0.000000       0.000000       0.000000       0.000000       0.000000       0.000000       0.000000       0.000000       0.000000       0.000000    
  0.9161400      0.8490300      0.7900000      0.7168400      0.6586300      0.6120900      0.5680700      0.5246600      0.4817500      0.4388700      0.3957900      0.3526000      0.3096600      0.2429000      0.2097100      0.1818300      0.1576900       0.000000       0.000000       0.000000       0.000000       0.000000       0.000000       0.000000       0.000000       0.000000       0.000000       0.000000       0.000000       0.000000    
  0.9174400      0.8517230      0.7697420      0.7231000      0.6732300      0.6222200      0.5739700      0.5304300      0.4875800      0.4451300      0.4029600      0.3612000      0.2803800      0.2491600      0.2160400      0.1942000      0.1763200      0.1632400      0.1550200      0.1500300      0.1467500       0.000000       0.000000       0.000000       0.000000       0.000000       0.000000       0.000000       0.000000       0.000000    
  0.9192080      0.8155010      0.7231000      0.6908170      0.6793200      0.6362100      0.5874300      0.5368600      0.4945100      0.4528100      0.4008200      0.3624900      0.2832200      0.2507800      0.2274500      0.2083800      0.1920900      0.1789600      0.1694400      0.1630400      0.1587700      0.1557600      0.1558900      0.1541800      0.1529000      0.1496500      0.1497600      0.1512200      0.1544700      0.1599100    
  0.8618840      0.7231000      0.6962520      0.6834700      0.6876200      0.6394100      0.5945600      0.5508900      0.4894300      0.4465600      0.4088600      0.2981600      0.2789700      0.2594100      0.2379600      0.2205500      0.2049400      0.1919100      0.1814000      0.1751300      0.1715800      0.1687200      0.1666200      0.1651300      0.1643200      0.1644100      0.1628000      0.1656000      0.1705800      0.1782800    
  0.7231000      0.6981290      0.6855450      0.6876200      0.6576270      0.6458500      0.5751500      0.5350000      0.4958900      0.4556100      0.4188200      0.3029700      0.2855300      0.2677300      0.2500000      0.2310800      0.2152800      0.2013800      0.1914000      0.1852800      0.1815200      0.1786800      0.1732600      0.1712900      0.1702300      0.1703500      0.1693900      0.1728600      0.1789700      0.1884000    
  0.6988580      0.6865820      0.6876200      0.6636990      0.6458500      0.5980630      0.5731900      0.5350300      0.4978300      0.4615500      0.3231700      0.3077500      0.2916900      0.2752600      0.2587100      0.2401400      0.2247200      0.2092700      0.1983700      0.1938400      0.1884700      0.1846800      0.1815200      0.1791000      0.1776300      0.1774300      0.1789100      0.1798300      0.1862100      0.1957500    
  0.6871010      0.6876200      0.6657230      0.6458500      0.6057010      0.5731900      0.5541100      0.5353500      0.4586020      0.3400000      0.3266100      0.3124600      0.2977200      0.2825800      0.2672200      0.2517400      0.2317400      0.2188500      0.2089000      0.2028700      0.1981700      0.1919600      0.1878400      0.1844500      0.1820200      0.1808500      0.1813800      0.1841600      0.1871700      0.1966400    
  0.6876200      0.6663980      0.6458500      0.6082470      0.5731900      0.5636500      0.5542170      0.4720160      0.3400000      0.3333050      0.3217760      0.3172300      0.3037100      0.2897000      0.2685800      0.2552600      0.2406000      0.2291600      0.2195100      0.2119500      0.2057300      0.2002300      0.1952700      0.1882700      0.1843600      0.1816400      0.1805100      0.1815200      0.1853500      0.1899700    
  0.6666230      0.6458500      0.6090960      0.5731900      0.5684200      0.5636860      0.4824710      0.3400000      0.3366530      0.3245130      0.3149050      0.3125800      0.3015800      0.2870500      0.2748800      0.2625500      0.2487800      0.2381500      0.2285100      0.2200000      0.2123700      0.2053200      0.1986800      0.1925000      0.1844300      0.1795700      0.1761000      0.1745500      0.1755400      0.1794800    
  0.6458500      0.6093790      0.5731900      0.5708050      0.5684320      0.4886440      0.3400000      0.3383260      0.3254980      0.3137420      0.3125800      0.3070800      0.2983100      0.2920300      0.2807400      0.2692400      0.2577300      0.2459000      0.2361400      0.2268700      0.2179900      0.2093600      0.2008800      0.1926000      0.1846700      0.1773800      0.1687600      0.1640100      0.1611900      0.1615500    
  0.6094730      0.5731900      0.5719970      0.5708090      0.4919700      0.3400000      0.3391630      0.3259130      0.3131610      0.3125800      0.3098300      0.3025000      0.2920300      0.2863850      0.2806700      0.2692370      0.2576230      0.2465900      0.2359580      0.2327900      0.2227700      0.2125900      0.2022100      0.1916700      0.1811300      0.1708600      0.1614900      0.1527600      0.1462900       0.000000    
  0.5731900      0.5725940      0.5719990      0.4936940      0.3400000      0.3395820      0.3261050      0.3128710      0.3125800      0.3112050      0.3042350      0.2920300      0.2892080      0.2863620      0.2787640      0.2691770      0.2578170      0.2427400      0.2354400      0.2380900      0.2270600      0.2154300      0.2031700      0.1905600      0.1772700      0.1638300      0.1504500       0.000000       0.000000       0.000000    
  0.5728920      0.5725940      0.4945720      0.3400000      0.3397910      0.3261980      0.3127250      0.3125800      0.3118930      0.3050120      0.2920300      0.2906190      0.2892000      0.2847780      0.2781010      0.2685860      0.2489180      0.2367650      0.2380900      0.2322100      0.2314800      0.2185700      0.2045700      0.1895000      0.1734800      0.1567900       0.000000       0.000000       0.000000       0.000000    
  0.5728920      0.4950140      0.3400000      0.3398950      0.3262440      0.3126530      0.3125800      0.3122360      0.3053790      0.2920300      0.2913240      0.2906160      0.2881990      0.2840260      0.2771550      0.2581900      0.2374280      0.2380900      0.2373830      0.2357000      0.2277920      0.2221500      0.2066900      0.1895800      0.1710700      0.1513400       0.000000       0.000000       0.000000       0.000000    
  0.4952370      0.3400000      0.3399480      0.3262670      0.3126160      0.3125800      0.3124080      0.3055560      0.2920300      0.2916770      0.2913240      0.2900460      0.2876140      0.2870670      0.2761110      0.2580460      0.2579200      0.2506700      0.2423720      0.2435300      0.2399200      0.2268400      0.2109000      0.1919000      0.1709300      0.1483100       0.000000       0.000000       0.000000       0.000000    
  0.3400000      0.3399740      0.3262790      0.3125980      0.3125800      0.3124940      0.3056440      0.2920300      0.2918540      0.2916770      0.2910160      0.2896610      0.2925790      0.2990380      0.2988900      0.2803590      0.2787910      0.2777500      0.2577570      0.2478870      0.2471400      0.2326500      0.2166200      0.1965000      0.1738200      0.1489500       0.000000       0.000000       0.000000       0.000000    
  0.3399870      0.3262840      0.3125890      0.3125800      0.3125370      0.3056870      0.2920300      0.2919420      0.2918540      0.2915150      0.2926550      0.2954600      0.2979180      0.2991300      0.2991870      0.2988900      0.2858340      0.2798320      0.2777500      0.2618620      0.2566000      0.2412700      0.2233000      0.2044300      0.1807400      0.1542900       0.000000       0.000000       0.000000       0.000000    
  0.3262870      0.3125850      0.3125800      0.3125590      0.3057080      0.2920300      0.2919860      0.2919420      0.2917700      0.2933890      0.2954600      0.2954600      0.2954600      0.2980460      0.2993120      0.2994840      0.2988900      0.2868620      0.2819150      0.2777500      0.2659600      0.2519300      0.2350100      0.2146300      0.1924100      0.1651600       0.000000       0.000000       0.000000       0.000000    
  0.3125820      0.3125800      0.3125690      0.3057190      0.2920300      0.2920080      0.2919860      0.2856840      0.2875880      0.2954450      0.2954600      0.2954600      0.2954600      0.2954600      0.2982240      0.2995630      0.3000770      0.2988900      0.2888950      0.2860800      0.2762800      0.2644500      0.2497500      0.2311400      0.2074000      0.1821000      0.1525500       0.000000       0.000000       0.000000    
  0.3125800      0.3125750      0.3057250      0.2920300      0.2920190      0.2811500      0.2648700      0.2659550      0.2670400      0.2859450      0.2954140      0.2954600      0.2954600      0.2954600      0.2954600      0.2983900      0.2997220      0.3012650      0.2988900      0.2928600      0.2859100      0.2774700      0.2633500      0.2501300      0.2303400      0.2039500      0.1750400      0.1451500       0.000000       0.000000    
  0.3125770      0.3057270      0.2920300      0.2920240      0.2789780      0.2648570      0.2648570      0.2648700      0.2659540      0.2670400      0.2858660      0.2953230      0.2954600      0.2954600      0.2954600      0.2954600      0.2982990      0.2990100      0.3036400      0.2997600      0.2882500      0.2856600      0.2815500      0.2743300      0.2591500      0.2323000      0.2015300      0.1721200      0.1462000       0.000000    
