iMOD/TUTORIALS/TUT_MetaswapAnalyser/model_MetaSWAP/meteo/Precipitation/Precipitation_20061229_L1.ASC
NCOLS                30
NROWS                30
XLLCORNER     160000.00
YLLCORNER     340000.00
CELLSIZE        1000.00
NODATA_VALUE   -9999.00
  0.5837000      0.5861500      0.5868600      0.5857200      0.5853400      0.5771800      0.5656300      0.5504100      0.5325700      0.5126000      0.4929700      0.4730400      0.4523800      0.4309100      0.4069400      0.3787100      0.3489900      0.3189200      0.2894400      0.2596600      0.2301000      0.2024500      0.1746600      0.1487800      0.1240600       0.000000       0.000000       0.000000       0.000000       0.000000    
  0.5699300      0.5720100      0.5725900      0.5705800      0.5694100      0.5605700      0.5485000      0.5328600      0.5134800      0.4928900      0.4739400      0.4532800      0.4311800      0.4065700      0.3814200      0.3529400      0.3254500      0.2974400      0.2675600      0.2389900      0.2108100      0.1843500      0.1577900      0.1328100       0.000000       0.000000       0.000000       0.000000       0.000000       0.000000    
  0.5568300      0.5578900      0.5571100      0.5587200      0.5515700      0.5420300      0.5294900      0.5137600      0.4940000      0.4739600      0.4540100      0.4323800      0.4082300      0.3843200      0.3586700      0.3305300      0.3032200      0.2757500      0.2484300      0.2214900      0.1938500      0.1690500      0.1446400      0.1206300       0.000000       0.000000       0.000000       0.000000       0.000000       0.000000    
  0.5434000      0.5432400      0.5412600      0.5408000      0.5332700      0.5231900      0.5103500      0.4943000      0.4741800      0.4547900      0.4337200      0.4110000      0.3869800      0.3624200      0.3364400      0.3088100      0.2819200      0.2554500      0.2297000      0.2047200      0.1804800      0.1564400      0.1344200       0.000000       0.000000       0.000000       0.000000       0.000000       0.000000       0.000000    
  0.5299200      0.5284900      0.5284300      0.5224100      0.5141800      0.5035900      0.4905500      0.4737700      0.4550600      0.4347800      0.4140000      0.3901300      0.3652200      0.3398800      0.3149300      0.2878900      0.2596700      0.2343400      0.2104500      0.1878200      0.1665500      0.1456800      0.1262200       0.000000       0.000000       0.000000       0.000000       0.000000       0.000000       0.000000    
  0.5166400      0.5155300      0.5107500      0.5040000      0.4951500      0.4841200      0.4723100      0.4539200      0.4399700      0.4170700      0.3945400      0.3708400      0.3456600      0.3198900      0.2939200      0.2667700      0.2406500      0.2168800      0.1955200      0.1757400      0.1572800      0.1392600      0.1225100       0.000000       0.000000       0.000000       0.000000       0.000000       0.000000       0.000000    
  0.5025300      0.4988400      0.4932900      0.4858700      0.4786600      0.4668500      0.4530700      0.4419700      0.4199400      0.3985400      0.3758100      0.3519200      0.3270300      0.3011200      0.2757100      0.2483400      0.2219700      0.2002800      0.1822800      0.1659000      0.1501800      0.1351600      0.1207400       0.000000       0.000000       0.000000       0.000000       0.000000       0.000000       0.000000    
  0.4676400      0.4856600      0.4790700      0.4706700      0.4604300      0.4739300      0.4437800      0.4227600      0.4026600      0.3810700      0.3581900      0.3342300      0.3093700      0.2838800      0.2593100      0.2323100      0.2055200      0.1864900      0.1716700      0.1578600      0.1450400      0.1330300      0.1216700       0.000000       0.000000       0.000000       0.000000       0.000000       0.000000       0.000000    
  0.4553000      0.4694600      0.4623100      0.4535000      0.4759500      0.4605900      0.4286500      0.4070500      0.3867400      0.3650000      0.3420300      0.3180500      0.2933200      0.2711500      0.2449600      0.2195000      0.1962500      0.1777500      0.1634400      0.1516200      0.1414500      0.1324500      0.1242600      0.1173000      0.1119100       0.000000       0.000000       0.000000       0.000000       0.000000    
  0.4403400      0.4538900      0.4462400      0.4781800      0.4642000      0.4484900      0.4118300      0.3929100      0.3724500      0.3506100      0.3275800      0.3036100      0.2790400      0.2575700      0.2322900      0.2081600      0.1866900      0.1694400      0.1562900      0.1464700      0.1390600      0.1329400      0.1281100      0.1239400      0.1227100      0.1197100      0.1147700      0.1146700      0.1167300      0.1216000    
  0.4468270      0.4468230      0.4615800      0.4680100      0.4539200      0.4246000      0.3995600      0.3805200      0.3599900      0.3381000      0.3150700      0.2911300      0.2717300      0.2398800      0.2160800      0.1946200      0.1753500      0.1602500      0.1495400      0.1428500      0.1391500      0.1373300      0.1365200      0.1378800      0.1347200      0.1361700      0.1380600      0.1414000      0.1467600      0.1513600    
  0.4464830      0.4558100      0.4680100      0.4472450      0.4448100      0.4147200      0.3891800      0.3700100      0.3495100      0.3276900      0.2931300      0.2712700      0.2527700      0.2279100      0.2050100      0.1834000      0.1645800      0.1493700      0.1403100      0.1367400      0.1370200      0.1393900      0.1414400      0.1450900      0.1491400      0.1547000      0.1603700      0.1674400      0.1764400      0.1878800    
  0.4544940      0.4680100      0.4427550      0.4335250      0.4222400      0.3979600      0.3805200      0.3616000      0.3237100      0.3040800      0.2835400      0.2657900      0.2425900      0.2190700      0.1957900      0.1732500      0.1529700      0.1375800      0.1293800      0.1296000      0.1348300      0.1418300      0.1493800      0.1571300      0.1651100      0.1736000      0.1840900      0.1949500      0.2076800      0.2227400    
  0.4680100      0.4402220      0.4278820      0.4222400      0.4037300      0.3909900      0.3494100      0.3330300      0.3153900      0.2972400      0.2771600      0.2593400      0.2365700      0.2132200      0.1895400      0.1659500      0.1422300      0.1234900      0.1172600      0.1240800      0.1356200      0.1476300      0.1626500      0.1749800      0.1873300      0.2000300      0.2144900      0.2293000      0.2457800      0.2643700    
  0.4388830      0.4250610      0.4222400      0.4056530      0.3909900      0.3559070      0.3273200      0.3129000      0.2973700      0.2807500      0.2696300      0.2496200      0.2288300      0.2073200      0.1851300      0.1626100      0.1391100      0.1155300       0.000000      0.1276600      0.1443400      0.1612800      0.1775500      0.1934500      0.2093300      0.2255400      0.2425100      0.2616900      0.2814600      0.3011100    
  0.4236510      0.4222400      0.4062940      0.3909900      0.3580720      0.3273200      0.3201100      0.3125300      0.2942750      0.2860800      0.2678800      0.2489700      0.2294100      0.2092700      0.1924300      0.1711600      0.1490900      0.1315900      0.1282100      0.1418900      0.1602100      0.1763600      0.1945400      0.2127700      0.2312500      0.2502500      0.2700900      0.2911100      0.3148600      0.3391500    
  0.4222400      0.4065080      0.3909900      0.3587940      0.3273200      0.3237150      0.3199870      0.3032490      0.2860800      0.2769800      0.2630500      0.2509000      0.2385100      0.2204900      0.1999200      0.1826800      0.1672700      0.1569400      0.1561700      0.1657800      0.1816100      0.2002500      0.2202000      0.2364500      0.2570700      0.2784900      0.3008700      0.3243900      0.3491900      0.3771000    
  0.4065790      0.3909900      0.3590350      0.3273200      0.3255180      0.3236740      0.3082580      0.2860800      0.2815300      0.2687380      0.2561600      0.2614200      0.2461000      0.2274100      0.2128700      0.1996600      0.1889600      0.1832300      0.1844400      0.1929600      0.2071800      0.2250900      0.2452700      0.2669800      0.2848900      0.3082000      0.3326000      0.3580800      0.3846000      0.4124700    
  0.3909900      0.3591150      0.3273200      0.3264190      0.3255040      0.3108820      0.2860800      0.2838050      0.2713120      0.2587900      0.2614200      0.2537600      0.2435400      0.2392300      0.2279600      0.2184900      0.2119600      0.2092300      0.2122600      0.2209600      0.2346300      0.2521300      0.2724300      0.2948100      0.3187900      0.3440700      0.3648400      0.3918300      0.4200000      0.4496300    
  0.3591420      0.3273200      0.3268690      0.3264140      0.3122210      0.2860800      0.2849430      0.2725440      0.2601050      0.2614200      0.2575900      0.2494880      0.2392300      0.2335950      0.2285600      0.2194700      0.2132270      0.2111500      0.2332960      0.2486600      0.2624800      0.2800200      0.3005700      0.3234900      0.3483300      0.3746800      0.4052600      0.4349000      0.4731600      0.4928600    
  0.3273200      0.3270950      0.3268680      0.3128960      0.2860800      0.2855110      0.2731500      0.2607630      0.2614200      0.2595050      0.2519320      0.2392300      0.2364130      0.2337950      0.2272080      0.2204190      0.2146160      0.2390120      0.2620150      0.2753700      0.2897800      0.3077000      0.3286400      0.3552700      0.3807700      0.4079300      0.4483000      0.4773300      0.5057500      0.5324400    
  0.3272070      0.3270940      0.3132350      0.2860800      0.2857960      0.2734500      0.2610910      0.2614200      0.2604630      0.2530220      0.2392300      0.2378210      0.2364790      0.2324720      0.2271410      0.2207480      0.2436220      0.2686920      0.2753700      0.2949230      0.3196200      0.3378900      0.3591700      0.3830400      0.4196100      0.4485500      0.4779700      0.5076300      0.5365600      0.5634400    
  0.3272070      0.3134040      0.2860800      0.2859380      0.2736000      0.2612560      0.2614200      0.2609410      0.2535340      0.2392300      0.2385260      0.2378430      0.2355910      0.2320310      0.2267870      0.2601630      0.2720310      0.2753700      0.3238900      0.3437450      0.3565160      0.3631200      0.3939500      0.4189800      0.4464200      0.4752500      0.5050600      0.5352100      0.5647600      0.5922300    
  0.3134890      0.2860800      0.2860090      0.2736750      0.2613380      0.2614200      0.2611810      0.2537810      0.2392300      0.2388780      0.2385330      0.2373200      0.2351550      0.2704620      0.3038470      0.3364380      0.3372750      0.3529040      0.3719110      0.3815200      0.3678700      0.3940800      0.4165400      0.4422100      0.4696800      0.4985400      0.5283600      0.5586600      0.5887700      0.6221000    
  0.2860800      0.2860440      0.2737130      0.2613790      0.2614200      0.2613000      0.2539030      0.2392300      0.2390540      0.2388800      0.2382440      0.2370030      0.3035180      0.3873900      0.3874400      0.3802210      0.4000090      0.3991800      0.3941690      0.3904670      0.3951700      0.4152600      0.4360900      0.4618100      0.4890600      0.5174400      0.5466100      0.5763000      0.6103300      0.6392700    
  0.2860620      0.2737310      0.2613990      0.2614200      0.2613600      0.2539630      0.2392300      0.2391420      0.2390550      0.2387260      0.2751770      0.3308800      0.3684440      0.3872620      0.3873400      0.3874400      0.3961600      0.4008370      0.3991800      0.4055100      0.4083600      0.4305000      0.4546700      0.4772700      0.5038800      0.5311400      0.5587400      0.5899700      0.6176400      0.6448800    
  0.2737410      0.2614100      0.2614200      0.2613900      0.2539930      0.2392300      0.2391860      0.2391420      0.2389740      0.2829440      0.3308800      0.3308800      0.3308800      0.3682440      0.3870050      0.3872400      0.3874400      0.3971820      0.4024950      0.3991800      0.4193300      0.4416100      0.4656300      0.4908100      0.5137200      0.5391400      0.5665900      0.5913100      0.6148400      0.6366800    
  0.2614150      0.2614200      0.2614050      0.2540080      0.2392300      0.2392080      0.2391860      0.2392630      0.2720070      0.3308390      0.3308800      0.3308800      0.3308800      0.3308800      0.3677500      0.3863360      0.3870400      0.3874400      0.3996150      0.4058100      0.4260600      0.4482600      0.4719600      0.4963900      0.5206800      0.5424800      0.5646500      0.5848500      0.6029300      0.6180400    
  0.2614200      0.2614130      0.2540160      0.2392300      0.2392190      0.2273890      0.2096800      0.2247150      0.2397500      0.3003910      0.3307570      0.3308800      0.3308800      0.3308800      0.3308800      0.3665420      0.3845280      0.3866400      0.3874400      0.4060300      0.4265700      0.4488700      0.4684700      0.4950200      0.5192900      0.5401900      0.5562100      0.5712400      0.5836900      0.5927900    
  0.2614160      0.2540200      0.2392300      0.2392250      0.2250080      0.2096400      0.2096400      0.2096800      0.2247140      0.2397500      0.3001780      0.3305110      0.3308800      0.3308800      0.3308800      0.3308800      0.3637210      0.3795030      0.3858400      0.4040300      0.4145500      0.4389100      0.4643700      0.4900900      0.5131600      0.5299000      0.5423200      0.5516800      0.5585300      0.5629100    
