iMOD/TUTORIALS/TUT_MetaswapAnalyser/model_MetaSWAP/meteo/Precipitation/Precipitation_20060219_L1.ASC
NCOLS                30
NROWS                30
XLLCORNER     160000.00
YLLCORNER     340000.00
CELLSIZE        1000.00
NODATA_VALUE   -9999.00
   7.353770       7.303560       7.251150       7.207520       7.197300       7.271710       7.439690       7.644280       7.802300       7.719680       7.360890       6.933610       6.509960       6.118330       5.754430       5.421930       5.097520       4.848890       4.640430       4.462780       4.309080       4.180450       4.055580       3.953250       3.835310       3.718170       3.601630       3.487710       3.381810       3.298600    
   7.146570       7.115360       7.104820       7.091470       7.112910       7.195150       7.340990       7.534860       7.757300       7.680360       7.153480       6.657040       6.194260       5.769390       5.385120       5.012830       4.722040       4.479590       4.275590       4.110350       3.971150       3.856240       3.745060       3.653020       3.544990       3.434950       3.321940       3.206880       3.077640       2.987870    
   6.967880       6.945810       6.931330       6.930570       6.970080       7.033950       7.132990       7.248240       7.320180       7.166430       6.754380       6.283160       5.818200       5.389390       4.995910       4.626680       4.335660       4.100970       3.916620       3.771640       3.649560       3.553580       3.475180       3.382040       3.286660       3.186460       3.061930       2.952020       2.840480       2.724850    
   6.787940       6.768380       6.755040       6.750500       6.765530       6.796990       6.835680       6.859720       6.806860       6.610820       6.269050       5.849640       5.410500       4.987060       4.592440       4.228840       3.941140       3.721040       3.560740       3.443780       3.353110       3.286760       3.218260       3.123240       3.044420       2.959210       2.866470       2.765670       2.660040       2.544310    
   6.604970       6.582160       6.559300       6.544770       6.535300       6.526540       6.506400       6.441850       6.322300       6.105300       5.794210       5.409070       4.992510       4.577030       4.190550       3.829700       3.532000       3.331250       3.204260       3.123200       3.077850       3.026660       2.980590       2.922420       2.859780       2.789470       2.711550       2.631670       2.543620       2.465730    
   6.419640       6.387150       6.356290       6.324240       6.288540       6.243050       6.161430       6.059780       5.915450       5.677880       5.372200       5.010530       4.614180       4.207550       3.812380       3.437760       3.143160       2.970060       2.893510       2.858550       2.846200       2.821850       2.796270       2.757930       2.710890       2.654150       2.592350       2.530900       2.466030       2.413540    
   6.275950       6.193220       6.149300       6.099340       6.017010       5.945020       5.847850       5.736890       5.546970       5.305420       5.008690       4.665390       4.288580       3.892680       3.504170       3.102290       2.765400       2.636610       2.634710       2.655370       2.662690       2.659580       2.645520       2.626110       2.592480       2.550840       2.508540       2.458020       2.409870       2.372410    
   6.002520       6.017160       5.914300       5.851410       5.775520       5.708120       5.592660       5.430740       5.233330       4.991350       4.705610       4.381580       4.027730       3.654610       3.289390       2.888170       2.498700       2.428360       2.479840       2.515060       2.535810       2.543180       2.538500       2.528190       2.504290       2.478720       2.442260       2.404280       2.368920       2.340700    
   5.792460       5.833920       5.765380       5.639680       5.583400       5.470370       5.341420       5.168590       4.967730       4.731130       4.459980       4.158570       3.833700       3.540770       3.179110       2.837160       2.563350       2.445280       2.436840       2.452050       2.465590       2.471380       2.468260       2.461650       2.448880       2.424330       2.396020       2.366600       2.339150       2.316610    
   5.622290       5.658930       5.580870       5.530700       5.379670       5.256640       5.114390       4.943800       4.745450       4.518750       4.265400       3.989530       3.697650       3.452650       3.143300       2.861950       2.641420       2.515980       2.463520       2.447010       2.442100       2.437940       2.430190       2.417580       2.411160       2.390230       2.366710       2.342530       2.319770       2.300380    
   5.654920       5.620700       5.531640       5.356080       5.241430       5.059450       4.922120       4.752820       4.561070       4.347260       4.113600       3.864290       3.690580       3.415330       3.135850       2.903420       2.717770       2.591020       2.515060       2.472370       2.446950       2.428680       2.412180       2.399350       2.380210       2.365730       2.344390       2.323050       2.303000       2.291660    
   5.652290       5.540840       5.356080       5.150050       5.079010       4.935260       4.793880       4.591490       4.408900       4.209550       4.017060       3.789920       3.648750       3.377000       3.152480       2.952110       2.788450       2.663940       2.577150       2.517650       2.475980       2.444800       2.423100       2.400080       2.377820       2.362440       2.341150       2.320470       2.301030       2.283470    
   5.559980       5.356080       5.107790       5.001350       4.923690       4.800360       4.653260       4.491750       4.346670       4.126890       3.928770       3.809640       3.586850       3.372360       3.176210       2.999650       2.851730       2.733840       2.640870       2.570020       2.518920       2.477220       2.443280       2.414140       2.387880       2.363450       2.347790       2.326490       2.306530       2.288110    
   5.356080       5.087520       4.962520       4.923690       4.799740       4.675170       4.574200       4.416670       4.248290       4.099320       3.911070       3.767650       3.567110       3.375600       3.198660       3.043630       2.907570       2.796630       2.704140       2.626240       2.563500       2.513250       2.462950       2.426710       2.395220       2.367190       2.349100       2.326400       2.305590       2.286530    
   5.077600       4.943100       4.923690       4.799530       4.675170       4.592710       4.528750       4.373640       4.210340       4.040590       3.960690       3.768860       3.581950       3.404090       3.239430       3.080820       2.956580       2.852150       2.761270       2.674830       2.601960       2.543810       2.495630       2.454990       2.420030       2.389390       2.362150       2.345190       2.323150       2.312820    
   4.933400       4.923690       4.799460       4.675170       4.598880       4.528750       4.451190       4.370910       4.182410       4.105070       3.925930       3.749090       3.577590       3.414630       3.261590       3.124700       2.993190       2.892140       2.802780       2.723470       2.656130       2.587130       2.536940       2.494230       2.457420       2.425220       2.396680       2.371030       2.354400       2.332720    
   4.923690       4.799440       4.675170       4.600930       4.528750       4.489970       4.450280       4.277400       4.105070       4.015500       3.841680       3.735530       3.574350       3.423720       3.255600       3.133040       3.024790       2.926290       2.838660       2.761120       2.693660       2.635700       2.586020       2.526520       2.487700       2.453770       2.423830       2.397140       2.373100       2.351340    
   4.799430       4.675170       4.601620       4.528750       4.509360       4.489670       4.330680       4.105070       4.060290       3.873840       3.714150       3.692780       3.551350       3.395780       3.270830       3.155270       3.052800       2.957530       2.872100       2.796050       2.729010       2.670430       2.619470       2.575110       2.519360       2.484290       2.453420       2.426090       2.401720       2.374500    
   4.675170       4.601850       4.528750       4.519060       4.509260       4.358700       4.105070       4.082680       3.887090       3.703470       3.692780       3.622070       3.510580       3.402420       3.284880       3.175380       3.074500       2.986360       2.903260       2.828710       2.762360       2.703720       2.652160       2.606900       2.567130       2.532050       2.484500       2.456890       2.427310       2.411960    
   4.601920       4.528750       4.523900       4.519020       4.373020       4.105070       4.093870       3.893150       3.698120       3.692780       3.657420       3.556960       3.402420       3.343650       3.287560       3.178250       3.078750       2.988040       2.893000       2.859180       2.793690       2.735350       2.683660       2.638020       2.597800       2.562320       2.546430       2.513670       2.487430       2.444610    
   4.528750       4.526330       4.523890       4.380250       4.105070       4.099470       3.896060       3.695450       3.692780       3.675100       3.577400       3.402420       3.373030       3.344540       3.269820       3.181520       3.081680       2.944130       2.873340       2.887500       2.822960       2.765120       2.713620       2.687320       2.645320       2.608340       2.571840       2.542910       2.517400       2.495070    
   4.527540       4.526320       4.383890       4.105070       4.102270       3.897500       3.694120       3.692780       3.683940       3.586920       3.402420       3.387730       3.373330       3.329130       3.265290       3.177670       2.995050       2.880420       2.887500       2.863340       2.879550       2.818300       2.763940       2.715980       2.673280       2.633760       2.601010       2.572310       2.547160       2.525370    
   4.527540       4.385700       4.105070       4.103670       3.898210       3.693450       3.692780       3.688360       3.591520       3.402420       3.395070       3.387830       3.363400       3.322590       3.257370       3.058930       2.883960       2.887500       2.898350       2.904330       2.867700       2.844600       2.789420       2.741600       2.698500       2.661670       2.629590       2.601560       2.576920       2.555340    
   4.386610       4.105070       4.104370       3.898570       3.693110       3.692780       3.690570       3.593770       3.402420       3.398750       3.395110       3.382100       3.357940       3.289620       3.152700       2.972170       2.972660       2.951670       2.930600       2.938230       2.929110       2.866930       2.813960       2.765440       2.723470       2.687440       2.656480       2.629610       2.605850       2.619420    
   4.105070       4.104720       3.898750       3.692950       3.692780       3.691680       3.594880       3.402420       3.400580       3.398760       3.391980       3.378380       3.292240       3.215790       3.215140       3.090020       3.059900       3.057810       2.984110       2.949260       2.947340       2.890320       2.834970       2.786780       2.745660       2.711050       2.681940       2.657010       2.665880       2.639310    
   4.104900       3.898840       3.692860       3.692780       3.692230       3.595440       3.402420       3.401500       3.400590       3.397110       3.304010       3.175460       3.202290       3.215760       3.216430       3.215140       3.112380       3.061990       3.057810       2.991140       2.971320       2.908540       2.852840       2.804870       2.764800       2.732210       2.705860       2.710850       2.689210       2.665340    
   3.898880       3.692820       3.692780       3.692500       3.595720       3.402420       3.401960       3.401500       3.399730       3.290520       3.175460       3.175460       3.175460       3.202180       3.215700       3.217720       3.215140       3.114570       3.066160       3.057810       2.988080       2.924370       2.867720       2.819410       2.780470       2.750600       2.748450       2.733260       2.717180       2.699360    
   3.692800       3.692780       3.692640       3.595860       3.402420       3.402190       3.401960       3.410000       3.327840       3.175580       3.175460       3.175460       3.175460       3.175460       3.201120       3.214240       3.220300       3.215140       3.119180       3.074510       3.003980       2.938680       2.880040       2.830370       2.793170       2.776450       2.766600       2.758280       2.749210       2.738790    
   3.692780       3.692710       3.595920       3.402420       3.402310       3.455020       3.534220       3.485520       3.436820       3.262900       3.175810       3.175460       3.175460       3.175460       3.175460       3.197050       3.207280       3.225460       3.215140       3.129280       3.048380       2.972890       2.867710       2.820120       2.798380       2.789150       2.786400       2.786320       2.784740       2.781280    
   3.692750       3.595960       3.402420       3.402360       3.465710       3.534320       3.534320       3.534220       3.485520       3.436820       3.263500       3.176500       3.175460       3.175460       3.175460       3.175460       3.185150       3.181240       3.235780       3.149680       2.974880       2.927500       2.879600       2.834070       2.802670       2.797240       2.802130       2.819330       2.824230       2.826430    
