iMOD/TUTORIALS/TUT_MetaswapAnalyser/model_MetaSWAP/meteo/Precipitation/Precipitation_20050226_L1.ASC
NCOLS                30
NROWS                30
XLLCORNER     160000.00
YLLCORNER     340000.00
CELLSIZE        1000.00
NODATA_VALUE   -9999.00
  0.9252500      0.9181400      0.9091800      0.8968400      0.8832200      0.8468000      0.7932000      0.7296200      0.6629200      0.6055300      0.5620400      0.5249500      0.4921100      0.4639900      0.4409600      0.4237000      0.4140600      0.4113400      0.4157600      0.4265600      0.4427700      0.4635600      0.4874800      0.5138800      0.5417100      0.5704700      0.5995200      0.6282700      0.6560200      0.6820900    
  0.9113500      0.9027500      0.8953300      0.8783700      0.8628800      0.8246000      0.7738200      0.7126700      0.6442500      0.5858300      0.5497300      0.5143900      0.4808900      0.4508500      0.4260500      0.4080800      0.3977900      0.3961000      0.4023300      0.4158300      0.4350800      0.4588000      0.4853100      0.5137800      0.5430900      0.5727200      0.6021200      0.6307800      0.6593200      0.6844500    
  0.8987700      0.8881900      0.8739300      0.8703700      0.8445300      0.8057500      0.7573300      0.7006600      0.6393300      0.5863000      0.5436600      0.5057200      0.4692600      0.4361600      0.4081800      0.3876800      0.3764100      0.3755200      0.3845700      0.4019100      0.4252200      0.4527900      0.4827100      0.5134700      0.5444300      0.5749600      0.6058000      0.6340100      0.6608000      0.6851100    
  0.8848800      0.8727500      0.8566600      0.8555700      0.8254300      0.7878400      0.7427900      0.6939700      0.6390800      0.5871400      0.5421300      0.5004400      0.4589800      0.4208600      0.3878500      0.3630600      0.3498100      0.3501200      0.3632100      0.3860200      0.4149800      0.4473100      0.4808800      0.5154400      0.5479300      0.5790300      0.6084100      0.6358400      0.6613000      0.6841000    
  0.8708100      0.8577000      0.8677800      0.8434100      0.8133100      0.7770300      0.7348400      0.6834600      0.6352100      0.5868800      0.5414400      0.4962600      0.4512700      0.4070500      0.3669600      0.3352700      0.3186600      0.3208700      0.3404800      0.3712200      0.4076900      0.4454200      0.4828600      0.5185300      0.5522100      0.5834700      0.6121300      0.6382800      0.6612300      0.6807800    
  0.8573600      0.8784600      0.8586100      0.8342700      0.8049400      0.7704100      0.7269600      0.6817500      0.6405600      0.5933400      0.5449900      0.4960000      0.4480900      0.3979300      0.3489000      0.3067300      0.2821000      0.2875300      0.3181700      0.3598200      0.4043900      0.4476100      0.4884100      0.5259200      0.5600000      0.5905300      0.6176900      0.6415500      0.6615800      0.6776900    
  0.8963300      0.8715700      0.8519000      0.8282100      0.7941700      0.7622700      0.7261500      0.6893200      0.6468600      0.6012100      0.5535400      0.5037900      0.4517200      0.3984100      0.3414100      0.2846900      0.2417500      0.2553800      0.3055200      0.3598500      0.4112900      0.4584800      0.5009800      0.5389200      0.5721800      0.6010900      0.6260400      0.6466400      0.6631900      0.6756600    
  0.8870400      0.8669300      0.8395800      0.8175700      0.7918200      0.7678600      0.7327200      0.6970200      0.6569100      0.6140500      0.5685400      0.5202500      0.4688100      0.4138100      0.3552400      0.2920500      0.2269300      0.2551400      0.3197500      0.3794500      0.4332400      0.4809300      0.5226600      0.5588800      0.5897300      0.6159200      0.6371700      0.6540100      0.6660800      0.6749000    
  0.8723300      0.8637900      0.8456500      0.8161700      0.7994800      0.7719800      0.7397700      0.7077800      0.6713900      0.6323300      0.5906400      0.5462500      0.4990300      0.4475000      0.3974700      0.3470300      0.3132500      0.3256200      0.3717000      0.4237800      0.4728500      0.5165000      0.5542400      0.5863900      0.6133000      0.6348800      0.6517100      0.6633500      0.6716800      0.6759600    
  0.8692800      0.8625000      0.8457100      0.8329900      0.8037000      0.7790700      0.7517900      0.7221400      0.6900900      0.6558100      0.6194400      0.5811300      0.5412000      0.4985200      0.4597000      0.4281400      0.4105600      0.4198300      0.4505400      0.4899500      0.5293500      0.5647200      0.5954000      0.6210200      0.6421600      0.6581900      0.6689500      0.6763400      0.6795600      0.6788500    
  0.8706830      0.8591630      0.8447100      0.8376400      0.8176000      0.7911100      0.7649800      0.7395400      0.7123300      0.6835800      0.6536300      0.6229100      0.5890900      0.5638800      0.5356500      0.5178900      0.5130900      0.5223000      0.5437600      0.5708100      0.5980400      0.6227300      0.6438900      0.6614600      0.6741300      0.6836300      0.6893500      0.6911200      0.6889600      0.6838300    
  0.8698130      0.8530490      0.8376400      0.8306400      0.8266000      0.8103400      0.7866000      0.7591800      0.7370800      0.7142900      0.6978500      0.6744900      0.6499500      0.6282500      0.6163400      0.6119700      0.6169200      0.6300400      0.6463300      0.6623100      0.6763600      0.6884300      0.6981000      0.7060500      0.7115200      0.7143700      0.7138500      0.7098600      0.7022000      0.6908400    
  0.8600350      0.8376400      0.8356650      0.8336600      0.8407200      0.8203800      0.8037900      0.7864600      0.7775800      0.7549300      0.7379900      0.7126500      0.7021500      0.6961200      0.6965900      0.7051200      0.7217900      0.7420500      0.7558200      0.7594900      0.7584300      0.7566400      0.7551200      0.7534400      0.7508500      0.7465900      0.7402100      0.7306800      0.7177800      0.7012000    
  0.8376400      0.8378040      0.8371900      0.8407200      0.8318730      0.8345200      0.8330600      0.8192200      0.8056200      0.7897600      0.7790000      0.7585900      0.7565400      0.7600800      0.7711300      0.7915800      0.8225100      0.8566800      0.8712000      0.8563600      0.8379500      0.8226500      0.8080800      0.7974000      0.7873600      0.7768100      0.7650200      0.7506800      0.7333400      0.7124500    
  0.8387800      0.8389550      0.8407200      0.8357040      0.8345200      0.8409330      0.8552200      0.8450000      0.8355700      0.8275500      0.8139500      0.8124900      0.8155300      0.8246400      0.8416200      0.8650600      0.9045600      0.9575700      0.9777300      0.9362600      0.9028500      0.8775200      0.8572500      0.8401400      0.8246200      0.8093400      0.7931700      0.7754200      0.7547100      0.7293100    
  0.8398380      0.8407200      0.8369810      0.8345200      0.8435580      0.8552200      0.8501100      0.8452630      0.8391620      0.8485300      0.8482400      0.8513900      0.8590800      0.8725300      0.8968800      0.9240600      0.9585600      0.9952700       1.005590      0.9804500      0.9500500      0.9218900      0.8982600      0.8775700      0.8585900      0.8401800      0.8212500      0.8008300      0.7783800      0.7525200    
  0.8407200      0.8374070      0.8345200      0.8444330      0.8552200      0.8526650      0.8501980      0.8457660      0.8485300      0.8483850      0.8708020      0.8844800      0.9015400      0.9153100      0.9351900      0.9591500      0.9847700       1.007020       1.013160       1.000420      0.9783700      0.9547000      0.9322100      0.9099200      0.8898900      0.8703500      0.8504200      0.8292500      0.8060500      0.7808600    
  0.8375490      0.8345200      0.8447240      0.8552200      0.8539430      0.8526940      0.8492900      0.8485300      0.8484570      0.8784020      0.9029250      0.9213700      0.9310700      0.9445600      0.9615700      0.9810500      0.9992200       1.013700       1.017930       1.010640      0.9953800      0.9765600      0.9569300      0.9376300      0.9175000      0.8985000      0.8791100      0.8586600      0.8364800      0.8123500    
  0.8345200      0.8448210      0.8552200      0.8545810      0.8539520      0.8511140      0.8485300      0.8484940      0.8817810      0.9121480      0.9213700      0.9262200      0.9405730      0.9652900      0.9797100      0.9950200       1.009000       1.017870       1.021010       1.016520       1.005900      0.9915600      0.9755200      0.9589500      0.9422900      0.9255000      0.9068600      0.8884300      0.8687700      0.8465100    
  0.8448540      0.8552200      0.8549010      0.8545850      0.8520440      0.8485300      0.8485120      0.8833870      0.9167590      0.9213700      0.9237950      0.9383630      0.9652900      0.9725000      0.9800070      0.9945770       1.007300       1.015960       1.019280       1.019820       1.012400       1.001770      0.9893100      0.9760100      0.9623600      0.9484800      0.9336200      0.9184900      0.8964100      0.8788600    
  0.8552200      0.8550600      0.8549020      0.8525150      0.8485300      0.8485210      0.8841730      0.9190640      0.9213700      0.9225830      0.9372050      0.9652900      0.9688950      0.9725990      0.9823610      0.9939600       1.005940       1.016840       1.020490       1.021170       1.016020       1.008390      0.9992200      0.9896800      0.9791700      0.9686000      0.9514500      0.9402200      0.9285500      0.9161000    
  0.8551400      0.8550610      0.8527520      0.8485300      0.8485250      0.8845620      0.9202170      0.9213700      0.9219760      0.9366120      0.9652900      0.9670930      0.9689280      0.9746180      0.9829730      0.9940880       1.011750       1.020830       1.021170       1.018790       1.019190       1.013450       1.006720      0.9996500      0.9881300      0.9799500      0.9730500      0.9664300      0.9597000      0.9522800    
  0.8551400      0.8528710      0.8485300      0.8485280      0.8847560      0.9207940      0.9213700      0.9216730      0.9363120      0.9652900      0.9661910      0.9671030      0.9702130      0.9755060      0.9838930       1.004730       1.021000       1.021170       1.019510       1.019540       1.016810       1.017050       1.009210       1.003240      0.9972100      0.9940300      0.9916600      0.9901100      0.9888700      0.9872800    
  0.8529300      0.8485300      0.8485290      0.8848530      0.9210820      0.9213700      0.9215220      0.9361610      0.9652900      0.9657410      0.9661950      0.9678360      0.9709410      0.9880810       1.002280       1.013490       1.013840       1.015320       1.017590       1.018520       1.019900       1.014450       1.007830       1.004810       1.003450       1.003990       1.006340       1.010160       1.014870       1.019970    
  0.8485300      0.8485290      0.8849020      0.9212260      0.9213700      0.9214460      0.9360860      0.9652900      0.9655150      0.9657420      0.9665910      0.9683240      0.9943960       1.022610       1.022710       1.013320       1.005640       1.006510       1.011800       1.014710       1.017140       1.008520       1.004720       1.003610       1.005130       1.009510       1.016580       1.025830       1.036790       1.048290    
  0.8485300      0.8849260      0.9212980      0.9213700      0.9214080      0.9360480      0.9652900      0.9654030      0.9655160      0.9659490      0.9925510       1.031050       1.025340       1.022510       1.022510       1.022710       1.011090       1.004770       1.006510       1.007480       1.007100       1.001850      0.9984500      0.9982000       1.002080       1.010090       1.021830       1.036460       1.052890       1.070190    
  0.8849380      0.9213340      0.9213700      0.9213890      0.9360290      0.9652900      0.9653460      0.9654030      0.9656230      0.9972230       1.031050       1.031050       1.031050       1.025200       1.022320       1.022320       1.022710       1.010390       1.003020       1.006510      0.9991500      0.9927200      0.9885700      0.9883600      0.9939400       1.005430       1.021840       1.041770       1.063220       1.084680    
  0.9213520      0.9213700      0.9213800      0.9360190      0.9652900      0.9653180      0.9653460      0.9930100       1.013490       1.031060       1.031050       1.031050       1.031050       1.031050       1.024900       1.021930       1.021920       1.022710       1.009320      0.9995300      0.9903500      0.9818400      0.9755800      0.9741100      0.9798400      0.9952900       1.017320       1.042830       1.069100       1.094090    
  0.9213700      0.9213750      0.9360150      0.9652900      0.9653040       1.047770       1.171420       1.123540       1.075670       1.045960       1.031080       1.031050       1.031050       1.031050       1.031050       1.024320       1.021150       1.021130       1.022710       1.008520      0.9939400      0.9795900      0.9664500      0.9549400      0.9609000      0.9806500       1.009820       1.041720       1.072950       1.101570    
  0.9213720      0.9360120      0.9652900      0.9652970       1.064270       1.171460       1.171460       1.171420       1.123540       1.075670       1.046020       1.031150       1.031050       1.031050       1.031050       1.031050       1.023140       1.019620       1.019550       1.003920      0.9864200      0.9694600      0.9522700      0.9377100      0.9375800      0.9642300       1.002320       1.041800       1.077550       1.109600    
