iMOD/TUTORIALS/TUT_MetaswapAnalyser/model_MetaSWAP/meteo/Precipitation/Precipitation_20061001_L1.ASC
NCOLS                30
NROWS                30
XLLCORNER     160000.00
YLLCORNER     340000.00
CELLSIZE        1000.00
NODATA_VALUE   -9999.00
   3.848510       3.426530       2.998880       2.576950       2.178750       1.847440       1.579070       1.336520       1.126230       1.062030       1.169490       1.312470       1.449470       1.569800       1.665340       1.720090       1.774770       1.802330       1.812780       1.803720       1.775450       1.741360       1.676660       1.602180       1.501460       1.386180       1.259530       1.126780      0.9968100      0.8873400    
   3.598160       3.203170       2.830080       2.441940       2.070490       1.745320       1.452030       1.170190      0.8808700      0.7846000      0.9786000       1.148120       1.292090       1.402790       1.497390       1.572610       1.623900       1.667640       1.676900       1.669760       1.643820       1.610110       1.548250       1.475840       1.377510       1.263180       1.134820      0.9960400      0.8715000      0.7447400    
   3.425800       3.056340       2.689990       2.318300       2.009080       1.699260       1.414230       1.150880      0.9292700      0.8567500      0.9506700       1.080200       1.196690       1.302810       1.392230       1.462480       1.510870       1.540550       1.552140       1.546120       1.519460       1.488160       1.438980       1.363140       1.270130       1.160300       1.054350      0.9085700      0.7538200      0.5917400    
   3.301670       2.956940       2.617570       2.265820       1.960900       1.679670       1.425660       1.220020       1.054900      0.9843800       1.010120       1.082480       1.161940       1.243950       1.312820       1.368910       1.408460       1.432830       1.442290       1.436800       1.416170       1.385820       1.341710       1.297600       1.209800       1.104770      0.9828200      0.8446100      0.6942700      0.5287700    
   3.216990       2.895360       2.542930       2.245680       1.966820       1.711620       1.485940       1.287880       1.156400       1.089610       1.080380       1.112830       1.159510       1.214140       1.256460       1.294100       1.334360       1.354410       1.363680       1.360890       1.356540       1.325880       1.287790       1.222430       1.145460       1.052760      0.9452400      0.8295300      0.7015800      0.5853800    
   3.164280       2.808870       2.522670       2.249490       1.994460       1.762830       1.546470       1.379040       1.269560       1.186290       1.154650       1.154790       1.166410       1.192300       1.214700       1.235670       1.251180       1.263790       1.272010       1.271820       1.270910       1.247900       1.218730       1.168810       1.104550       1.023770      0.9340700      0.8403700      0.7412800      0.6570900    
   3.015820       2.787280       2.522210       2.270110       2.012620       1.802730       1.619760       1.479720       1.352520       1.270490       1.220890       1.196140       1.187010       1.177120       1.175130       1.174490       1.171060       1.177790       1.188320       1.200110       1.196140       1.181990       1.156630       1.126160       1.076340       1.014430      0.9478500      0.8689600      0.7900800      0.7238200    
   2.993810       2.696240       2.501320       2.270200       2.055550       1.872270       1.704770       1.549450       1.431890       1.342360       1.277750       1.232710       1.200850       1.169450       1.139990       1.121200       1.098270       1.101720       1.118200       1.127120       1.130030       1.125690       1.112410       1.095580       1.060940       1.021320      0.9654100      0.9037700      0.8474800      0.7893500    
   2.932450       2.691050       2.470140       2.302620       2.116530       1.932130       1.773500       1.620620       1.501190       1.403810       1.325840       1.263340       1.211810       1.149540       1.109610       1.078200       1.053030       1.043810       1.049800       1.059860       1.069850       1.076550       1.076800       1.074860       1.062340       1.031810      0.9913300      0.9510800      0.8980500      0.8463900    
   2.927870       2.695440       2.488830       2.322760       2.166420       1.990630       1.826500       1.685280       1.562550       1.457150       1.366850       1.288630       1.219290       1.148390       1.083530       1.034790      0.9948600      0.9805600      0.9816200      0.9945300       1.014120       1.032400       1.048340       1.055990       1.066420       1.051580       1.033590      0.9958700      0.9511500      0.9028600    
   2.927270       2.704050       2.467010       2.361010       2.183460       2.033870       1.886690       1.745210       1.618390       1.505040       1.403200       1.310430       1.213090       1.072350      0.9903800      0.9487300      0.9171300      0.9039400      0.9111500      0.9374200      0.9760700       1.018310       1.056410       1.090690       1.116060       1.117690       1.102960       1.074330       1.033870      0.9634300    
   2.930240       2.614830       2.361010       2.262720       2.231290       2.059190       1.917130       1.802460       1.671350       1.550470       1.313530       1.227570       1.124210       1.021340      0.9474600      0.8878700      0.8385300      0.8120500      0.8184600      0.8576500      0.9177000      0.9838800       1.058220       1.109010       1.143940       1.167080       1.166560       1.148160       1.113040       1.063030    
   2.766390       2.361010       2.288010       2.253200       2.275110       2.120330       1.971790       1.832380       1.514600       1.428640       1.330420       1.158830       1.080560       1.000110      0.9084900      0.8274800      0.7527800      0.7030600      0.7089300      0.7722200      0.8711600      0.9695400       1.058960       1.133080       1.188550       1.223540       1.243660       1.235820       1.206300       1.155900    
   2.361010       2.297070       2.264150       2.275110       2.190040       2.174680       1.761550       1.647940       1.540210       1.424760       1.326500       1.167470       1.081030      0.9898900      0.8922300      0.7811500      0.6742700      0.5828700      0.5807200      0.6958100      0.8336300      0.9650000       1.088690       1.187570       1.265080       1.319460       1.355160       1.359460       1.336860       1.286980    
   2.300710       2.269630       2.275110       2.213280       2.174680       1.898880       1.760400       1.651570       1.546980       1.445460       1.240360       1.158790       1.073150      0.9812100      0.8805400      0.7690300      0.6424200      0.4987700      0.4760600      0.6659500      0.8443400       1.002710       1.142570       1.262340       1.360120       1.433810       1.481100       1.506050       1.493970       1.465090    
   2.272370       2.275110       2.221020       2.174680       1.944650       1.760400       1.705990       1.652980       1.496630       1.342520       1.263660       1.182620       1.097820       1.007590      0.9094900      0.8053200      0.6794000      0.5929000      0.6058200      0.7458900      0.9157200       1.084920       1.240100       1.378920       1.497980       1.593830       1.662740       1.700850       1.710230       1.675820    
   2.275110       2.223600       2.174680       1.959910       1.760400       1.733190       1.706460       1.549530       1.342520       1.303090       1.236670       1.216630       1.134520       1.053440      0.9344100      0.8599200      0.7896200      0.7549400      0.7861300      0.8915500       1.039180       1.200570       1.361070       1.517330       1.655320       1.773450       1.866370       1.928520       1.954360       1.950120    
   2.224460       2.174680       1.965000       1.760400       1.746800       1.733350       1.582920       1.342520       1.322800       1.251500       1.197280       1.177940       1.121200       1.065900       1.009720      0.9593000      0.9201600      0.9179200      0.9628200       1.058820       1.193620       1.350400       1.515970       1.681040       1.843480       1.987170       2.109310       2.202470       2.259020       2.277480    
   2.174680       1.966690       1.760400       1.753600       1.746850       1.601400       1.342520       1.332660       1.256480       1.187610       1.177940       1.149570       1.124550       1.133170       1.094850       1.066770       1.056740       1.072980       1.130790       1.228420       1.360730       1.518380       1.691800       1.872630       2.053370       2.226530       2.389960       2.522710       2.625470       2.693270    
   1.967260       1.760400       1.757000       1.753620       1.611090       1.342520       1.337590       1.258470       1.182780       1.177940       1.163750       1.146310       1.133170       1.114010       1.098260       1.072790       1.065500       1.086840       1.273250       1.391610       1.528520       1.692830       1.878350       2.078660       2.287100       2.496300       2.716090       2.909650       3.069500       3.167200    
   1.760400       1.758700       1.757000       1.616060       1.342520       1.340060       1.259380       1.180360       1.177940       1.170850       1.155290       1.133170       1.123590       1.115150       1.095020       1.078850       1.075040       1.287020       1.467040       1.542460       1.688210       1.863490       2.064940       2.302560       2.544590       2.797070       3.071060       3.316360       3.532660       3.698040    
   1.759550       1.758700       1.618570       1.342520       1.341290       1.259810       1.179150       1.177940       1.174390       1.159310       1.133170       1.128380       1.123970       1.111250       1.096340       1.082970       1.297620       1.504750       1.542460       1.690820       1.841800       2.031580       2.252680       2.503130       2.791640       3.094760       3.411430       3.729830       4.030660       4.283520    
   1.759550       1.619840       1.342520       1.341900       1.260020       1.178540       1.177940       1.176170       1.161200       1.133170       1.130770       1.128510       1.121200       1.110520       1.096850       1.344860       1.523600       1.542460       1.815500       1.945850       2.073010       2.165430       2.414430       2.692080       3.002610       3.353750       3.733410       4.133490       4.536310       4.906710    
   1.620470       1.342520       1.342210       1.260130       1.178240       1.177940       1.177050       1.162120       1.133170       1.131970       1.130820       1.126830       1.120080       1.244760       1.448360       1.715510       1.723780       1.867400       2.040180       2.082880       2.049900       2.276350       2.520770       2.825210       3.173770       3.567500       4.006280       4.487390       5.001380       5.519250    
   1.342520       1.342370       1.260180       1.178090       1.177940       1.177500       1.162570       1.133170       1.132570       1.131990       1.129870       1.125910       1.356880       1.647760       1.650480       1.771940       1.899130       1.905100       2.033740       2.091820       2.115860       2.318410       2.594780       2.915400       3.287040       3.713060       4.196780       4.741560       5.349340       6.017940    
   1.342440       1.260200       1.178020       1.177940       1.177720       1.162790       1.133170       1.132870       1.132580       1.131480       1.192650       1.287730       1.525460       1.644990       1.645050       1.650480       1.814370       1.893170       1.905100       2.055140       2.109710       2.339490       2.614890       2.946760       3.329710       3.771730       4.276740       4.849110       5.496260       6.226120    
   1.260220       1.177980       1.177940       1.177830       1.162910       1.133170       1.133020       1.132870       1.132310       1.206430       1.287730       1.287730       1.287730       1.521360       1.639440       1.639620       1.650480       1.808730       1.881240       1.905100       2.089890       2.315100       2.586430       2.909480       3.294730       3.734470       4.233650       4.792240       5.406940       6.062120    
   1.177960       1.177940       1.177880       1.162960       1.133170       1.133100       1.133020       1.036890       1.102620       1.287400       1.287730       1.287730       1.287730       1.287730       1.513210       1.628230       1.628750       1.650480       1.798100       1.857370       2.032110       2.245690       2.504030       2.813280       3.178490       3.603970       4.075930       4.589250       5.127750       5.655730    
   1.177940       1.177910       1.162990       1.133170       1.133130      0.9735640      0.7343200      0.7418260      0.7493400       1.107380       1.286750       1.287730       1.287730       1.287730       1.287730       1.497250       1.605470       1.607030       1.650480       1.779440       1.939380       2.135010       2.373160       2.657430       2.996440       3.389370       3.826180       4.281630       4.736270       5.153100    
   1.177930       1.163000       1.133170       1.133150      0.9416200      0.7342160      0.7342160      0.7343200      0.7418170      0.7493400       1.105710       1.284800       1.287730       1.287730       1.287730       1.287730       1.467040       1.558890       1.563570       1.677050       1.821230       1.993520       2.201090       2.449550       2.752920       3.117730       3.512350       3.911740       4.294490       4.629730    
