iMOD/TUTORIALS/TUT_MetaswapAnalyser/model_MetaSWAP/meteo/Precipitation/Precipitation_20050520_L1.ASC
NCOLS                30
NROWS                30
XLLCORNER     160000.00
YLLCORNER     340000.00
CELLSIZE        1000.00
NODATA_VALUE   -9999.00
   7.593590       7.767440       7.938810       8.081970       8.150480       7.973950       7.556870       7.030930       6.531760       6.261070       6.258690       6.329860       6.409950       6.466370       6.499980       6.512750       6.456980       6.388820       6.270970       6.113630       5.920520       5.719060       5.471000       5.213480       4.928770       4.636070       4.343670       4.063170       3.812520       3.613480    
   7.395610       7.521400       7.636010       7.684020       7.654460       7.441370       7.069470       6.584500       6.040560       5.768270       5.919260       6.048030       6.149270       6.226890       6.267520       6.254090       6.214490       6.127950       6.011320       5.846280       5.646150       5.436310       5.183490       4.920880       4.631890       4.332810       4.029470       3.730200       3.450640       3.221390    
   7.193180       7.271310       7.316780       7.338160       7.238970       7.024150       6.703730       6.310860       5.920090       5.725350       5.770560       5.866480       5.962780       6.030070       6.067060       6.054710       6.010280       5.919880       5.784770       5.609730       5.411470       5.194210       4.949040       4.674120       4.385000       4.085080       3.777840       3.466600       3.152730       2.868350    
   6.985860       7.025420       7.030370       7.013750       6.894240       6.700680       6.442070       6.154090       5.888480       5.748370       5.722280       5.764590       5.827970       5.879920       5.911160       5.898700       5.848950       5.749970       5.603720       5.417820       5.201190       4.981200       4.740140       4.468790       4.185740       3.893810       3.595360       3.292780       2.985210       2.691420    
   6.784950       6.795800       6.804470       6.736380       6.619010       6.452330       6.248120       6.057750       5.862670       5.734700       5.683470       5.694460       5.727000       5.762220       5.787830       5.777560       5.721810       5.612230       5.450460       5.250390       5.036520       4.793710       4.558890       4.300570       4.030190       3.755390       3.479420       3.201800       2.947420       2.740270    
   6.596440       6.610820       6.571450       6.498740       6.390450       6.249860       6.133240       5.954400       5.789710       5.692390       5.636410       5.622220       5.635590       5.661060       5.684150       5.679770       5.629760       5.507310       5.322680       5.105080       4.881390       4.639020       4.409630       4.159430       3.907640       3.660200       3.414930       3.177550       2.975280       2.826390    
   6.501680       6.410850       6.364360       6.292200       6.265150       6.135970       5.995400       5.829430       5.719710       5.627890       5.570170       5.543770       5.541040       5.553050       5.581220       5.588770       5.562840       5.419070       5.198290       4.971040       4.734430       4.497440       4.261270       4.045870       3.816310       3.593060       3.374030       3.182620       3.023580       2.910050    
   6.095540       6.415580       6.273030       6.193390       6.095440       5.990160       5.831840       5.730070       5.626700       5.543470       5.484100       5.447940       5.431200       5.428090       5.448910       5.455300       5.461580       5.287960       5.049960       4.815090       4.585650       4.361360       4.142190       3.947250       3.742380       3.539360       3.359780       3.201370       3.057260       2.973950    
   6.054040       6.255620       6.189540       6.030250       5.949090       5.849060       5.700540       5.614900       5.522040       5.442920       5.380240       5.333960       5.301840       5.303910       5.280880       5.252890       5.193090       5.050070       4.851020       4.639130       4.429590       4.225730       4.028500       3.857250       3.670030       3.503230       3.352040       3.202260       3.104160       3.037940    
   5.899330       6.108250       6.042290       5.968110       5.806210       5.714900       5.588880       5.496060       5.408720       5.330250       5.262370       5.204970       5.156140       5.141630       5.086800       5.023990       4.928880       4.796390       4.628760       4.446880       4.263970       4.088980       3.917230       3.753000       3.611050       3.470260       3.323670       3.221460       3.142700       3.090660    
   5.983450       6.016620       5.988210       5.834180       5.749610       5.595250       5.463140       5.375100       5.289890       5.209650       5.135300       5.066380       5.045520       4.937780       4.854040       4.775070       4.677240       4.554540       4.413800       4.264930       4.115170       3.967930       3.824860       3.680930       3.525900       3.440220       3.339600       3.255980       3.192340       3.131810    
   5.979660       5.955620       5.834180       5.681730       5.626550       5.545950       5.403610       5.253890       5.168690       5.085330       4.950100       4.878440       4.845610       4.743010       4.653960       4.555540       4.443560       4.322440       4.196630       4.073190       3.952970       3.835050       3.692940       3.580260       3.474780       3.404850       3.323500       3.256870       3.207380       3.176800    
   5.933480       5.834180       5.651010       5.571560       5.516570       5.375000       5.286980       5.196630       5.021420       4.890260       4.811600       4.754220       4.665660       4.571190       4.465800       4.351580       4.226830       4.099560       3.985950       3.886830       3.781710       3.689310       3.597560       3.508080       3.423400       3.346280       3.307750       3.255490       3.217880       3.196510    
   5.834180       5.636460       5.544060       5.516570       5.384410       5.261660       5.060860       4.979780       4.896320       4.829090       4.738120       4.614530       4.517360       4.412700       4.297920       4.169270       4.024620       3.887010       3.780230       3.707770       3.645310       3.579130       3.507910       3.437810       3.370420       3.308740       3.281870       3.241200       3.213210       3.199460    
   5.629380       5.530320       5.516570       5.387550       5.261660       5.077450       4.909820       4.831540       4.750100       4.665340       4.598810       4.501030       4.397090       4.284970       4.162460       4.005620       3.865050       3.711180       3.600560       3.571290       3.534330       3.486610       3.433520       3.378460       3.324630       3.275020       3.232360       3.226140       3.204920       3.208880    
   5.523440       5.516570       5.388590       5.261660       5.082980       4.909820       4.870680       4.830490       4.706130       4.577520       4.482800       4.383270       4.277710       4.164780       4.053050       3.920940       3.777590       3.638040       3.541020       3.497120       3.462320       3.420570       3.378000       3.333710       3.290120       3.249720       3.214900       3.187880       3.196230       3.189650    
   5.516570       5.388940       5.261660       5.084820       4.909820       4.890250       4.870330       4.746200       4.577520       4.530160       4.398790       4.277000       4.187000       4.076780       3.971120       3.844230       3.710300       3.596470       3.509200       3.451030       3.407700       3.368340       3.329180       3.285060       3.246490       3.210920       3.180280       3.156470       3.141270       3.173900    
   5.389060       5.261660       5.085430       4.909820       4.900030       4.890130       4.771080       4.577520       4.553840       4.411000       4.275180       4.273360       4.158150       4.011450       3.895820       3.780860       3.659390       3.560790       3.479800       3.417320       3.367810       3.324980       3.285100       3.246900       3.205660       3.171990       3.142780       3.119640       3.104160       3.110860    
   5.261660       5.085640       4.909820       4.904930       4.900000       4.784690       4.577520       4.565680       4.418000       4.274270       4.273360       4.215750       4.095540       3.939190       3.832220       3.728020       3.629880       3.526930       3.450890       3.387790       3.335080       3.289210       3.247440       3.208320       3.171570       3.137680       3.102960       3.078250       3.072880       3.078700    
   5.085710       4.909820       4.907370       4.904910       4.791780       4.577520       4.571600       4.421670       4.273820       4.273360       4.244560       4.130960       3.939190       3.885700       3.833140       3.730040       3.628280       3.535900       3.411420       3.359660       3.305630       3.257690       3.213890       3.172960       3.134400       3.098390       3.087450       3.080430       3.039670       3.008030    
   4.909820       4.908600       4.907370       4.795400       4.577520       4.574560       4.423550       4.273590       4.273360       4.258960       4.147020       3.939190       3.912450       3.886010       3.816300       3.730490       3.631410       3.450630       3.345750       3.331830       3.277660       3.228520       3.183000       3.166680       3.123200       3.081930       3.043210       3.009280       2.980260       2.958770    
   4.909210       4.908600       4.797220       4.577520       4.576040       4.424490       4.273470       4.273360       4.266160       4.154630       3.939190       3.925820       3.912550       3.871590       3.810930       3.726060       3.496630       3.338790       3.331830       3.299930       3.290300       3.235400       3.184290       3.135770       3.068770       3.042020       2.999370       2.958480       2.921330       2.889150    
   4.909210       4.798140       4.577520       4.576780       4.424970       4.273420       4.273360       4.269760       4.158340       3.939190       3.932500       3.925850       3.903320       3.865020       3.802860       3.524690       3.335310       3.331830       3.290820       3.279510       3.234830       3.203030       3.146960       3.094330       3.049820       3.002520       2.954450       2.906400       2.860220       2.819380    
   4.798590       4.577520       4.577150       4.425200       4.273390       4.273360       4.271560       4.160160       3.939190       3.935850       3.932520       3.920560       3.898060       3.683780       3.466680       3.254000       3.254520       3.252130       3.252190       3.252010       3.268720       3.176680       3.112700       3.066080       3.017800       2.967250       2.914250       2.859210       2.803340       2.753740    
   4.577520       4.577340       4.425320       4.273370       4.273360       4.272460       4.161070       3.939190       3.937520       3.935850       3.929640       3.917050       3.565100       3.162370       3.163940       3.189550       3.172190       3.177200       3.208600       3.225050       3.235290       3.159260       3.085450       3.039120       2.990050       2.937420       2.880830       2.820320       2.759960       2.692790    
   4.577430       4.425380       4.273370       4.273360       4.272910       4.161520       3.939190       3.938350       3.937520       3.934340       3.549250       2.981850       3.100810       3.160710       3.160810       3.163940       3.167560       3.167180       3.177200       3.180150       3.171140       3.128740       3.085750       3.015360       2.966970       2.913830       2.855610       2.795660       2.727800       2.655420    
   4.425410       4.273360       4.273360       4.273140       4.161740       3.939190       3.938770       3.938350       3.936740       3.476960       2.981850       2.981850       2.981850       3.098300       3.157370       3.157670       3.163940       3.161930       3.157160       3.177200       3.136970       3.097830       3.058100       3.015630       2.948430       2.896340       2.840800       2.778510       2.712810       2.646300    
   4.273360       4.273360       4.273250       4.161860       3.939190       3.938980       3.938770       3.645810       3.335620       2.981690       2.981850       2.981850       2.981850       2.981850       3.093180       3.150500       3.151400       3.163940       3.149430       3.137110       3.100390       3.065500       3.030560       2.992780       2.949090       2.884940       2.829280       2.769600       2.709360       2.652970    
   4.273360       4.273300       4.161910       3.939190       3.939090       3.478970       2.788970       2.779170       2.769380       2.910590       2.981370       2.981850       2.981850       2.981850       2.981850       3.082700       3.136170       3.138860       3.163940       3.119480       3.079800       3.044150       3.006300       2.968200       2.932000       2.884150       2.820180       2.763460       2.709320       2.662170    
   4.273330       4.161940       3.939190       3.939140       3.386990       2.788920       2.788920       2.788970       2.779160       2.769380       2.909780       2.980410       2.981850       2.981850       2.981850       2.981850       3.061390       3.105700       3.113790       3.070700       3.022570       2.994710       2.971140       2.948870       2.917410       2.865810       2.806410       2.756240       2.705940       2.666690    
