iMOD/TUTORIALS/TUT_MetaswapAnalyser/model_MetaSWAP/meteo/Precipitation/Precipitation_20061206_L1.ASC
NCOLS                30
NROWS                30
XLLCORNER     160000.00
YLLCORNER     340000.00
CELLSIZE        1000.00
NODATA_VALUE   -9999.00
  0.4285700      0.3984800      0.3668100      0.3336100      0.2990600      0.2608100      0.2202000      0.1794900      0.1417100       0.000000       0.000000       0.000000       0.000000       0.000000       0.000000       0.000000       0.000000       0.000000       0.000000       0.000000       0.000000       0.000000       0.000000       0.000000       0.000000       0.000000       0.000000       0.000000       0.000000       0.000000    
  0.4168300      0.3866100      0.3531200      0.3197400      0.2849800      0.2470500      0.2072500      0.1663300       0.000000       0.000000       0.000000       0.000000       0.000000       0.000000       0.000000       0.000000       0.000000       0.000000       0.000000       0.000000       0.000000       0.000000       0.000000       0.000000       0.000000       0.000000       0.000000       0.000000       0.000000       0.000000    
  0.4040400      0.3741700      0.3424400      0.3099100      0.2735300      0.2366600      0.1986100      0.1603600       0.000000       0.000000       0.000000       0.000000       0.000000       0.000000       0.000000       0.000000       0.000000       0.000000       0.000000       0.000000       0.000000       0.000000       0.000000       0.000000       0.000000       0.000000       0.000000       0.000000       0.000000       0.000000    
  0.3931400      0.3637200      0.3325500      0.3006300      0.2661500      0.2306600      0.1948800      0.1598700       0.000000       0.000000       0.000000       0.000000       0.000000       0.000000       0.000000       0.000000       0.000000       0.000000       0.000000       0.000000       0.000000       0.000000       0.000000       0.000000       0.000000       0.000000       0.000000       0.000000       0.000000       0.000000    
  0.3843700      0.3555600      0.3261000      0.2941300      0.2611100      0.2275400      0.1942400      0.1624200       0.000000       0.000000       0.000000       0.000000       0.000000       0.000000       0.000000       0.000000       0.000000       0.000000       0.000000       0.000000       0.000000       0.000000       0.000000       0.000000       0.000000       0.000000       0.000000       0.000000       0.000000       0.000000    
  0.3778400      0.3505100      0.3209700      0.2902900      0.2588600      0.2271900      0.1962900      0.1663300      0.1377600       0.000000       0.000000       0.000000       0.000000       0.000000       0.000000       0.000000       0.000000       0.000000       0.000000       0.000000       0.000000       0.000000       0.000000       0.000000       0.000000       0.000000       0.000000       0.000000       0.000000       0.000000    
  0.3805800      0.3466100      0.3182200      0.2889100      0.2595400      0.2295400      0.2001000      0.1694800      0.1476200       0.000000       0.000000       0.000000       0.000000       0.000000       0.000000       0.000000       0.000000       0.000000       0.000000       0.000000       0.000000       0.000000       0.000000       0.000000       0.000000       0.000000       0.000000       0.000000       0.000000      0.1373800    
  0.3882800      0.3533100      0.3183800      0.2903500      0.2619400      0.2314000      0.2020700      0.1813100      0.1556800       0.000000       0.000000       0.000000       0.000000       0.000000       0.000000       0.000000       0.000000       0.000000       0.000000       0.000000       0.000000       0.000000       0.000000       0.000000       0.000000       0.000000       0.000000       0.000000      0.1380900      0.1454800    
  0.3908900      0.3541600      0.3272600      0.2931900      0.2630900      0.2366800      0.2085700      0.1900400      0.1653400      0.1419100       0.000000       0.000000       0.000000       0.000000       0.000000       0.000000       0.000000       0.000000       0.000000       0.000000       0.000000       0.000000       0.000000       0.000000       0.000000       0.000000       0.000000      0.1382500      0.1462200      0.1538700    
  0.3930000      0.3568100      0.3311500      0.3000000      0.2683800      0.2434900      0.2247900      0.2002900      0.1766800      0.1541000       0.000000       0.000000       0.000000       0.000000       0.000000       0.000000       0.000000       0.000000       0.000000       0.000000       0.000000       0.000000       0.000000       0.000000       0.000000       0.000000      0.1376000      0.1457600      0.1535500      0.1610800    
  0.3890330      0.3603200      0.3234300      0.3057600      0.2814900      0.2677600      0.2350800      0.2119600      0.1896200      0.1681900      0.1478000       0.000000       0.000000       0.000000       0.000000       0.000000       0.000000       0.000000       0.000000       0.000000       0.000000       0.000000       0.000000       0.000000       0.000000      0.1392300      0.1470400      0.1544600      0.1616300      0.1668500    
  0.3887610      0.3446360      0.3057600      0.2992750      0.2898300      0.2851100      0.2516200      0.2248300      0.2039000      0.1838700      0.1600200      0.1432900       0.000000       0.000000       0.000000       0.000000       0.000000       0.000000       0.000000       0.000000       0.000000       0.000000       0.000000       0.000000      0.1402500      0.1481100      0.1545000      0.1607300      0.1669100      0.1731600    
  0.3636290      0.3057600      0.3074950      0.3049250      0.3200200      0.2858800      0.2644200      0.2435800      0.2145600      0.1934000      0.1772600      0.1614600      0.1484200      0.1374200       0.000000       0.000000       0.000000       0.000000       0.000000       0.000000       0.000000      0.1370500      0.1412400      0.1456200      0.1500300      0.1544200      0.1603800      0.1650200      0.1698700      0.1750300    
  0.3057600      0.3114370      0.3124720      0.3200200      0.3012630      0.2978900      0.2640900      0.2462400      0.2291900      0.2178300      0.2022300      0.1809000      0.1699500      0.1612500      0.1553700      0.1531300      0.1531900      0.1578300      0.1596500      0.1581500      0.1560200      0.1553200      0.1589000      0.1606000      0.1626800      0.1649700      0.1688600      0.1717100      0.1749200      0.1785900    
  0.3133660      0.3162460      0.3200200      0.3063910      0.2978900      0.2761300      0.2664100      0.2510400      0.2364700      0.2229200      0.2064000      0.1961400      0.1877200      0.1815700      0.1782200      0.1776500      0.1819200      0.1907000      0.1932000      0.1833100      0.1782700      0.1742600      0.1718000      0.1703600      0.1695800      0.1692900      0.1694300      0.1715000      0.1727400      0.1761300    
  0.3181330      0.3200200      0.3081000      0.2978900      0.2801430      0.2664100      0.2587250      0.2513070      0.2358850      0.2331100      0.2227200      0.2138500      0.2068000      0.2019100      0.1992000      0.1997400      0.2062100      0.2104600      0.2096200      0.2015600      0.1931900      0.1886300      0.1835300      0.1794000      0.1759800      0.1731400      0.1708200      0.1690900      0.1693800      0.1691900    
  0.3200200      0.3086700      0.2978900      0.2814810      0.2664100      0.2625670      0.2588140      0.2447570      0.2331100      0.2279150      0.2278400      0.2299900      0.2233000      0.2189900      0.2221600      0.2214800      0.2223100      0.2225300      0.2195700      0.2127600      0.2043600      0.1960700      0.1884500      0.1845500      0.1785300      0.1730500      0.1681300      0.1638800      0.1604400      0.1603500    
  0.3088600      0.2978900      0.2819270      0.2664100      0.2644890      0.2625970      0.2498120      0.2331100      0.2305120      0.2326310      0.2347600      0.2395300      0.2345100      0.2408400      0.2378500      0.2359500      0.2347000      0.2323100      0.2277600      0.2207100      0.2120100      0.2027000      0.1933900      0.1843700      0.1786900      0.1706100      0.1630500      0.1561900      0.1502500      0.1464600    
  0.2978900      0.2820760      0.2664100      0.2654490      0.2644990      0.2525020      0.2331100      0.2318110      0.2345860      0.2371450      0.2395300      0.2370200      0.2423500      0.2545200      0.2508500      0.2477000      0.2444100      0.2405200      0.2346000      0.2267600      0.2173700      0.2069800      0.1961100      0.1850900      0.1741500      0.1634900      0.1559400      0.1464200      0.1388200       0.000000    
  0.2821250      0.2664100      0.2659300      0.2654530      0.2538900      0.2331100      0.2324610      0.2354750      0.2383380      0.2395300      0.2382750      0.2433550      0.2545200      0.2526850      0.2510230      0.2476530      0.2442100      0.2398430      0.2337780      0.2315500      0.2212200      0.2096600      0.1972400      0.1842800      0.1710700      0.1579000      0.1449500       0.000000       0.000000       0.000000    
  0.2664100      0.2661700      0.2659310      0.2545960      0.2331100      0.2327850      0.2359020      0.2389340      0.2395300      0.2389020      0.2439200      0.2545200      0.2536030      0.2527430      0.2504540      0.2476290      0.2439020      0.2373590      0.2335050      0.2354600      0.2241300      0.2113600      0.1974000      0.1823500      0.1669400      0.1513000      0.1369100       0.000000       0.000000       0.000000    
  0.2662900      0.2661700      0.2549520      0.2331100      0.2329480      0.2361120      0.2392320      0.2395300      0.2392160      0.2442180      0.2545200      0.2540610      0.2536220      0.2522660      0.2502750      0.2473280      0.2397670      0.2344820      0.2354600      0.2285900      0.2261800      0.2123100      0.1969500      0.1803300      0.1627900      0.1451200       0.000000       0.000000       0.000000       0.000000    
  0.2662900      0.2551300      0.2331100      0.2330290      0.2362160      0.2393810      0.2395300      0.2393730      0.2443710      0.2545200      0.2542910      0.2540680      0.2533160      0.2520540      0.2499570      0.2424510      0.2349710      0.2354600      0.2306510      0.2281900      0.2192640      0.2139800      0.1959100      0.1779000      0.1589500      0.1388900       0.000000       0.000000       0.000000       0.000000    
  0.2552200      0.2331100      0.2330690      0.2362680      0.2394550      0.2395300      0.2394520      0.2444490      0.2545200      0.2544050      0.2542930      0.2538920      0.2531460      0.2510490      0.2463300      0.2398150      0.2399150      0.2350180      0.2296570      0.2303650      0.2302000      0.2136500      0.1956500      0.1768400      0.1561300       0.000000       0.000000       0.000000       0.000000       0.000000    
  0.2331100      0.2330900      0.2362940      0.2394930      0.2395300      0.2394910      0.2444880      0.2545200      0.2544630      0.2544060      0.2541970      0.2537770      0.2511150      0.2488000      0.2488700      0.2448310      0.2445570      0.2443700      0.2349500      0.2304170      0.2305300      0.2135600      0.1968300      0.1770800      0.1550300       0.000000       0.000000       0.000000       0.000000       0.000000    
  0.2331000      0.2363070      0.2395110      0.2395300      0.2395100      0.2445070      0.2545200      0.2544910      0.2544630      0.2543550      0.2452400      0.2319100      0.2430750      0.2486880      0.2487300      0.2488700      0.2459810      0.2447450      0.2443700      0.2346500      0.2305200      0.2161300      0.1989000      0.1790500      0.1561000       0.000000       0.000000       0.000000       0.000000       0.000000    
  0.2363140      0.2395210      0.2395300      0.2395200      0.2445170      0.2545200      0.2545060      0.2544910      0.2544360      0.2435760      0.2319100      0.2319100      0.2319100      0.2429030      0.2484630      0.2485900      0.2488700      0.2459410      0.2451200      0.2443700      0.2331800      0.2194600      0.2027300      0.1826500      0.1595800       0.000000       0.000000       0.000000       0.000000       0.000000    
  0.2395250      0.2395300      0.2395250      0.2445220      0.2545200      0.2545130      0.2545060      0.2371880      0.2310020      0.2318820      0.2319100      0.2319100      0.2319100      0.2319100      0.2425080      0.2479290      0.2483100      0.2488700      0.2454030      0.2458700      0.2357000      0.2232200      0.2077600      0.1885600      0.1652900      0.1394000       0.000000       0.000000       0.000000       0.000000    
  0.2395300      0.2395280      0.2445240      0.2545200      0.2545160      0.2327600      0.2001400      0.1927290      0.1853200      0.2163040      0.2318260      0.2319100      0.2319100      0.2319100      0.2319100      0.2416040      0.2466070      0.2477500      0.2488700      0.2425000      0.2346000      0.2247100      0.2101200      0.1952700      0.1735700      0.1467600       0.000000       0.000000       0.000000       0.000000    
  0.2395290      0.2445250      0.2545200      0.2545180      0.2283990      0.2001190      0.2001190      0.2001400      0.1927280      0.1853200      0.2161600      0.2316580      0.2319100      0.2319100      0.2319100      0.2319100      0.2395890      0.2432000      0.2466300      0.2411500      0.2296700      0.2233100      0.2148500      0.2030400      0.1839900      0.1555800       0.000000       0.000000       0.000000       0.000000    
