iMOD/TUTORIALS/TUT_MetaswapAnalyser/model_MetaSWAP/meteo/Precipitation/Precipitation_20050924_L1.ASC
NCOLS                30
NROWS                30
XLLCORNER     160000.00
YLLCORNER     340000.00
CELLSIZE        1000.00
NODATA_VALUE   -9999.00
   1.842210       1.918740       1.997610       2.062770       2.071050       1.954930       1.701280       1.400310       1.132460      0.9905400      0.9758700      0.9970200       1.025620       1.041670       1.061200       1.071150       1.090100       1.091770       1.080140       1.061290       1.036840       1.018470      0.9885400      0.9547900      0.9239600      0.8938300      0.8649800      0.8377400      0.8122100      0.7805700    
   1.797280       1.843590       1.878860       1.887510       1.837600       1.706040       1.490890       1.228330      0.9568000      0.8260600      0.8852400      0.9391800      0.9862500       1.015130       1.044770       1.077170       1.086440       1.079060       1.070350       1.047480       1.018190      0.9940600      0.9600000      0.9233200      0.8905900      0.8598100      0.8315700      0.8062500      0.7878800      0.7607200    
   1.731220       1.750710       1.754010       1.724510       1.653280       1.525670       1.346660       1.140130      0.9506400      0.8575300      0.8744500      0.9212100      0.9691200       1.006870       1.041050       1.074790       1.086310       1.082120       1.063430       1.033680       1.003100      0.9718300      0.9297200      0.8917400      0.8560900      0.8235500      0.7990300      0.7733500      0.7452000      0.7311600    
   1.656700       1.655550       1.637230       1.590400       1.513100       1.399380       1.256830       1.105540      0.9812900      0.9120200      0.9036100      0.9314500      0.9734600       1.011600       1.050150       1.085010       1.098110       1.090660       1.064400       1.025160      0.9793900      0.9345000      0.8966800      0.8591300      0.8198300      0.7845300      0.7535600      0.7272200      0.7003300      0.6873000    
   1.580800       1.565340       1.531880       1.481020       1.406550       1.309680       1.198130       1.094810       1.003740      0.9492400      0.9391800      0.9536100      0.9874400       1.025260       1.065180       1.102010       1.119910       1.107000       1.068700       1.016130      0.9560800      0.9001300      0.8573700      0.8135000      0.7711700      0.7336900      0.7010200      0.6654900      0.6447800      0.6279400    
   1.507480       1.481050       1.443850       1.391440       1.323210       1.241730       1.158220       1.078750       1.023660      0.9776900      0.9605800      0.9684700      0.9965200       1.033350       1.076370       1.122030       1.144450       1.122140       1.063680      0.9931200      0.9209900      0.8569200      0.8081900      0.7578700      0.7135400      0.6767600      0.6425800      0.6058900      0.5826400      0.5630600    
   1.438920       1.407930       1.367690       1.316490       1.262290       1.191930       1.119410       1.077680       1.020820      0.9831400      0.9663300      0.9697300      0.9909100       1.027180       1.068500       1.128080       1.172770       1.132430       1.041460      0.9502100      0.8707000      0.8015700      0.7417000      0.6980200      0.6529300      0.6133800      0.5701500      0.5413400      0.5174400      0.4959900    
   1.370660       1.354350       1.310700       1.260400       1.203470       1.138360       1.112050       1.054070       1.006930      0.9734500      0.9557100      0.9540000      0.9675800      0.9954400       1.028180       1.087690       1.157890       1.091150      0.9784500      0.8828400      0.8019600      0.7333600      0.6747300      0.6319200      0.5879600      0.5400200      0.5065800      0.4769400      0.4520300      0.4287900    
   1.325450       1.294120       1.251700       1.202760       1.145010       1.091290       1.076440       1.025370      0.9829900      0.9507300      0.9301000      0.9215300      0.9246300      0.9212100      0.9502600      0.9816700      0.9957500      0.9520400      0.8699400      0.7882300      0.7162000      0.6542900      0.6009200      0.5617800      0.5119000      0.4758600      0.4432600      0.4151200      0.3879100      0.3636600    
   1.271260       1.239110       1.197190       1.144700       1.095090       1.045820       1.037750      0.9916800      0.9511100      0.9177400      0.8925000      0.8755200      0.8661700      0.8419600      0.8490400      0.8520000      0.8391800      0.7992200      0.7405400      0.6783400      0.6209000      0.5689800      0.5239600      0.4836200      0.4464200      0.4133400      0.3840100      0.3548600      0.3276600      0.3027000    
   1.271530       1.235850       1.169050       1.095210       1.049400       1.019000      0.9988400      0.9544200      0.9137100      0.8777300      0.8468900      0.8209500      0.7686300      0.7550600      0.7444300      0.7243700      0.6968100      0.6570700      0.6111500      0.5654300      0.5233800      0.4853500      0.4504700      0.4111000      0.3818000      0.3577000      0.3290000      0.3011100      0.2742400      0.2477800    
   1.270060       1.192910       1.095210       1.032870       1.004730      0.9782400      0.9606700      0.9152500      0.8733000      0.8340300      0.7923700      0.7588300      0.6959600      0.6739900      0.6442600      0.6089700      0.5684200      0.5285000      0.4899900      0.4575800      0.4300100      0.4047300      0.3756800      0.3506900      0.3253100      0.3061700      0.2802100      0.2540100      0.2279000      0.2023800    
   1.215040       1.095210       1.025920      0.9934450      0.9821600      0.9667000      0.9216500      0.8770500      0.8260400      0.7830100      0.7423100      0.6681500      0.6339600      0.5967800      0.5554000      0.5088400      0.4590900      0.4122500      0.3805200      0.3613900      0.3443300      0.3304800      0.3147800      0.2967600      0.2765900      0.2546300      0.2375800      0.2132800      0.1883500      0.1633300    
   1.095210       1.022770      0.9878030      0.9821600      0.9593070      0.9290600      0.8738400      0.8296300      0.7854100      0.7372900      0.6931900      0.6153300      0.5750100      0.5308500      0.4818700      0.4275600      0.3708000      0.3148500      0.2825500      0.2784800      0.2778400      0.2737400      0.2612500      0.2481500      0.2319000      0.2131500      0.1978500      0.1758000      0.1528000      0.1294200    
   1.021280      0.9849810      0.9821600      0.9568420      0.9290600      0.8870530      0.8582600      0.8115000      0.7640800      0.7159000      0.6235600      0.5809200      0.5351600      0.4855500      0.4315000      0.3710300      0.3086600      0.2429700      0.2084300      0.2196100      0.2285900      0.2287600      0.2235900      0.2139500      0.2006800      0.1845100      0.1661400      0.1508000      0.1295600      0.1091600    
  0.9835710      0.9821600      0.9560210      0.9290600      0.8914580      0.8582600      0.8348800      0.8112800      0.7298580      0.6279500      0.5867400      0.5430200      0.4964200      0.4466200      0.3911600      0.3357800      0.2795100      0.2271600      0.1989900      0.1971800      0.1989900      0.2031100      0.1990700      0.1910400      0.1795500      0.1651900      0.1485800      0.1303500      0.1147700      0.9463000E-01
  0.9821600      0.9557470      0.9290600      0.8929260      0.8582600      0.8465700      0.8348070      0.7509920      0.6279500      0.6073450      0.5556740      0.5132000      0.4641000      0.4165100      0.3716900      0.3203200      0.2696900      0.2293000      0.2038100      0.1926900      0.1878800      0.1835200      0.1772700      0.1748500      0.1639700      0.1506500      0.1353600      0.1186600      0.1011600      0.8905000E-01
  0.9556560      0.9290600      0.8934150      0.8582600      0.8524150      0.8465460      0.7650800      0.6279500      0.6176480      0.5617520      0.5103300      0.5074600      0.4592900      0.4057300      0.3584700      0.3132000      0.2686100      0.2345100      0.2102100      0.1950300      0.1853600      0.1775800      0.1694500      0.1599200      0.1545700      0.1417400      0.1273500      0.1118800      0.9587000E-01   0.000000    
  0.9290600      0.8935780      0.8582600      0.8553380      0.8524070      0.7729980      0.6279500      0.6227990      0.5647410      0.5088950      0.5074600      0.4833750      0.4418730      0.3950100      0.3521700      0.3120200      0.2762900      0.2409700      0.2174600      0.2003200      0.1876200      0.1771300      0.1671200      0.1565600      0.1449700      0.1322900      0.1236200      0.1090300      0.9697000E-01   0.000000    
  0.8936330      0.8582600      0.8567990      0.8553350      0.7771730      0.6279500      0.6253740      0.5662250      0.5081780      0.5074600      0.4954180      0.4569290      0.3950100      0.3735900      0.3530670      0.3134930      0.2764270      0.2449070      0.2163120      0.2073100      0.1927700      0.1803500      0.1688000      0.1572300      0.1451400      0.1323800      0.1180900      0.1084700      0.9406000E-01   0.000000    
  0.8582600      0.8575290      0.8567980      0.7793140      0.6279500      0.6266620      0.5669660      0.5078190      0.5074600      0.5014390      0.4637040      0.3950100      0.3843000      0.3738890      0.3467170      0.3143290      0.2782760      0.2329100      0.2114050      0.2155000      0.1998900      0.1862000      0.1735000      0.1597700      0.1473200      0.1344900      0.1242500      0.1108400      0.9756000E-01   0.000000    
  0.8578950      0.8575290      0.7803980      0.6279500      0.6273060      0.5673350      0.5076390      0.5074600      0.5044490      0.4669030      0.3950100      0.3896550      0.3844000      0.3683020      0.3449780      0.3131070      0.2508930      0.2134530      0.2155000      0.2072730      0.2064300      0.1922600      0.1790500      0.1662100      0.1529200      0.1422900      0.1293100      0.1160500      0.1029500      0.9071000E-01
  0.8578950      0.7809430      0.6279500      0.6276280      0.5675200      0.5075500      0.5074600      0.5059550      0.4684560      0.3950100      0.3923320      0.3896880      0.3807850      0.3658930      0.3421290      0.2731900      0.2144760      0.2155000      0.2216970      0.2220900      0.2098600      0.2019700      0.1868600      0.1738900      0.1624300      0.1497900      0.1367800      0.1234500      0.1101900      0.9766000E-01
  0.7812160      0.6279500      0.6277890      0.5676130      0.5075050      0.5074600      0.5067070      0.4692200      0.3950100      0.3936710      0.3923440      0.3876020      0.3787890      0.3491270      0.3012750      0.2425870      0.2424950      0.2391570      0.2361060      0.2419250      0.2377500      0.2108900      0.1956600      0.1842000      0.1723500      0.1599800      0.1470400      0.1336200      0.1199600      0.1057400    
  0.6279500      0.6278690      0.5676590      0.5074820      0.5074600      0.5070840      0.4695990      0.3950100      0.3943410      0.3936750      0.3912060      0.3862450      0.3463590      0.3079850      0.3077000      0.2761490      0.2707900      0.2694900      0.2529900      0.2443030      0.2461000      0.2277800      0.2071300      0.1960900      0.1846600      0.1726700      0.1600200      0.1467000      0.1319000      0.1177900    
  0.6279100      0.5676820      0.5074710      0.5074600      0.5072720      0.4697880      0.3950100      0.3946750      0.3943420      0.3930740      0.3758730      0.3541200      0.3236180      0.3082920      0.3082710      0.3077000      0.2836130      0.2720900      0.2694900      0.2562430      0.2490600      0.2391800      0.2292600      0.2098200      0.1991200      0.1878400      0.1758400      0.1622000      0.1487400      0.1346000    
  0.5676930      0.5074660      0.5074600      0.5073660      0.4698830      0.3950100      0.3948430      0.3946760      0.3940300      0.3743060      0.3541200      0.3541200      0.3541200      0.3240720      0.3089070      0.3088410      0.3077000      0.2851700      0.2746900      0.2694900      0.2603200      0.2513800      0.2424300      0.2331800      0.2156100      0.2053900      0.1937200      0.1819400      0.1696100      0.1570000    
  0.5074630      0.5074600      0.5074130      0.4699300      0.3950100      0.3949260      0.3948430      0.3902200      0.3760560      0.3541250      0.3541200      0.3541200      0.3541200      0.3541200      0.3249920      0.3101790      0.3099830      0.3077000      0.2888000      0.2798900      0.2718900      0.2641800      0.2565100      0.2485900      0.2400900      0.2246900      0.2148600      0.2044900      0.1938000      0.1833500    
  0.5074600      0.5074370      0.4699530      0.3950100      0.3949680      0.3848510      0.3697300      0.3735290      0.3773300      0.3618700      0.3541350      0.3541200      0.3541200      0.3541200      0.3541200      0.3268270      0.3128550      0.3122650      0.3077000      0.2981200      0.2894600      0.2815000      0.2752700      0.2655200      0.2582600      0.2503600      0.2379300      0.2291300      0.2202100      0.2117800    
  0.5074480      0.4699650      0.3950100      0.3949890      0.3828710      0.3697460      0.3697460      0.3697300      0.3735280      0.3773300      0.3618960      0.3541640      0.3541200      0.3541200      0.3541200      0.3541200      0.3303490      0.3186000      0.3168300      0.3083500      0.3044300      0.2969100      0.2902300      0.2840200      0.2776700      0.2705900      0.2627500      0.2565400      0.2478700      0.2412000    
