iMOD/TUTORIALS/TUT_MetaswapAnalyser/model_MetaSWAP/meteo/Precipitation/Precipitation_20061007_L1.ASC
NCOLS                30
NROWS                30
XLLCORNER     160000.00
YLLCORNER     340000.00
CELLSIZE        1000.00
NODATA_VALUE   -9999.00
  0.8060800      0.9225100       1.052600       1.192350       1.327510       1.427200       1.473050       1.480770       1.455320       1.357650       1.195280       1.028950      0.8791800      0.7485000      0.6395900      0.5533200      0.4752100      0.4190300      0.3801400      0.3523000      0.3327300      0.3195900      0.3096600      0.3015300      0.2949200      0.2885100      0.2818300      0.2747500      0.2677600      0.2596700    
  0.8429400      0.9536300       1.073020       1.195310       1.309110       1.399050       1.456560       1.486400       1.498340       1.412820       1.208820       1.027260      0.8678100      0.7325800      0.6192000      0.5206900      0.4512900      0.4039800      0.3658500      0.3427600      0.3282100      0.3197400      0.3141200      0.3097800      0.3062200      0.3022000      0.2971500      0.2908500      0.2830200      0.2748100    
  0.8636700      0.9651300       1.070840       1.175290       1.270610       1.346760       1.397650       1.420700       1.406310       1.315850       1.153750      0.9840100      0.8293200      0.6923000      0.5797600      0.4839100      0.4164900      0.3703200      0.3416300      0.3258100      0.3152900      0.3132400      0.3129600      0.3139400      0.3146000      0.3141300      0.3112000      0.3070400      0.2982100      0.2914800    
  0.8712900      0.9618100       1.053220       1.140620       1.217590       1.277080       1.312690       1.318350       1.281420       1.193710       1.062120      0.9136300      0.7678300      0.6360200      0.5236700      0.4307800      0.3662800      0.3263200      0.3063300      0.2999700      0.3015900      0.3038300      0.3111000      0.3170000      0.3226600      0.3266200      0.3284600      0.3278500      0.3224100      0.3177600    
  0.8688800      0.9479800       1.025460       1.097000       1.157220       1.200270       1.220180       1.209820       1.164110       1.080600      0.9596000      0.8301300      0.6971200      0.5708400      0.4596500      0.3684100      0.3060600      0.2739600      0.2657000      0.2714700      0.2832900      0.2976200      0.3116900      0.3219200      0.3329100      0.3417500      0.3482900      0.3494700      0.3528200      0.3560300    
  0.8593000      0.9273400      0.9919400       1.049290       1.094860       1.123750       1.131350       1.110910       1.044550      0.9693200      0.8691000      0.7527500      0.6297500      0.5082700      0.3981600      0.3028400      0.2391200      0.2167100      0.2247400      0.2452400      0.2685000      0.2915500      0.3125900      0.3313000      0.3474300      0.3588800      0.3702900      0.3766000      0.3855800      0.3946400    
  0.8478300      0.9028400      0.9559800       1.001170       1.035130       1.052740       1.050780       1.000310      0.9539000      0.8835100      0.7928400      0.6875100      0.5740400      0.4585100      0.3499700      0.2458500       0.000000       0.000000      0.1924800      0.2277500      0.2611100      0.2912500      0.3180300      0.3414600      0.3620400      0.3799400      0.3917400      0.4061300      0.4182200      0.4314900    
  0.8377100      0.8802600      0.9206000      0.9556500      0.9794300      0.9695500      0.9487600      0.9239000      0.8786500      0.8140500      0.7325800      0.6381800      0.5354800      0.4290500      0.3279300      0.2233500       0.000000       0.000000       0.000000      0.2273400      0.2653100      0.2991600      0.3292600      0.3558500      0.3796200      0.3966800      0.4161800      0.4342200      0.4479700      0.4654200    
  0.8206100      0.8545200      0.8892600      0.9131200      0.9055300      0.9108600      0.8854100      0.8600900      0.8178200      0.7597300      0.6877600      0.6049300      0.5149000      0.4330100      0.3366500      0.2504500      0.1904200       0.000000      0.2108800      0.2469400      0.2827500      0.3162200      0.3468600      0.3746400      0.3958100      0.4192400      0.4411300      0.4577800      0.4783900      0.4982700    
  0.8026400      0.8299200      0.8578900      0.8474100      0.8585600      0.8601200      0.8325300      0.8077800      0.7695100      0.7184400      0.6562300      0.5854000      0.5091800      0.4452200      0.3661300      0.2996100      0.2564800      0.2442700      0.2573500      0.2829800      0.3127900      0.3414000      0.3701700      0.3973700      0.4185900      0.4428000      0.4616600      0.4845700      0.5069700      0.5287800    
  0.7989600      0.8301500      0.8363880      0.8103300      0.8188000      0.8101400      0.7879900      0.7652000      0.7314800      0.6875700      0.6349800      0.5759400      0.5360000      0.4656500      0.4033200      0.3519400      0.3183800      0.3053000      0.3101700      0.3267100      0.3492600      0.3742800      0.3999000      0.4215700      0.4421100      0.4641500      0.4879400      0.5115900      0.5350900      0.5564500    
  0.7975710      0.8189570      0.8103300      0.7895030      0.7831900      0.7743000      0.7521900      0.7305200      0.7014800      0.6644900      0.6201300      0.5721400      0.5457200      0.4912900      0.4414300      0.4015100      0.3745800      0.3626600      0.3630200      0.3726800      0.3883700      0.4076400      0.4223100      0.4439900      0.4664300      0.4892700      0.5126600      0.5364600      0.5606300      0.5850000    
  0.7972270      0.8103300      0.7774910      0.7644400      0.7456900      0.7320000      0.7212400      0.7032700      0.6760600      0.6455600      0.6102700      0.6069600      0.5597200      0.5152400      0.4761500      0.4454500      0.4247600      0.4141300      0.4128400      0.4169200      0.4222100      0.4348600      0.4507400      0.4689000      0.4887400      0.5098800      0.5320200      0.5553100      0.5795300      0.6045500    
  0.8103300      0.7721440      0.7550650      0.7456900      0.7274400      0.7046300      0.6915400      0.6764800      0.6560400      0.6312500      0.6026700      0.6094200      0.5710400      0.5355800      0.5052000      0.4817600      0.4667100      0.4599900      0.4566300      0.4538300      0.4563800      0.4640100      0.4823200      0.4982000      0.5162700      0.5361000      0.5570300      0.5796400      0.6034700      0.6283800    
  0.7696350      0.7503770      0.7456900      0.7259200      0.7046300      0.6870000      0.6648300      0.6523700      0.6357600      0.6156900      0.6429500      0.6102400      0.5787900      0.5502400      0.5262700      0.5084100      0.4980400      0.4962800      0.4935800      0.4865200      0.4885000      0.4940600      0.5037100      0.5165800      0.5320100      0.5496000      0.5690600      0.5897900      0.6125300      0.6336000    
  0.7480340      0.7456900      0.7254130      0.7046300      0.6854870      0.6648300      0.6586000      0.6509870      0.6421550      0.6648000      0.6371300      0.6096000      0.5834100      0.5598500      0.5430000      0.5282300      0.5253000      0.5182000      0.5120900      0.5054400      0.5025000      0.5094300      0.5161700      0.5261300      0.5388200      0.5539000      0.5711300      0.5903700      0.6112400      0.6342100    
  0.7456900      0.7252440      0.7046300      0.6849820      0.6648300      0.6617150      0.6581390      0.6541350      0.6648000      0.6509650      0.6303020      0.6063100      0.5874500      0.5677700      0.5667700      0.5499100      0.5373300      0.5284800      0.5215700      0.5161100      0.5132000      0.5135800      0.5172700      0.5312600      0.5417300      0.5545900      0.5696700      0.5868400      0.6060100      0.6281000    
  0.7251880      0.7046300      0.6848140      0.6648300      0.6632730      0.6615610      0.6596970      0.6648000      0.6578820      0.6399450      0.6199900      0.6336700      0.6092600      0.5903400      0.5710400      0.5549500      0.5422800      0.5325400      0.5250300      0.5195400      0.5163700      0.5158700      0.5181500      0.5231500      0.5379700      0.5486300      0.5614500      0.5763100      0.5931200      0.6129300    
  0.7046300      0.6847580      0.6648300      0.6640510      0.6632210      0.6623330      0.6648000      0.6613410      0.6446260      0.6268300      0.6336700      0.6214650      0.6054500      0.5885300      0.5702600      0.5545100      0.5413000      0.5312900      0.5230900      0.5170100      0.5131300      0.5115900      0.5124800      0.5157900      0.5214500      0.5293800      0.5466800      0.5590500      0.5743800      0.5880800    
  0.6847390      0.6648300      0.6644410      0.6640340      0.6636010      0.6648000      0.6630710      0.6469370      0.6302500      0.6336700      0.6275670      0.6122790      0.5885300      0.5793950      0.5711000      0.5553570      0.5423670      0.5318930      0.5155260      0.5092800      0.5043200      0.5015000      0.5008800      0.5024500      0.5061600      0.5119400      0.5155100      0.5258300      0.5345500      0.5559400    
  0.6648300      0.6646350      0.6644350      0.6642190      0.6648000      0.6639350      0.6480880      0.6319600      0.6336700      0.6306190      0.6155120      0.5885300      0.5839630      0.5796750      0.5686170      0.5562740      0.5432060      0.5179730      0.5031200      0.4969600      0.4906300      0.4862900      0.4840000      0.4795100      0.4813900      0.4851500      0.4879200      0.4952500      0.5043500      0.5153000    
  0.6647330      0.6646330      0.6645220      0.6648000      0.6643680      0.6486620      0.6328150      0.6336700      0.6321440      0.6170830      0.5885300      0.5862460      0.5840560      0.5774180      0.5681890      0.5560320      0.5228910      0.5000400      0.4969600      0.4850800      0.4676500      0.4620100      0.4582300      0.4563500      0.4534200      0.4558300      0.4590500      0.4637400      0.4698500      0.4773500    
  0.6647320      0.6646720      0.6648000      0.6645840      0.6489480      0.6332420      0.6336700      0.6329070      0.6178570      0.5885300      0.5873880      0.5862770      0.5825730      0.5765540      0.5672130      0.5144370      0.4985000      0.4969600      0.4581040      0.4437750      0.4399520      0.4386500      0.4316600      0.4275300      0.4254600      0.4254200      0.4265800      0.4288400      0.4319700      0.4361400    
  0.6647460      0.6648000      0.6646920      0.6490920      0.6334560      0.6336700      0.6332890      0.6182410      0.5885300      0.5879590      0.5873990      0.5854130      0.5818020      0.5158200      0.4644770      0.4260150      0.4265750      0.4210410      0.4143820      0.4066000      0.4199000      0.4115500      0.4034200      0.3975200      0.3937700      0.3919000      0.3914300      0.3916900      0.3921000      0.4001400    
  0.6648000      0.6647460      0.6491630      0.6335630      0.6336700      0.6334790      0.6184320      0.5885300      0.5882450      0.5879630      0.5869240      0.5848710      0.4709820      0.3363010      0.3369400      0.3657050      0.3529690      0.3561900      0.3795710      0.3927700      0.3933000      0.3802300      0.3722800      0.3644700      0.3592300      0.3562900      0.3549100      0.3540900      0.3590400      0.3550500    
  0.6647730      0.6491990      0.6336170      0.6336700      0.6335750      0.6185280      0.5885300      0.5883870      0.5882460      0.5877100      0.4650030      0.2826300      0.3178070      0.3355750      0.3356620      0.3369400      0.3463350      0.3497470      0.3561900      0.3627230      0.3651100      0.3497300      0.3367200      0.3290000      0.3225200      0.3191500      0.3179300      0.3223700      0.3207200      0.3161700    
  0.6492170      0.6336430      0.6336700      0.6336220      0.6185760      0.5885300      0.5884590      0.5883880      0.5881140      0.4412440      0.2826300      0.2826300      0.2826300      0.3167230      0.3341230      0.3343840      0.3369400      0.3424620      0.3433050      0.3561900      0.3362900      0.3178800      0.3019400      0.2896700      0.2838200      0.2808000      0.2843000      0.2862500      0.2870400      0.2857300    
  0.6336570      0.6336700      0.6336460      0.6185990      0.5885300      0.5884940      0.5884590      0.5051180      0.4048950      0.2826010      0.2826300      0.2826300      0.2826300      0.2826300      0.3144780      0.3310450      0.3318270      0.3369400      0.3334150      0.3304200      0.3075100      0.2856000      0.2659600      0.2506400      0.2418600      0.2427700      0.2470600      0.2526400      0.2574500      0.2609800    
  0.6336700      0.6336580      0.6186110      0.5885300      0.5885120      0.4662220      0.2828200      0.2691640      0.2555100      0.2735130      0.2825440      0.2826300      0.2826300      0.2826300      0.2826300      0.3098540      0.3243680      0.3267150      0.3369400      0.3101100      0.2831500      0.2564900      0.2259900      0.2073900      0.1991000      0.2016800      0.2113500      0.2217900      0.2311100      0.2391300    
  0.6336640      0.6186170      0.5885300      0.5885210      0.4417710      0.2828070      0.2828070      0.2828200      0.2691630      0.2555100      0.2733670      0.2823730      0.2826300      0.2826300      0.2826300      0.2826300      0.3005890      0.3094500      0.3164900      0.2878900      0.2452700      0.2197700      0.1931600       0.000000       0.000000       0.000000       0.000000      0.1945800      0.2080100      0.2193900    
