iMOD/TUTORIALS/TUT_MetaswapAnalyser/model_MetaSWAP/meteo/Precipitation/Precipitation_20051212_L1.ASC
NCOLS                30
NROWS                30
XLLCORNER     160000.00
YLLCORNER     340000.00
CELLSIZE        1000.00
NODATA_VALUE   -9999.00
  0.2181900      0.2359900      0.2548600      0.2749300      0.2979400      0.3176800      0.3359500      0.3529800      0.3675100      0.3726000      0.3654000      0.3568700      0.3515900      0.3472100      0.3424800      0.3411100      0.3417700      0.3398900      0.3370500      0.3342500      0.3315700      0.3309200      0.3288000      0.3248600      0.3234300      0.3223400      0.3214600      0.3205700      0.3192400      0.3162800    
  0.2228000      0.2404900      0.2545700      0.2749600      0.2993300      0.3204300      0.3416000      0.3631300      0.3857100      0.3956100      0.3861000      0.3780200      0.3720800      0.3713300      0.3680100      0.3688600      0.3661200      0.3655300      0.3630800      0.3595900      0.3561900      0.3547200      0.3522200      0.3484100      0.3472300      0.3467500      0.3469100      0.3475500      0.3493700      0.3488300    
  0.2219200      0.2394600      0.2580300      0.2829000      0.2978000      0.3190900      0.3408300      0.3626500      0.3850900      0.3948300      0.3966800      0.3904600      0.3902300      0.3902300      0.3913800      0.3941200      0.3921200      0.3890600      0.3850300      0.3804900      0.3769600      0.3746100      0.3697300      0.3676800      0.3667500      0.3669500      0.3700000      0.3721000      0.3747900      0.3782600    
  0.2204000      0.2374400      0.2554600      0.2806900      0.3000000      0.3199200      0.3400500      0.3555200      0.3773300      0.3933800      0.3984300      0.3996000      0.4046200      0.4083900      0.4103800      0.4158600      0.4150600      0.4120300      0.4070600      0.4011500      0.3953600      0.3895200      0.3874200      0.3874500      0.3867000      0.3873400      0.3893300      0.3926200      0.3968800      0.4026100    
  0.2183300      0.2346200      0.2594000      0.2770700      0.2954300      0.3142600      0.3331300      0.3682500      0.3822500      0.3935100      0.4110700      0.4152700      0.4151900      0.4230700      0.4269200      0.4362200      0.4389300      0.4358500      0.4294500      0.4217800      0.4129500      0.4069500      0.4044100      0.4028100      0.4022500      0.4033300      0.4058800      0.4092800      0.4140800      0.4186700    
  0.2158300      0.2399100      0.2558400      0.2724800      0.2897100      0.3073300      0.3386700      0.3629200      0.3896500      0.4019100      0.4110500      0.4194500      0.4198900      0.4319900      0.4486800      0.4564600      0.4606100      0.4571200      0.4477800      0.4373500      0.4268400      0.4198600      0.4168700      0.4146200      0.4143900      0.4166200      0.4196000      0.4231900      0.4278400      0.4319800    
  0.2220500      0.2368400      0.2517300      0.2672600      0.3011400      0.3165800      0.3320000      0.3741500      0.3880800      0.3987900      0.4088800      0.4188000      0.4292100      0.4360100      0.4574600      0.4706300      0.4815600      0.4760400      0.4611300      0.4465600      0.4359700      0.4286300      0.4242400      0.4240000      0.4243900      0.4265500      0.4294800      0.4340100      0.4395200      0.4439600    
  0.2080400      0.2556600      0.2682700      0.2820400      0.2961400      0.3392700      0.3584700      0.3729000      0.3838700      0.3943900      0.4046500      0.4150600      0.4261700      0.4406400      0.4582700      0.4737000      0.4921600      0.4826200      0.4635400      0.4492300      0.4390900      0.4326200      0.4293000      0.4301500      0.4316200      0.4340700      0.4384500      0.4436300      0.4532800      0.4585900    
  0.2300100      0.2536000      0.2659000      0.2778400      0.3241500      0.3360100      0.3548900      0.3687400      0.3789300      0.3888400      0.3986100      0.4085300      0.4190000      0.4484400      0.4493100      0.4606600      0.4689700      0.4648400      0.4535600      0.4431500      0.4358200      0.4317400      0.4305300      0.4332400      0.4356700      0.4401800      0.4457300      0.4565600      0.4630700      0.4693800    
  0.2280300      0.2513300      0.2626300      0.3131600      0.3216700      0.3325500      0.3546700      0.3642300      0.3734800      0.3824400      0.3911800      0.3998600      0.4086600      0.4360400      0.4419300      0.4400100      0.4418900      0.4404200      0.4353000      0.4302400      0.4273000      0.4266100      0.4284800      0.4322300      0.4383800      0.4447000      0.4566800      0.4643400      0.4720600      0.4795600    
  0.2321830      0.2473300      0.2847020      0.3116900      0.3215600      0.3370600      0.3510500      0.3595900      0.3677900      0.3755800      0.3829800      0.3899800      0.4217100      0.4251700      0.4239300      0.4232100      0.4170400      0.4153700      0.4135300      0.4132600      0.4153200      0.4195500      0.4254400      0.4318600      0.4446600      0.4542000      0.4633400      0.4725300      0.4816100      0.4893600    
  0.2322880      0.2689760      0.3116900      0.3198220      0.3191800      0.3369800      0.3503900      0.3550600      0.3621600      0.3687400      0.3807500      0.3852600      0.4143500      0.4078500      0.4064300      0.4015200      0.3959800      0.3887400      0.3889100      0.3930700      0.4004600      0.4097200      0.4233300      0.4344600      0.4456700      0.4584000      0.4694300      0.4802200      0.4906800      0.5007600    
  0.2579490      0.3116900      0.3203480      0.3230200      0.3268600      0.3404200      0.3472800      0.3537100      0.3674300      0.3696000      0.3735600      0.4027600      0.3998600      0.3952600      0.3905100      0.3814600      0.3715500      0.3640800      0.3626600      0.3731700      0.3877000      0.4031200      0.4183600      0.4330000      0.4469900      0.4603700      0.4748600      0.4871700      0.4989700      0.5102800    
  0.3116900      0.3209600      0.3249400      0.3268600      0.3352500      0.3384700      0.3539200      0.3591200      0.3636400      0.3591500      0.3624800      0.3965800      0.3920200      0.3853400      0.3760900      0.3654300      0.3530500      0.3375200      0.3368100      0.3538500      0.3755000      0.3962800      0.4196500      0.4379200      0.4547300      0.4702900      0.4860200      0.4996100      0.5123900      0.5244600    
  0.3213520      0.3259000      0.3268600      0.3335270      0.3384700      0.3510730      0.3608300      0.3649700      0.3683500      0.3707800      0.4195900      0.4132900      0.4050300      0.3943600      0.3808000      0.3616400      0.3416600      0.3180100      0.3134800      0.3464000      0.3723100      0.3971100      0.4193500      0.4394600      0.4578000      0.4746500      0.4902800      0.5061600      0.5197800      0.5340300    
  0.3263800      0.3268600      0.3329520      0.3384700      0.3501240      0.3608300      0.3629000      0.3647170      0.3821630      0.4245500      0.4195900      0.4131100      0.4047800      0.3942700      0.3853800      0.3687500      0.3575900      0.3372100      0.3355300      0.3574600      0.3842500      0.4031000      0.4259400      0.4468700      0.4660600      0.4837100      0.5000100      0.5151300      0.5304900      0.5435300    
  0.3268600      0.3327610      0.3384700      0.3498080      0.3608300      0.3618650      0.3628160      0.3835820      0.4245500      0.4220700      0.4217980      0.4153500      0.4142600      0.4040200      0.4090500      0.3923800      0.3762800      0.3653700      0.3661800      0.3799900      0.4006700      0.4231600      0.4452000      0.4562000      0.4753400      0.4931300      0.5096400      0.5249400      0.5391200      0.5543200    
  0.3326970      0.3384700      0.3497030      0.3608300      0.3613470      0.3618370      0.3832030      0.4245500      0.4233100      0.4261360      0.4258700      0.4363900      0.4282200      0.4344500      0.4218700      0.4094600      0.3988500      0.3932700      0.3954100      0.4057800      0.4219500      0.4409300      0.4606600      0.4799900      0.4871400      0.5046300      0.5209600      0.5361200      0.5501000      0.5637300    
  0.3384700      0.3496680      0.3608300      0.3610890      0.3613380      0.3827340      0.4245500      0.4239300      0.4283030      0.4311300      0.4363900      0.4323050      0.4364180      0.4466100      0.4371000      0.4284700      0.4221400      0.4196600      0.4228300      0.4316800      0.4450800      0.4613000      0.4788000      0.4965000      0.5137300      0.5300900      0.5340000      0.5487700      0.5632100      0.5806900    
  0.3496560      0.3608300      0.3609590      0.3610860      0.3824280      0.4245500      0.4242400      0.4293870      0.4337600      0.4363900      0.4343480      0.4379310      0.4466100      0.4418550      0.4373930      0.4292370      0.4234230      0.4215430      0.4423480      0.4567700      0.4685800      0.4828900      0.4986100      0.5148300      0.5308700      0.5462900      0.5685100      0.5844000      0.5987100      0.5970300    
  0.3608300      0.3608950      0.3609580      0.3822560      0.4245500      0.4243950      0.4299280      0.4350750      0.4363900      0.4353690      0.4388200      0.4466100      0.4442330      0.4419530      0.4361620      0.4300180      0.4247340      0.4473800      0.4687850      0.4808000      0.4918100      0.5049500      0.5194000      0.5437900      0.5582800      0.5722400      0.5914200      0.6029700      0.6134800      0.6230500    
  0.3608620      0.3608940      0.3821650      0.4245500      0.4244730      0.4301990      0.4357320      0.4363900      0.4358790      0.4392970      0.4466100      0.4454210      0.4442650      0.4407820      0.4360440      0.4303050      0.4515450      0.4747920      0.4808000      0.4997400      0.5266100      0.5383300      0.5512600      0.5647700      0.5819200      0.6044700      0.6153500      0.6252200      0.6340700      0.6374700    
  0.3608620      0.3821180      0.4245500      0.4245110      0.4303350      0.4360610      0.4363900      0.4361350      0.4395440      0.4466100      0.4460160      0.4454320      0.4434900      0.4403640      0.4357100      0.4720510      0.4777960      0.4808000      0.5344250      0.5573750      0.5648760      0.5730900      0.5865700      0.5982000      0.6137600      0.6236300      0.6334600      0.6421500      0.6496300      0.6561100    
  0.3820940      0.4245500      0.4245310      0.4304020      0.4362260      0.4363900      0.4362620      0.4396700      0.4466100      0.4463130      0.4460190      0.4449790      0.4430950      0.4930880      0.5325000      0.5642230      0.5645650      0.5757160      0.5900020      0.5997850      0.5881400      0.5982100      0.6130700      0.6238000      0.6344100      0.6444000      0.6533300      0.6608900      0.6669100      0.6730700    
  0.4245500      0.4245400      0.4304360      0.4363080      0.4363900      0.4363260      0.4397330      0.4466100      0.4464610      0.4463140      0.4457700      0.4446980      0.5375360      0.6530940      0.6527900      0.6298610      0.6503070      0.6483300      0.6250250      0.6128470      0.6114300      0.6276500      0.6352400      0.6459600      0.6564100      0.6660600      0.6744400      0.6811900      0.6877600      0.6899900    
  0.4245450      0.4304530      0.4363490      0.4363900      0.4363580      0.4397650      0.4466100      0.4465360      0.4464620      0.4461820      0.5394120      0.6801400      0.6623830      0.6534240      0.6533980      0.6527900      0.6517830      0.6522850      0.6483300      0.6391400      0.6389700      0.6487400      0.6593200      0.6681400      0.6789300      0.6886900      0.6969700      0.7055400      0.7093500      0.7107100    
  0.4304620      0.4363690      0.4363900      0.4363740      0.4397810      0.4466100      0.4465730      0.4465360      0.4463930      0.5584670      0.6801400      0.6801400      0.6801400      0.6628760      0.6540820      0.6540060      0.6527900      0.6537280      0.6562400      0.6483300      0.6578300      0.6686700      0.6803400      0.6921800      0.7019500      0.7123100      0.7233900      0.7296700      0.7339100      0.7361100    
  0.4363800      0.4363900      0.4363820      0.4397890      0.4466100      0.4465910      0.4465730      0.5029480      0.5802250      0.6801390      0.6801400      0.6801400      0.6801400      0.6801400      0.6638820      0.6554510      0.6552230      0.6527900      0.6575520      0.6641500      0.6749100      0.6872100      0.7005200      0.7140300      0.7302500      0.7393700      0.7484000      0.7555400      0.7608800      0.7646900    
  0.4363900      0.4363860      0.4397930      0.4466100      0.4466010      0.5399250      0.6799300      0.6761090      0.6722900      0.6775210      0.6801380      0.6801400      0.6801400      0.6801400      0.6801400      0.6659290      0.6583410      0.6576550      0.6527900      0.6649400      0.6792200      0.6953900      0.7169800      0.7391800      0.7530700      0.7651900      0.7742500      0.7826100      0.7893800      0.7948700    
  0.4363880      0.4397950      0.4466100      0.4466050      0.5585940      0.6799230      0.6799230      0.6799300      0.6761090      0.6722900      0.6775170      0.6801350      0.6801400      0.6801400      0.6801400      0.6801400      0.6700150      0.6645770      0.6625200      0.6759500      0.6983800      0.7153900      0.7344400      0.7546100      0.7733100      0.7875600      0.7988900      0.8115300      0.8188000      0.8260300    
