iMOD/TUTORIALS/TUT_MetaswapAnalyser/model_MetaSWAP/meteo/Precipitation/Precipitation_20061004_L1.ASC
NCOLS                30
NROWS                30
XLLCORNER     160000.00
YLLCORNER     340000.00
CELLSIZE        1000.00
NODATA_VALUE   -9999.00
   2.569810       2.553960       2.523210       2.485410       2.442480       2.485750       2.594240       2.718950       2.821960       2.925580       3.036160       3.134180       3.215780       3.284500       3.349020       3.411270       3.465810       3.538130       3.622510       3.716000       3.817230       3.903320       4.010820       4.116560       4.224320       4.327850       4.423240       4.503740       4.556780       4.561790    
   2.571220       2.555770       2.498650       2.480110       2.443930       2.480460       2.547340       2.621830       2.682450       2.752730       2.867900       2.959360       3.034840       3.094930       3.151200       3.196560       3.258250       3.309380       3.387900       3.480510       3.583130       3.676360       3.789860       3.904090       4.023740       4.143890       4.262730       4.376460       4.439110       4.499660    
   2.560520       2.548560       2.532640       2.461130       2.434300       2.460860       2.502220       2.547690       2.585600       2.652450       2.733670       2.802780       2.861810       2.908840       2.945460       2.976500       3.024460       3.086930       3.165620       3.259050       3.361130       3.458950       3.572620       3.694510       3.819660       3.947840       4.043120       4.184270       4.329320       4.464350    
   2.562720       2.552330       2.539610       2.453020       2.456180       2.468540       2.488390       2.487010       2.511600       2.560050       2.620230       2.660770       2.709440       2.730720       2.748230       2.764710       2.797880       2.852540       2.929750       3.025260       3.133290       3.242780       3.348140       3.434610       3.561560       3.692300       3.827690       3.969200       4.118200       4.272030    
   2.573650       2.562650       2.447190       2.442570       2.441580       2.445240       2.452780       2.457150       2.474810       2.495080       2.559540       2.575370       2.566230       2.557240       2.550280       2.545690       2.544390       2.587370       2.663350       2.761670       2.866710       2.983700       3.088430       3.208260       3.329470       3.451140       3.572770       3.692450       3.803890       3.880930    
   2.590580       2.445460       2.438000       2.430520       2.424310       2.419890       2.438500       2.408190       2.499280       2.489800       2.477810       2.460250       2.427710       2.399430       2.364850       2.317870       2.298610       2.335410       2.421390       2.529830       2.641140       2.758970       2.862140       2.976190       3.087300       3.193750       3.294000       3.382980       3.451200       3.478520    
   2.418540       2.439620       2.429280       2.417800       2.436370       2.422070       2.407140       2.483600       2.459620       2.433440       2.402000       2.362960       2.313970       2.248560       2.196310       2.107240       2.038270       2.078160       2.189440       2.306070       2.424750       2.540660       2.652710       2.744830       2.843420       2.932920       3.009880       3.069710       3.104040       3.102500    
   2.389330       2.447470       2.461280       2.443140       2.423060       2.536280       2.493020       2.458870       2.423400       2.382320       2.334150       2.277130       2.209550       2.129770       2.052100       1.939720       1.819150       1.872960       1.994410       2.111650       2.225060       2.334610       2.438950       2.521720       2.607110       2.679320       2.735260       2.770390       2.783920       2.760570    
   2.433030       2.447980       2.429840       2.437150       2.579200       2.537570       2.484020       2.439470       2.392480       2.338400       2.276080       2.204460       2.122900       2.066510       1.951540       1.846230       1.770830       1.780910       1.852840       1.945560       2.044610       2.144100       2.239450       2.312720       2.385480       2.442480       2.480040       2.500000       2.487810       2.449110    
   2.435060       2.450370       2.427920       2.613250       2.591860       2.543120       2.475390       2.425620       2.368540       2.303280       2.229050       2.145460       2.052970       1.995080       1.880760       1.776660       1.714610       1.698250       1.732480       1.799340       1.883550       1.969590       2.057050       2.135480       2.184460       2.228300       2.255560       2.252440       2.224100       2.171350    
   2.443340       2.437780       2.531410       2.634090       2.587100       2.535960       2.476140       2.418740       2.353050       2.278320       2.193980       2.100070       2.059050       1.949180       1.836290       1.721880       1.635660       1.596180       1.604000       1.651880       1.725770       1.810690       1.894180       1.967260       2.029330       2.041760       2.050260       2.033340       1.990980       1.928070    
   2.441550       2.511660       2.634090       2.608040       2.608240       2.527460       2.461460       2.420130       2.347370       2.264790       2.201990       2.094490       2.042620       1.923780       1.777380       1.644830       1.536770       1.470880       1.461410       1.504170       1.580550       1.668950       1.757750       1.828180       1.878080       1.888400       1.886360       1.857480       1.802380       1.723210    
   2.508210       2.634090       2.612590       2.605490       2.602740       2.532400       2.475120       2.409090       2.379810       2.302660       2.198380       2.207400       2.054380       1.894650       1.729100       1.569930       1.426470       1.324260       1.300400       1.355790       1.452030       1.553420       1.643270       1.712890       1.757770       1.775500       1.749430       1.709650       1.642980       1.551630    
   2.634090       2.613380       2.604120       2.602740       2.564260       2.557630       2.558100       2.484710       2.400960       2.317120       2.208520       2.222060       2.060270       1.888370       1.707160       1.516860       1.326590       1.164400       1.121330       1.222380       1.351630       1.469150       1.559560       1.626700       1.665240       1.674450       1.641650       1.592070       1.515670       1.414560    
   2.613410       2.603430       2.602740       2.574880       2.557630       2.568330       2.589270       2.514900       2.429960       2.333510       2.373150       2.224760       2.064570       1.891860       1.705880       1.511450       1.292790       1.056700      0.9763100       1.154940       1.308810       1.430520       1.522000       1.582850       1.612960       1.612680       1.582870       1.513060       1.428460       1.324490    
   2.603080       2.602740       2.578420       2.557630       2.571740       2.589270       2.552080       2.511380       2.460830       2.564950       2.428760       2.281590       2.122740       1.951690       1.770200       1.574470       1.365740       1.186050       1.131810       1.228180       1.348470       1.455140       1.532960       1.581410       1.599700       1.588210       1.548120       1.481300       1.379280       1.266690    
   2.602740       2.579600       2.557630       2.572880       2.589270       2.570680       2.550910       2.522310       2.564950       2.496860       2.415680       2.363000       2.214850       2.051810       1.865060       1.694130       1.531080       1.405110       1.357090       1.390550       1.460450       1.530200       1.582700       1.615790       1.617730       1.592000       1.539790       1.463410       1.365920       1.241410    
   2.579990       2.557630       2.573260       2.589270       2.579970       2.570290       2.552210       2.564950       2.530900       2.463820       2.401550       2.440090       2.303040       2.158880       2.010540       1.864930       1.733380       1.635360       1.587030       1.587790       1.617410       1.652650       1.677410       1.682700       1.669110       1.626750       1.560580       1.473370       1.369100       1.251670    
   2.557630       2.573390       2.589270       2.584620       2.579840       2.566860       2.564950       2.547930       2.484120       2.420820       2.440090       2.371560       2.303210       2.310840       2.182710       2.060370       1.952780       1.870080       1.820580       1.801900       1.802810       1.808530       1.806400       1.787870       1.748380       1.686600       1.608560       1.508270       1.394360       1.276230    
   2.573430       2.589270       2.586950       2.584580       2.574070       2.564950       2.556440       2.493510       2.430450       2.440090       2.405830       2.356430       2.310840       2.246770       2.184640       2.065290       1.961080       1.881150       1.958160       2.028970       2.009700       1.991880       1.965830       1.924250       1.862860       1.780470       1.681140       1.563600       1.450720       1.322700    
   2.589270       2.588110       2.586930       2.577640       2.564950       2.560690       2.498050       2.435270       2.440090       2.422960       2.378300       2.310840       2.278810       2.247420       2.165570       2.070330       1.969170       2.043750       2.149120       2.269270       2.236330       2.200600       2.154370       2.092630       2.009760       1.905450       1.797900       1.659050       1.512470       1.367870    
   2.588690       2.588100       2.579410       2.564950       2.562820       2.500290       2.437680       2.440090       2.431520       2.388050       2.310840       2.294820       2.279020       2.230600       2.161110       2.068360       2.112340       2.209190       2.269270       2.329190       2.481970       2.434470       2.372930       2.291810       2.202680       2.060350       1.914760       1.752040       1.581250       1.421970    
   2.588690       2.580290       2.564950       2.563890       2.501410       2.438890       2.440090       2.435810       2.392630       2.310840       2.302830       2.294900       2.268150       2.223580       2.153350       2.336240       2.239230       2.269270       2.615730       2.732510       2.700290       2.656240       2.598520       2.511760       2.396400       2.245720       2.073550       1.880180       1.675600       1.474620    
   2.580730       2.564950       2.564420       2.501960       2.439490       2.440090       2.437950       2.394840       2.310840       2.306840       2.302860       2.288620       2.262210       2.796040       3.050660       3.104090       3.100140       3.076630       3.052730       3.131950       2.983060       2.945720       2.872780       2.777490       2.646590       2.479160       2.277890       2.049010       1.802300       1.554590    
   2.564950       2.564680       2.502240       2.439790       2.440090       2.439020       2.395930       2.310840       2.308840       2.306840       2.299440       2.284560       3.290180       4.547790       4.539070       3.947640       3.972880       3.931020       3.514400       3.293730       3.280850       3.254620       3.194630       3.095730       2.952880       2.764750       2.534560       2.269220       1.979690       1.673030    
   2.564820       2.502380       2.439940       2.440090       2.439550       2.396470       2.310840       2.309840       2.308840       2.305040       3.380880       5.006770       4.707760       4.556260       4.556510       4.539070       4.178470       4.014750       3.931020       3.700890       3.617270       3.606920       3.560760       3.465940       3.316800       3.110950       2.853530       2.555800       2.226900       1.878010    
   2.502450       2.440010       2.440090       2.439820       2.396740       2.310840       2.310340       2.309840       2.307910       3.601660       5.006770       5.006770       5.006770       4.720230       4.573200       4.573940       4.539070       4.229030       4.098470       3.931020       3.974420       3.992690       3.971410       3.894100       3.745010       3.524230       3.240570       2.912070       2.556920       2.194510    
   2.440050       2.440090       2.439960       2.396870       2.310840       2.310590       2.310340       3.057210       3.938810       5.007100       5.006770       5.006770       5.006770       5.006770       4.744470       4.606570       4.608820       4.539070       4.347560       4.265920       4.346810       4.405960       4.425530       4.380290       4.240680       4.005800       3.692390       3.332150       2.955470       2.589360    
   2.440090       2.440020       2.396940       2.310840       2.310710       3.438570       5.130580       5.215660       5.300740       5.105640       5.007750       5.006770       5.006770       5.006770       5.006770       4.790580       4.671830       4.678570       4.539070       4.654240       4.766630       4.866690       4.926900       4.917420       4.811680       4.555600       4.194440       3.793810       3.392230       3.016460    
   2.440060       2.396970       2.310840       2.310780       3.664180       5.130490       5.130490       5.130580       5.215660       5.300740       5.107290       5.009700       5.006770       5.006770       5.006770       5.006770       4.874890       4.797870       4.818060       4.967490       5.103020       5.263020       5.411980       5.517080       5.465140       5.145560       4.706800       4.261250       3.832740       3.442140    
