iMOD/TUTORIALS/TUT_MetaswapAnalyser/model_MetaSWAP/meteo/Precipitation/Precipitation_20050822_L1.ASC
NCOLS                30
NROWS                30
XLLCORNER     160000.00
YLLCORNER     340000.00
CELLSIZE        1000.00
NODATA_VALUE   -9999.00
  0.4110700      0.3807000      0.3473200      0.3091800      0.2627500      0.2032900       0.000000       0.000000       0.000000       0.000000       0.000000       0.000000       0.000000       0.000000      0.2037300      0.2371400      0.2626800      0.2789300      0.2847500      0.2809400      0.2688900      0.2500100      0.2270300      0.2033100       0.000000       0.000000       0.000000       0.000000       0.000000       0.000000    
  0.4125000      0.3783300      0.3366600      0.2937000      0.2432200      0.1846700       0.000000       0.000000       0.000000       0.000000       0.000000       0.000000       0.000000      0.1842300      0.2298000      0.2697000      0.2994800      0.3186300      0.3234700      0.3157100      0.2981700      0.2731500      0.2440400      0.2145400       0.000000       0.000000       0.000000       0.000000       0.000000       0.000000    
  0.4101300      0.3746600      0.3349200      0.2903700      0.2385200      0.1845300       0.000000       0.000000       0.000000       0.000000       0.000000       0.000000       0.000000      0.2153400      0.2696900      0.3172100      0.3517800      0.3697700      0.3704400      0.3561600      0.3314600      0.2987700      0.2652700      0.2271800      0.1891600       0.000000       0.000000       0.000000       0.000000       0.000000    
  0.4111300      0.3758200      0.3368500      0.2943400      0.2480900      0.2001700       0.000000       0.000000       0.000000       0.000000       0.000000       0.000000      0.2020600      0.2629000      0.3250300      0.3806000      0.4198800      0.4365200      0.4300300      0.4054500      0.3694700      0.3312700      0.2864000      0.2491700      0.2049300       0.000000       0.000000       0.000000       0.000000       0.000000    
  0.4158900      0.3819200      0.3455400      0.3063100      0.2655500      0.2250600      0.1878400       0.000000       0.000000       0.000000       0.000000      0.2031600      0.2596400      0.3273700      0.3962400      0.4627800      0.5144200      0.5279400      0.5089900      0.4688600      0.4239900      0.3700200      0.3157800      0.2643100      0.2162200       0.000000       0.000000       0.000000       0.000000       0.000000    
  0.4241900      0.3926400      0.3589700      0.3241000      0.2891000      0.2557700      0.2267000      0.2056800      0.1916200      0.1973200      0.2204500      0.2618500      0.3210700      0.3959600      0.4805300      0.5651100      0.6246400      0.6297500      0.5870300      0.5240900      0.4619900      0.3966600      0.3349900      0.2789900      0.2283000      0.1829000       0.000000       0.000000       0.000000       0.000000    
  0.4382700      0.4063100      0.3760400      0.3455600      0.3161200      0.2890900      0.2668000      0.2454000      0.2420600      0.2518000      0.2771400      0.3197300      0.3804500      0.4595800      0.5560000      0.6647500      0.7577900      0.7428000      0.6577800      0.5727400      0.4903500      0.4161300      0.3499500      0.2907500      0.2391200      0.1941200       0.000000       0.000000       0.000000       0.000000    
  0.4206100      0.4255400      0.3955100      0.3690500      0.3442300      0.3093400      0.2948600      0.2866000      0.2875600      0.3001400      0.3265900      0.3687600      0.4281300      0.5058000      0.6023200      0.7197800      0.8541700      0.8048800      0.6910500      0.5896100      0.5010500      0.4238600      0.3566100      0.2975500      0.2468900      0.2030800       0.000000       0.000000       0.000000       0.000000    
  0.4340200      0.4431500      0.4188600      0.3928600      0.3531300      0.3374600      0.3271900      0.3225300      0.3260800      0.3397300      0.3652700      0.4042000      0.4575900      0.5241900      0.6064700      0.6946000      0.7589600      0.7391200      0.6602100      0.5720000      0.4901100      0.4174000      0.3537900      0.2979600      0.2498100      0.2091700       0.000000       0.000000       0.000000       0.000000    
  0.4481100      0.4613300      0.4395700      0.3935500      0.3749500      0.3622900      0.3548100      0.3521500      0.3565600      0.3693800      0.3918000      0.4246400      0.4680000      0.5189500      0.5771300      0.6310100      0.6580100      0.6443200      0.5930100      0.5263300      0.4588200      0.3975000      0.3415500      0.2922200      0.2482500      0.2113200       0.000000       0.000000       0.000000       0.000000    
  0.4599130      0.4496700      0.4262930      0.4107200      0.3968200      0.3836300      0.3772500      0.3751900      0.3789000      0.3892300      0.4067500      0.4315100      0.4607100      0.5056900      0.5333900      0.5599700      0.5682900      0.5510600      0.5123900      0.4625700      0.4103000      0.3602100      0.3141800      0.2724000      0.2358900      0.2049200       0.000000       0.000000       0.000000       0.000000    
  0.4599410      0.4366490      0.4107200      0.4117430      0.4130300      0.4033500      0.3970600      0.3919500      0.3937900      0.4004600      0.4258800      0.4404400      0.4575500      0.4671500      0.4828000      0.4897500      0.4833600      0.4633300      0.4327600      0.3974200      0.3606700      0.3242200      0.2887200      0.2559400      0.2259300      0.1987700       0.000000       0.000000       0.000000       0.000000    
  0.4453540      0.4107200      0.4171440      0.4197150      0.4264000      0.4170300      0.4098900      0.4057300      0.4233000      0.4220000      0.4259100      0.4192800      0.4270600      0.4326500      0.4327200      0.4242800      0.4056000      0.3795100      0.3538900      0.3315200      0.3093700      0.2861600      0.2618500      0.2374200      0.2137900      0.1915700       0.000000       0.000000       0.000000       0.000000    
  0.4107200      0.4193300      0.4230570      0.4264000      0.4234270      0.4268500      0.4421300      0.4347300      0.4294100      0.4319100      0.4288700      0.4065700      0.4048100      0.3993800      0.3876600      0.3670900      0.3369400      0.3008100      0.2764800      0.2696000      0.2625600      0.2511000      0.2384300      0.2214200      0.2034100      0.1853300       0.000000       0.000000       0.000000       0.000000    
  0.4202950      0.4247290      0.4264000      0.4255590      0.4268500      0.4437130      0.4621600      0.4514900      0.4420100      0.4332700      0.4043700      0.3971400      0.3874300      0.3734200      0.3530600      0.3227900      0.2850200      0.2364700      0.2092600      0.2227700      0.2271100      0.2238500      0.2155300      0.2039200      0.1903800       0.000000       0.000000       0.000000       0.000000       0.000000    
  0.4255640      0.4264000      0.4262700      0.4268500      0.4442410      0.4621600      0.4568250      0.4518870      0.4335080      0.4072600      0.3966800      0.3845200      0.3696000      0.3505800      0.3231100      0.2928100      0.2609400      0.2215300      0.2002100      0.2018500      0.2049600      0.2042000      0.1990200      0.1906600       0.000000       0.000000       0.000000       0.000000       0.000000       0.000000    
  0.4264000      0.4265070      0.4268500      0.4444170      0.4621600      0.4594930      0.4569570      0.4373700      0.4072600      0.4019700      0.3847480      0.3737700      0.3513200      0.3298800      0.3146200      0.2840500      0.2509600      0.2216800      0.2030300      0.1960700      0.1938000      0.1910700      0.1862200       0.000000       0.000000       0.000000       0.000000       0.000000       0.000000       0.000000    
  0.4265860      0.4268500      0.4444760      0.4621600      0.4608260      0.4595370      0.4402700      0.4072600      0.4046150      0.3846260      0.3676400      0.3615100      0.3411400      0.3307500      0.3043600      0.2763300      0.2477200      0.2234600      0.2058100      0.1950900      0.1885700      0.1832400       0.000000       0.000000       0.000000       0.000000       0.000000       0.000000       0.000000       0.000000    
  0.4268500      0.4444950      0.4621600      0.4614930      0.4608410      0.4419730      0.4072600      0.4059370      0.3845170      0.3645750      0.3615100      0.3513250      0.3392800      0.3237200      0.2983000      0.2724800      0.2477600      0.2249500      0.2076600      0.1949800      0.1856500       0.000000       0.000000       0.000000       0.000000       0.000000       0.000000       0.000000       0.000000       0.000000    
  0.4445020      0.4621600      0.4618270      0.4614980      0.4428920      0.4072600      0.4065990      0.3844530      0.3630430      0.3615100      0.3564180      0.3439590      0.3237200      0.3110100      0.2981670      0.2728470      0.2483970      0.2267900      0.2029780      0.1944200      0.1831800       0.000000       0.000000       0.000000       0.000000       0.000000       0.000000       0.000000       0.000000       0.000000    
  0.4621600      0.4619930      0.4618280      0.4433690      0.4072600      0.4069290      0.3844200      0.3622760      0.3615100      0.3589640      0.3464020      0.3237200      0.3173650      0.3109660      0.2940080      0.2731370      0.2493440      0.2129390      0.1936500      0.1928800       0.000000       0.000000       0.000000       0.000000       0.000000       0.000000       0.000000       0.000000       0.000000       0.000000    
  0.4620770      0.4619940      0.4436130      0.4072600      0.4070950      0.3844020      0.3618930      0.3615100      0.3602370      0.3476490      0.3237200      0.3205430      0.3173500      0.3074460      0.2927030      0.2721630      0.2243130      0.1932650      0.1928800      0.6429330E-01   0.000000       0.000000       0.000000       0.000000       0.000000       0.000000       0.000000       0.000000       0.000000       0.000000    
  0.4620770      0.4437360      0.4072600      0.4071770      0.3843940      0.3617020      0.3615100      0.3608730      0.3482790      0.3237200      0.3221310      0.3205380      0.3151130      0.3058330      0.2907710      0.2157380      0.1930720      0.1928800      0.6429330E-01   0.000000       0.000000       0.000000       0.000000       0.000000       0.000000       0.000000       0.000000       0.000000       0.000000       0.000000    
  0.4437980      0.4072600      0.4072190      0.3843890      0.3616060      0.3615100      0.3611920      0.3485960      0.3237200      0.3229260      0.3221300      0.3192610      0.3138280      0.2279290      0.1554930      0.9650420E-01  0.9644000E-01  0.5143470E-01   0.000000       0.000000       0.000000       0.000000       0.000000       0.000000       0.000000       0.000000       0.000000       0.000000       0.000000       0.000000    
  0.4072600      0.4072390      0.3843870      0.3615580      0.3615100      0.3613510      0.3487540      0.3237200      0.3233230      0.3229250      0.3214390      0.3184060      0.1722040       0.000000       0.000000      0.2411000E-01   0.000000       0.000000       0.000000       0.000000       0.000000       0.000000       0.000000       0.000000       0.000000       0.000000       0.000000       0.000000       0.000000       0.000000    
  0.4072500      0.3843860      0.3615340      0.3615100      0.3614300      0.3488340      0.3237200      0.3235210      0.3233230      0.3225620      0.2658100      0.1831400      0.6103180E-01   0.000000       0.000000       0.000000       0.000000       0.000000       0.000000       0.000000       0.000000       0.000000       0.000000       0.000000       0.000000       0.000000       0.000000       0.000000       0.000000       0.000000    
  0.3843860      0.3615220      0.3615100      0.3614700      0.3488740      0.3237200      0.3236210      0.3235210      0.3231350      0.2555950      0.1831400      0.1831400      0.1831400      0.6098700E-01   0.000000       0.000000       0.000000       0.000000       0.000000       0.000000       0.000000       0.000000       0.000000       0.000000       0.000000       0.000000       0.000000       0.000000       0.000000       0.000000    
  0.3615160      0.3615100      0.3614900      0.3488930      0.3237200      0.3236700      0.3236210      0.2938670      0.2467690      0.1830140      0.1831400      0.1831400      0.1831400      0.1831400      0.6080820E-01   0.000000       0.000000       0.000000       0.000000       0.000000       0.000000       0.000000       0.000000       0.000000       0.000000       0.000000       0.000000       0.000000       0.000000       0.000000    
  0.3615100      0.3615000      0.3489030      0.3237200      0.3236950      0.2816270      0.2185600      0.2118740      0.2051900      0.1901560      0.1827630      0.1831400      0.1831400      0.1831400      0.1831400      0.6009280E-01   0.000000       0.000000       0.000000       0.000000       0.000000       0.000000       0.000000       0.000000       0.000000       0.000000       0.000000       0.000000       0.000000       0.000000    
  0.3615050      0.3489080      0.3237200      0.3237080      0.2732350      0.2185630      0.2185630      0.2185600      0.2118730      0.2051900      0.1895310      0.1820100      0.1831400      0.1831400      0.1831400      0.1831400      0.5723120E-01   0.000000       0.000000       0.000000       0.000000       0.000000       0.000000       0.000000       0.000000       0.000000       0.000000       0.000000       0.000000       0.000000    
