iMOD/TUTORIALS/TUT_MetaswapAnalyser/model_MetaSWAP/meteo/Precipitation/Precipitation_20061019_L1.ASC
NCOLS                30
NROWS                30
XLLCORNER     160000.00
YLLCORNER     340000.00
CELLSIZE        1000.00
NODATA_VALUE   -9999.00
  0.8044100      0.8065300      0.8121500      0.8220400      0.8376300      0.8621500      0.8940000      0.9282700      0.9576600      0.9637300      0.9425600      0.9140000      0.8826800      0.8510900      0.8193000      0.7831300      0.7507400      0.7182300      0.6849600      0.6521400      0.6201700      0.5885700      0.5592100      0.5337500      0.5074300      0.4830500      0.4609800      0.4420300      0.4279200      0.4205900    
  0.8100000      0.8137300      0.8243000      0.8359600      0.8539900      0.8780400      0.9078700      0.9417000      0.9777400      0.9848800      0.9483200      0.9124900      0.8781200      0.8409700      0.8067400      0.7730600      0.7385700      0.7101000      0.6766800      0.6430200      0.6101400      0.5774300      0.5468300      0.5197200      0.4913700      0.4642800      0.4385000      0.4144500      0.3976100      0.3824900    
  0.8124900      0.8171900      0.8251800      0.8392800      0.8601800      0.8813300      0.9062000      0.9326400      0.9548100      0.9549900      0.9297600      0.8974200      0.8617000      0.8269600      0.7952400      0.7624800      0.7283800      0.6938300      0.6591900      0.6249700      0.5923700      0.5594400      0.5309900      0.5010600      0.4721700      0.4440800      0.4211000      0.3929800      0.3643800      0.3397100    
  0.8101800      0.8150900      0.8227600      0.8378300      0.8520200      0.8690500      0.8876700      0.9085100      0.9185800      0.9153000      0.8968500      0.8703900      0.8375600      0.8062500      0.7743800      0.7424700      0.7091200      0.6747900      0.6400600      0.6057300      0.5725000      0.5439900      0.5125500      0.4887200      0.4599500      0.4317200      0.4037000      0.3755800      0.3464500      0.3188000    
  0.8033600      0.8078200      0.8212600      0.8298800      0.8404900      0.8524200      0.8643000      0.8746800      0.8780300      0.8724600      0.8518300      0.8307800      0.8063500      0.7788600      0.7483300      0.7183500      0.6896800      0.6565200      0.6223000      0.5884700      0.5594600      0.5286500      0.4984000      0.4708400      0.4440000      0.4179100      0.3924100      0.3666300      0.3440700      0.3274500    
  0.7925900      0.8066000      0.8110500      0.8168400      0.8236000      0.8305900      0.8377400      0.8411900      0.8332600      0.8223500      0.8087600      0.7899000      0.7686800      0.7439200      0.7177300      0.6915700      0.6630300      0.6307700      0.5965600      0.5632700      0.5351300      0.5063800      0.4786900      0.4535800      0.4297900      0.4073200      0.3857700      0.3649900      0.3489000      0.3396100    
  0.7960500      0.7950600      0.7972500      0.8000600      0.8046700      0.8072400      0.8082600      0.7979500      0.7886900      0.7791200      0.7648800      0.7467000      0.7257800      0.7046000      0.6801800      0.6576800      0.6335800      0.6017100      0.5668700      0.5370100      0.5084200      0.4827300      0.4594400      0.4371000      0.4171900      0.3986500      0.3804000      0.3659000      0.3552000      0.3501600    
  0.7818200      0.7859800      0.7830900      0.7830400      0.7826000      0.7709500      0.7667300      0.7568800      0.7484900      0.7364700      0.7208700      0.7022200      0.6814200      0.6604200      0.6373100      0.6164700      0.5969300      0.5649800      0.5325500      0.5038000      0.4789900      0.4574900      0.4385900      0.4207300      0.4053200      0.3899200      0.3776800      0.3676400      0.3608600      0.3585700    
  0.7720100      0.7715100      0.7688300      0.7630600      0.7464900      0.7425300      0.7345500      0.7207600      0.7093100      0.6948300      0.6773900      0.6574200      0.6356000      0.6108700      0.5894300      0.5668900      0.5435500      0.5166000      0.4900200      0.4665500      0.4469700      0.4307400      0.4170800      0.4043500      0.3924200      0.3832200      0.3753700      0.3693300      0.3657300      0.3654300    
  0.7588400      0.7560000      0.7510800      0.7285900      0.7211100      0.7141600      0.6974900      0.6858200      0.6716200      0.6547200      0.6352100      0.6133900      0.5897700      0.5610600      0.5384700      0.5144200      0.4882100      0.4649500      0.4436600      0.4261000      0.4125900      0.4029400      0.3952200      0.3890200      0.3814500      0.3769700      0.3733700      0.3708800      0.3699800      0.3712200    
  0.7596430      0.7553070      0.7354400      0.7060900      0.6978700      0.6770900      0.6668000      0.6525500      0.6359200      0.6167700      0.5951500      0.5712600      0.5397200      0.5138300      0.4841600      0.4590500      0.4348800      0.4131600      0.3961000      0.3845500      0.3778600      0.3745600      0.3732400      0.3717300      0.3717800      0.3718100      0.3722300      0.3730400      0.3745200      0.3767300    
  0.7596670      0.7391200      0.7060900      0.6799470      0.6736300      0.6523400      0.6396000      0.6214000      0.6026900      0.5815700      0.5570100      0.5313300      0.4978300      0.4628700      0.4372500      0.4094200      0.3834500      0.3617400      0.3479600      0.3426000      0.3434200      0.3475600      0.3519900      0.3576000      0.3629400      0.3668900      0.3711900      0.3751100      0.3788100      0.3824900    
  0.7422940      0.7060900      0.6715380      0.6579150      0.6422000      0.6292000      0.6128400      0.5944400      0.5718400      0.5483000      0.5234100      0.4764000      0.4510900      0.4234000      0.3953500      0.3643600      0.3348300      0.3114700      0.2997000      0.3018400      0.3106000      0.3224500      0.3345200      0.3458900      0.3562400      0.3654700      0.3726100      0.3795700      0.3854800      0.3903700    
  0.7060900      0.6674710      0.6500570      0.6422000      0.6258530      0.6061600      0.5856700      0.5662000      0.5446200      0.5196900      0.4937900      0.4456200      0.4192700      0.3903300      0.3590000      0.3268100      0.2925300      0.2625300      0.2526400      0.2647400      0.2839900      0.3032600      0.3058200      0.3193300      0.3317800      0.3432500      0.3534800      0.3630300      0.3715400      0.3789000    
  0.6654730      0.6461290      0.6422000      0.6247380      0.6061600      0.5845500      0.5618200      0.5416700      0.5195500      0.4953800      0.4451300      0.4209700      0.3943100      0.3651600      0.3335800      0.3005600      0.2640400      0.2253900      0.2120500      0.2359700      0.2571000      0.2771800      0.2956700      0.3128300      0.3288400      0.3437900      0.3576800      0.3700600      0.3813700      0.3894100    
  0.6441640      0.6422000      0.6243660      0.6061600      0.5841770      0.5618200      0.5517450      0.5410130      0.5006450      0.4459800      0.4244600      0.4007700      0.3749600      0.3471400      0.3167500      0.2852700      0.2514600      0.2237800      0.2153800      0.2300700      0.2506100      0.2699100      0.2898600      0.3091600      0.3277900      0.3457200      0.3628100      0.3788400      0.3931800      0.4059100    
  0.6422000      0.6242420      0.6061600      0.5840520      0.5618200      0.5567820      0.5515260      0.5098460      0.4459800      0.4352200      0.4077700      0.3854100      0.3612200      0.3346600      0.3032800      0.2761200      0.2519600      0.2338200      0.2282800      0.2362200      0.2520200      0.2711700      0.2916700      0.3103200      0.3311400      0.3519500      0.3724300      0.3922100      0.4107800      0.4266100    
  0.6242010      0.6061600      0.5840110      0.5618200      0.5593010      0.5567100      0.5160340      0.4459800      0.4406000      0.4110040      0.3838200      0.3822300      0.3572100      0.3217500      0.2973600      0.2748600      0.2564000      0.2436200      0.2397400      0.2451100      0.2576200      0.2747000      0.2946400      0.3164400      0.3370500      0.3606700      0.3847600      0.4087700      0.4320400      0.4531400    
  0.6061600      0.5839970      0.5618200      0.5605610      0.5592770      0.5195060      0.4459800      0.4432900      0.4125680      0.3830250      0.3822300      0.3697200      0.3441820      0.3155400      0.2943800      0.2757300      0.2610000      0.2517700      0.2490900      0.2535300      0.2642300      0.2798800      0.2993600      0.3218400      0.3467700      0.3736600      0.3992500      0.4281100      0.4562900      0.4837500    
  0.5839920      0.5618200      0.5611900      0.5605520      0.5213310      0.4459800      0.4446350      0.4133390      0.3826270      0.3822300      0.3759750      0.3529180      0.3155400      0.3049600      0.2952170      0.2770370      0.2628330      0.2539530      0.2559160      0.2603000      0.2700900      0.2849600      0.3043200      0.3276600      0.3546100      0.3847300      0.4176800      0.4515200      0.5017300      0.5317200    
  0.5618200      0.5615050      0.5611880      0.5222630      0.4459800      0.4453070      0.4137230      0.3824290      0.3822300      0.3791030      0.3566660      0.3155400      0.3102500      0.3052390      0.2924040      0.2783620      0.2646080      0.2600380      0.2625950      0.2648900      0.2742200      0.2887300      0.3082600      0.3328500      0.3620500      0.3957700      0.4486000      0.4898900      0.5322700      0.5734800    
  0.5616630      0.5615040      0.5227340      0.4459800      0.4456440      0.4139140      0.3823290      0.3822300      0.3806660      0.3583850      0.3155400      0.3128950      0.3103430      0.3026310      0.2920020      0.2784580      0.2663280      0.2637430      0.2648900      0.2717600      0.2761700      0.2904600      0.3103100      0.3359300      0.3808600      0.4215600      0.4655200      0.5140400      0.5653200      0.6154100    
  0.5616620      0.5229700      0.4459800      0.4458120      0.4140090      0.3822800      0.3822300      0.3814480      0.3592050      0.3155400      0.3142180      0.3129260      0.3086230      0.3016590      0.2910300      0.2723170      0.2643160      0.2648900      0.2720410      0.2752950      0.2858700      0.2903200      0.3231800      0.3508600      0.3857900      0.4278600      0.4778100      0.5346200      0.5965700      0.6603000    
  0.5230880      0.4459800      0.4458960      0.4140570      0.3822550      0.3822300      0.3818390      0.3596060      0.3155400      0.3148790      0.3142280      0.3119220      0.3077360      0.2860610      0.2700120      0.2599190      0.2604800      0.2672210      0.2751680      0.2762200      0.2744200      0.2979800      0.3186100      0.3467000      0.3834400      0.4296000      0.4855100      0.5509100      0.6245900      0.7061500    
  0.4459800      0.4459380      0.4140810      0.3822420      0.3822300      0.3820350      0.3598040      0.3155400      0.3152090      0.3148820      0.3136760      0.3112950      0.2782420      0.2428140      0.2429300      0.2522160      0.2549600      0.2560700      0.2679360      0.2739900      0.2780200      0.2916700      0.3097800      0.3377500      0.3757800      0.4251200      0.4864600      0.5598800      0.6469400      0.7415900    
  0.4459590      0.4140930      0.3822360      0.3822300      0.3821320      0.3599020      0.3155400      0.3153750      0.3152110      0.3145890      0.2838590      0.2397200      0.2416710      0.2426790      0.2426990      0.2429300      0.2504920      0.2538500      0.2560700      0.2654620      0.2695300      0.2800700      0.2979200      0.3234000      0.3618200      0.4135700      0.4794800      0.5610400      0.6542500      0.7592400    
  0.4140990      0.3822330      0.3822300      0.3821810      0.3599510      0.3155400      0.3154570      0.3153750      0.3150580      0.2786200      0.2397200      0.2397200      0.2397200      0.2414700      0.2424080      0.2424670      0.2429300      0.2491190      0.2516300      0.2560700      0.2582300      0.2656400      0.2803000      0.3050200      0.3414200      0.3949100      0.4657300      0.5510600      0.6488100      0.7552600    
  0.3822320      0.3822300      0.3822060      0.3599760      0.3155400      0.3154990      0.3154570      0.3084380      0.2820780      0.2397380      0.2397200      0.2397200      0.2397200      0.2397200      0.2410530      0.2418270      0.2420050      0.2429300      0.2458450      0.2471900      0.2462400      0.2496700      0.2596900      0.2801300      0.3158100      0.3703800      0.4451700      0.5353600      0.6359300      0.7406000    
  0.3822300      0.3822180      0.3599880      0.3155400      0.3155190      0.3145850      0.3131900      0.3005250      0.2878600      0.2558160      0.2397740      0.2397200      0.2397200      0.2397200      0.2397200      0.2401970      0.2405460      0.2410800      0.2429300      0.2371900      0.2336900      0.2331400      0.2353500      0.2506300      0.2836200      0.3424900      0.4232200      0.5197400      0.6236400      0.7276800    
  0.3822240      0.3599940      0.3155400      0.3155300      0.3144460      0.3132410      0.3132410      0.3131900      0.3005250      0.2878600      0.2559100      0.2398810      0.2397200      0.2397200      0.2397200      0.2397200      0.2385170      0.2376270      0.2392300      0.2320300      0.2217700      0.2188500      0.2177500      0.2219800      0.2472200      0.3142300      0.4079600      0.5121000      0.6196400      0.7244100    
