iMOD/TUTORIALS/TUT_MetaswapAnalyser/model_MetaSWAP/meteo/Precipitation/Precipitation_20060528_L1.ASC
NCOLS                30
NROWS                30
XLLCORNER     160000.00
YLLCORNER     340000.00
CELLSIZE        1000.00
NODATA_VALUE   -9999.00
  0.7858000      0.8883700      0.9977300       1.112050       1.225770       1.327890       1.411550       1.483490       1.548890       1.602770       1.646200       1.685780       1.723500       1.756590       1.785970       1.815530       1.809640       1.815280       1.809520       1.794760       1.772770       1.748610       1.718230       1.678620       1.646360       1.613960       1.581860       1.550270       1.519180       1.488020    
  0.8333400      0.9376300       1.047070       1.160790       1.273660       1.380230       1.477010       1.565800       1.650130       1.720690       1.772020       1.823060       1.872550       1.922640       1.962950       1.975210       1.991800       1.980340       1.968970       1.944350       1.911350       1.876440       1.836210       1.788310       1.749340       1.711900       1.676270       1.642420       1.605820       1.574560    
  0.8753700      0.9798600       1.089660       1.202550       1.314240       1.424320       1.529210       1.628830       1.722520       1.805110       1.876540       1.944100       2.013240       2.074750       2.122640       2.145950       2.164960       2.163290       2.141900       2.105160       2.060720       2.012830       1.953020       1.903460       1.856530       1.812820       1.767480       1.731130       1.696950       1.665820    
  0.9120500       1.015810       1.124520       1.236540       1.349770       1.461980       1.571600       1.676180       1.776980       1.871960       1.960640       2.047580       2.135660       2.213890       2.284360       2.327120       2.353000       2.348460       2.315590       2.262930       2.200080       2.127250       2.067130       2.001830       1.947680       1.898770       1.854900       1.815550       1.779540       1.747500    
  0.9436400       1.046000       1.153290       1.263950       1.376600       1.489740       1.602170       1.712500       1.819980       1.924680       2.039220       2.139340       2.240350       2.339890       2.435070       2.505380       2.540710       2.531470       2.480440       2.405470       2.311340       2.229640       2.158140       2.091580       2.030720       1.977020       1.929760       1.887180       1.850140       1.815880    
  0.9704000       1.071220       1.176270       1.285020       1.396360       1.509260       1.622880       1.736060       1.860970       1.979860       2.090990       2.204450       2.321240       2.442640       2.570300       2.672980       2.733730       2.716290       2.634750       2.530040       2.414930       2.317660       2.235410       2.159940       2.094460       2.039150       1.989950       1.946160       1.908240       1.873380    
  0.9929900       1.091220       1.193660       1.299880       1.409150       1.520640       1.633850       1.766790       1.889890       2.004210       2.121320       2.243000       2.371350       2.508020       2.668540       2.812360       2.926110       2.886210       2.751180       2.605960       2.481760       2.373810       2.281130       2.206430       2.139220       2.081940       2.031870       1.989800       1.953580       1.919940    
   1.017990       1.106010       1.205690       1.308770       1.415040       1.559740       1.662070       1.784240       1.896390       2.010930       2.129020       2.252370       2.383180       2.524160       2.699210       2.859510       3.034540       2.955180       2.779710       2.629250       2.500810       2.391930       2.299970       2.226860       2.161720       2.105470       2.058990       2.019330       1.976040       1.948180    
   1.031920       1.116410       1.212110       1.311860       1.458880       1.562320       1.660330       1.780720       1.889560       2.000630       2.114730       2.232970       2.356620       2.527900       2.650530       2.773580       2.857870       2.824530       2.708400       2.582640       2.468830       2.370560       2.287050       2.221000       2.160600       2.110890       2.069040       2.022740       1.995060       1.971010    
   1.041540       1.122460       1.214090       1.362520       1.459570       1.558460       1.665710       1.767640       1.870810       1.975270       2.081210       2.188820       2.297930       2.455620       2.547030       2.623890       2.667670       2.643020       2.569850       2.479200       2.390530       2.314070       2.245370       2.186460       2.140020       2.097980       2.050810       2.023150       2.000490       1.981630    
   1.040170       1.126030       1.265580       1.363240       1.455270       1.569820       1.651060       1.746550       1.842300       1.937920       2.032940       2.126580       2.287500       2.368870       2.439240       2.473440       2.480390       2.454540       2.403360       2.341340       2.279270       2.221890       2.170550       2.124070       2.071760       2.050350       2.023900       2.002790       1.986450       1.979730    
   1.041420       1.198750       1.363240       1.430570       1.447000       1.556750       1.630950       1.719310       1.806620       1.892230       2.000590       2.076140       2.218810       2.282200       2.305340       2.311480       2.297280       2.267520       2.229410       2.191500       2.156060       2.122570       2.079250       2.048650       2.021160       2.004340       1.985210       1.970480       1.960260       1.954390    
   1.140520       1.363240       1.425610       1.451880       1.456760       1.525440       1.607140       1.687760       1.801030       1.873920       1.941760       2.134280       2.161080       2.176490       2.176420       2.159240       2.125200       2.083490       2.053150       2.036050       2.021330       2.009140       1.994360       1.977850       1.961110       1.945620       1.940040       1.931040       1.926270       1.926210    
   1.363240       1.424980       1.454320       1.456760       1.496040       1.505920       1.623970       1.695260       1.763140       1.824920       1.881700       2.068370       2.080280       2.079160       2.061840       2.025510       1.970160       1.908620       1.877260       1.888040       1.902920       1.910260       1.911040       1.905670       1.897330       1.888200       1.886850       1.881950       1.881050       1.885240    
   1.425130       1.455540       1.456760       1.486240       1.505920       1.572470       1.587530       1.652410       1.713330       1.768830       1.991680       2.003670       2.005050       1.993160       1.965310       1.918350       1.852730       1.766100       1.724770       1.771420       1.804880       1.822680       1.830380       1.830960       1.827160       1.821420       1.815970       1.819660       1.820670       1.824590    
   1.456150       1.456760       1.482970       1.505920       1.555310       1.587530       1.619970       1.651090       1.767220       1.934300       1.947080       1.951400       1.945350       1.926980       1.888570       1.841120       1.794220       1.726040       1.694610       1.711150       1.732720       1.754370       1.762400       1.763660       1.760260       1.754440       1.748420       1.744330       1.750840       1.756340    
   1.456760       1.481880       1.505920       1.549590       1.587530       1.603750       1.619530       1.743140       1.934300       1.940690       1.927780       1.907690       1.890810       1.868390       1.866050       1.817990       1.764320       1.716540       1.689440       1.686000       1.692520       1.698320       1.699530       1.705510       1.699080       1.690190       1.680830       1.673120       1.669160       1.675400    
   1.481520       1.505920       1.547680       1.587530       1.595640       1.603600       1.725180       1.934300       1.937490       1.920850       1.903060       1.898430       1.878180       1.870420       1.834600       1.792970       1.749620       1.711910       1.685840       1.672570       1.666870       1.662600       1.656070       1.646010       1.642200       1.627510       1.612150       1.598180       1.587760       1.581770    
   1.505920       1.547040       1.587530       1.591580       1.595590       1.714680       1.934300       1.935900       1.918360       1.900740       1.898430       1.888300       1.873440       1.846720       1.814380       1.778330       1.741620       1.709240       1.683090       1.663910       1.649320       1.635850       1.620830       1.602910       1.581950       1.558790       1.544040       1.521510       1.501170       1.479830    
   1.546830       1.587530       1.589560       1.591570       1.709040       1.934300       1.935100       1.917320       1.899590       1.898430       1.893370       1.876720       1.846720       1.830550       1.813140       1.778110       1.743060       1.711320       1.674100       1.658380       1.637130       1.615840       1.592600       1.566280       1.536630       1.504250       1.458690       1.422320       1.401290       1.388760    
   1.587530       1.588540       1.589550       1.706120       1.934300       1.934700       1.916830       1.899010       1.898430       1.895900       1.878810       1.846720       1.838630       1.830140       1.807270       1.778110       1.744160       1.688300       1.657140       1.655900       1.629580       1.601760       1.571040       1.523970       1.485680       1.443760       1.404860       1.360120       1.318130       1.282490    
   1.588040       1.588540       1.704630       1.934300       1.934500       1.916600       1.898720       1.898430       1.897160       1.879960       1.846720       1.842680       1.838500       1.825350       1.805170       1.776510       1.704600       1.656520       1.655900       1.632470       1.611940       1.580010       1.543700       1.502180       1.463140       1.415130       1.357380       1.298360       1.241230       1.188350    
   1.588040       1.703880       1.934300       1.934400       1.916480       1.898570       1.898430       1.897800       1.880570       1.846720       1.844700       1.842630       1.835510       1.823000       1.802340       1.730600       1.656210       1.655900       1.638140       1.618330       1.601910       1.580650       1.559240       1.508320       1.450030       1.385170       1.315190       1.242020       1.168910       1.101050    
   1.703500       1.934300       1.934350       1.916420       1.898500       1.898430       1.898110       1.880880       1.846720       1.845710       1.844680       1.840950       1.833710       1.836030       1.790620       1.711790       1.710530       1.679790       1.642520       1.645850       1.624720       1.612230       1.565710       1.507570       1.441360       1.367030       1.285440       1.198370       1.108700       1.016160    
   1.934300       1.934320       1.916390       1.898470       1.898430       1.898270       1.881040       1.846720       1.846210       1.845700       1.843780       1.839780       1.855900       1.883990       1.883280       1.792670       1.768630       1.765160       1.697230       1.663380       1.666990       1.627180       1.579820       1.517680       1.445510       1.363130       1.271450       1.172240       1.063150      0.9576800    
   1.934310       1.916380       1.898450       1.898430       1.898350       1.881110       1.846720       1.846470       1.846210       1.845230       1.913060       2.018010       1.929360       1.884830       1.884700       1.883280       1.808240       1.772100       1.765160       1.714530       1.698440       1.652290       1.598220       1.540020       1.463910       1.375320       1.275680       1.163450       1.050100      0.9340800    
   1.916370       1.898440       1.898430       1.898390       1.881150       1.846720       1.846590       1.846470       1.845970       1.928100       2.018010       2.018010       2.018010       1.930590       1.886510       1.886120       1.883280       1.812430       1.779040       1.765160       1.727540       1.684620       1.633350       1.570170       1.497470       1.404400       1.295630       1.181510       1.064810      0.9506200    
   1.898430       1.898430       1.898410       1.881170       1.846720       1.846660       1.846590       1.940280       1.991150       2.018060       2.018010       2.018010       2.018010       2.018010       1.933140       1.890140       1.888960       1.883280       1.822220       1.792930       1.759780       1.722540       1.677510       1.619290       1.542680       1.448310       1.335700       1.217280       1.100430      0.9922800    
   1.898430       1.898420       1.881180       1.846720       1.846690       2.051870       2.359600       2.290850       2.222100       2.086170       2.018150       2.018010       2.018010       2.018010       2.018010       1.938300       1.898180       1.894640       1.883280       1.847510       1.812680       1.777120       1.745620       1.683930       1.608330       1.504620       1.386970       1.263510       1.146530       1.042690    
   1.898430       1.881190       1.846720       1.846700       2.093040       2.359780       2.359780       2.359600       2.290850       2.222100       2.086430       2.018430       2.018010       2.018010       2.018010       2.018010       1.948070       1.916620       1.906000       1.872070       1.862120       1.827270       1.794190       1.756130       1.689110       1.570820       1.434860       1.309990       1.193630       1.092180    
