iMOD/TUTORIALS/TUT_MetaswapAnalyser/model_MetaSWAP/meteo/Precipitation/Precipitation_20060826_L1.ASC
NCOLS                30
NROWS                30
XLLCORNER     160000.00
YLLCORNER     340000.00
CELLSIZE        1000.00
NODATA_VALUE   -9999.00
   9.004930       9.354220       9.709300       10.04760       10.31160       10.39990       10.27090       10.01590       9.736520       9.610030       9.662230       9.739750       9.780520       9.775570       9.703650       9.596580       9.396730       9.074570       8.687060       8.229730       7.714420       7.174940       6.585930       5.965190       5.358800       4.761220       4.185370       3.645850       3.161490       2.754750    
   9.330670       9.664050       10.00570       10.29470       10.50120       10.57950       10.50550       10.30410       10.01160       9.902380       10.11960       10.27850       10.37830       10.44170       10.39940       10.28940       10.06090       9.729000       9.293350       8.788080       8.215600       7.611400       6.955510       6.266860       5.591410       4.924680       4.278960       3.667400       3.115160       2.640680    
   9.631950       9.949720       10.25170       10.50870       10.72340       10.81890       10.80640       10.70260       10.55990       10.56260       10.73430       10.91430       11.06870       11.14340       11.12860       11.02880       10.79950       10.45130       9.990310       9.431800       8.780780       8.105860       7.360110       6.616490       5.870050       5.134210       4.429110       3.744870       3.100630       2.524760    
   9.906800       10.21470       10.50540       10.75260       10.95570       11.09030       11.15440       11.18290       11.18360       11.27540       11.44440       11.62620       11.80190       11.91310       11.93490       11.85420       11.63070       11.26140       10.75440       10.13230       9.423080       8.617980       7.833710       7.027220       6.208430       5.405570       4.630640       3.893270       3.199760       2.566470    
   10.16230       10.46710       10.74440       11.00880       11.23500       11.41590       11.55400       11.65000       11.78280       11.94950       12.12690       12.37320       12.58270       12.74380       12.81130       12.76520       12.57150       12.18260       11.62060       10.92340       10.10450       9.251470       8.382400       7.471170       6.582520       5.719510       4.896630       4.124800       3.427950       2.838460    
   10.40220       10.69220       10.99120       11.27250       11.52940       11.75920       11.99140       12.14000       12.25310       12.53200       12.81530       13.10520       13.37220       13.60100       13.73180       13.76120       13.60030       13.18690       12.54770       11.75800       10.84760       9.902290       8.945520       7.967280       7.007360       6.076950       5.212010       4.416700       3.717770       3.139030    
   10.61160       10.92050       11.23290       11.53610       11.86370       12.13930       12.40460       12.44730       12.78530       13.12150       13.47180       13.82510       14.16230       14.45370       14.66380       14.79640       14.73780       14.28310       13.52970       12.61590       11.63040       10.58900       9.523000       8.479800       7.448220       6.468250       5.555270       4.734550       4.014740       3.419480    
   10.85230       11.19900       11.51420       11.84000       12.16220       12.08450       12.47270       12.86560       13.25640       13.66310       14.08250       14.50470       14.91250       15.27940       15.54570       15.77080       15.85700       15.34270       14.48700       13.50930       12.43370       11.29640       10.13570       9.005810       7.898860       6.852990       5.896970       5.040800       4.280800       3.661440    
   11.14400       11.41240       11.75570       12.09130       11.94110       12.32910       12.76930       13.22140       13.67460       14.14670       14.63390       15.12590       15.60530       15.97240       16.35430       16.60440       16.60720       16.19530       15.40500       14.39550       13.24330       12.00950       10.74890       9.526780       8.334580       7.227750       6.218970       5.299120       4.524560       3.867940    
   11.35470       11.60750       11.96670       11.71440       12.11540       12.53680       13.03880       13.52240       14.03010       14.56160       15.11260       15.67310       16.22450       16.65340       17.09770       17.38110       17.41900       17.05610       16.32280       15.29380       14.06410       12.71380       11.34320       10.00100       8.744440       7.568040       6.477730       5.539230       4.723430       4.027970    
   11.34090       11.64300       11.77960       11.83000       12.25580       12.73110       13.23660       13.76020       14.31340       14.89600       15.50460       16.13000       16.63130       17.02780       17.67790       18.08820       18.22750       17.99000       17.32380       16.27290       14.95270       13.49430       12.00420       10.55110       9.158310       7.917270       6.793620       5.799330       4.933530       4.137720    
   11.34930       11.64840       11.83000       12.20880       12.34990       12.84270       13.37210       13.92680       14.51500       15.13840       15.39690       16.12540       16.70680       17.56950       18.25980       18.81950       19.12450       19.01880       18.37770       17.22680       15.74160       14.11620       12.45410       10.89480       9.448690       8.154310       6.979250       5.942840       5.040440       4.264240    
   11.47240       11.83000       12.20320       12.37470       12.39940       12.90490       13.44210       14.01490       14.08180       14.77430       15.50770       16.21860       17.04020       17.87930       18.70220       19.45460       20.01280       20.14050       19.53300       18.17640       16.42190       14.58930       12.81170       11.15140       9.633980       8.268130       7.073590       6.005890       5.076610       4.275530    
   11.83000       12.20490       12.38700       12.39940       12.73460       12.89960       12.76750       13.37520       14.02810       14.77240       15.51900       16.21730       17.07760       17.98010       18.91300       19.84920       20.73110       21.30510       20.77390       18.98650       16.90260       14.87280       12.97260       11.24300       9.681700       8.286630       7.069450       5.985900       5.043240       4.229610    
   12.20690       12.39320       12.39940       12.67790       12.89960       12.79180       12.70840       13.30470       13.94590       14.63490       15.27500       16.07920       16.93620       17.84570       18.80680       19.80850       20.87400       21.99090       21.71850       19.22850       16.93570       14.82750       12.90500       11.16420       9.599630       8.204310       6.970110       5.903310       4.960720       4.143190    
   12.39630       12.39940       12.65900       12.89960       12.79990       12.70840       13.00650       13.31970       14.03500       14.25430       14.97620       15.74460       16.55870       17.41560       18.30400       19.21830       20.12320       20.73580       20.23560       18.44240       16.38910       14.41580       12.57450       10.89050       9.367480       8.003520       6.793480       5.730120       4.818120       4.017830    
   12.39940       12.65270       12.89960       12.80260       12.70840       12.85750       13.01150       13.65390       14.25430       14.61520       15.00130       15.25510       15.98000       16.73710       17.56070       18.24290       18.76540       18.91490       18.35740       17.07430       15.42490       13.69520       12.01670       10.45520       9.012510       7.707420       6.541850       5.513460       4.616820       3.861090    
   12.65060       12.89960       12.80350       12.70840       12.78290       12.85910       13.44430       14.25430       14.43480       14.73250       15.01560       14.77610       15.39370       15.98590       16.54780       17.00870       17.26380       17.18380       16.62930       15.60740       14.27360       12.80360       11.31840       9.887360       8.557840       7.330440       6.224020       5.242320       4.384730       3.652790    
   12.89960       12.80380       12.70840       12.74570       12.78350       13.33520       14.25430       14.34450       14.61870       14.89590       14.77610       15.08490       15.29900       15.04030       15.44280       15.72220       15.80410       15.60230       15.06730       14.20420       13.09360       11.84180       10.54070       9.255730       8.029290       6.888160       5.856800       4.928130       4.120460       3.421520    
   12.80390       12.70840       12.72700       12.74590       13.27970       14.25430       14.29940       14.56590       14.83600       14.77610       14.93050       15.05010       15.04030       15.24160       15.40180       15.65640       15.70950       15.49120       13.90310       12.90940       11.96070       10.88290       9.742360       8.593620       7.477580       6.423550       5.448310       4.581400       3.786160       3.141380    
   12.70840       12.71770       12.72710       13.25170       14.25430       14.27690       14.54040       14.80600       14.77610       14.85330       14.94920       15.04030       15.14090       15.22790       15.43320       15.58920       15.61900       13.83140       12.32090       11.73240       10.90720       9.968520       8.963720       7.932260       6.918210       5.946590       5.010500       4.190880       3.469110       2.855290    
   12.71310       12.71770       13.23770       14.25430       14.26560       14.52770       14.79110       14.77610       14.81470       14.90470       15.04030       15.09060       15.13640       15.26730       15.41680       15.54720       13.75980       12.02660       11.73240       10.86040       9.941680       9.116800       8.226840       7.305380       6.348810       5.446320       4.603550       3.829660       3.142300       2.559470    
   12.71310       13.23070       14.25430       14.25990       14.52150       14.78360       14.77610       14.79540       14.88400       15.04030       15.06550       15.08910       15.16480       15.27350       15.41040       13.16530       11.87950       11.73240       9.904550       9.107870       8.654130       8.334160       7.507410       6.680960       5.840850       5.022300       4.231260       3.494130       2.830460       2.260320    
   13.22720       14.25430       14.25710       14.51830       14.77980       14.77610       14.78580       14.87390       15.04030       15.05290       15.06490       15.10640       15.17580       12.90460       10.97610       9.248390       9.223420       8.765710       8.202570       7.917510       8.274070       7.603960       6.900250       6.161720       5.401660       4.640380       3.898110       3.194370       2.548140       1.979350    
   14.25430       14.25570       14.51680       14.77800       14.77610       14.78090       14.86900       15.04030       15.04660       15.05270       15.07480       15.11570       10.93480       5.752280       5.769640       6.989590       6.642220       6.714430       7.274570       7.582340       7.560950       6.975110       6.363320       5.704280       5.015970       4.315520       3.621530       2.952470       2.324340       1.754710    
   14.25500       14.51600       14.77700       14.77610       14.77850       14.86660       15.04030       15.04340       15.04650       15.05800       10.78250       4.334680       5.265510       5.735040       5.734920       5.769640       6.323070       6.570000       6.714430       6.884000       6.911990       6.426300       5.888680       5.310260       4.692070       4.052160       3.408860       2.780660       2.185990       1.637300    
   14.51560       14.77660       14.77610       14.77730       14.86540       15.04030       15.04190       15.04340       15.04930       9.911280       4.334680       4.334680       4.334680       5.240050       5.700550       5.700200       5.769640       6.238220       6.425580       6.714430       6.348630       5.936500       5.477590       4.971880       4.427290       3.848070       3.257460       2.679270       2.134330       1.641750    
   14.77630       14.77610       14.77670       14.86480       15.04030       15.04110       15.04190       11.85990       8.382870       4.333410       4.334680       4.334680       4.334680       4.334680       5.190070       5.631820       5.630750       5.769640       6.043230       6.136720       5.831820       5.492460       5.114060       4.689040       4.212710       3.694670       3.156080       2.630330       2.143070       1.716600    
   14.77610       14.77640       14.86450       15.04030       15.04070       9.914240       2.224220       2.264630       2.305070       3.654690       4.330870       4.334680       4.334680       4.334680       4.334680       5.093560       5.495080       5.491870       5.769640       5.552110       5.314270       5.054690       4.769310       4.447000       4.044390       3.575950       3.084020       2.607860       2.176670       1.808960    
   14.77630       14.86430       15.04030       15.04050       8.888340       2.223730       2.223720       2.224220       2.264600       2.305070       3.648160       4.323250       4.334680       4.334680       4.334680       4.334680       4.913750       5.223740       5.214090       5.032330       4.847830       4.650710       4.444480       4.214700       3.906490       3.476050       3.016280       2.583600       2.206150       1.889910    
