iMOD/TUTORIALS/TUT_MetaswapAnalyser/model_MetaSWAP/meteo/Precipitation/Precipitation_20060205_L1.ASC
NCOLS                30
NROWS                30
XLLCORNER     160000.00
YLLCORNER     340000.00
CELLSIZE        1000.00
NODATA_VALUE   -9999.00
   1.326720       1.459670       1.589740       1.711570       1.811010       1.870200       1.879200       1.857360       1.826810       1.819740       1.845790       1.878990       1.912750       1.945270       1.975890       2.004670       1.998200       2.031340       2.063810       2.097010       2.130670       2.161940       2.195110       2.220260       2.252340       2.282300       2.308860       2.329680       2.340360       2.333260    
   1.288670       1.408810       1.524730       1.627830       1.705630       1.756840       1.773160       1.760440       1.727150       1.723150       1.775170       1.820950       1.861610       1.898740       1.933760       1.936330       1.968860       1.998940       2.034840       2.070340       2.106740       2.141690       2.178840       2.209280       2.247230       2.284630       2.320810       2.354320       2.382400       2.392170    
   1.254660       1.362450       1.463440       1.544080       1.617580       1.665360       1.688070       1.689520       1.680990       1.691780       1.731230       1.775490       1.817390       1.857380       1.892890       1.904690       1.937190       1.971120       2.006730       2.043930       2.084330       2.122040       2.154720       2.196230       2.238280       2.280870       2.325150       2.368500       2.411100       2.448110    
   1.225370       1.322180       1.412030       1.478450       1.543220       1.590640       1.620520       1.638580       1.650000       1.669280       1.702380       1.740920       1.782240       1.820480       1.857030       1.877250       1.908740       1.942640       1.979100       2.017700       2.057880       2.092960       2.134100       2.178700       2.222740       2.267540       2.313210       2.359900       2.407340       2.454240    
   1.201600       1.288970       1.352080       1.424340       1.485140       1.533080       1.568710       1.592820       1.616550       1.643350       1.682760       1.717770       1.752790       1.789050       1.823420       1.851020       1.881450       1.914840       1.952060       1.991950       2.024200       2.066600       2.108460       2.154020       2.197980       2.242080       2.285890       2.328060       2.366220       2.389720    
   1.183490       1.238840       1.313260       1.380280       1.438380       1.486890       1.523390       1.556320       1.601280       1.630150       1.660890       1.693690       1.725490       1.759420       1.804530       1.826120       1.851630       1.883820       1.921820       1.962690       1.996640       2.038900       2.080280       2.122810       2.165000       2.207650       2.246610       2.280980       2.306970       2.315700    
   1.134870       1.212980       1.281780       1.344640       1.396240       1.445030       1.487260       1.545190       1.577600       1.608590       1.639850       1.671590       1.703320       1.732200       1.786150       1.801730       1.820710       1.852250       1.892190       1.927480       1.968440       2.009640       2.050700       2.089870       2.129020       2.165980       2.198840       2.225960       2.243710       2.244950    
   1.119590       1.181240       1.251030       1.310390       1.364410       1.440960       1.483850       1.521510       1.555770       1.588320       1.620030       1.651230       1.681760       1.709530       1.771110       1.782460       1.794280       1.826050       1.862680       1.901410       1.940540       1.979720       2.018460       2.054800       2.090330       2.122290       2.149950       2.170560       2.181810       2.178870    
   1.098960       1.163420       1.223680       1.286080       1.372910       1.418790       1.462210       1.500970       1.536420       1.569840       1.601840       1.632740       1.662590       1.754190       1.760490       1.771050       1.786260       1.811850       1.842920       1.877460       1.913460       1.949900       1.985850       2.019050       2.050450       2.078520       2.101270       2.117630       2.123690       2.118510    
   1.088030       1.149480       1.206120       1.303270       1.356360       1.401260       1.445050       1.483690       1.519640       1.553450       1.585540       1.616230       1.645660       1.752740       1.754130       1.762230       1.781520       1.799760       1.825000       1.854970       1.887580       1.920630       1.953750       1.985190       2.011840       2.036040       2.055560       2.067080       2.070100       2.063490    
   1.087640       1.147880       1.237790       1.292290       1.339490       1.388920       1.430990       1.469460       1.505440       1.539270       1.571270       1.601690       1.747280       1.749020       1.762540       1.764390       1.771120       1.785160       1.805780       1.831910       1.861610       1.892750       1.923490       1.951930       1.978430       1.996990       2.012200       2.020670       2.021420       2.013750    
   1.086910       1.191400       1.292290       1.321680       1.330230       1.374150       1.415730       1.458060       1.493750       1.527370       1.570170       1.598840       1.746790       1.768440       1.757840       1.756150       1.758520       1.767730       1.784550       1.808240       1.836340       1.865970       1.895310       1.921840       1.944710       1.961220       1.973660       1.979680       1.978610       1.970060    
   1.148920       1.292290       1.316530       1.327460       1.324690       1.367210       1.407160       1.444940       1.496850       1.531780       1.561790       1.789930       1.778670       1.768310       1.753900       1.747900       1.744730       1.747160       1.761030       1.784420       1.812860       1.842110       1.869740       1.894320       1.914840       1.930510       1.938850       1.942750       1.940110       1.930720    
   1.292290       1.314900       1.326080       1.324690       1.351360       1.362170       1.421530       1.457570       1.491530       1.527440       1.556910       1.795200       1.782500       1.770080       1.757840       1.741900       1.732210       1.726110       1.734360       1.762270       1.792870       1.822200       1.844720       1.866690       1.884400       1.897330       1.903550       1.905510       1.901610       1.891750    
   1.314310       1.325380       1.324690       1.346070       1.362170       1.402870       1.424910       1.459810       1.492780       1.523800       1.812090       1.799010       1.785950       1.772700       1.759040       1.741270       1.727070       1.711170       1.713040       1.744770       1.777300       1.804460       1.828010       1.847570       1.862770       1.873280       1.878800       1.877690       1.872610       1.864690    
   1.325040       1.324690       1.344310       1.362170       1.396650       1.424910       1.442360       1.459170       1.577480       1.833520       1.820420       1.807300       1.794020       1.780450       1.766830       1.751760       1.733500       1.722770       1.726460       1.747600       1.771860       1.798460       1.819090       1.835930       1.848590       1.856750       1.860210       1.858850       1.851180       1.840230    
   1.324690       1.343720       1.362170       1.394580       1.424910       1.433630       1.442150       1.578130       1.833520       1.826970       1.822240       1.817500       1.805960       1.792110       1.778700       1.765040       1.749420       1.743870       1.747280       1.760100       1.777270       1.794590       1.809930       1.827710       1.837240       1.842660       1.843790       1.840610       1.833210       1.822120    
   1.343530       1.362170       1.393890       1.424910       1.429270       1.433560       1.571860       1.833520       1.830250       1.828030       1.824980       1.832460       1.819270       1.806080       1.793480       1.781850       1.768690       1.765500       1.768040       1.776220       1.787780       1.800050       1.811100       1.819720       1.830590       1.833140       1.831830       1.826710       1.818010       1.807550    
   1.362170       1.393660       1.424910       1.427090       1.429250       1.567050       1.833520       1.831880       1.830600       1.828720       1.832460       1.825870       1.819800       1.821380       1.810340       1.800540       1.792790       1.786810       1.788490       1.793720       1.801220       1.809280       1.816400       1.821460       1.823730       1.822820       1.823980       1.816750       1.807890       1.796670    
   1.393580       1.424910       1.426000       1.427080       1.564230       1.833520       1.832700       1.831810       1.830590       1.832460       1.829160       1.824880       1.821380       1.815860       1.810750       1.801220       1.793380       1.789360       1.802360       1.811970       1.816550       1.821320       1.825090       1.826920       1.826120       1.822330       1.816380       1.808560       1.802230       1.791040    
   1.424910       1.425460       1.426000       1.562710       1.833520       1.833110       1.832400       1.831530       1.832460       1.830810       1.826970       1.821380       1.818620       1.816000       1.809280       1.801790       1.794660       1.807460       1.821390       1.830820       1.833350       1.835620       1.836690       1.836540       1.832970       1.826380       1.824680       1.812200       1.797090       1.780330    
   1.425180       1.425450       1.561920       1.833520       1.833320       1.832700       1.831990       1.832460       1.831640       1.827910       1.821380       1.820000       1.818670       1.814630       1.809020       1.801910       1.812170       1.826110       1.830820       1.838760       1.852100       1.852630       1.851680       1.848480       1.848770       1.841220       1.828970       1.813370       1.795120       1.775060    
   1.425180       1.561520       1.833520       1.833420       1.832840       1.832230       1.832460       1.832050       1.828350       1.821380       1.820690       1.820020       1.817770       1.814110       1.808520       1.828760       1.828460       1.830820       1.860700       1.870560       1.872470       1.871420       1.875220       1.870680       1.862470       1.851140       1.836140       1.817340       1.795480       1.771980    
   1.561320       1.833520       1.833470       1.832920       1.832340       1.832460       1.832250       1.828560       1.821380       1.821030       1.820700       1.819490       1.817300       1.856900       1.880290       1.892330       1.892240       1.893620       1.895460       1.902640       1.889030       1.897170       1.891580       1.886930       1.878360       1.865370       1.847800       1.825790       1.799890       1.770600    
   1.833520       1.833490       1.832950       1.832400       1.832460       1.832360       1.828660       1.821380       1.821210       1.821040       1.820410       1.819160       1.893910       1.987670       1.987190       1.950830       1.956280       1.953660       1.927480       1.913180       1.916260       1.910890       1.912920       1.907870       1.898390       1.883930       1.864260       1.839460       1.809160       1.775550    
   1.833510       1.832970       1.832430       1.832460       1.832410       1.828720       1.821380       1.821290       1.821210       1.820880       1.900860       2.021860       1.999480       1.988180       1.988160       1.987190       1.967610       1.958910       1.953660       1.940440       1.934250       1.934850       1.932760       1.931990       1.922330       1.907010       1.885880       1.858610       1.826720       1.790210    
   1.832980       1.832450       1.832460       1.832430       1.828740       1.821380       1.821340       1.821290       1.821130       1.917340       2.021860       2.021860       2.021860       2.000220       1.989180       1.989130       1.987190       1.970670       1.964160       1.953660       1.957610       1.960020       1.959710       1.955290       1.950110       1.934530       1.912190       1.884340       1.851900       1.816160    
   1.832450       1.832460       1.832450       1.828750       1.821380       1.821360       1.821340       1.873780       1.939670       2.021870       2.021860       2.021860       2.021860       2.021860       2.001700       1.991220       1.991070       1.987190       1.977660       1.974660       1.980750       1.985720       1.988250       1.986420       1.978470       1.966000       1.943030       1.914610       1.882540       1.848880    
   1.832460       1.832450       1.828760       1.821380       1.821370       1.907810       2.037470       2.034420       2.031360       2.025040       2.021880       2.021860       2.021860       2.021860       2.021860       2.004580       1.995390       1.994950       1.987190       1.995110       2.003410       2.011370       2.019520       2.020710       2.014390       1.998020       1.976350       1.947160       1.915500       1.883450    
   1.832460       1.828760       1.821380       1.821370       1.925110       2.037490       2.037490       2.037470       2.034420       2.031360       2.025070       2.021910       2.021860       2.021860       2.021860       2.021860       2.010010       2.004020       2.002710       2.012240       2.026920       2.036930       2.046890       2.054600       2.053050       2.034930       2.008010       1.978440       1.948020       1.917050    
