iMOD/TUTORIALS/TUT_MetaswapAnalyser/model_MetaSWAP/meteo/Precipitation/Precipitation_20050628_L1.ASC
NCOLS                30
NROWS                30
XLLCORNER     160000.00
YLLCORNER     340000.00
CELLSIZE        1000.00
NODATA_VALUE   -9999.00
   15.51020       15.60180       15.69010       15.74270       15.66370       15.32450       14.66640       13.85580       13.03200       12.31850       11.74700       11.24740       10.80270       10.40400       10.06410       9.715500       9.502070       9.350460       9.264020       9.236590       9.260380       9.320340       9.420880       9.570100       9.717320       9.879730       10.05080       10.22180       10.37860       10.49210    
   15.22460       15.25760       15.29400       15.22160       15.00910       14.62090       14.02810       13.29370       12.49250       11.79830       11.29820       10.82000       10.37240       9.914920       9.557460       9.270920       9.055020       8.869030       8.802290       8.804060       8.863040       8.962670       9.103930       9.292690       9.483590       9.691940       9.912940       10.14020       10.33730       10.51880    
   14.92810       14.89380       14.81480       14.64200       14.39950       13.98790       13.43370       12.77250       12.06850       11.42930       10.89590       10.40110       9.905120       9.472240       9.074960       8.764030       8.541310       8.411980       8.372400       8.410200       8.508870       8.650070       8.850280       9.056540       9.283470       9.527040       9.759310       10.03250       10.30630       10.58450    
   14.59720       14.50470       14.36130       14.12900       13.82320       13.40920       12.89130       12.30460       11.67740       11.08180       10.52510       9.996590       9.499290       9.028670       8.616080       8.281520       8.050180       7.934280       7.927690       8.009050       8.154110       8.361430       8.575850       8.790610       9.048810       9.320800       9.604640       9.899260       10.19670       10.50910    
   14.25330       14.11390       13.90670       13.65380       13.32290       12.90820       12.41580       11.88600       11.30190       10.71930       10.23170       9.666040       9.120790       8.611650       8.167250       7.793330       7.527760       7.425960       7.462660       7.596920       7.808560       8.040430       8.290890       8.562480       8.842930       9.130590       9.422570       9.705300       9.991740       10.23990    
   13.91110       13.72290       13.50080       13.22100       12.87640       12.46540       12.02190       11.49980       11.18370       10.55220       9.949840       9.361450       8.794240       8.253020       7.746170       7.309000       7.012840       6.934240       7.040920       7.244070       7.507000       7.779440       8.060320       8.351780       8.646170       8.941070       9.229700       9.497360       9.751880       9.957150    
   13.55710       13.37350       13.12740       12.83100       12.52530       12.11360       11.65310       11.52030       10.90780       10.31240       9.714610       9.121120       8.536250       7.966100       7.416860       6.896660       6.494720       6.466740       6.687410       6.973300       7.267670       7.569610       7.874580       8.174610       8.474590       8.766570       9.034380       9.294150       9.522300       9.702140    
   13.47470       13.09860       12.84920       12.53670       12.17860       12.22660       11.84680       11.26940       10.70460       10.12450       9.537330       8.949390       8.365230       7.789010       7.226110       6.672190       6.147180       6.199740       6.499390       6.804430       7.114210       7.426420       7.737980       8.040730       8.338630       8.611320       8.877710       9.117870       9.310360       9.476130    
   13.28210       12.80230       12.52620       12.22980       12.47100       12.01930       11.66840       11.10250       10.55620       9.994230       9.424090       8.852320       8.285240       7.735300       7.203500       6.719710       6.372340       6.323860       6.506060       6.765630       7.054820       7.356700       7.661740       7.958190       8.236000       8.509280       8.759700       8.965460       9.154290       9.301320    
   13.03260       12.53420       12.25400       12.69710       12.30680       11.86440       11.49550       10.99000       10.46360       9.923100       9.375400       8.827970       8.289460       7.776920       7.297800       6.894660       6.619770       6.540900       6.630390       6.824050       7.073810       7.357360       7.647380       7.935900       8.197290       8.455860       8.673340       8.877900       9.045820       9.173440    
   12.93880       12.60690       12.51440       12.57230       12.17360       11.74380       11.41670       10.93040       10.42590       9.909390       9.387780       8.869150       8.372280       7.850970       7.414670       7.075550       6.850330       6.761980       6.808720       6.960520       7.181310       7.440780       7.716500       7.983200       8.228250       8.480100       8.697550       8.881280       9.026540       9.097130    
   12.92870       12.65810       12.57230       12.22510       12.10130       11.66920       11.37510       10.92140       10.44040       9.949670       9.375080       8.900180       8.440560       7.981570       7.603880       7.291900       7.072910       6.970870       6.989040       7.114470       7.315600       7.559880       7.799350       8.060540       8.310290       8.535490       8.734570       8.898410       9.022490       9.104480    
   12.84070       12.57230       12.23200       12.07730       12.05330       11.81560       11.39060       10.94830       10.36830       9.929930       9.480390       8.987370       8.569430       8.176140       7.822510       7.521450       7.294440       7.167000       7.168800       7.290010       7.477630       7.714840       7.966710       8.216730       8.452930       8.665960       8.844480       8.989560       9.093240       9.152870    
   12.57230       12.23070       12.06530       12.05330       11.90740       11.85330       11.27290       10.87050       10.45800       10.06200       9.640880       9.164490       8.776880       8.410330       8.073980       7.778580       7.528920       7.360110       7.343990       7.490340       7.707490       7.948770       8.233620       8.481050       8.710550       8.913600       9.077670       9.206650       9.290990       9.327430    
   12.22890       12.05930       12.05330       11.93800       11.85330       11.47950       11.31230       10.93900       10.55790       10.17340       9.705020       9.343280       8.993060       8.660580       8.351790       8.081050       7.828360       7.608590       7.561770       7.791820       8.039090       8.289380       8.537020       8.773270       8.989750       9.178720       9.333160       9.441450       9.509480       9.520910    
   12.05630       12.05330       11.94820       11.85330       11.54840       11.31230       11.12570       10.93640       10.48330       10.26280       9.927270       9.598080       9.280260       8.978960       8.713620       8.458600       8.275600       8.096170       8.071330       8.223700       8.435460       8.677260       8.908630       9.129610       9.331440       9.506280       9.647120       9.747870       9.798470       9.805180    
   12.05330       11.95160       11.85330       11.57130       11.31230       11.21900       11.12480       10.70200       10.26280       10.09500       10.00140       9.887460       9.625500       9.358810       9.200710       8.968160       8.784540       8.667070       8.658110       8.760300       8.930260       9.129860       9.337220       9.558660       9.746170       9.908450       10.03820       10.12910       10.17620       10.20240    
   11.95270       11.85330       11.57900       11.31230       11.26560       11.21870       10.82710       10.26280       10.17890       10.16010       10.10950       10.33160       10.06560       9.881830       9.657810       9.469000       9.333800       9.257040       9.260510       9.342890       9.483620       9.657590       9.844620       10.02990       10.22320       10.37450       10.49560       10.57980       10.62230       10.64820    
   11.85330       11.58150       11.31230       11.28900       11.26550       10.89360       10.26280       10.22090       10.23080       10.22060       10.33160       10.19860       10.15110       10.32540       10.14230       9.995220       9.893680       9.856120       9.873140       9.950330       10.07550       10.23180       10.40290       10.57490       10.73660       10.87850       11.01440       11.09510       11.16410       11.16870    
   11.58240       11.31230       11.30060       11.28890       10.92770       10.26280       10.24180       10.26440       10.27610       10.33160       10.26510       10.25170       10.32540       10.23390       10.15430       10.01040       9.915010       9.874310       10.29210       10.57370       10.69370       10.84080       11.00210       11.16530       11.31990       11.45680       11.56330       11.68280       11.45430       11.51220    
   11.31230       11.30650       11.30060       10.94500       10.26280       10.25230       10.28090       10.30380       10.33160       10.29840       10.29340       10.32540       10.27960       10.23790       10.13290       10.02660       9.933240       10.43580       10.89050       11.20730       11.33000       11.47560       11.63330       11.78620       11.93790       12.07320       11.89690       11.99540       12.07120       12.12420    
   11.30940       11.30650       10.95370       10.26280       10.25760       10.28910       10.31770       10.33160       10.31500       10.31220       10.32540       10.30250       10.28100       10.21680       10.13240       10.03090       10.53040       11.04890       11.20730       11.50190       11.96840       12.12000       12.28080       12.44150       12.25390       12.44670       12.56610       12.66740       12.74890       12.79580    
   11.30940       10.95810       10.26280       10.26020       10.29310       10.32470       10.33160       10.32330       10.32100       10.32540       10.31400       10.30300       10.26670       10.21010       10.12670       10.94540       11.12810       11.20730       12.19010       12.60320       12.65300       12.73820       12.67890       12.82590       12.97990       13.11620       13.23870       13.34550       13.43650       13.51040    
   10.96030       10.26280       10.26150       10.29520       10.32810       10.33160       10.32740       10.32530       10.32540       10.31970       10.31410       10.29460       10.25990       11.50420       12.34680       12.90170       12.90540       13.05560       13.25350       13.44800       13.23800       13.20050       13.34270       13.51130       13.66810       13.80890       13.93290       14.04220       14.14020       14.28610    
   10.26280       10.26210       10.29620       10.32990       10.33160       10.32950       10.32740       10.32540       10.32250       10.31970       10.30940       10.28950       12.58440       15.42590       15.41320       14.48380       14.67150       14.60350       14.02380       13.70920       13.65810       13.78930       14.02470       14.20730       14.37130       14.51250       14.63210       14.73620       14.88510       14.97290    
   10.26250       10.29670       10.33070       10.33160       10.33060       10.32850       10.32540       10.32400       10.32260       10.31720       12.59660       16.03210       15.63730       15.43730       15.43870       15.41320       14.94530       14.73940       14.60350       14.33450       14.23140       14.45130       14.66930       14.91010       15.08150       15.21790       15.32320       15.45380       15.52990       15.60770    
   10.29690       10.33120       10.33160       10.33110       10.32900       10.32540       10.32470       10.32400       10.32130       13.06010       16.03210       16.03210       16.03210       15.65390       15.45990       15.46420       15.41320       15.02520       14.87530       14.60350       14.84490       15.10040       15.35290       15.58020       15.79360       15.91730       16.02770       16.08080       16.12060       16.16200    
   10.33140       10.33160       10.33130       10.32930       10.32540       10.32500       10.32470       12.05500       13.90470       16.03280       16.03210       16.03210       16.03210       16.03210       15.68500       15.50230       15.51520       15.41320       15.20890       15.14710       15.42360       15.72160       16.02020       16.28570       16.47850       16.62020       16.65960       16.65710       16.64410       16.63630    
   10.33160       10.33150       10.32940       10.32540       10.32520       13.19520       17.50020       17.37520       17.25010       16.43990       16.03410       16.03210       16.03210       16.03210       16.03210       15.74130       15.57870       15.61710       15.41320       15.67190       15.97310       16.30990       16.59730       16.94430       17.18960       17.26610       17.23930       17.16110       17.08710       17.03200    
   10.33150       10.32950       10.32540       10.32530       13.76980       17.50080       17.50080       17.50020       17.37520       17.25010       16.44340       16.03810       16.03210       16.03210       16.03210       16.03210       15.83920       15.70570       15.82100       16.09130       16.25350       16.67800       17.14050       17.60160       17.90310       17.87360       17.70580       17.55480       17.42890       17.33930    
