iMOD/TUTORIALS/TUT_MetaswapAnalyser/model_MetaSWAP/meteo/Precipitation/Precipitation_20050210_L1.ASC
NCOLS                30
NROWS                30
XLLCORNER     160000.00
YLLCORNER     340000.00
CELLSIZE        1000.00
NODATA_VALUE   -9999.00
   24.97980       24.37610       23.71690       22.98790       22.16610       21.16580       20.00300       18.76890       17.65400       17.10790       17.20950       17.47980       17.75210       17.99200       18.19580       18.39060       18.57570       18.72060       18.84070       18.95560       19.06930       19.16200       19.28020       19.39890       19.53720       19.68890       19.85600       20.04080       20.24660       20.49240    
   24.18280       23.52080       22.77550       21.97240       21.07520       20.02950       18.85300       17.57480       16.22570       15.59230       16.02370       16.38340       16.68730       16.95530       17.17070       17.39260       17.57110       17.75720       17.95730       18.14750       18.33980       18.51070       18.69730       18.87460       19.05850       19.24320       19.43080       19.62350       19.82090       20.05430    
   23.44590       22.74970       21.98780       21.16680       20.22210       19.19620       18.08600       16.93610       15.88640       15.35550       15.44020       15.66940       15.91060       16.11450       16.29990       16.49870       16.68480       16.89410       17.12940       17.38330       17.66290       17.90380       18.14400       18.38010       18.60440       18.81870       19.02030       19.22150       19.43260       19.62700    
   22.80690       22.09640       21.32670       20.50870       19.60350       18.63970       17.64410       16.67480       15.87230       15.38580       15.22700       15.26320       15.36490       15.47500       15.58470       15.72610       15.89360       16.11970       16.40210       16.71960       17.04710       17.37650       17.66110       17.93530       18.19350       18.43260       18.65560       18.86540       19.07540       19.26140    
   22.26680       21.55940       20.81960       20.01110       19.15920       18.27940       17.40370       16.58730       15.91130       15.44370       15.16850       15.04050       15.00680       15.00400       15.01760       15.06990       15.18930       15.42390       15.75880       16.14480       16.52870       16.90300       17.23420       17.56400       17.84690       18.10360       18.33870       18.57250       18.77570       18.98080    
   21.82100       21.14290       20.41240       19.64780       18.85870       18.06280       17.28220       16.57800       15.91220       15.47590       15.17220       14.97560       14.81690       14.69440       14.58830       14.52470       14.56630       14.81300       15.22710       15.69450       16.14200       16.56050       16.92340       17.25680       17.55370       17.83170       18.07220       18.30960       18.51880       18.73010    
   21.22660       20.80090       20.10760       19.39280       18.65630       17.93830       17.24930       16.51890       15.99980       15.56990       15.23790       14.98270       14.77270       14.55710       14.33190       14.13230       14.01120       14.30440       14.85460       15.39810       15.89670       16.33820       16.72530       17.05000       17.34630       17.60950       17.86480       18.08180       18.29390       18.49930    
   20.80810       20.24620       19.87300       19.21080       18.54720       17.72950       17.13060       16.59440       16.11030       15.70100       15.36360       15.08350       14.83800       14.59480       14.31300       14.04400       13.73520       14.12040       14.75170       15.31870       15.81590       16.24730       16.61990       16.92850       17.20810       17.47410       17.69460       17.89790       18.12900       18.30530    
   20.49300       20.02970       19.44390       19.10990       18.27860       17.70980       17.17180       16.69260       16.25180       15.87040       15.54630       15.26990       15.02640       14.74750       14.53130       14.34710       14.27270       14.51900       14.98000       15.46330       15.90260       16.28610       16.61670       16.88810       17.15380       17.37060       17.56570       17.79170       17.95140       18.10950    
   20.29270       19.87030       19.32590       18.51910       18.24350       17.72950       17.26370       16.81860       16.42080       16.07410       15.77770       15.52680       15.31400       15.08190       14.94200       14.85380       14.89410       15.09670       15.42800       15.79670       16.14540       16.43740       16.70220       16.93170       17.13460       17.31130       17.51970       17.66060       17.79550       17.92970    
   20.32820       19.82960       19.04130       18.44970       17.98350       17.81390       17.36390       16.96570       16.61100       16.30340       16.04430       15.83260       15.58760       15.67980       15.57190       15.53740       15.57480       15.72010       15.92760       16.15200       16.36280       16.55060       16.71670       16.88030       17.07590       17.14390       17.25830       17.37060       17.48450       17.76350    
   20.32490       19.41220       18.44970       18.12180       17.98810       17.63830       17.26440       17.12620       16.81370       16.54710       16.68700       16.46700       16.25700       16.17190       16.11710       16.15290       16.25650       16.38570       16.53390       16.65500       16.74840       16.82590       16.95640       17.02920       17.10040       17.14440       17.21560       17.29120       17.37270       17.46190    
   19.75300       18.44970       18.16620       18.02710       18.06610       17.70420       17.37380       17.07870       17.37240       17.27030       17.03480       16.81830       16.70200       16.65050       16.65070       16.75010       16.91080       17.08700       17.17730       17.19050       17.18810       17.15660       17.13600       17.12920       17.13570       17.15410       17.15270       17.19060       17.23950       17.29940    
   18.44970       18.18210       18.04660       18.06610       17.84970       17.77890       18.23740       17.91750       17.63710       17.38180       17.19890       17.18890       17.10800       17.09560       17.15910       17.28670       17.52760       17.77220       17.85880       17.71850       17.54730       17.40390       17.27850       17.19750       17.14270       17.11030       17.06930       17.07170       17.09030       17.12400    
   18.18860       18.05640       18.06610       17.89820       17.77890       18.16240       18.47080       18.17700       17.92150       17.70960       17.49900       17.39780       17.35740       17.38490       17.48790       17.73490       17.98620       18.32910       18.44000       18.10220       17.79220       17.56700       17.39070       17.25490       17.15280       17.07930       17.03040       16.97440       16.96620       16.89990    
   18.06120       18.06610       17.91440       17.77890       18.13740       18.47080       18.32390       18.18980       17.93160       17.91840       17.77990       17.69240       17.66120       17.69130       17.79450       17.95610       18.11620       18.36390       18.39860       18.15520       17.87040       17.59730       17.37940       17.20110       17.05900       16.94940       16.86950       16.81660       16.76640       16.76230    
   18.06610       17.91980       17.77890       18.12900       18.47080       18.39740       18.32820       18.09090       17.91840       17.84910       17.87430       17.94640       17.92150       17.93660       17.88880       18.01920       18.14940       18.25790       18.23870       18.07390       17.84030       17.60070       17.38150       17.16660       17.00550       16.87570       16.77620       16.70540       16.66190       16.66570    
   17.92160       17.77890       18.12620       18.47080       18.43410       18.39880       18.18370       17.91840       17.88380       17.93330       17.99040       18.03440       18.01100       17.95630       18.00530       18.07400       18.11500       18.13890       18.08280       17.94000       17.74050       17.52160       17.30850       17.11460       16.92070       16.77860       16.66580       16.58230       16.52770       16.53840    
   17.77890       18.12530       18.47080       18.45240       18.43450       18.23370       17.91840       17.90110       17.95650       18.01240       18.03440       18.02270       18.01820       18.07090       18.07630       18.08860       18.08990       18.02580       17.93880       17.79570       17.61070       17.40580       17.19990       17.00640       16.83320       16.68500       16.53950       16.44730       16.42010       16.45000    
   18.12500       18.47080       18.46160       18.45260       18.25980       17.91840       17.90970       17.96670       18.02340       18.03440       18.02860       18.03650       18.07090       18.07360       18.07860       18.08490       18.06810       18.01820       17.78810       17.65530       17.47180       17.27210       17.07000       16.87710       16.70150       16.54860       16.51490       16.48110       16.45840       16.33210    
   18.47080       18.46620       18.46170       18.27310       17.91840       17.91410       17.97160       18.02890       18.03440       18.03150       18.04260       18.07090       18.07230       18.07440       18.07900       18.07720       18.05710       17.79780       17.59000       17.52480       17.33460       17.13270       16.92990       16.84930       16.66140       16.49650       16.47820       16.36530       16.27780       16.21910    
   18.46850       18.46620       18.27980       17.91840       17.91620       17.97400       18.03170       18.03440       18.03290       18.04480       18.07090       18.07160       18.07250       18.07520       18.07690       18.07110       17.80290       17.55740       17.52480       17.41140       17.37470       17.14240       16.91590       16.70280       16.57110       16.44370       16.30360       16.18630       16.09420       16.03150    
   18.46850       18.28320       17.91840       17.91730       17.97520       18.03300       18.03440       18.03370       18.04580       18.07090       18.07120       18.07170       18.07310       18.07490       18.07440       17.78240       17.54110       17.52480       17.37360       17.31620       17.14980       17.01730       16.83840       16.61650       16.43660       16.27200       16.12930       16.00920       15.91280       15.84430    
   18.28500       17.91840       17.91790       17.97580       18.03370       18.03440       18.03400       18.04620       18.07090       18.07110       18.07130       18.07200       18.07320       17.99340       17.76640       17.42680       17.42000       17.33580       17.24500       17.24220       17.25770       16.95700       16.67290       16.46230       16.27200       16.10570       15.96390       15.84470       15.74600       15.67160    
   17.91840       17.91810       17.97610       18.03410       18.03440       18.03420       18.04640       18.07090       18.07100       18.07110       18.07140       18.07220       17.93180       17.75720       17.75140       17.48860       17.31940       17.31520       17.22020       17.17670       17.22670       16.87040       16.53510       16.31080       16.11420       15.94910       15.81400       15.70310       15.61170       15.52880    
   17.91830       17.97630       18.03420       18.03440       18.03430       18.04650       18.07090       18.07090       18.07100       18.07120       18.40550       18.90630       18.14520       17.76310       17.76290       17.75140       17.46350       17.32370       17.31520       17.14670       17.04570       16.76250       16.49150       16.16830       15.96520       15.80570       15.68590       15.59730       15.52320       15.45460    
   17.97630       18.03430       18.03440       18.03440       18.04650       18.07090       18.07090       18.07090       18.07100       18.47200       18.90630       18.90630       18.90630       18.15410       17.77510       17.77450       17.75140       17.46360       17.33210       17.31520       16.99920       16.67910       16.37290       16.10250       15.82510       15.67740       15.58620       15.53090       15.49480       15.46780    
   18.03440       18.03440       18.03440       18.04650       18.07090       18.07090       18.07090       18.83130       19.04640       18.90750       18.90630       18.90630       18.90630       18.90630       18.17200       17.79950       17.79750       17.75140       17.45560       17.34910       16.99580       16.63150       16.27820       15.96910       15.74060       15.56580       15.51670       15.51230       15.52780       15.55340    
   18.03440       18.03440       18.04660       18.07090       18.07090       19.50040       21.64440       21.37830       21.11220       19.64480       18.90990       18.90630       18.90630       18.90630       18.90630       18.20770       17.84970       17.84360       17.75140       17.40650       17.02620       16.62040       16.20660       15.85030       15.59760       15.50250       15.49120       15.55200       15.62340       15.69740    
   18.03440       18.04660       18.07090       18.07090       19.78670       21.64500       21.64500       21.64440       21.37830       21.11220       19.65100       18.91700       18.90630       18.90630       18.90630       18.90630       18.27730       17.95400       17.93580       17.57490       17.15550       16.70930       16.23240       15.76640       15.45430       15.44190       15.55960       15.67890       15.79170       15.90030    
