iMOD/TUTORIALS/TUT_MetaswapAnalyser/model_MetaSWAP/meteo/Precipitation/Precipitation_20050404_L1.ASC
NCOLS                30
NROWS                30
XLLCORNER     160000.00
YLLCORNER     340000.00
CELLSIZE        1000.00
NODATA_VALUE   -9999.00
   5.277580       4.883040       4.473330       4.047610       3.601090       3.127320       2.635180       2.159730       1.751560       1.526050       1.485180       1.491590       1.502240       1.513600       1.518980       1.518700       1.553480       1.556570       1.556830       1.557570       1.558810       1.566210       1.568010       1.564390       1.564960       1.564010       1.561160       1.556010       1.548140       1.545280    
   4.974600       4.576410       4.164250       3.736600       3.291200       2.829670       2.359140       1.894730       1.451190       1.228470       1.288330       1.333960       1.367860       1.392930       1.410700       1.452450       1.463650       1.475930       1.488050       1.497010       1.505680       1.519020       1.526760       1.528910       1.534190       1.537500       1.538500       1.536870       1.541880       1.539060    
   4.705140       4.311210       3.905060       3.486670       3.061760       2.628170       2.198110       1.789080       1.440600       1.256120       1.238600       1.263650       1.290500       1.316110       1.337480       1.375980       1.392840       1.408380       1.423450       1.438260       1.456060       1.474550       1.482940       1.494520       1.504110       1.511390       1.526590       1.526560       1.530720       1.519970    
   4.473260       4.089810       3.697860       3.299220       2.898740       2.502770       2.123260       1.782360       1.508790       1.339700       1.271250       1.256760       1.261820       1.275440       1.288800       1.317220       1.334560       1.352540       1.371520       1.390980       1.410150       1.426850       1.448810       1.475650       1.488240       1.497870       1.504280       1.507210       1.512840       1.504510    
   4.277150       3.908870       3.535890       3.162280       2.792900       2.435750       2.102630       1.809690       1.577500       1.418530       1.324470       1.282140       1.265830       1.262930       1.261580       1.274870       1.294420       1.313290       1.335710       1.359700       1.379040       1.401380       1.427400       1.447670       1.463320       1.475840       1.484960       1.499550       1.498440       1.493590    
   4.113420       3.763340       3.412420       3.064820       2.726220       2.404290       2.107290       1.851440       1.640180       1.485050       1.383580       1.321160       1.284700       1.264430       1.245930       1.247950       1.255860       1.273200       1.298060       1.325340       1.348360       1.373470       1.401750       1.422800       1.440980       1.457310       1.468700       1.485250       1.486790       1.484600    
   3.983400       3.647870       3.319220       2.996980       2.683700       2.392440       2.127150       1.890140       1.696440       1.549260       1.441420       1.365920       1.314140       1.278030       1.237060       1.227260       1.223700       1.240180       1.269180       1.296280       1.324690       1.351490       1.376320       1.404220       1.424310       1.441180       1.465280       1.473100       1.477510       1.477240    
   3.858110       3.556420       3.245660       2.947680       2.662740       2.377580       2.144070       1.928370       1.751180       1.607880       1.496390       1.412060       1.349010       1.300570       1.239940       1.221200       1.204920       1.221980       1.250630       1.279630       1.307950       1.335230       1.360980       1.390060       1.411590       1.441600       1.455200       1.464680       1.483530       1.480400    
   3.762640       3.486850       3.199830       2.918100       2.628670       2.385900       2.171650       1.969730       1.801790       1.661820       1.548240       1.457840       1.386560       1.281740       1.252690       1.231390       1.220190       1.226760       1.246480       1.270950       1.297280       1.324060       1.350190       1.380150       1.414630       1.433620       1.448620       1.475780       1.478560       1.477200    
   3.691640       3.433270       3.164520       2.867930       2.624610       2.399120       2.193400       2.009490       1.848940       1.711900       1.597160       1.502470       1.425020       1.306050       1.270860       1.247380       1.236410       1.235960       1.247190       1.266250       1.289920       1.317010       1.343490       1.368850       1.409350       1.429610       1.463250       1.472460       1.476800       1.476530    
   3.698750       3.429810       3.080010       2.854320       2.627820       2.405920       2.222140       2.047730       1.893310       1.758900       1.643570       1.545710       1.376670       1.328700       1.294690       1.265690       1.247970       1.242040       1.247890       1.263580       1.286060       1.312200       1.339390       1.375420       1.417360       1.443000       1.458830       1.469560       1.475140       1.478990    
   3.700080       3.265720       2.854320       2.687590       2.634490       2.425410       2.252520       2.084740       1.935580       1.803600       1.677850       1.579270       1.402770       1.360170       1.314290       1.279640       1.254970       1.243320       1.245080       1.259740       1.283300       1.311270       1.362660       1.392290       1.418410       1.445620       1.462820       1.474650       1.480940       1.481690    
   3.448540       2.854320       2.702440       2.634110       2.633740       2.456840       2.282260       2.122250       1.959440       1.832680       1.719330       1.506360       1.441920       1.385350       1.334160       1.292620       1.259400       1.238470       1.237430       1.255600       1.296190       1.331220       1.365600       1.397270       1.425050       1.448160       1.472100       1.484850       1.491670       1.492430    
   2.854320       2.706110       2.633930       2.633740       2.523200       2.479010       2.286530       2.135330       1.997190       1.866180       1.754260       1.538060       1.472050       1.412520       1.358550       1.308150       1.266050       1.230970       1.224150       1.258870       1.298340       1.337910       1.366270       1.398190       1.426110       1.449510       1.473820       1.487260       1.494910       1.496450    
   2.707000       2.633830       2.633740       2.545320       2.479010       2.363320       2.324410       2.177990       2.043060       1.919510       1.653580       1.579000       1.510780       1.448120       1.390050       1.334510       1.282530       1.231120       1.217650       1.261570       1.305920       1.345790       1.382340       1.415190       1.443970       1.468270       1.487670       1.507750       1.516280       1.520180    
   2.633790       2.633740       2.552690       2.479010       2.388910       2.324410       2.251200       2.181820       1.976820       1.766710       1.687280       1.613990       1.546380       1.483840       1.425500       1.371210       1.304340       1.270710       1.265630       1.294310       1.331310       1.371330       1.406960       1.439590       1.468640       1.493600       1.513990       1.529320       1.544910       1.548510    
   2.633740       2.555150       2.479010       2.397440       2.324410       2.287810       2.252480       2.044140       1.766710       1.726990       1.666810       1.651130       1.584940       1.524050       1.427500       1.386660       1.352300       1.329600       1.326220       1.342930       1.370770       1.402420       1.434310       1.468990       1.497500       1.522710       1.543980       1.560710       1.572330       1.598730    
   2.555970       2.479010       2.400290       2.324410       2.306110       2.288230       2.087780       1.766710       1.746850       1.681700       1.633040       1.614950       1.565880       1.509140       1.468070       1.432060       1.404710       1.387810       1.384830       1.395710       1.416540       1.442770       1.471110       1.499520       1.531040       1.556380       1.578610       1.597010       1.610930       1.634180    
   2.479010       2.401240       2.324410       2.315260       2.306250       2.112210       1.766710       1.756780       1.686840       1.623990       1.614950       1.590420       1.559530       1.548140       1.510870       1.479160       1.454630       1.443350       1.440460       1.448110       1.464270       1.486150       1.511250       1.537690       1.564080       1.589320       1.616920       1.637300       1.668060       1.687420    
   2.401550       2.324410       2.319830       2.315310       2.125110       1.766710       1.761750       1.688950       1.619470       1.614950       1.602680       1.578260       1.548140       1.529510       1.512720       1.481550       1.459050       1.446150       1.475270       1.498460       1.511510       1.530190       1.552740       1.577580       1.603430       1.629190       1.659270       1.702450       1.711220       1.726910    
   2.324410       2.322120       2.319850       2.131740       1.766710       1.764230       1.689910       1.617210       1.614950       1.608820       1.586010       1.548140       1.538820       1.530120       1.507930       1.484440       1.462250       1.489730       1.522210       1.545960       1.556840       1.573220       1.593870       1.623330       1.648840       1.675280       1.707740       1.733760       1.757100       1.777030    
   2.323270       2.322130       2.135110       1.766710       1.765470       1.690380       1.616080       1.614950       1.611880       1.589480       1.548140       1.543480       1.539030       1.525620       1.507500       1.484870       1.503290       1.534090       1.545960       1.569740       1.606430       1.620520       1.639360       1.662050       1.678910       1.717360       1.747580       1.776890       1.804290       1.828520    
   2.323270       2.136800       1.766710       1.766090       1.690600       1.615520       1.614950       1.613420       1.591110       1.548140       1.545810       1.543550       1.536040       1.524050       1.506000       1.533170       1.540020       1.545960       1.609890       1.638890       1.648490       1.658000       1.669110       1.690630       1.720790       1.752800       1.785870       1.818990       1.851000       1.880600    
   2.137650       1.766710       1.766400       1.690720       1.615230       1.614950       1.614180       1.591900       1.548140       1.546980       1.545830       1.541800       1.534550       1.583870       1.612500       1.629190       1.630150       1.648140       1.671160       1.684990       1.671340       1.686140       1.693300       1.720490       1.751400       1.785440       1.821710       1.859060       1.896140       1.930280    
   1.766710       1.766550       1.690770       1.615090       1.614950       1.614570       1.592290       1.548140       1.547560       1.546980       1.544870       1.540730       1.640330       1.770260       1.769390       1.713220       1.717410       1.714340       1.699360       1.689600       1.698640       1.689250       1.719110       1.746030       1.777860       1.814160       1.853940       1.895820       1.937170       1.978790    
   1.766630       1.690800       1.615020       1.614950       1.614760       1.592490       1.548140       1.547850       1.547560       1.546470       1.675000       1.871200       1.804660       1.771170       1.771130       1.769390       1.735930       1.720480       1.714340       1.708490       1.698830       1.713350       1.732940       1.766650       1.799220       1.837920       1.881550       1.927290       1.974990       2.022010    
   1.690820       1.614990       1.614950       1.614850       1.592580       1.548140       1.547990       1.547850       1.547290       1.702290       1.871200       1.871200       1.871200       1.806000       1.772980       1.772880       1.769390       1.739530       1.726610       1.714340       1.722160       1.733920       1.750960       1.775030       1.814610       1.855970       1.903350       1.955070       2.007720       2.058740    
   1.614970       1.614950       1.614900       1.592630       1.548140       1.548070       1.547990       1.668320       1.770540       1.871290       1.871200       1.871200       1.871200       1.871200       1.808690       1.776680       1.776360       1.769390       1.747780       1.738890       1.743730       1.751760       1.764770       1.785760       1.818020       1.867650       1.921100       1.978830       2.036580       2.091190    
   1.614950       1.614930       1.592660       1.548140       1.548100       1.755980       2.067810       2.048980       2.030140       1.924410       1.871460       1.871200       1.871200       1.871200       1.871200       1.814010       1.784280       1.783330       1.769390       1.768500       1.769020       1.771520       1.779290       1.791650       1.821360       1.870410       1.935740       2.000900       2.064190       2.122620    
   1.614940       1.592670       1.548140       1.548120       1.797620       2.067870       2.067870       2.067810       2.048980       2.030140       1.924860       1.871970       1.871200       1.871200       1.871200       1.871200       1.824200       1.800100       1.797280       1.794800       1.796680       1.793730       1.791850       1.794600       1.817220       1.875510       1.948830       2.023750       2.093870       2.155880    
