iMOD/TUTORIALS/TUT_MetaswapAnalyser/model_MetaSWAP/meteo/Precipitation/Precipitation_20061128_L1.ASC
NCOLS                30
NROWS                30
XLLCORNER     160000.00
YLLCORNER     340000.00
CELLSIZE        1000.00
NODATA_VALUE   -9999.00
   2.767530       2.803420       2.820940       2.807940       2.733450       2.551260       2.256320       1.919530       1.612500       1.427310       1.370430       1.347180       1.326840       1.307850       1.281720       1.239310       1.190700       1.151140       1.103400       1.052030      0.9981800      0.9498700      0.8945100      0.8333400      0.7792900      0.7260800      0.6741200      0.6241000      0.5773200      0.5372900    
   2.611210       2.621840       2.607370       2.554710       2.442380       2.256330       1.997900       1.696700       1.383860       1.212470       1.234180       1.244790       1.246170       1.234250       1.218480       1.185760       1.153670       1.102000       1.059330       1.008580      0.9549200      0.9060700      0.8509500      0.7905800      0.7370500      0.6843300      0.6325900      0.5821800      0.5304500      0.4892400    
   2.454720       2.444060       2.406280       2.329180       2.208270       2.034280       1.813990       1.569000       1.338990       1.207520       1.184890       1.189940       1.189490       1.189130       1.173720       1.145950       1.116140       1.077400       1.031040      0.9792500      0.9283700      0.8781200      0.8165700      0.7620900      0.7084100      0.6555500      0.5992200      0.5486600      0.5000700      0.4521100    
   2.305460       2.279550       2.228110       2.143040       2.025070       1.871520       1.691100       1.503180       1.338460       1.229690       1.182260       1.167780       1.164340       1.160160       1.150640       1.128020       1.099790       1.060810       1.012580      0.9583900      0.9015100      0.8416400      0.7912400      0.7317800      0.6791700      0.6278000      0.5774200      0.5277700      0.4796100      0.4310000    
   2.167690       2.132220       2.072280       1.989970       1.881630       1.750240       1.604450       1.454400       1.329790       1.240220       1.203290       1.169750       1.154030       1.145330       1.137880       1.119960       1.089720       1.048250      0.9951800      0.9362600      0.8685400      0.8101000      0.7609200      0.7102500      0.6590600      0.6096100      0.5616200      0.5163700      0.4713200      0.4307900    
   2.042990       2.000600       1.941800       1.863630       1.766950       1.655560       1.529870       1.415570       1.358480       1.271540       1.211890       1.174210       1.151920       1.137360       1.130290       1.116460       1.091610       1.045910      0.9843800      0.9188300      0.8486900      0.7891000      0.7399500      0.6884800      0.6398900      0.5952500      0.5507100      0.5095700      0.4697100      0.4348000    
   1.929820       1.887720       1.830120       1.757790       1.661260       1.568290       1.471430       1.444640       1.349080       1.271780       1.213160       1.171760       1.144290       1.127770       1.122290       1.114000       1.099340       1.045040      0.9690200      0.8912500      0.8252000      0.7660900      0.7127400      0.6701400      0.6249900      0.5824700      0.5438000      0.5055700      0.4710400      0.4397600    
   1.794790       1.770950       1.718780       1.654390       1.580590       1.590580       1.513270       1.419680       1.336200       1.264660       1.206750       1.162200       1.129540       1.107290       1.101430       1.091860       1.089130       1.022210      0.9342100      0.8596300      0.7954900      0.7397700      0.6905400      0.6522200      0.6116100      0.5753300      0.5391000      0.5049600      0.4733400      0.4447700    
   1.686540       1.684310       1.633900       1.575900       1.628900       1.546350       1.481160       1.396630       1.320070       1.251970       1.193710       1.145450       1.106490       1.091580       1.062150       1.037660       1.007770      0.9528400      0.8814900      0.8157800      0.7588900      0.7099600      0.6671400      0.6347600      0.6016000      0.5683700      0.5366500      0.5064600      0.4779100      0.4514600    
   1.608300       1.607490       1.559820       1.654810       1.584490       1.508950       1.450500       1.374420       1.302220       1.235750       1.176050       1.123310       1.077060       1.055120       1.012280      0.9713700      0.9291800      0.8753600      0.8183400      0.7655300      0.7199900      0.6778600      0.6434700      0.6123200      0.5915600      0.5638300      0.5367700      0.5102200      0.4844600      0.4597800    
   1.619180       1.591870       1.608830       1.613220       1.546350       1.483260       1.425690       1.353880       1.284300       1.218230       1.156360       1.098770       1.073770       1.016410      0.9681900      0.9111300      0.8547200      0.8002500      0.7508700      0.7094700      0.6760500      0.6485100      0.6244100      0.6035000      0.5819600      0.5617900      0.5392500      0.5162600      0.4930400      0.4704700    
   1.616760       1.608280       1.613220       1.543750       1.516200       1.456420       1.403900       1.336020       1.268020       1.201710       1.141880       1.078920       1.047470      0.9908600      0.9204600      0.8515700      0.7862900      0.7286500      0.6843400      0.6541800      0.6341600      0.6192300      0.6077100      0.5940300      0.5789700      0.5686500      0.5505400      0.5307700      0.5096400      0.4875100    
   1.619870       1.613220       1.540970       1.507700       1.499210       1.452950       1.387480       1.320930       1.260630       1.194150       1.127090       1.124170       1.042440      0.9615600      0.8813400      0.8013400      0.7252000      0.6610400      0.6197800      0.6028100      0.5995900      0.5983600      0.5958800      0.5906300      0.5821800      0.5705500      0.5630100      0.5461100      0.5268300      0.5055500    
   1.613220       1.539210       1.503460       1.499210       1.463700       1.438930       1.384950       1.319540       1.252980       1.179030       1.111740       1.116540       1.030300      0.9435100      0.8554700      0.7666000      0.6776700      0.5986400      0.5585200      0.5624700      0.5761400      0.5876100      0.6205900      0.6270500      0.6276400      0.6226400      0.6183400      0.6036800      0.5846000      0.5615700    
   1.538240       1.501330       1.499210       1.467280       1.438930       1.396710       1.366260       1.304230       1.240440       1.175040       1.202970       1.115570       1.027660      0.9385300      0.8475100      0.7554800      0.6592400      0.5624900      0.5161200      0.5597600      0.5932500      0.6194700      0.6381200      0.6495400      0.6541000      0.6522300      0.6443600      0.6371000      0.6186800      0.5951500    
   1.500270       1.499210       1.468470       1.438930       1.400630       1.366260       1.335250       1.303640       1.255140       1.300850       1.214360       1.127580       1.040140      0.9516800      0.8731000      0.7809900      0.7026400      0.6186500      0.5820600      0.5999400      0.6289000      0.6537400      0.6735600      0.6866900      0.6930200      0.6927000      0.6860000      0.6732900      0.6611400      0.6374300    
   1.499210       1.468870       1.438930       1.401940       1.366260       1.350750       1.335050       1.298720       1.300850       1.257610       1.197630       1.150370       1.082690      0.9972300      0.9381000      0.8510500      0.7722300      0.7087500      0.6765300      0.6762700      0.6922000      0.7116800      0.7288100      0.7392900      0.7453400      0.7450700      0.7384300      0.7256000      0.7068700      0.6977700    
   1.469000       1.438930       1.402380       1.366260       1.358510       1.350690       1.321340       1.300850       1.279230       1.224760       1.172690       1.195010       1.117140       1.081900       1.001290      0.9248700      0.8599400      0.8082400      0.7782400      0.7696200      0.7752500      0.7869700      0.7990600      0.8081700      0.8106500      0.8091200      0.8015200      0.7877600      0.7680300      0.7517500    
   1.438930       1.402520       1.366260       1.362380       1.358480       1.332850       1.300850       1.290040       1.236740       1.183850       1.195010       1.156080       1.135860       1.149410       1.077700       1.011340      0.9538800      0.9135700      0.8855000      0.8728400      0.8716600      0.8767600      0.8835300      0.8886800      0.8900700      0.8864000      0.8751300      0.8597200      0.8477500      0.8233500    
   1.402570       1.366260       1.364320       1.362380       1.338640       1.300850       1.295440       1.242410       1.189430       1.195010       1.175540       1.159090       1.149410       1.113550       1.079480       1.014310      0.9595970      0.9176500      0.9508600      0.9831900      0.9778000      0.9778800      0.9799200      0.9809800      0.9789300      0.9723600      0.9624900      0.9590100      0.9192900      0.8869200    
   1.366260       1.365290       1.364320       1.341550       1.300850       1.298150       1.245190       1.192220       1.195010       1.185280       1.169760       1.149410       1.131480       1.114150       1.069120       1.017800      0.9638510      0.9937000       1.041200       1.099200       1.091440       1.088020       1.086170       1.085950       1.080120       1.070040       1.049090       1.029350       1.003910      0.9730500    
   1.365780       1.365290       1.343000       1.300850       1.299500       1.246560       1.193610       1.195010       1.190140       1.174860       1.149410       1.140450       1.131680       1.104920       1.067020       1.016920       1.028950       1.070200       1.099200       1.135130       1.214750       1.208680       1.203480       1.196980       1.168340       1.164390       1.146930       1.123880       1.095350       1.061210    
   1.365780       1.343730       1.300850       1.300170       1.247250       1.194310       1.195010       1.192580       1.177360       1.149410       1.144930       1.140510       1.125680       1.101210       1.062950       1.128190       1.084700       1.099200       1.270570       1.335590       1.330370       1.330340       1.306610       1.296320       1.287550       1.271910       1.250390       1.223350       1.191170       1.153980    
   1.344090       1.300850       1.300510       1.247590       1.194660       1.195010       1.193790       1.178590       1.149410       1.147170       1.144950       1.137040       1.122470       1.302180       1.401180       1.443320       1.443370       1.454380       1.471340       1.512340       1.456430       1.441660       1.426110       1.418240       1.404420       1.384030       1.357250       1.324920       1.288070       1.248740    
   1.300850       1.300680       1.247760       1.194840       1.195010       1.194400       1.179200       1.149410       1.148290       1.147180       1.143050       1.134820       1.481480       1.921560       1.918890       1.752490       1.801890       1.787550       1.643240       1.566090       1.568250       1.547620       1.552810       1.543000       1.525220       1.499000       1.465120       1.425330       1.383070       1.337350    
   1.300770       1.247840       1.194920       1.195010       1.194710       1.179510       1.149410       1.148850       1.148290       1.146170       1.513480       2.071170       1.973550       1.924130       1.924230       1.918890       1.845810       1.816240       1.787550       1.706960       1.673590       1.676740       1.674080       1.670990       1.648680       1.614870       1.571150       1.521780       1.467740       1.413200    
   1.247890       1.194970       1.195010       1.194860       1.179660       1.149410       1.149130       1.148850       1.147770       1.590060       2.071170       2.071170       2.071170       1.977330       1.929280       1.929570       1.918890       1.860560       1.844920       1.787550       1.798460       1.805700       1.805650       1.793890       1.773680       1.729830       1.673430       1.607920       1.538990       1.469970    
   1.194990       1.195010       1.194930       1.179730       1.149410       1.149270       1.149130       1.391290       1.694130       2.071240       2.071170       2.071170       2.071170       2.071170       1.984650       1.939380       1.940250       1.918890       1.890890       1.902300       1.918530       1.931300       1.936130       1.926140       1.893960       1.842650       1.766900       1.681600       1.594000       1.507740    
   1.195010       1.194970       1.179770       1.149410       1.149340       1.483070       1.983800       2.051610       2.119410       2.087450       2.071390       2.071170       2.071170       2.071170       2.071170       1.998480       1.958980       1.961610       1.918890       1.954830       1.989080       2.019600       2.039620       2.056690       2.021550       1.946160       1.847980       1.738260       1.630180       1.527160    
   1.194990       1.179790       1.149410       1.149370       1.549830       1.983730       1.983730       1.983800       2.051610       2.119410       2.087820       2.071840       2.071170       2.071170       2.071170       2.071170       2.023510       1.996450       2.004340       2.044280       2.076810       2.115170       2.149190       2.170700       2.147530       2.047770       1.916290       1.769820       1.643660       1.526690    
