iMOD/TUTORIALS/TUT_MetaswapAnalyser/model_MetaSWAP/meteo/Precipitation/Precipitation_20060329_L1.ASC
NCOLS                30
NROWS                30
XLLCORNER     160000.00
YLLCORNER     340000.00
CELLSIZE        1000.00
NODATA_VALUE   -9999.00
   8.063340       8.024090       7.973640       7.914260       7.849740       7.796340       7.755210       7.718280       7.681120       7.659230       7.657660       7.660100       7.662380       7.670280       7.678570       7.696700       7.707110       7.715090       7.738290       7.764840       7.793950       7.821620       7.852390       7.880990       7.909220       7.934130       7.954310       7.967940       7.972330       7.965790    
   8.000410       7.962840       7.911840       7.860660       7.804140       7.755750       7.712420       7.670960       7.628490       7.607430       7.624110       7.637650       7.651060       7.671970       7.688400       7.700850       7.719920       7.742160       7.751650       7.773600       7.797170       7.819440       7.845210       7.870090       7.895990       7.920490       7.942540       7.960740       7.964440       7.968090    
   7.946420       7.911530       7.870460       7.818350       7.767750       7.724500       7.684150       7.646650       7.614600       7.603540       7.613920       7.628630       7.649690       7.672330       7.695050       7.713600       7.734540       7.754140       7.772680       7.791020       7.796370       7.813320       7.832910       7.855750       7.879590       7.903780       7.918610       7.942830       7.967110       7.983000    
   7.903390       7.871190       7.834340       7.785060       7.745290       7.706700       7.670910       7.635850       7.613840       7.607520       7.616100       7.626640       7.648190       7.674660       7.701860       7.725740       7.747930       7.765680       7.779550       7.791690       7.804370       7.804490       7.818690       7.828200       7.850530       7.874820       7.900340       7.926360       7.953710       7.976450    
   7.869290       7.839490       7.792870       7.758470       7.723660       7.690180       7.659800       7.640940       7.622700       7.615010       7.607880       7.628010       7.647170       7.675100       7.707620       7.737540       7.757900       7.772020       7.778560       7.782310       7.785500       7.794020       7.801670       7.806870       7.826910       7.849750       7.874280       7.901380       7.923160       7.936570    
   7.842450       7.796900       7.767620       7.736920       7.706190       7.676960       7.660230       7.638170       7.595030       7.595290       7.603280       7.619800       7.640150       7.672770       7.711270       7.745430       7.772340       7.781960       7.778070       7.771780       7.767460       7.770320       7.774180       7.787500       7.804970       7.817610       7.840660       7.865510       7.883830       7.893080    
   7.765260       7.773760       7.746920       7.719110       7.705090       7.678090       7.653950       7.592690       7.585990       7.585550       7.592970       7.608370       7.631630       7.657630       7.704850       7.746790       7.785030       7.785880       7.765160       7.746750       7.737400       7.736130       7.742110       7.749180       7.765610       7.785300       7.809460       7.829400       7.841680       7.851400    
   7.737320       7.738640       7.748030       7.721420       7.695020       7.607970       7.590760       7.578630       7.571430       7.570280       7.575880       7.588630       7.608840       7.632290       7.675440       7.719700       7.772980       7.760160       7.726540       7.704100       7.692170       7.689660       7.695200       7.702310       7.719010       7.742430       7.763820       7.784780       7.808690       7.819160    
   7.738980       7.722470       7.700450       7.711600       7.607840       7.589480       7.572910       7.560790       7.552700       7.549560       7.551920       7.560210       7.574720       7.603210       7.625710       7.655860       7.680430       7.678410       7.657560       7.639900       7.630740       7.630470       7.638050       7.647010       7.668800       7.690430       7.713830       7.744490       7.764190       7.780250    
   7.724130       7.709110       7.687860       7.578130       7.588520       7.570380       7.553600       7.540320       7.530290       7.524020       7.521910       7.524170       7.530850       7.559530       7.561790       7.572680       7.582070       7.578780       7.568570       7.559980       7.557890       7.559760       7.571570       7.589120       7.608670       7.633210       7.667420       7.693120       7.718000       7.740700    
   7.724900       7.707030       7.632820       7.556200       7.539500       7.549520       7.532790       7.517750       7.504980       7.494800       7.487340       7.482610       7.506780       7.539850       7.521630       7.507200       7.491110       7.475600       7.462430       7.455800       7.457560       7.467240       7.483490       7.507750       7.541590       7.558220       7.587820       7.618900       7.650640       7.699020    
   7.724260       7.655240       7.556200       7.526320       7.517750       7.498980       7.484210       7.493800       7.477820       7.463280       7.524130       7.502200       7.514260       7.492420       7.451350       7.421610       7.392420       7.368290       7.354760       7.353870       7.363810       7.381280       7.412750       7.439530       7.469070       7.494280       7.527920       7.563630       7.601120       7.639900    
   7.669090       7.556200       7.519780       7.504790       7.491830       7.477020       7.459630       7.442700       7.536050       7.525980       7.497080       7.525780       7.483480       7.439760       7.384030       7.339300       7.294790       7.257880       7.242010       7.249350       7.273860       7.300840       7.330270       7.361380       7.394200       7.429050       7.459040       7.498380       7.540690       7.586030    
   7.556200       7.516530       7.498310       7.491830       7.474480       7.454590       7.577580       7.549150       7.519750       7.491740       7.459300       7.497360       7.446640       7.393020       7.335580       7.266260       7.203620       7.147480       7.125000       7.149360       7.182600       7.216710       7.249380       7.282850       7.317180       7.353280       7.385670       7.427220       7.472900       7.523290    
   7.514910       7.495070       7.491830       7.473630       7.454590       7.530700       7.559930       7.529720       7.497820       7.463960       7.489520       7.440690       7.388850       7.333150       7.272680       7.208100       7.135060       7.055130       7.022090       7.064950       7.106350       7.142480       7.176380       7.209470       7.243040       7.278340       7.316510       7.352290       7.399110       7.461550    
   7.493450       7.491830       7.473350       7.454590       7.515070       7.559930       7.544820       7.529160       7.503320       7.521800       7.471810       7.419070       7.363050       7.303190       7.235380       7.168840       7.079140       7.022830       7.000610       7.021350       7.052200       7.083720       7.114140       7.144340       7.175350       7.208310       7.244430       7.284890       7.324340       7.376840    
   7.491830       7.473260       7.454590       7.509860       7.559930       7.552380       7.544640       7.524780       7.521800       7.496810       7.427870       7.404130       7.338290       7.279180       7.181870       7.124640       7.063550       7.019300       6.996410       6.997420       7.011940       7.031640       7.053280       7.076720       7.101470       7.128780       7.159750       7.195570       7.237460       7.282200    
   7.473230       7.454590       7.508130       7.559930       7.556150       7.552310       7.535900       7.521800       7.509300       7.426470       7.363330       7.322530       7.275450       7.222370       7.168590       7.114360       7.057550       7.017510       6.991370       6.980360       6.980690       6.987740       6.998650       7.012270       7.029030       7.048610       7.072320       7.101300       7.136750       7.180880    
   7.454590       7.507550       7.559930       7.558040       7.556130       7.541540       7.521800       7.515550       7.424610       7.342930       7.322530       7.298990       7.259010       7.215670       7.163120       7.110900       7.061780       7.015690       6.985260       6.965060       6.953630       6.948630       6.948190       6.951290       6.957730       6.967880       6.983000       7.003210       7.031210       7.065250    
   7.507360       7.559930       7.558990       7.558030       7.544380       7.521800       7.518680       7.423440       7.332730       7.322530       7.310760       7.274050       7.215670       7.189390       7.163230       7.111930       7.062790       7.020910       6.970750       6.950550       6.928830       6.912620       6.900880       6.892960       6.888700       6.888350       6.891200       6.902080       6.926220       6.950670    
   7.559930       7.559460       7.558980       7.545800       7.521800       7.520240       7.422820       7.327630       7.322530       7.316640       7.280750       7.215670       7.202530       7.189430       7.154850       7.112650       7.065210       6.987100       6.943860       6.937180       6.905980       6.879220       6.856470       6.836490       6.821020       6.809460       6.810980       6.809280       6.813870       6.826710    
   7.559690       7.559460       7.546510       7.521800       7.521020       7.422490       7.325080       7.322530       7.319590       7.283900       7.215670       7.209100       7.202540       7.182270       7.152310       7.110900       7.008530       6.940520       6.937180       6.909460       6.885210       6.848200       6.814640       6.784580       6.765240       6.739020       6.721620       6.708220       6.700260       6.702480    
   7.559690       7.546870       7.521800       7.521410       7.422330       7.323800       7.322530       7.321060       7.285420       7.215670       7.212390       7.209110       7.197970       7.179040       7.148500       7.028420       6.938850       6.937180       6.887750       6.864160       6.836490       6.813220       6.774670       6.736720       6.701030       6.669240       6.640960       6.615520       6.593850       6.578950    
   7.547040       7.521800       7.521600       7.422250       7.323170       7.322530       7.321790       7.286170       7.215670       7.214030       7.212390       7.206490       7.195370       7.139840       7.048080       6.933450       6.931470       6.892850       6.847450       6.840200       6.843110       6.792720       6.738240       6.691580       6.648200       6.608030       6.570360       6.534250       6.499250       6.467250    
   7.521800       7.521700       7.422210       7.322850       7.322530       7.322160       7.286540       7.215670       7.214850       7.214030       7.210970       7.204750       7.123240       7.036090       7.033850       6.965210       6.930030       6.925770       6.866100       6.837990       6.837290       6.769620       6.711500       6.655610       6.604100       6.556970       6.512940       6.469790       6.425170       6.377420    
   7.521750       7.422190       7.322690       7.322530       7.322350       7.286730       7.215670       7.215260       7.214850       7.213280       7.264610       7.346640       7.141520       7.038400       7.038330       7.033850       6.965500       6.934290       6.925770       6.860440       6.833560       6.761090       6.690330       6.627140       6.568850       6.517600       6.471590       6.427440       6.381150       6.329260    
   7.422180       7.322610       7.322530       7.322440       7.286820       7.215670       7.215460       7.215260       7.214460       7.277200       7.346640       7.346640       7.346640       7.144940       7.043020       7.042820       7.033850       6.968080       6.942810       6.925770       6.845150       6.761970       6.680100       6.604470       6.542450       6.490380       6.447750       6.409620       6.371500       6.331700    
   7.322570       7.322530       7.322480       7.286860       7.215670       7.215570       7.215460       7.384530       7.412750       7.346990       7.346640       7.346640       7.346640       7.346640       7.151780       7.052380       7.051780       7.033850       6.969870       6.959850       6.870040       6.775050       6.679900       6.592550       6.522100       6.474780       6.441500       6.415930       6.392590       6.371320    
   7.322530       7.322510       7.286890       7.215670       7.215620       7.451610       7.805650       7.849290       7.892920       7.529670       7.347680       7.346640       7.346640       7.346640       7.346640       7.165280       7.071510       7.069720       7.033850       6.960020       6.873740       6.776820       6.673120       6.589260       6.510730       6.469010       6.453860       6.445700       6.439040       6.434320    
   7.322520       7.286900       7.215670       7.215640       7.498890       7.805710       7.805710       7.805650       7.849300       7.892920       7.531460       7.349750       7.346640       7.346640       7.346640       7.346640       7.191190       7.110970       7.105580       7.030730       6.937200       6.830960       6.711440       6.588930       6.499930       6.482400       6.494480       6.501080       6.508840       6.515410    
