iMOD/TUTORIALS/TUT_MetaswapAnalyser/model_MetaSWAP/meteo/Precipitation/Precipitation_20051225_L1.ASC
NCOLS                30
NROWS                30
XLLCORNER     160000.00
YLLCORNER     340000.00
CELLSIZE        1000.00
NODATA_VALUE   -9999.00
   0.000000       0.000000       0.000000       0.000000       0.000000      0.1654800      0.1960300      0.2301600      0.2605600      0.2770500      0.2767200      0.2690300      0.2575200      0.2417300      0.2259900      0.2103700      0.1924200      0.1761600      0.1611000       0.000000       0.000000       0.000000       0.000000       0.000000       0.000000       0.000000       0.000000       0.000000       0.000000       0.000000    
   0.000000       0.000000       0.000000      0.1560000      0.1701100      0.1909200      0.2182700      0.2494300      0.2815100      0.2965200      0.2861500      0.2733100      0.2583900      0.2408000      0.2230000      0.2038000      0.1866700      0.1694100      0.1546500       0.000000       0.000000       0.000000       0.000000       0.000000       0.000000       0.000000       0.000000       0.000000       0.000000       0.000000    
   0.000000      0.1526300      0.1610000      0.1722600      0.1903100      0.2100100      0.2336900      0.2591400      0.2818700      0.2920100      0.2855200      0.2721000      0.2560100      0.2363300      0.2160500      0.1955400      0.1776100      0.1619200       0.000000       0.000000       0.000000       0.000000       0.000000       0.000000       0.000000       0.000000       0.000000       0.000000       0.000000       0.000000    
  0.1584700      0.1661100      0.1755700      0.1875500      0.2023700      0.2201400      0.2399200      0.2623900      0.2772600      0.2834600      0.2794300      0.2669000      0.2506600      0.2296600      0.2080200      0.1863000      0.1676100      0.1524900       0.000000       0.000000       0.000000       0.000000       0.000000       0.000000       0.000000       0.000000       0.000000       0.000000       0.000000       0.000000    
  0.1700500      0.1783300      0.1883200      0.2000700      0.2138000      0.2291600      0.2450800      0.2593900      0.2701500      0.2742000      0.2729900      0.2622300      0.2446900      0.2231700      0.1986600      0.1750600      0.1566900       0.000000       0.000000       0.000000       0.000000       0.000000       0.000000       0.000000       0.000000       0.000000       0.000000       0.000000       0.000000       0.000000    
  0.1806700      0.1893500      0.1991400      0.2102900      0.2226500      0.2357200      0.2486300      0.2590200      0.2705000      0.2726600      0.2674500      0.2557500      0.2382200      0.2162100      0.1905600      0.1633600       0.000000       0.000000       0.000000       0.000000       0.000000       0.000000       0.000000       0.000000       0.000000       0.000000       0.000000       0.000000       0.000000       0.000000    
  0.1937100      0.1989500      0.2083700      0.2187100      0.2299200      0.2410100      0.2512800      0.2646200      0.2701700      0.2700100      0.2641700      0.2523600      0.2346800      0.2120400      0.1849100      0.1523500       0.000000       0.000000       0.000000       0.000000       0.000000       0.000000       0.000000       0.000000       0.000000       0.000000       0.000000       0.000000       0.000000       0.000000    
  0.2024500      0.2114800      0.2165800      0.2260600      0.2358000      0.2504700      0.2599000      0.2672100      0.2704200      0.2694300      0.2634800      0.2521200      0.2352000      0.2139800      0.1866600      0.1525000       0.000000       0.000000       0.000000       0.000000       0.000000       0.000000       0.000000       0.000000       0.000000       0.000000       0.000000       0.000000       0.000000       0.000000    
  0.2118100      0.2195500      0.2277700      0.2321900      0.2470500      0.2550800      0.2633300      0.2695900      0.2720100      0.2708100      0.2653500      0.2552000      0.2401700      0.2249200      0.1987300      0.1706300       0.000000       0.000000       0.000000       0.000000       0.000000       0.000000       0.000000       0.000000       0.000000       0.000000       0.000000       0.000000       0.000000       0.000000    
  0.2199500      0.2268100      0.2344300      0.2481400      0.2524000      0.2594800      0.2680000      0.2726100      0.2747700      0.2738700      0.2694200      0.2611200      0.2488600      0.2358400      0.2179500      0.1964900      0.1788500      0.1676600      0.1615500      0.1562800       0.000000       0.000000       0.000000       0.000000       0.000000       0.000000       0.000000       0.000000       0.000000       0.000000    
  0.2202100      0.2270630      0.2408900      0.2541800      0.2610100      0.2657200      0.2718300      0.2761400      0.2784000      0.2781500      0.2750700      0.2689700      0.2645300      0.2535500      0.2409600      0.2245600      0.2096900      0.1975400      0.1870700      0.1766900      0.1655200      0.1535800       0.000000       0.000000       0.000000       0.000000       0.000000       0.000000       0.000000       0.000000    
  0.2204230      0.2355860      0.2541800      0.2633750      0.2660600      0.2736600      0.2791800      0.2799700      0.2825600      0.2831600      0.2854200      0.2811000      0.2799000      0.2711900      0.2626400      0.2504700      0.2383900      0.2263400      0.2131800      0.1984900      0.1828800      0.1671600      0.1513000       0.000000       0.000000       0.000000       0.000000       0.000000       0.000000       0.000000    
  0.2310900      0.2541800      0.2647400      0.2691550      0.2722500      0.2783300      0.2834100      0.2874000      0.2945500      0.2932400      0.2926700      0.2992600      0.2937200      0.2871200      0.2826500      0.2741300      0.2650300      0.2538900      0.2390700      0.2202700      0.1993900      0.1798000      0.1616100       0.000000       0.000000       0.000000       0.000000       0.000000       0.000000       0.000000    
  0.2541800      0.2654680      0.2707020      0.2722500      0.2776870      0.2824800      0.2929000      0.2968500      0.2996900      0.3014300      0.3017100      0.3084800      0.3050600      0.3009800      0.2965600      0.2942600      0.2884400      0.2804900      0.2642100      0.2397900      0.2147800      0.1917300      0.1692600      0.1505300       0.000000       0.000000       0.000000       0.000000       0.000000       0.000000    
  0.2658440      0.2714760      0.2722500      0.2774720      0.2824800      0.2908930      0.2973000      0.3013900      0.3045800      0.3067800      0.3211000      0.3193300      0.3168700      0.3139400      0.3107900      0.3090500      0.3054400      0.3017900      0.2862200      0.2533900      0.2252600      0.1995800      0.1767000      0.1563500       0.000000       0.000000       0.000000       0.000000       0.000000       0.000000    
  0.2718630      0.2722500      0.2774010      0.2824800      0.2902240      0.2973000      0.2993450      0.3010900      0.3099850      0.3271900      0.3268900      0.3259000      0.3243000      0.3221600      0.3196200      0.3164400      0.3153600      0.3064200      0.2877600      0.2593200      0.2304000      0.2054100      0.1815100      0.1600600       0.000000       0.000000       0.000000       0.000000       0.000000       0.000000    
  0.2722500      0.2773770      0.2824800      0.2900010      0.2973000      0.2983220      0.2992450      0.3094030      0.3271900      0.3270400      0.3310100      0.3308500      0.3297700      0.3275900      0.3283000      0.3228200      0.3169700      0.3043500      0.2853400      0.2606400      0.2339600      0.2079100      0.1836000      0.1632800       0.000000       0.000000       0.000000       0.000000       0.000000       0.000000    
  0.2773690      0.2824800      0.2899270      0.2973000      0.2978110      0.2982890      0.3085400      0.3271900      0.3271150      0.3333990      0.3375350      0.3442200      0.3412600      0.3358200      0.3306700      0.3238400      0.3161500      0.3018500      0.2830100      0.2602400      0.2354200      0.2103700      0.1862900      0.1638300       0.000000       0.000000       0.000000       0.000000       0.000000       0.000000    
  0.2824800      0.2899020      0.2973000      0.2975560      0.2978000      0.3079580      0.3271900      0.3271520      0.3345600      0.3408780      0.3442200      0.3427400      0.3396520      0.3373100      0.3313200      0.3234000      0.3129000      0.2995800      0.2810300      0.2594400      0.2359300      0.2117700      0.1880100      0.1653900       0.000000       0.000000       0.000000       0.000000       0.000000       0.000000    
  0.2898940      0.2973000      0.2974280      0.2975520      0.3076260      0.3271900      0.3271710      0.3351340      0.3425490      0.3442200      0.3434800      0.3409810      0.3373100      0.3343150      0.3306770      0.3225400      0.3119600      0.2978370      0.2713820      0.2586800      0.2361000      0.2126300      0.1891500      0.1663900       0.000000       0.000000       0.000000       0.000000       0.000000       0.000000    
  0.2973000      0.2973640      0.2974270      0.3074490      0.3271900      0.3271810      0.3354200      0.3433840      0.3442200      0.3438500      0.3414980      0.3373100      0.3358130      0.3341010      0.3291770      0.3217260      0.3107790      0.2795580      0.2584300      0.2581800      0.2362900      0.2133400      0.1900500      0.1675400       0.000000       0.000000       0.000000       0.000000       0.000000       0.000000    
  0.2973320      0.2973640      0.3073570      0.3271900      0.3271850      0.3355630      0.3438020      0.3442200      0.3440350      0.3417190      0.3373100      0.3365610      0.3357410      0.3330300      0.3283340      0.3205610      0.2857090      0.2583050      0.2581800      0.2438930      0.2372100      0.2146500      0.1914700      0.1682800       0.000000       0.000000       0.000000       0.000000       0.000000       0.000000    
  0.2973320      0.3073110      0.3271900      0.3271880      0.3356340      0.3440110      0.3442200      0.3441280      0.3418210      0.3373100      0.3369360      0.3365370      0.3351110      0.3323680      0.3273080      0.2909940      0.2582420      0.2581800      0.2454270      0.2391100      0.2247280      0.2157800      0.1901600      0.1668200       0.000000       0.000000       0.000000       0.000000       0.000000       0.000000    
  0.3072870      0.3271900      0.3271890      0.3356690      0.3441160      0.3442200      0.3441740      0.3418700      0.3373100      0.3371230      0.3369280      0.3361950      0.3346720      0.3200870      0.2950310      0.2622430      0.2621250      0.2519460      0.2405180      0.2405250      0.2410100      0.2149900      0.1931300      0.1692100       0.000000       0.000000       0.000000       0.000000       0.000000       0.000000    
  0.3271900      0.3271890      0.3356870      0.3441680      0.3442200      0.3441970      0.3418930      0.3373100      0.3372160      0.3371200      0.3367480      0.3359320      0.3124300      0.2855950      0.2855600      0.2717120      0.2663620      0.2660700      0.2495330      0.2419200      0.2400400      0.2207900      0.1960500      0.1721700       0.000000       0.000000       0.000000       0.000000       0.000000       0.000000    
  0.3271900      0.3356960      0.3441940      0.3442200      0.3442080      0.3419050      0.3373100      0.3372630      0.3372160      0.3370280      0.3179440      0.2899600      0.2870540      0.2856020      0.2856290      0.2855600      0.2727990      0.2666550      0.2660700      0.2496150      0.2447100      0.2237900      0.2015300      0.1763800      0.1523900       0.000000       0.000000       0.000000       0.000000       0.000000    
  0.3357010      0.3442070      0.3442200      0.3442140      0.3419110      0.3373100      0.3372870      0.3372630      0.3371690      0.3144220      0.2899600      0.2899600      0.2899600      0.2870590      0.2856160      0.2856990      0.2855600      0.2729100      0.2672400      0.2660700      0.2476400      0.2276000      0.2060900      0.1834300      0.1584500       0.000000       0.000000       0.000000       0.000000       0.000000    
  0.3442130      0.3442200      0.3442170      0.3419140      0.3373100      0.3372980      0.3372870      0.3216450      0.3064260      0.2899480      0.2899600      0.2899600      0.2899600      0.2899600      0.2870310      0.2855900      0.2858380      0.2855600      0.2727700      0.2684100      0.2511000      0.2321700      0.2116800      0.1899500      0.1673000       0.000000       0.000000       0.000000       0.000000       0.000000    
  0.3442200      0.3442190      0.3419150      0.3373100      0.3373040      0.3163290      0.2848800      0.2798700      0.2748600      0.2848950      0.2899250      0.2899600      0.2899600      0.2899600      0.2899600      0.2868730      0.2853740      0.2861150      0.2855600      0.2710400      0.2550400      0.2374600      0.2167200      0.1968200      0.1762700      0.1558300       0.000000       0.000000       0.000000       0.000000    
  0.3442190      0.3419160      0.3373100      0.3373070      0.3121340      0.2848720      0.2848720      0.2848800      0.2798690      0.2748600      0.2848350      0.2898550      0.2899600      0.2899600      0.2899600      0.2899600      0.2863210      0.2844470      0.2866700      0.2734800      0.2553700      0.2405800      0.2240100      0.2056800      0.1865300      0.1683300      0.1509500       0.000000       0.000000       0.000000    
