iMOD/TUTORIALS/TUT_MetaswapAnalyser/model_MetaSWAP/meteo/Precipitation/Precipitation_20050105_L1.ASC
NCOLS                30
NROWS                30
XLLCORNER     160000.00
YLLCORNER     340000.00
CELLSIZE        1000.00
NODATA_VALUE   -9999.00
   2.435080       2.475470       2.513270       2.538690       2.526710       2.436180       2.257870       2.043020       1.844580       1.738750       1.736660       1.764810       1.799080       1.830800       1.860040       1.885090       1.912810       1.918370       1.922940       1.921700       1.915590       1.904130       1.891290       1.870340       1.855180       1.839460       1.823530       1.807560       1.791420       1.771090    
   2.425830       2.447300       2.455890       2.448220       2.401600       2.300170       2.141200       1.943960       1.730090       1.626150       1.686190       1.740990       1.789920       1.832790       1.869970       1.908290       1.931050       1.935190       1.934540       1.932650       1.925370       1.912880       1.898910       1.877380       1.861800       1.846150       1.830860       1.816150       1.807240       1.788340    
   2.400910       2.406640       2.399260       2.369000       2.307620       2.208480       2.071680       1.911340       1.758750       1.685090       1.707040       1.754690       1.804900       1.850840       1.887490       1.925160       1.949090       1.963220       1.967990       1.964870       1.948820       1.933880       1.911110       1.894020       1.876600       1.859500       1.849150       1.832880       1.814430       1.801690    
   2.372750       2.366640       2.347070       2.307220       2.244350       2.154970       2.043630       1.924220       1.823010       1.769150       1.767490       1.797950       1.841120       1.883280       1.923320       1.960810       1.985560       1.998560       2.000280       1.993070       1.979750       1.949590       1.929290       1.916000       1.895730       1.875960       1.857100       1.839490       1.820620       1.807710    
   2.345390       2.331480       2.304290       2.262970       2.203990       2.128050       2.040560       1.957860       1.885330       1.843700       1.845540       1.861320       1.894060       1.932700       1.968910       2.005650       2.035690       2.046520       2.043220       2.030130       2.004960       1.983220       1.957190       1.927990       1.904970       1.882810       1.861760       1.837950       1.820620       1.803530    
   2.320970       2.301700       2.273300       2.233080       2.180650       2.117860       2.055140       1.990610       1.953460       1.922860       1.912250       1.922860       1.948920       1.982500       2.020100       2.059340       2.086880       2.092800       2.079790       2.057520       2.026010       1.998790       1.968740       1.941830       1.915730       1.886620       1.863140       1.836870       1.816470       1.796140    
   2.298430       2.279510       2.251060       2.213920       2.177180       2.124490       2.070020       2.046060       2.008590       1.980950       1.971180       1.978290       1.999280       2.030610       2.064140       2.108120       2.144100       2.141140       2.112310       2.075230       2.042060       2.010040       1.979250       1.946720       1.918130       1.890710       1.859640       1.835210       1.809740       1.787030    
   2.272720       2.273910       2.247090       2.212430       2.172470       2.152080       2.121900       2.086660       2.052460       2.030090       2.021260       2.025830       2.042310       2.068590       2.096760       2.140010       2.186300       2.170150       2.126840       2.087280       2.050260       2.015410       1.982370       1.947880       1.917420       1.882880       1.855290       1.828770       1.800800       1.776840    
   2.273350       2.261130       2.234920       2.205810       2.201970       2.163660       2.144000       2.117850       2.089940       2.071060       2.062510       2.064380       2.075800       2.082900       2.112220       2.142770       2.163980       2.155380       2.122810       2.085950       2.049450       2.014350       1.980710       1.945350       1.908350       1.878110       1.848900       1.817720       1.791020       1.765200    
   2.262320       2.251550       2.227640       2.238600       2.208770       2.176250       2.174370       2.145420       2.121710       2.104850       2.095740       2.094430       2.100140       2.096540       2.115100       2.131850       2.140830       2.130580       2.106500       2.075730       2.043000       2.007630       1.974860       1.942680       1.902540       1.871410       1.837880       1.808650       1.780200       1.752630    
   2.264410       2.247170       2.240140       2.242790       2.215130       2.216560       2.194650       2.169620       2.148590       2.132630       2.122280       2.117420       2.094780       2.125950       2.134570       2.131750       2.122870       2.104830       2.079080       2.048890       2.016960       1.984600       1.952300       1.915650       1.880910       1.843240       1.812500       1.782580       1.753540       1.739590    
   2.263270       2.248630       2.242790       2.237030       2.224040       2.229640       2.211750       2.190920       2.171510       2.155680       2.184490       2.170180       2.139150       2.143290       2.133480       2.120830       2.103450       2.081690       2.056140       2.028910       2.000640       1.971390       1.934730       1.903520       1.872090       1.836770       1.805220       1.774090       1.743600       1.713990    
   2.258220       2.242790       2.247770       2.245110       2.266170       2.250570       2.228800       2.208390       2.250010       2.229310       2.209200       2.182650       2.166940       2.151000       2.133160       2.112170       2.087220       2.059650       2.033570       2.009240       1.980570       1.953660       1.925030       1.894940       1.863800       1.832020       1.795750       1.763500       1.731660       1.700510    
   2.242790       2.253090       2.255640       2.266170       2.260450       2.264610       2.326050       2.300730       2.276380       2.244870       2.223800       2.201960       2.181710       2.160160       2.136030       2.107930       2.075620       2.040590       2.011760       1.990060       1.968960       1.944850       1.913420       1.883290       1.851590       1.818920       1.782040       1.748650       1.715670       1.683430    
   2.255740       2.260900       2.266170       2.263740       2.264610       2.309650       2.338280       2.314750       2.291520       2.268640       2.242730       2.220200       2.196680       2.171230       2.142790       2.110970       2.073180       2.029850       1.996270       1.980610       1.961730       1.937700       1.910160       1.879910       1.847670       1.814120       1.779850       1.741590       1.707350       1.672270    
   2.263540       2.266170       2.264840       2.264610       2.304180       2.338280       2.326510       2.314850       2.291150       2.289680       2.266170       2.241750       2.215860       2.187780       2.157140       2.122530       2.084260       2.043360       2.009930       1.986380       1.962650       1.939160       1.910200       1.878600       1.845000       1.810030       1.774320       1.738480       1.699510       1.665170    
   2.266170       2.265210       2.264610       2.302360       2.338280       2.332400       2.326550       2.305550       2.289680       2.277930       2.276100       2.265600       2.238840       2.209400       2.180020       2.143300       2.104870       2.067020       2.033060       2.003510       1.975070       1.945240       1.913230       1.883280       1.847810       1.811030       1.773590       1.736170       1.699450       1.669390    
   2.265330       2.264610       2.301750       2.338280       2.335340       2.332410       2.313540       2.289680       2.283800       2.290490       2.291450       2.317290       2.284600       2.239880       2.204960       2.168550       2.131110       2.094270       2.059240       2.026150       1.993680       1.960390       1.925490       1.888810       1.854810       1.815760       1.776180       1.736830       1.698540       1.670020    
   2.264610       2.301550       2.338280       2.336810       2.335340       2.317740       2.289680       2.286740       2.297130       2.304370       2.317290       2.300950       2.277650       2.268820       2.234050       2.198090       2.161420       2.124480       2.088340       2.052770       2.017150       1.980670       1.942770       1.903280       1.862360       1.820450       1.782290       1.740560       1.708010       1.670970    
   2.301480       2.338280       2.337540       2.336810       2.319890       2.289680       2.288210       2.300330       2.310830       2.317290       2.309120       2.291180       2.268820       2.251440       2.233650       2.197850       2.161330       2.124750       2.093150       2.083070       2.044950       2.005680       1.964910       1.922520       1.878670       1.833780       1.786720       1.752740       1.699360       1.663630    
   2.338280       2.337910       2.337540       2.320980       2.289680       2.288950       2.301910       2.314060       2.317290       2.313200       2.296600       2.268820       2.260130       2.251300       2.227650       2.197610       2.161310       2.119280       2.100090       2.117100       2.076980       2.035340       1.991940       1.944480       1.897770       1.849800       1.798180       1.750890       1.705590       1.664330    
   2.338100       2.337910       2.321530       2.289680       2.289310       2.302700       2.315670       2.317290       2.315250       2.298980       2.268820       2.264470       2.260080       2.246360       2.225520       2.195520       2.140780       2.108590       2.117100       2.101400       2.110130       2.066930       2.021550       1.973960       1.912200       1.866530       1.815470       1.764270       1.714770       1.669750    
   2.338100       2.321800       2.289680       2.289500       2.303090       2.316480       2.317290       2.316270       2.300080       2.268820       2.266650       2.264460       2.256970       2.243990       2.222470       2.183010       2.112850       2.117100       2.146340       2.153470       2.123410       2.106730       2.045170       1.995640       1.946940       1.894580       1.839890       1.784170       1.729210       1.677900    
   2.321940       2.289680       2.289590       2.303290       2.316890       2.317290       2.316780       2.300620       2.268820       2.267730       2.266640       2.262690       2.255140       2.309930       2.299170       2.241570       2.240360       2.220770       2.199780       2.213390       2.196810       2.136430       2.084450       2.036740       1.985140       1.929980       1.871810       1.811500       1.750430       1.685700    
   2.289680       2.289630       2.303390       2.317090       2.317290       2.317030       2.300880       2.268820       2.268280       2.267730       2.265690       2.261490       2.373380       2.518440       2.516310       2.387710       2.371510       2.363610       2.277040       2.232470       2.229970       2.176650       2.132670       2.084170       2.031280       1.974210       1.913380       1.849350       1.777920       1.711390    
   2.289660       2.303440       2.317190       2.317290       2.317160       2.301010       2.268820       2.268550       2.268280       2.267230       2.468290       2.773260       2.605250       2.520710       2.520580       2.516310       2.422650       2.379420       2.363610       2.298700       2.270630       2.231600       2.187910       2.139460       2.086130       2.028170       1.965990       1.895730       1.827350       1.757140    
   2.303460       2.317240       2.317290       2.317230       2.301070       2.268820       2.268680       2.268550       2.268020       2.510060       2.773260       2.773260       2.773260       2.608610       2.525230       2.524840       2.516310       2.431260       2.395220       2.363610       2.330570       2.292900       2.250340       2.202690       2.149920       2.092160       2.026680       1.961020       1.893910       1.827270    
   2.317270       2.317290       2.317260       2.301100       2.268820       2.268750       2.268680       2.476240       2.633730       2.773450       2.773260       2.773260       2.773260       2.773260       2.615360       2.534540       2.533370       2.516310       2.449910       2.426830       2.395890       2.360270       2.319680       2.273800       2.222020       2.163910       2.101970       2.038230       1.974720       1.914500    
   2.317290       2.317270       2.301120       2.268820       2.268790       2.605700       3.111080       3.105400       3.099710       2.882600       2.773830       2.773260       2.773260       2.773260       2.773260       2.628810       2.553940       2.550440       2.516310       2.492880       2.464950       2.432330       2.400950       2.355080       2.303030       2.245890       2.185730       2.124470       2.064960       2.010320    
   2.317280       2.301130       2.268820       2.268800       2.673150       3.111150       3.111150       3.111080       3.105400       3.099710       2.883580       2.774980       2.773260       2.773260       2.773260       2.773260       2.654660       2.595090       2.584560       2.564190       2.555340       2.520500       2.481880       2.439210       2.390730       2.334910       2.275840       2.216360       2.160430       2.109880    
